1527009231936,4.337006,4.321442,0.015564,1
1527009231946,4.332161,4.314098,0.018063,1
1527009231956,4.336929,4.322262,0.014668,1
1527009231966,4.342766,4.326572,0.016193,1
1527009231976,4.336395,4.321995,0.014400,1
1527009231986,4.337673,4.321098,0.016575,1
1527009231996,4.324646,4.308834,0.015812,1
1527009232006,4.342995,4.326344,0.016651,1
1527009232016,4.336262,4.321384,0.014877,1
1527009232026,4.337883,4.320412,0.017471,1
1527009232036,4.336052,4.321728,0.014324,1
1527009232047,4.342422,4.326096,0.016327,1
1527009232057,4.335461,4.320965,0.014496,1
1527009232067,4.343567,4.326954,0.016613,1
1527009232077,4.336033,4.320927,0.015106,1
1527009232087,4.344845,4.328117,0.016727,1
1527009232097,4.334946,4.319897,0.015049,1
1527009232107,4.342937,4.326477,0.016460,1
1527009232117,4.335709,4.321556,0.014153,1
1527009232127,4.344463,4.327850,0.016613,1
1527009232138,4.335442,4.320412,0.015030,1
1527009232148,4.344978,4.327316,0.017662,1
1527009232158,4.335670,4.320831,0.014839,1
1527009232168,4.344711,4.328594,0.016117,1
1527009232178,4.335079,4.318581,0.016499,1
1527009232188,4.345016,4.327793,0.017223,1
1527009232198,4.333763,4.317837,0.015926,1
1527009232208,4.339771,4.322147,0.017624,1
1527009232218,4.325943,4.309921,0.016022,1
1527009232229,4.337807,4.322395,0.015411,1
1527009232239,4.333515,4.316425,0.017090,1
1527009232249,4.338169,4.322205,0.015965,1
1527009232259,4.332561,4.316063,0.016499,1
1527009232269,4.339352,4.323158,0.016193,1
1527009232279,4.334011,4.317551,0.016460,1
1527009232289,4.337673,4.322243,0.015430,1
1527009232299,4.332924,4.316349,0.016575,1
1527009232309,4.344196,4.328327,0.015869,1
1527009232319,4.339008,4.323349,0.015659,1
1527009232329,4.343891,4.328384,0.015507,1
1527009232339,4.339066,4.323559,0.015507,1
1527009232349,4.344501,4.328747,0.015755,1
1527009232359,4.338264,4.323158,0.015106,1
1527009232369,4.343529,4.327393,0.016136,1
1527009232379,4.339180,4.322701,0.016479,1
1527009232389,4.344521,4.327602,0.016918,1
1527009232399,4.339905,4.323559,0.016346,1
1527009232409,4.343929,4.328003,0.015926,1
1527009232419,4.337387,4.321327,0.016060,1
1527009232429,4.343872,4.328213,0.015659,1
1527009232439,4.339771,4.323788,0.015984,1
1527009232449,4.344826,4.328079,0.016747,1
1527009232459,4.336262,4.320068,0.016193,1
1527009232469,4.343281,4.327354,0.015926,1
1527009232479,4.340134,4.323692,0.016441,1
1527009232489,4.344444,4.328556,0.015888,1
1527009232499,4.339180,4.322758,0.016422,1
1527009232509,4.342480,4.326515,0.015965,1
1527009232519,4.340000,4.322987,0.017014,1
1527009232529,4.343796,4.328156,0.015640,1
1527009232539,4.339561,4.322720,0.016842,1
1527009232550,4.345055,4.327984,0.017071,1
1527009232560,4.337463,4.321499,0.015965,1
1527009232570,4.341927,4.324398,0.017529,1
1527009232580,4.337425,4.321442,0.015984,1
1527009232590,4.344254,4.328232,0.016022,1
1527009232600,4.338551,4.322739,0.015812,1
1527009232610,4.342537,4.326458,0.016079,1
1527009232620,4.337635,4.322643,0.014992,1
1527009232630,4.343796,4.327698,0.016098,1
1527009232641,4.337387,4.321594,0.015793,1
1527009232651,4.342861,4.326668,0.016193,1
1527009232661,4.337654,4.322147,0.015507,1
1527009232671,4.343777,4.327755,0.016022,1
1527009232681,4.337254,4.322433,0.014820,1
1527009232691,4.341564,4.325523,0.016041,1
1527009232701,4.337883,4.321918,0.015965,1
1527009232711,4.344006,4.327774,0.016232,1
1527009232721,4.337940,4.322224,0.015717,1
1527009232732,4.342747,4.326057,0.016689,1
1527009232742,4.338531,4.322720,0.015812,1
1527009232752,4.341927,4.325161,0.016766,1
1527009232762,4.333935,4.317398,0.016537,1
1527009232772,4.341850,4.325714,0.016136,1
1527009232782,4.338436,4.322662,0.015774,1
1527009232792,4.341946,4.325600,0.016346,1
1527009232802,4.334373,4.318600,0.015774,1
1527009232812,4.341698,4.325352,0.016346,1
1527009232822,4.339466,4.323864,0.015602,1
1527009232832,4.341660,4.325657,0.016003,1
1527009232842,4.336014,4.319458,0.016556,1
1527009232852,4.341106,4.325390,0.015717,1
1527009232862,4.339600,4.323902,0.015697,1
1527009232873,4.342327,4.325695,0.016632,1
1527009232883,4.338093,4.322796,0.015297,1
1527009232893,4.341793,4.325485,0.016308,1
1527009232903,4.340649,4.324780,0.015869,1
1527009232913,4.341145,4.325485,0.015659,1
1527009232923,4.338112,4.322548,0.015564,1
1527009232933,4.342289,4.326305,0.015984,1
1527009232943,4.340324,4.324303,0.016022,1
1527009232953,4.341106,4.325829,0.015278,1
1527009232964,4.340229,4.324360,0.015869,1
1527009232974,4.341164,4.324608,0.016556,1
1527009232984,4.341030,4.325218,0.015812,1
1527009232994,4.334221,4.318333,0.015888,1
1527009233004,4.341049,4.325733,0.015316,1
1527009233014,4.340591,4.324856,0.015736,1
1527009233024,4.340744,4.324989,0.015755,1
1527009233034,4.335613,4.319172,0.016441,1
1527009233044,4.341297,4.324856,0.016441,1
1527009233055,4.336681,4.321671,0.015011,1
1527009233065,4.341316,4.325275,0.016041,1
1527009233075,4.338264,4.322910,0.015354,1
1527009233085,4.342098,4.326267,0.015831,1
1527009233095,4.338360,4.323578,0.014782,1
1527009233105,4.341469,4.325218,0.016251,1
1527009233115,4.337502,4.321938,0.015564,1
1527009233125,4.342270,4.326153,0.016117,1
1527009233135,4.338665,4.323025,0.015640,1
1527009233146,4.343662,4.327106,0.016556,1
1527009233156,4.337521,4.322529,0.014992,1
1527009233166,4.343166,4.326668,0.016499,1
1527009233176,4.336929,4.322109,0.014820,1
1527009233186,4.338417,4.322205,0.016212,1
1527009233196,4.336147,4.321671,0.014477,1
1527009233206,4.342651,4.326706,0.015945,1
1527009233216,4.330788,4.315891,0.014896,1
1527009233226,4.331665,4.315414,0.016251,1
1527009233237,4.329987,4.314308,0.015678,1
1527009233247,4.338341,4.321785,0.016556,1
1527009233257,4.330025,4.314423,0.015602,1
1527009233267,4.338703,4.321918,0.016785,1
1527009233277,4.329014,4.314003,0.015011,1
1527009233287,4.338512,4.321480,0.017033,1
1527009233297,4.330635,4.314537,0.016098,1
1527009233307,4.338150,4.321861,0.016289,1
1527009233317,4.336033,4.321213,0.014820,1
1527009233327,4.345284,4.327793,0.017490,1
1527009233337,4.336338,4.321423,0.014915,1
1527009233347,4.343567,4.326439,0.017128,1
1527009233357,4.336357,4.320240,0.016117,1
1527009233367,4.344387,4.326954,0.017433,1
1527009233377,4.336338,4.320984,0.015354,1
1527009233387,4.342480,4.326000,0.016479,1
1527009233397,4.336262,4.321289,0.014973,1
1527009233407,4.344749,4.327316,0.017433,1
1527009233417,4.335442,4.320564,0.014877,1
1527009233427,4.341679,4.325047,0.016632,1
1527009233437,4.336052,4.321308,0.014744,1
1527009233447,4.344635,4.328232,0.016403,1
1527009233457,4.335155,4.320641,0.014515,1
1527009233468,4.345264,4.328117,0.017147,1
1527009233478,4.335327,4.320564,0.014763,1
1527009233488,4.345703,4.328518,0.017185,1
1527009233498,4.329243,4.313583,0.015659,1
1527009233508,4.344120,4.327984,0.016136,1
1527009233518,4.335155,4.320889,0.014267,1
1527009233528,4.345322,4.328785,0.016537,1
1527009233538,4.330673,4.314861,0.015812,1
1527009233548,4.343662,4.327316,0.016346,1
1527009233559,4.338455,4.322777,0.015678,1
1527009233569,4.342976,4.327183,0.015793,1
1527009233579,4.339199,4.323235,0.015965,1
1527009233589,4.343967,4.328079,0.015888,1
1527009233599,4.339294,4.323483,0.015812,1
1527009233609,4.343071,4.327221,0.015850,1
1527009233619,4.338207,4.322243,0.015965,1
1527009233629,4.343567,4.328098,0.015469,1
1527009233639,4.339581,4.323807,0.015774,1
1527009233650,4.344273,4.328041,0.016232,1
1527009233660,4.338703,4.322643,0.016060,1
1527009233670,4.344711,4.328518,0.016193,1
1527009233680,4.338474,4.322205,0.016270,1
1527009233690,4.338493,4.322338,0.016155,1
1527009233700,4.343815,4.328136,0.015678,1
1527009233710,4.350719,4.334927,0.015793,1
1527009233720,4.343071,4.327660,0.015411,1
1527009233730,4.345798,4.328747,0.017052,1
1527009233740,4.343319,4.327469,0.015850,1
1527009233750,4.350605,4.334641,0.015965,1
1527009233760,4.342918,4.327984,0.014935,1
1527009233770,4.345264,4.329185,0.016079,1
1527009233781,4.336357,4.321270,0.015087,1
1527009233791,4.344158,4.327488,0.016670,1
1527009233801,4.337597,4.322147,0.015450,1
1527009233811,4.343262,4.326763,0.016499,1
1527009233822,4.337940,4.322605,0.015335,1
1527009233832,4.341202,4.325523,0.015678,1
1527009233842,4.335747,4.318542,0.017204,1
1527009233852,4.340878,4.324398,0.016479,1
1527009233862,4.338741,4.322929,0.015812,1
1527009233872,4.342804,4.325714,0.017090,1
1527009233882,4.336510,4.317303,0.019207,1
1527009233892,4.341965,4.325790,0.016174,1
1527009233902,4.344711,4.328671,0.016041,1
1527009233913,4.347210,4.330750,0.016460,1
1527009233923,4.142342,4.118557,0.023785,1
1527009233933,4.185867,4.163609,0.022259,1
1527009233943,4.171143,4.145050,0.026093,1
1527009233953,4.178276,4.155598,0.022678,1
1527009233963,4.184742,4.162540,0.022202,1
1527009233973,4.215641,4.198971,0.016670,1
1527009233983,4.338684,4.323845,0.014839,1
1527009233993,4.342499,4.326344,0.016155,1
1527009234003,4.214802,4.192467,0.022335,1
1527009234013,4.215469,4.193230,0.022240,1
1527009234023,4.211941,4.190388,0.021553,1
1527009234033,4.213562,4.191265,0.022297,1
1527009234043,4.212227,4.190712,0.021515,1
1527009234054,4.212227,4.189758,0.022469,1
1527009234064,4.179802,4.158344,0.021458,1
1527009234074,4.340096,4.327698,0.012398,1
1527009234084,4.347153,4.332027,0.015125,1
1527009234094,4.345779,4.330711,0.015068,1
1527009234104,4.327354,4.307461,0.019894,1
1527009234114,4.346695,4.331264,0.015430,1
1527009234124,4.173737,4.151154,0.022583,1
1527009234134,4.342575,4.325333,0.017242,1
1527009234144,4.332085,4.314442,0.017643,1
1527009234154,4.304199,4.288120,0.016079,1
1527009234164,4.342442,4.326191,0.016251,1
1527009234174,4.341183,4.322376,0.018806,1
1527009234184,4.154415,4.130211,0.024204,1
1527009234194,3.941727,3.907242,0.034485,1
1527009234204,4.072342,4.041920,0.030422,1
1527009234214,3.965015,3.931675,0.033340,1
1527009234224,4.166546,4.135895,0.030651,1
1527009234234,4.146023,4.118099,0.027924,1
1527009234244,4.180088,4.157600,0.022488,1
1527009234254,4.186630,4.164104,0.022526,1
1527009234264,4.186649,4.164391,0.022259,1
1527009234274,4.177933,4.154377,0.023556,1
1527009234284,4.185810,4.161720,0.024090,1
1527009234294,4.185810,4.163265,0.022545,1
1527009234304,4.185886,4.163704,0.022182,1
1527009234314,4.185123,4.161949,0.023174,0
1527009234324,4.122581,4.092808,0.029774,0
1527009234334,4.152336,4.129162,0.023174,0
1527009234344,4.148922,4.124260,0.024662,0
1527009234354,4.331741,4.315071,0.016670,0
1527009234364,4.324150,4.301472,0.022678,0
1527009234375,4.314022,4.296188,0.017834,0
1527009234385,4.102554,4.079971,0.022583,0
1527009234395,4.067860,4.044476,0.023384,0
1527009234405,4.126987,4.103222,0.023766,0
1527009234415,4.149094,4.126472,0.022621,1
1527009234425,4.088268,4.061260,0.027008,1
1527009234435,4.054432,4.026337,0.028095,1
1527009234445,3.874741,3.839417,0.035324,1
1527009234455,3.820019,3.783779,0.036240,1
1527009234466,3.927441,3.893585,0.033855,1
1527009234476,3.874187,3.842144,0.032043,1
1527009234486,4.176693,4.154377,0.022316,1
1527009234496,4.154587,4.131241,0.023346,1
1527009234506,4.192581,4.170399,0.022182,1
1527009234516,4.165897,4.142513,0.023384,0
1527009234526,4.164791,4.141979,0.022812,0
1527009234536,4.336777,4.322300,0.014477,0
1527009234546,4.182549,4.159565,0.022984,0
1527009234556,4.191418,4.170818,0.020599,0
1527009234566,4.194756,4.172783,0.021973,0
1527009234576,4.336987,4.322166,0.014820,0
1527009234586,4.192448,4.169865,0.022583,0
1527009234596,4.282036,4.259701,0.022335,0
1527009234606,4.193649,4.170170,0.023479,0
1527009234616,4.184971,4.163361,0.021610,1
1527009234626,4.187031,4.163666,0.023365,1
1527009234636,4.185085,4.164410,0.020676,1
1527009234646,4.203758,4.180870,0.022888,1
1527009234656,4.259586,4.244652,0.014935,1
1527009234666,4.187775,4.165230,0.022545,1
1527009234676,4.184551,4.162827,0.021725,1
1527009234686,4.190674,4.168453,0.022221,1
1527009234697,4.190159,4.169407,0.020752,1
1527009234707,4.197903,4.173565,0.024338,1
1527009234717,4.309158,4.288578,0.020580,0
1527009234727,4.304333,4.288235,0.016098,0
1527009234737,4.189568,4.169025,0.020542,0
1527009234747,4.194870,4.172039,0.022831,0
1527009234757,4.190426,4.169998,0.020428,0
1527009234767,4.202118,4.179459,0.022659,0
1527009234777,4.329643,4.314461,0.015182,0
1527009234788,4.193115,4.169617,0.023499,0
1527009234798,4.186840,4.164772,0.022068,0
1527009234808,4.340801,4.323540,0.017262,0
1527009234818,4.184570,4.162560,0.022011,1
1527009234828,4.191208,4.168396,0.022812,1
1527009234838,4.184418,4.163589,0.020828,1
1527009234848,4.340973,4.323788,0.017185,1
1527009234858,4.179802,4.155312,0.024490,1
1527009234868,4.200745,4.177589,0.023155,1
1527009234878,4.194641,4.172306,0.022335,1
1527009234888,4.303074,4.279156,0.023918,1
1527009234898,4.291058,4.274883,0.016174,1
1527009234908,4.200935,4.178772,0.022163,1
1527009234918,4.192314,4.170799,0.021515,0
1527009234928,4.201870,4.179211,0.022659,0
1527009234938,4.225922,4.202538,0.023384,0
1527009234948,4.317055,4.300766,0.016289,0
1527009234958,4.185333,4.163990,0.021343,0
1527009234968,4.193439,4.170876,0.022564,0
1527009234978,4.185619,4.164886,0.020733,0
1527009234988,4.341736,4.324780,0.016956,0
1527009234998,4.185734,4.165039,0.020695,0
1527009235008,4.194012,4.171486,0.022526,0
1527009235019,4.183693,4.162350,0.021343,1
1527009235029,4.200153,4.178600,0.021553,1
1527009235039,4.212551,4.189377,0.023174,1
1527009235049,4.331512,4.318314,0.013199,1
1527009235059,4.193821,4.171848,0.021973,1
1527009235069,4.199238,4.178371,0.020866,1
1527009235079,4.195309,4.172745,0.022564,1
1527009235089,4.344559,4.329700,0.014858,1
1527009235099,4.197578,4.175472,0.022106,1
1527009235110,4.338741,4.323521,0.015221,1
1527009235120,4.184265,4.164543,0.019722,0
1527009235130,4.189453,4.166870,0.022583,0
1527009235140,4.186497,4.164410,0.022087,0
1527009235150,4.192219,4.169807,0.022411,0
1527009235160,4.193058,4.170685,0.022373,0
1527009235170,4.338322,4.321957,0.016365,0
1527009235180,4.188251,4.169388,0.018864,0
1527009235190,4.192390,4.170055,0.022335,0
1527009235201,4.200974,4.178886,0.022087,0
1527009235211,4.340763,4.325161,0.015602,1
1527009235221,4.192467,4.171066,0.021400,1
1527009235231,4.200401,4.178467,0.021935,1
1527009235241,4.201622,4.180031,0.021591,1
1527009235251,4.283028,4.266224,0.016804,1
1527009235261,4.192791,4.171238,0.021553,1
1527009235271,4.200668,4.178219,0.022449,1
1527009235281,4.188194,4.166069,0.022125,1
1527009235291,4.339046,4.322224,0.016823,1
1527009235301,4.184341,4.163361,0.020981,1
1527009235311,4.192829,4.170074,0.022755,0
1527009235321,4.185314,4.163723,0.021591,0
1527009235331,4.191647,4.169064,0.022583,0
1527009235342,4.193821,4.170475,0.023346,0
1527009235352,4.335155,4.319057,0.016098,0
1527009235362,4.192543,4.169464,0.023079,0
1527009235372,4.197674,4.174252,0.023422,0
1527009235382,4.194889,4.171906,0.022984,0
1527009235392,4.199181,4.176159,0.023022,0
1527009235402,4.205322,4.182739,0.022583,0
1527009235412,4.338017,4.322968,0.015049,1
1527009235422,4.199371,4.177837,0.021534,1
1527009235433,4.196014,4.172974,0.023041,1
1527009235443,4.053650,4.031754,0.021896,1
1527009235453,4.250450,4.225464,0.024986,1
1527009235463,4.308033,4.293270,0.014763,1
1527009235473,4.188671,4.166718,0.021954,1
1527009235483,4.185410,4.163704,0.021706,1
1527009235493,4.190350,4.168453,0.021896,1
1527009235503,4.278793,4.255619,0.023174,1
1527009235513,4.302845,4.286995,0.015850,0
1527009235523,4.196472,4.174080,0.022392,0
1527009235533,4.197102,4.174232,0.022869,0
1527009235543,4.126625,4.106312,0.020313,0
1527009235553,4.197636,4.173851,0.023785,0
1527009235563,4.227581,4.203892,0.023689,0
1527009235574,4.330177,4.314766,0.015411,0
1527009235584,4.200306,4.179020,0.021286,0
1527009235594,4.185619,4.163227,0.022392,0
1527009235604,4.189911,4.168167,0.021744,0
1527009235614,4.265995,4.241161,0.024834,1
1527009235624,4.186115,4.163094,0.023022,1
1527009235634,4.185486,4.163322,0.022163,1
1527009235644,4.185238,4.163437,0.021801,1
1527009235654,4.185276,4.163170,0.022106,1
1527009235665,4.317818,4.299450,0.018368,1
1527009235675,4.169502,4.146805,0.022697,1
1527009235685,4.180202,4.158211,0.021992,1
1527009235695,4.200478,4.177952,0.022526,1
1527009235705,4.341717,4.325790,0.015926,1
1527009235715,4.189510,4.168129,0.021381,0
1527009235725,4.194889,4.172459,0.022430,0
1527009235735,4.190769,4.170094,0.020676,0
1527009235745,4.187679,4.165821,0.021858,0
1527009235755,4.305382,4.284382,0.021000,0
1527009235765,4.168549,4.141369,0.027180,0
1527009235775,4.173565,4.152489,0.021076,0
1527009235785,4.186440,4.164505,0.021935,0
1527009235795,4.182053,4.161186,0.020866,0
1527009235805,4.337597,4.321251,0.016346,0
1527009235815,4.175110,4.153328,0.021782,1
1527009235825,4.189167,4.166679,0.022488,1
1527009235835,4.256573,4.232101,0.024471,1
1527009235845,4.284801,4.267712,0.017090,1
1527009235855,4.169903,4.145851,0.024052,1
1527009235865,4.190216,4.168453,0.021763,1
1527009235875,4.187450,4.166775,0.020676,1
1527009235885,4.341202,4.325256,0.015945,1
1527009235895,4.183216,4.160500,0.022717,1
1527009235905,4.189529,4.166965,0.022564,1
1527009235915,4.282055,4.258804,0.023251,0
1527009235925,4.312210,4.295235,0.016975,0
1527009235935,4.185581,4.164162,0.021420,0
1527009235945,4.163952,4.139271,0.024681,0
1527009235955,4.325485,4.310341,0.015144,0
1527009235965,4.232464,4.219418,0.013046,0
1527009235975,4.181366,4.160728,0.020638,0
1527009235986,4.188614,4.168720,0.019894,0
1527009235996,4.187107,4.165802,0.021305,0
1527009236006,4.339066,4.322815,0.016251,0
1527009236016,4.198093,4.177628,0.020466,1
1527009236026,4.192867,4.170399,0.022469,1
1527009236036,4.192829,4.172039,0.020790,1
1527009236046,4.206886,4.183674,0.023212,1
1527009236056,4.333096,4.317970,0.015125,1
1527009236066,4.199715,4.176464,0.023251,1
1527009236077,4.191933,4.171085,0.020847,1
1527009236087,4.199791,4.176769,0.023022,1
1527009236097,4.193325,4.171581,0.021744,1
1527009236107,4.337368,4.320812,0.016556,1
1527009236117,4.185352,4.164658,0.020695,0
1527009236127,4.189720,4.167194,0.022526,0
1527009236137,4.183922,4.163036,0.020885,0
1527009236147,4.199600,4.176693,0.022907,0
1527009236157,4.322166,4.306908,0.015259,0
1527009236167,4.194012,4.171143,0.022869,0
1527009236177,4.192886,4.171181,0.021706,0
1527009236187,4.345150,4.328365,0.016785,0
1527009236197,4.196930,4.175682,0.021248,0
1527009236207,4.203072,4.179955,0.023117,0
1527009236217,4.207516,4.185696,0.021820,1
1527009236227,4.335995,4.322147,0.013847,1
1527009236237,4.192028,4.170666,0.021362,1
1527009236247,4.201412,4.179192,0.022221,1
1527009236257,4.185314,4.164162,0.021152,1
1527009236267,4.338665,4.321918,0.016747,1
1527009236277,4.185047,4.164257,0.020790,1
1527009236287,4.193974,4.170818,0.023155,1
1527009236297,4.185867,4.165459,0.020409,1
1527009236308,4.327888,4.306850,0.021038,1
1527009236318,4.271545,4.256725,0.014820,0
1527009236328,4.195843,4.172497,0.023346,0
1527009236338,4.180412,4.158249,0.022163,0
1527009236348,4.194469,4.171925,0.022545,0
1527009236358,4.331131,4.315357,0.015774,0
1527009236368,4.254265,4.237709,0.016556,0
1527009236378,4.181004,4.158897,0.022106,0
1527009236388,4.192772,4.170723,0.022049,0
1527009236399,4.188194,4.166603,0.021591,0
1527009236409,4.193363,4.171486,0.021877,0
1527009236419,4.183426,4.163208,0.020218,1
1527009236429,4.330559,4.314938,0.015621,1
1527009236439,4.270573,4.254608,0.015965,1
1527009236449,4.192200,4.170284,0.021915,1
1527009236459,4.188023,4.165802,0.022221,1
1527009236469,4.195557,4.172115,0.023441,1
1527009236479,4.221172,4.198055,0.023117,1
1527009236489,4.329147,4.313316,0.015831,1
1527009236499,4.193592,4.171524,0.022068,1
1527009236509,4.200687,4.179211,0.021477,1
1527009236519,4.196911,4.173775,0.023136,0
1527009236529,4.202957,4.180641,0.022316,0
1527009236539,4.312077,4.296055,0.016022,0
1527009236549,4.201756,4.179783,0.021973,0
1527009236559,4.196796,4.173756,0.023041,0
1527009236569,4.202518,4.180336,0.022182,0
1527009236579,4.335728,4.318695,0.017033,0
1527009236589,4.175797,4.152260,0.023537,0
1527009236599,4.190273,4.167023,0.023251,0
1527009236609,4.341145,4.324932,0.016212,0
1527009236619,4.203873,4.186287,0.017586,1
1527009236629,4.192009,4.169731,0.022278,1
1527009236639,4.164371,4.141026,0.023346,1
1527009236649,4.195709,4.174728,0.020981,1
1527009236659,4.338722,4.325218,0.013504,1
1527009236669,4.196014,4.172668,0.023346,1
1527009236679,4.195652,4.172878,0.022774,1
1527009236689,4.196739,4.173584,0.023155,1
1527009236699,4.195881,4.172668,0.023212,1
1527009236709,4.234257,4.210186,0.024071,1
1527009236719,4.204521,4.185867,0.018654,0
1527009236729,4.200764,4.178276,0.022488,0
1527009236739,4.180355,4.156342,0.024014,0
1527009236749,4.194965,4.171696,0.023270,0
1527009236759,4.195385,4.172440,0.022945,0
1527009236769,4.294453,4.277439,0.017014,0
1527009236779,4.187851,4.165649,0.022202,0
1527009236789,4.195080,4.171505,0.023575,0
1527009236799,4.189243,4.166393,0.022850,0
1527009236809,4.340267,4.323292,0.016975,0
1527009236819,4.195881,4.176483,0.019398,1
1527009236829,4.201603,4.178505,0.023098,1
1527009236839,4.197254,4.173260,0.023994,1
1527009236849,4.330978,4.308262,0.022717,1
1527009236859,4.197388,4.174786,0.022602,1
1527009236869,4.199905,4.177094,0.022812,1
1527009236879,4.197140,4.173203,0.023937,1
1527009236889,4.202976,4.180279,0.022697,1
1527009236899,4.334908,4.319458,0.015450,1
1527009236909,4.199429,4.174881,0.024548,1
1527009236919,4.188843,4.166584,0.022259,0
1527009236929,4.196167,4.171047,0.025120,0
1527009236939,4.188805,4.166470,0.022335,0
1527009236949,4.340324,4.324646,0.015678,0
1527009236959,4.191761,4.168282,0.023479,0
1527009236969,4.195042,4.172401,0.022640,0
1527009236979,4.191532,4.168911,0.022621,0
1527009236989,4.332504,4.316540,0.015965,0
1527009236999,4.197388,4.173622,0.023766,0
1527009237009,4.201851,4.179745,0.022106,0
1527009237019,4.197807,4.172993,0.024815,1
1527009237029,4.204159,4.181385,0.022774,1
1527009237039,4.332848,4.316845,0.016003,1
1527009237049,4.201450,4.179268,0.022182,1
1527009237059,4.196110,4.173203,0.022907,1
1527009237069,4.196529,4.171886,0.024643,1
1527009237080,4.188919,4.166145,0.022774,1
1527009237090,4.342270,4.324837,0.017433,1
1527009237100,4.187641,4.164810,0.022831,1
1527009237110,4.195423,4.172058,0.023365,1
1527009237120,4.191761,4.168453,0.023308,0
1527009237130,4.319744,4.303970,0.015774,0
1527009237140,4.190197,4.170341,0.019855,0
1527009237150,4.191532,4.168453,0.023079,0
1527009237160,4.195290,4.172955,0.022335,0
1527009237171,4.198246,4.176235,0.022011,0
1527009237181,4.196815,4.174347,0.022469,0
1527009237191,4.335251,4.315376,0.019875,0
1527009237201,4.286728,4.271507,0.015221,0
1527009237211,4.200573,4.177570,0.023003,1
1527009237221,4.194794,4.172764,0.022030,1
1527009237231,4.202118,4.179592,0.022526,1
1527009237241,4.189262,4.167252,0.022011,1
1527009237251,4.339066,4.322395,0.016670,1
1527009237262,4.234066,4.220619,0.013447,1
1527009237272,4.192924,4.170341,0.022583,1
1527009237282,4.187851,4.165649,0.022202,1
1527009237292,4.191742,4.170036,0.021706,1
1527009237302,4.188080,4.165821,0.022259,1
1527009237312,4.338646,4.322205,0.016441,1
1527009237322,4.196434,4.173374,0.023060,0
1527009237332,4.199753,4.177780,0.021973,0
1527009237342,4.260521,4.235077,0.025444,0
1527009237352,4.296551,4.279785,0.016766,0
1527009237362,4.195995,4.173317,0.022678,0
1527009237372,4.199848,4.177742,0.022106,0
1527009237382,4.198475,4.175339,0.023136,0
1527009237392,4.231300,4.207554,0.023746,0
1527009237403,4.319191,4.303150,0.016041,0
1527009237413,4.196587,4.174156,0.022430,1
1527009237423,4.189835,4.167652,0.022182,1
1527009237433,4.192181,4.169502,0.022678,1
1527009237443,4.197884,4.174805,0.023079,1
1527009237453,4.273720,4.256306,0.017414,1
1527009237463,4.182911,4.160080,0.022831,1
1527009237473,4.185333,4.162197,0.023136,1
1527009237483,4.193954,4.170513,0.023441,1
1527009237494,4.338245,4.321327,0.016918,1
1527009237504,4.190426,4.169464,0.020962,1
1527009237514,4.189320,4.165955,0.023365,0
1527009237524,4.191875,4.168854,0.023022,0
1527009237534,4.196072,4.172344,0.023727,0
1527009237544,4.301834,4.285698,0.016136,0
1527009237554,4.197235,4.173717,0.023518,0
1527009237564,4.191628,4.168911,0.022717,0
1527009237574,4.191666,4.168968,0.022697,0
1527009237584,4.326305,4.308262,0.018044,0
1527009237594,4.191189,4.168739,0.022449,0
1527009237604,4.190655,4.168415,0.022240,0
1527009237614,4.190331,4.167290,0.023041,1
1527009237624,4.235153,4.210720,0.024433,1
1527009237635,4.312191,4.297562,0.014629,1
1527009237645,4.013329,3.980408,0.032921,1
1527009237655,4.183521,4.161701,0.021820,1
1527009237665,4.192791,4.169693,0.023098,1
1527009237675,4.337692,4.321861,0.015831,1
1527009237685,4.174271,4.149017,0.025253,1
1527009237695,4.179420,4.157639,0.021782,1
1527009237705,4.193096,4.170628,0.022469,1
1527009237715,4.337292,4.322319,0.014973,0
1527009237726,4.199791,4.177055,0.022736,0
1527009237736,4.186802,4.164848,0.021954,0
1527009237746,4.172077,4.149323,0.022755,0
1527009237756,4.186516,4.165382,0.021133,0
1527009237766,4.266510,4.241562,0.024948,0
1527009237776,4.181862,4.159451,0.022411,0
1527009237786,4.190540,4.167633,0.022907,0
1527009237796,4.185982,4.165173,0.020809,0
1527009237806,4.194221,4.171295,0.022926,0
1527009237817,4.338818,4.324665,0.014153,1
1527009237827,4.205017,4.182682,0.022335,1
1527009237837,4.192104,4.171448,0.020657,1
1527009237847,4.201088,4.177017,0.024071,1
1527009237857,4.207115,4.185028,0.022087,1
1527009237867,4.256935,4.240437,0.016499,1
1527009237877,4.192657,4.170990,0.021667,1
1527009237887,4.202499,4.178925,0.023575,1
1527009237897,4.185562,4.163857,0.021706,1
1527009237908,4.196186,4.171352,0.024834,1
1527009237918,4.313126,4.292679,0.020447,0
1527009237928,4.289665,4.272575,0.017090,0
1527009237938,4.181957,4.159336,0.022621,0
1527009237948,4.192581,4.169655,0.022926,0
1527009237958,4.186249,4.165649,0.020599,0
1527009237968,4.342384,4.325657,0.016727,0
1527009237978,4.236336,4.222145,0.014191,0
1527009237988,4.201469,4.179649,0.021820,0
1527009237998,4.196129,4.172897,0.023232,0
1527009238008,4.202137,4.179173,0.022964,0
1527009238018,4.193439,4.171162,0.022278,1
1527009238028,4.346943,4.329967,0.016975,1
1527009238038,4.238873,4.223824,0.015049,1
1527009238049,4.198685,4.174862,0.023823,1
1527009238059,4.186478,4.163704,0.022774,1
1527009238069,4.192867,4.169827,0.023041,1
1527009238079,4.333668,4.318657,0.015011,1
1527009238089,4.191437,4.166889,0.024548,1
1527009238099,4.183788,4.161167,0.022621,1
1527009238109,4.335842,4.316673,0.019169,1
1527009238119,4.263916,4.248619,0.015297,0
1527009238129,4.193287,4.170818,0.022469,0
1527009238140,4.185677,4.163952,0.021725,0
1527009238150,4.199944,4.177780,0.022163,0
1527009238160,4.192314,4.170856,0.021458,0
1527009238170,4.215298,4.192123,0.023174,0
1527009238180,4.330177,4.315586,0.014591,0
1527009238190,4.200649,4.178886,0.021763,0
1527009238200,4.192295,4.171314,0.020981,0
1527009238210,4.197044,4.173832,0.023212,0
1527009238220,4.338551,4.323273,0.015278,1
1527009238231,4.195709,4.171391,0.024319,1
1527009238241,4.184513,4.163284,0.021229,1
1527009238251,4.190502,4.168224,0.022278,1
1527009238261,4.186687,4.165535,0.021152,1
1527009238271,4.316998,4.295998,0.021000,1
1527009238281,4.191341,4.168873,0.022469,1
1527009238291,4.190845,4.168262,0.022583,1
1527009238301,4.186707,4.165363,0.021343,1
1527009238311,4.199619,4.175777,0.023842,1
1527009238322,4.320068,4.300365,0.019703,0
1527009238332,4.295883,4.280910,0.014973,0
1527009238342,4.195328,4.173508,0.021820,0
1527009238352,4.198570,4.175797,0.022774,0
1527009238362,4.184990,4.163952,0.021038,0
1527009238372,4.261513,4.246540,0.014973,0
1527009238382,4.194279,4.172821,0.021458,0
1527009238392,4.191608,4.169331,0.022278,0
1527009238402,4.183826,4.160919,0.022907,0
1527009238413,4.337368,4.320869,0.016499,1
1527009238423,4.178410,4.158669,0.019741,1
1527009238433,4.190178,4.167995,0.022182,1
1527009238443,4.186859,4.165649,0.021210,1
1527009238453,4.189014,4.166832,0.022182,1
1527009238463,4.329147,4.312840,0.016308,1
1527009238473,4.182644,4.158955,0.023689,1
1527009238483,4.187794,4.165611,0.022182,1
1527009238493,4.327278,4.308414,0.018864,1
1527009238503,4.268570,4.253349,0.015221,1
1527009238513,4.190674,4.168892,0.021782,0
1527009238523,4.186230,4.166870,0.019360,0
1527009238533,4.191227,4.169350,0.021877,0
1527009238543,4.336643,4.321384,0.015259,0
1527009238553,4.186897,4.165058,0.021839,0
1527009238563,4.185467,4.163895,0.021572,0
1527009238573,4.190941,4.168949,0.021992,0
1527009238583,4.198780,4.176369,0.022411,0
1527009238593,4.333267,4.317207,0.016060,0
1527009238603,4.185009,4.163265,0.021744,0
1527009238613,4.188900,4.167194,0.021706,1
1527009238623,4.188290,4.166393,0.021896,1
1527009238633,4.228058,4.204140,0.023918,1
1527009238644,4.326839,4.312172,0.014668,1
1527009238654,4.194584,4.172230,0.022354,1
1527009238664,4.196548,4.173641,0.022907,1
1527009238674,4.190502,4.168663,0.021839,1
1527009238684,4.192162,4.166985,0.025177,1
1527009238694,4.320068,4.304924,0.015144,1
1527009238704,4.194965,4.173260,0.021706,1
1527009238714,4.191093,4.168587,0.022507,0
1527009238724,4.190083,4.167881,0.022202,0
1527009238735,4.186287,4.164848,0.021439,0
1527009238745,4.023895,3.997555,0.026340,0
1527009238755,4.324360,4.309254,0.015106,0
1527009238765,4.173317,4.152260,0.021057,0
1527009238775,4.181995,4.161243,0.020752,0
1527009238785,4.179688,4.156437,0.023251,0
1527009238795,4.150486,4.131031,0.019455,0
1527009238805,4.198189,4.176025,0.022163,0
1527009238815,4.332294,4.317989,0.014305,1
1527009238826,4.197292,4.176960,0.020332,1
1527009238836,4.191399,4.172974,0.018425,1
1527009238846,4.197159,4.173851,0.023308,1
1527009238856,4.334297,4.320049,0.014248,1
1527009238866,4.192295,4.169655,0.022640,1
1527009238876,4.189930,4.169331,0.020599,1
1527009238886,4.188957,4.167271,0.021687,1
1527009238896,4.291592,4.269352,0.022240,1
1527009238906,4.284954,4.268150,0.016804,1
1527009238917,4.183559,4.162998,0.020561,0
1527009238927,4.191856,4.169617,0.022240,0
1527009238937,4.183064,4.162502,0.020561,0
1527009238947,4.194489,4.171791,0.022697,0
1527009238957,4.330120,4.315166,0.014954,0
1527009238967,4.190483,4.167709,0.022774,0
1527009238977,4.190254,4.169407,0.020847,0
1527009238987,4.198589,4.175129,0.023460,0
1527009238997,4.191227,4.170647,0.020580,0
1527009239007,4.203205,4.182720,0.020485,0
1527009239017,4.319515,4.305611,0.013905,1
1527009239027,4.197159,4.174175,0.022984,1
1527009239037,4.188976,4.168606,0.020370,1
1527009239047,4.199162,4.177475,0.021687,1
1527009239057,4.330807,4.316311,0.014496,1
1527009239067,4.224815,4.210014,0.014801,1
1527009239077,4.183598,4.163151,0.020447,1
1527009239087,4.190807,4.168377,0.022430,1
1527009239097,4.183617,4.162979,0.020638,1
1527009239107,4.303818,4.280987,0.022831,1
1527009239117,4.285240,4.270973,0.014267,0
1527009239127,4.191246,4.168777,0.022469,0
1527009239137,4.189243,4.168625,0.020618,0
1527009239148,4.199409,4.176121,0.023289,0
1527009239158,4.191685,4.171181,0.020504,0
1527009239168,4.347763,4.331684,0.016079,0
1527009239178,4.188919,4.167557,0.021362,0
1527009239188,4.199409,4.177284,0.022125,0
1527009239198,4.191723,4.171410,0.020313,0
1527009239208,4.347725,4.331760,0.015965,0
1527009239218,4.182796,4.158230,0.024567,1
1527009239228,4.192905,4.170322,0.022583,1
1527009239239,4.187756,4.165287,0.022469,1
1527009239249,4.190903,4.168682,0.022221,1
1527009239259,4.215088,4.191399,0.023689,1
1527009239269,4.333706,4.317570,0.016136,1
1527009239279,4.187813,4.165878,0.021935,1
1527009239289,4.191380,4.171810,0.019569,1
1527009239299,4.194374,4.172764,0.021610,1
1527009239309,4.343357,4.329872,0.013485,1
1527009239319,4.200535,4.178028,0.022507,0
1527009239329,4.198818,4.176674,0.022144,0
1527009239339,4.195213,4.172363,0.022850,0
1527009239349,4.303493,4.280319,0.023174,0
1527009239359,4.047890,4.024582,0.023308,0
1527009239370,4.166050,4.142532,0.023518,0
1527009239380,4.179649,4.157867,0.021782,0
1527009239390,4.186459,4.163876,0.022583,0
1527009239400,4.218349,4.194813,0.023537,0
1527009239410,4.311199,4.295654,0.015545,0
1527009239420,4.179916,4.158211,0.021706,1
1527009239430,4.186096,4.163227,0.022869,1
1527009239440,4.178810,4.156818,0.021992,1
1527009239450,4.180336,4.156990,0.023346,1
1527009239461,4.329281,4.311390,0.017891,1
1527009239471,4.265175,4.249306,0.015869,1
1527009239481,4.185295,4.164047,0.021248,1
1527009239491,4.190578,4.168129,0.022449,1
1527009239501,4.185066,4.164047,0.021019,1
1527009239511,4.339390,4.323692,0.015697,1
1527009239521,4.186039,4.164867,0.021172,0
1527009239531,4.190159,4.168396,0.021763,0
1527009239541,4.178677,4.157772,0.020905,0
1527009239552,4.332600,4.316654,0.015945,0
1527009239562,4.177132,4.158764,0.018368,0
1527009239572,4.188633,4.167233,0.021400,0
1527009239582,4.186134,4.164581,0.021553,0
1527009239592,4.189472,4.167900,0.021572,0
1527009239602,4.330177,4.315815,0.014362,0
1527009239612,4.186230,4.163647,0.022583,0
1527009239622,4.186611,4.165077,0.021534,1
1527009239632,4.195576,4.173298,0.022278,1
1527009239643,4.186935,4.166641,0.020294,1
1527009239653,4.342060,4.326935,0.015125,1
1527009239663,4.214325,4.198570,0.015755,1
1527009239673,4.195385,4.172802,0.022583,1
1527009239683,4.193821,4.171696,0.022125,1
1527009239693,4.201393,4.179554,0.021839,1
1527009239703,4.338455,4.322987,0.015469,1
1527009239713,4.186573,4.165668,0.020905,1
1527009239723,4.186459,4.163971,0.022488,0
1527009239733,4.187241,4.165344,0.021896,0
1527009239743,4.185982,4.164696,0.021286,0
1527009239753,4.192429,4.169655,0.022774,0
1527009239763,4.330788,4.312782,0.018005,0
1527009239773,4.188023,4.163342,0.024681,0
1527009239783,4.185390,4.164143,0.021248,0
1527009239793,4.195995,4.174213,0.021782,0
1527009239803,4.240131,4.217052,0.023079,0
1527009239813,4.321156,4.306107,0.015049,0
1527009239823,4.194736,4.173565,0.021172,1
1527009239833,4.194069,4.172173,0.021896,1
1527009239843,4.338989,4.320641,0.018349,1
1527009239853,4.176483,4.154186,0.022297,1
1527009239863,4.192314,4.171219,0.021095,1
1527009239874,4.185867,4.164181,0.021687,1
1527009239884,4.186878,4.164619,0.022259,1
1527009239894,4.297791,4.275970,0.021820,1
1527009239904,4.291229,4.275818,0.015411,1
1527009239914,4.176655,4.154224,0.022430,0
1527009239924,4.183598,4.163895,0.019703,0
1527009239934,4.184551,4.162216,0.022335,0
1527009239944,4.334164,4.317074,0.017090,0
1527009239954,4.168224,4.148331,0.019894,0
1527009239965,4.185371,4.162197,0.023174,0
1527009239975,4.160805,4.137306,0.023499,0
1527009239985,4.186001,4.164371,0.021629,0
1527009239995,4.324913,4.311237,0.013676,0
1527009240005,4.192982,4.170189,0.022793,0
1527009240015,4.184723,4.163132,0.021591,1
1527009240025,4.187546,4.165897,0.021648,1
1527009240035,4.178562,4.156857,0.021706,1
1527009240045,4.330578,4.314365,0.016212,1
1527009240056,4.167786,4.146709,0.021076,1
1527009240066,4.179802,4.157562,0.022240,1
1527009240076,4.173584,4.151573,0.022011,1
1527009240086,4.181976,4.159355,0.022621,1
1527009240096,4.283848,4.261932,0.021915,1
1527009240106,4.180813,4.156876,0.023937,1
1527009240116,4.321613,4.305916,0.015697,0
1527009240126,4.182835,4.160538,0.022297,0
1527009240136,4.175777,4.153690,0.022087,0
1527009240146,4.055443,4.022026,0.033417,0
1527009240156,4.272041,4.256744,0.015297,0
1527009240166,4.174938,4.151268,0.023670,0
1527009240176,4.166298,4.144764,0.021534,0
1527009240186,4.167919,4.145145,0.022774,0
1527009240196,4.315262,4.300747,0.014515,0
1527009240206,4.160290,4.136181,0.024109,0
1527009240216,4.158306,4.136410,0.021896,1
1527009240226,4.158936,4.135475,0.023460,1
1527009240236,4.157944,4.136219,0.021725,1
1527009240246,4.317131,4.299068,0.018063,1
1527009240256,4.180527,4.167633,0.012894,1
1527009240266,4.155273,4.131641,0.023632,1
1527009240276,4.148979,4.128170,0.020809,1
1527009240287,4.165287,4.142838,0.022449,1
1527009240297,4.232235,4.207096,0.025139,1
1527009240307,4.279881,4.262829,0.017052,1
1527009240317,4.156876,4.134617,0.022259,0
1527009240327,4.164238,4.142418,0.021820,0
1527009240337,4.160271,4.138756,0.021515,0
1527009240347,4.180431,4.165306,0.015125,0
1527009240357,4.133244,4.111271,0.021973,0
1527009240367,4.150219,4.127026,0.023193,0
1527009240378,4.142227,4.120693,0.021534,0
1527009240388,4.147892,4.124012,0.023880,0
1527009240398,4.137669,4.116516,0.021152,0
1527009240408,4.304790,4.287968,0.016823,0
1527009240418,4.175949,4.160500,0.015450,1
1527009240428,4.144382,4.120541,0.023842,1
1527009240438,4.133148,4.111233,0.021915,1
1527009240448,4.174347,4.151459,0.022888,1
1527009240458,4.170742,4.148712,0.022030,1
1527009240468,4.324799,4.309006,0.015793,1
1527009240478,4.161549,4.141006,0.020542,1
1527009240488,4.152908,4.129314,0.023594,1
1527009240498,4.292793,4.276829,0.015965,1
1527009240508,4.198627,4.186249,0.012379,1
1527009240518,4.132500,4.111576,0.020924,0
1527009240528,4.130669,4.106617,0.024052,0
1527009240538,4.138966,4.115181,0.023785,0
1527009240548,4.291935,4.275341,0.016594,0
1527009240558,4.142418,4.119968,0.022449,0
1527009240568,4.124813,4.101105,0.023708,0
1527009240578,4.095612,4.073696,0.021915,0
1527009240588,4.108028,4.084492,0.023537,0
1527009240598,4.178886,4.153194,0.025692,0
1527009240609,4.242973,4.228153,0.014820,0
1527009240619,4.110374,4.089298,0.021076,1
1527009240629,4.116211,4.093533,0.022678,1
1527009240639,4.272900,4.258080,0.014820,1
1527009240649,4.143906,4.119167,0.024738,1
1527009240659,4.113445,4.091034,0.022411,1
1527009240669,4.107819,4.083843,0.023975,1
1527009240679,4.155407,4.131813,0.023594,1
1527009240689,4.261265,4.245720,0.015545,1
1527009240700,4.108353,4.086285,0.022068,1
1527009240710,4.109135,4.085674,0.023460,1
1527009240720,4.105682,4.082031,0.023651,0
1527009240730,4.105511,4.081612,0.023899,0
1527009240740,4.110126,4.087505,0.022621,0
1527009240750,4.317837,4.301929,0.015907,0
1527009240760,4.169407,4.147243,0.022163,0
1527009240770,4.175434,4.152470,0.022964,0
1527009240780,4.175472,4.151936,0.023537,0
1527009240791,4.193935,4.171677,0.022259,0
1527009240801,4.317703,4.302864,0.014839,0
1527009240811,4.177456,4.154415,0.023041,0
1527009240821,4.170437,4.149609,0.020828,1
1527009240831,4.209633,4.186878,0.022755,1
1527009240841,4.164734,4.148521,0.016212,1
1527009240851,4.123096,4.100666,0.022430,1
1527009240861,4.099560,4.077969,0.021591,1
1527009240871,4.102478,4.079742,0.022736,1
1527009240882,4.256535,4.240875,0.015659,1
1527009240892,4.144955,4.130001,0.014954,1
1527009240902,4.086800,4.063435,0.023365,1
1527009240912,4.079418,4.054813,0.024605,1
1527009240922,4.156532,4.129333,0.027199,0
1527009240932,4.102669,4.076862,0.025806,0
1527009240942,4.106503,4.082565,0.023937,0
1527009240952,4.127769,4.103432,0.024338,0
1527009240962,4.199448,4.173679,0.025768,0
1527009240972,4.217873,4.200821,0.017052,0
1527009240982,4.137001,4.115219,0.021782,0
1527009240992,4.131126,4.108238,0.022888,0
1527009241002,4.054928,4.031448,0.023479,0
1527009241012,4.082108,4.058933,0.023174,0
1527009241022,4.203739,4.188213,0.015526,1
1527009241032,4.134083,4.110832,0.023251,1
1527009241042,4.121532,4.099369,0.022163,1
1527009241052,4.023914,3.999786,0.024128,1
1527009241062,4.127312,4.104137,0.023174,1
1527009241072,4.291496,4.275036,0.016460,1
1527009241082,4.080238,4.056149,0.024090,1
1527009241092,4.121151,4.098949,0.022202,1
1527009241102,4.142857,4.119873,0.022984,1
1527009241113,4.294682,4.274883,0.019798,1
1527009241123,4.237995,4.224701,0.013294,0
1527009241133,4.164906,4.143524,0.021381,0
1527009241143,4.167385,4.145412,0.021973,0
1527009241153,4.186859,4.165573,0.021286,0
1527009241163,4.183254,4.161720,0.021534,0
1527009241173,4.331703,4.312763,0.018940,0
1527009241183,4.260712,4.244614,0.016098,0
1527009241193,4.180984,4.158535,0.022449,0
1527009241204,4.179707,4.157410,0.022297,0
1527009241214,4.180584,4.158306,0.022278,0
1527009241224,4.181843,4.159431,0.022411,1
1527009241234,4.179726,4.157028,0.022697,1
1527009241244,4.330750,4.314327,0.016422,1
1527009241254,4.181824,4.159660,0.022163,1
1527009241264,4.190369,4.168320,0.022049,1
1527009241274,4.187374,4.165249,0.022125,1
1527009241284,4.193516,4.170265,0.023251,1
1527009241294,4.332180,4.315338,0.016842,1
1527009241304,4.191151,4.169350,0.021801,1
1527009241314,4.188881,4.166374,0.022507,1
1527009241324,4.190483,4.168663,0.021820,0
1527009241334,4.337273,4.321632,0.015640,0
1527009241344,4.183064,4.160786,0.022278,0
1527009241354,4.182396,4.160976,0.021420,0
1527009241364,4.184322,4.161701,0.022621,0
1527009241374,4.217243,4.194202,0.023041,0
1527009241384,4.314632,4.297466,0.017166,0
1527009241394,4.183712,4.161663,0.022049,0
1527009241404,4.194202,4.171276,0.022926,0
1527009241414,4.327717,4.311733,0.015984,0
1527009241424,4.184113,4.161377,0.022736,1
1527009241435,4.181213,4.159832,0.021381,1
1527009241445,4.190445,4.168110,0.022335,1
1527009241455,4.313869,4.299221,0.014648,1
1527009241465,4.180355,4.159431,0.020924,1
1527009241475,4.180889,4.159641,0.021248,1
1527009241485,4.181385,4.158001,0.023384,1
1527009241495,4.322109,4.304638,0.017471,1
1527009241505,4.257088,4.242573,0.014515,1
1527009241515,4.159737,4.138527,0.021210,0
1527009241526,4.187679,4.164181,0.023499,0
1527009241536,4.185925,4.163876,0.022049,0
1527009241546,4.331932,4.314518,0.017414,0
1527009241556,4.177246,4.154987,0.022259,0
1527009241566,4.188042,4.164066,0.023975,0
1527009241576,4.178066,4.156284,0.021782,0
1527009241586,4.329052,4.311028,0.018024,0
1527009241596,4.183559,4.164581,0.018978,0
1527009241606,4.187145,4.163971,0.023174,0
1527009241617,4.181118,4.158459,0.022659,1
1527009241627,4.185371,4.161720,0.023651,1
1527009241637,4.184456,4.161968,0.022488,1
1527009241647,4.299259,4.273624,0.025635,1
1527009241657,4.185524,4.167728,0.017796,1
1527009241667,4.180508,4.157124,0.023384,1
1527009241677,4.174194,4.150505,0.023689,1
1527009241687,4.187489,4.163952,0.023537,1
1527009241697,4.243011,4.217987,0.025024,1
1527009241707,4.308624,4.291935,0.016689,1
1527009241717,4.181690,4.159927,0.021763,0
1527009241727,4.189148,4.165421,0.023727,0
1527009241737,4.200840,4.178371,0.022469,0
1527009241747,4.250374,4.222412,0.027962,0
1527009241757,4.185810,4.164066,0.021744,0
1527009241767,4.197483,4.172745,0.024738,0
1527009241777,4.187984,4.166527,0.021458,0
1527009241787,4.186649,4.163685,0.022964,0
1527009241797,4.304733,4.283428,0.021305,0
1527009241807,4.200039,4.176369,0.023670,0
1527009241817,4.188614,4.167004,0.021610,1
1527009241827,4.189129,4.166050,0.023079,1
1527009241837,4.172916,4.151154,0.021763,1
1527009241848,4.040871,4.006252,0.034618,1
1527009241858,4.324932,4.305687,0.019245,1
1527009241868,4.264164,4.247341,0.016823,1
1527009241878,4.185543,4.162502,0.023041,1
1527009241888,4.185829,4.162521,0.023308,1
1527009241898,4.182053,4.159946,0.022106,1
1527009241908,4.212608,4.188213,0.024395,1
1527009241918,4.334145,4.318104,0.016041,0
1527009241928,4.199810,4.176178,0.023632,0
1527009241939,4.184189,4.161358,0.022831,0
1527009241949,4.178123,4.154987,0.023136,0
1527009241959,4.192963,4.170227,0.022736,0
1527009241969,4.199162,4.175301,0.023861,0
1527009241979,4.339943,4.323483,0.016460,0
1527009241989,4.170303,4.147511,0.022793,0
1527009241999,4.187164,4.164257,0.022907,0
1527009242009,4.202347,4.178810,0.023537,0
1527009242019,4.327145,4.312534,0.014610,1
1527009242029,4.190960,4.168701,0.022259,1
1527009242039,4.171867,4.149342,0.022526,1
1527009242049,4.183254,4.160385,0.022869,1
1527009242059,4.331837,4.315186,0.016651,1
1527009242069,4.212360,4.195290,0.017071,1
1527009242079,4.192886,4.170456,0.022430,1
1527009242089,4.172688,4.148960,0.023727,1
1527009242099,4.193420,4.170456,0.022964,1
1527009242109,4.343433,4.329605,0.013828,1
1527009242119,4.194641,4.172897,0.021744,0
1527009242129,4.197979,4.173794,0.024185,0
1527009242139,4.180374,4.155693,0.024681,0
1527009242149,4.195633,4.172249,0.023384,0
1527009242159,4.332008,4.315357,0.016651,0
1527009242169,4.189930,4.167519,0.022411,0
1527009242179,4.184113,4.162254,0.021858,0
1527009242189,4.176445,4.151859,0.024586,0
1527009242199,4.331264,4.317017,0.014248,0
1527009242209,4.213963,4.195652,0.018311,0
1527009242219,4.181709,4.159470,0.022240,1
1527009242229,4.191132,4.167938,0.023193,1
1527009242239,4.256287,4.229965,0.026321,1
1527009242249,4.297562,4.283199,0.014362,1
1527009242260,4.191895,4.169235,0.022659,1
1527009242270,4.203339,4.177837,0.025501,1
1527009242280,4.340439,4.323807,0.016632,1
1527009242290,4.181023,4.160900,0.020123,1
1527009242300,4.192562,4.169827,0.022736,1
1527009242310,4.200974,4.177437,0.023537,1
1527009242320,4.187775,4.164906,0.022869,0
1527009242330,4.336281,4.317417,0.018864,0
1527009242340,4.249363,4.233341,0.016022,0
1527009242351,4.193077,4.169102,0.023975,0
1527009242361,4.187222,4.164104,0.023117,0
1527009242371,4.191151,4.167194,0.023956,0
1527009242381,4.188747,4.165573,0.023174,0
1527009242391,4.181366,4.156075,0.025291,0
1527009242401,4.222031,4.205627,0.016403,0
1527009242411,4.198780,4.174595,0.024185,0
1527009242421,4.193935,4.170933,0.023003,1
1527009242431,4.205551,4.182148,0.023403,1
1527009242442,4.325562,4.307842,0.017719,1
1527009242452,4.186459,4.165630,0.020828,1
1527009242462,4.197102,4.173222,0.023880,1
1527009242472,4.199524,4.176617,0.022907,1
1527009242482,4.183121,4.160881,0.022240,1
1527009242492,4.323273,4.305382,0.017891,1
1527009242502,4.193993,4.171085,0.022907,1
1527009242512,4.190845,4.167843,0.023003,1
1527009242522,4.183464,4.160175,0.023289,0
1527009242533,4.191227,4.168777,0.022449,0
1527009242543,4.323006,4.306145,0.016861,0
1527009242553,4.189777,4.167805,0.021973,0
1527009242563,4.188499,4.165916,0.022583,0
1527009242573,4.196892,4.173698,0.023193,0
1527009242583,4.222965,4.200287,0.022678,0
1527009242593,4.309559,4.291916,0.017643,0
1527009242603,4.187012,4.164295,0.022717,0
1527009242613,4.189930,4.166889,0.023041,0
1527009242623,4.190197,4.167404,0.022793,1
1527009242633,4.216843,4.192390,0.024452,1
1527009242643,4.325638,4.310360,0.015278,1
1527009242653,4.179993,4.156303,0.023689,1
1527009242663,4.182968,4.160461,0.022507,1
1527009242673,4.183826,4.161129,0.022697,1
1527009242683,4.180889,4.158039,0.022850,1
1527009242693,4.233437,4.208126,0.025311,1
1527009242703,4.314175,4.297638,0.016537,1
1527009242713,4.188938,4.165897,0.023041,1
1527009242723,4.185658,4.162731,0.022926,0
1527009242733,4.198647,4.175053,0.023594,0
1527009242743,4.198246,4.174671,0.023575,0
1527009242753,4.343452,4.327221,0.016232,0
1527009242764,4.200974,4.178200,0.022774,0
1527009242774,4.195881,4.172802,0.023079,0
1527009242784,4.197845,4.174118,0.023727,0
1527009242794,4.196854,4.173527,0.023327,0
1527009242804,4.342957,4.325333,0.017624,0
1527009242814,4.189320,4.167042,0.022278,0
1527009242824,4.192600,4.169865,0.022736,1
1527009242834,4.333611,4.316406,0.017204,1
1527009242844,4.190197,4.167423,0.022774,1
1527009242855,4.179897,4.154816,0.025082,1
1527009242865,4.181042,4.156971,0.024071,1
1527009242875,4.281616,4.260063,0.021553,1
1527009242885,4.262047,4.245586,0.016460,1
1527009242895,4.177246,4.153614,0.023632,1
1527009242905,4.197865,4.173470,0.024395,1
1527009242915,4.189034,4.167366,0.021667,1
1527009242925,4.343166,4.325695,0.017471,0
1527009242935,4.249020,4.235859,0.013161,0
1527009242946,4.199409,4.177017,0.022392,0
1527009242956,4.188480,4.167290,0.021191,0
1527009242966,4.256706,4.230461,0.026245,0
1527009242976,4.295444,4.280033,0.015411,0
1527009242986,4.186630,4.163494,0.023136,0
1527009242996,4.182205,4.160919,0.021286,0
1527009243006,4.197731,4.173775,0.023956,0
1527009243016,4.331131,4.315357,0.015774,0
1527009243026,4.184685,4.159660,0.025024,1
1527009243036,4.184074,4.162598,0.021477,1
1527009243046,4.191818,4.168797,0.023022,1
1527009243056,4.182930,4.161625,0.021305,1
1527009243066,4.343662,4.326496,0.017166,1
1527009243076,4.195919,4.173870,0.022049,1
1527009243087,4.199848,4.175262,0.024586,1
1527009243097,4.190960,4.169769,0.021191,1
1527009243107,4.212551,4.188747,0.023804,1
1527009243117,4.330864,4.313965,0.016899,0
1527009243127,4.203854,4.179878,0.023975,0
1527009243137,4.190483,4.168968,0.021515,0
1527009243147,4.190655,4.167728,0.022926,0
1527009243157,4.185467,4.163742,0.021725,0
1527009243167,4.341965,4.324951,0.017014,0
1527009243178,4.189091,4.167385,0.021706,0
1527009243188,4.194088,4.170742,0.023346,0
1527009243198,4.178772,4.155903,0.022869,0
1527009243208,4.189587,4.167385,0.022202,0
1527009243218,4.192238,4.168358,0.023880,1
1527009243228,4.266014,4.250336,0.015678,1
1527009243238,4.192104,4.170284,0.021820,1
1527009243248,4.166698,4.136467,0.030231,1
1527009243258,4.210281,4.186306,0.023975,1
1527009243269,4.323845,4.308262,0.015583,1
1527009243279,4.195118,4.172344,0.022774,1
1527009243289,4.200878,4.179401,0.021477,1
1527009243299,4.177818,4.152088,0.025730,1
1527009243309,4.194031,4.170895,0.023136,1
1527009243319,4.334965,4.317589,0.017376,0
1527009243329,4.192257,4.170380,0.021877,0
1527009243339,4.185638,4.163589,0.022049,0
1527009243349,4.125328,4.103146,0.022182,0
1527009243359,4.334946,4.319096,0.015850,0
1527009243369,4.192619,4.170208,0.022411,0
1527009243379,4.185486,4.163036,0.022449,0
1527009243389,4.195366,4.171848,0.023518,0
1527009243399,4.194813,4.172192,0.022621,0
1527009243409,4.302483,4.286480,0.016003,0
1527009243419,4.191341,4.169579,0.021763,1
1527009243429,4.200287,4.178467,0.021820,1
1527009243439,4.197159,4.172325,0.024834,1
1527009243449,4.169006,4.147015,0.021992,1
1527009243459,4.323158,4.307289,0.015869,1
1527009243469,4.200649,4.178219,0.022430,1
1527009243479,4.186707,4.164181,0.022526,1
1527009243489,4.193916,4.170971,0.022945,1
1527009243499,4.327278,4.312725,0.014553,1
1527009243509,4.191952,4.169140,0.022812,1
1527009243519,4.186916,4.164505,0.022411,0
1527009243529,4.195328,4.170685,0.024643,0
1527009243539,4.186821,4.164791,0.022030,0
1527009243549,4.201889,4.183025,0.018864,0
1527009243559,4.182301,4.159164,0.023136,0
1527009243569,4.200611,4.178791,0.021820,0
1527009243579,4.193153,4.170437,0.022717,0
1527009243589,4.201946,4.179382,0.022564,0
1527009243599,4.341145,4.324398,0.016747,0
1527009243609,4.199543,4.176693,0.022850,0
1527009243619,4.193554,4.170551,0.023003,1
1527009243629,4.204769,4.181976,0.022793,1
1527009243639,4.304333,4.287453,0.016880,1
1527009243649,4.095631,4.074268,0.021362,1
1527009243659,4.185429,4.163475,0.021954,1
1527009243669,4.193649,4.170551,0.023098,1
1527009243679,4.194164,4.170799,0.023365,1
1527009243689,4.337616,4.320812,0.016804,1
1527009243699,4.185352,4.162769,0.022583,1
1527009243709,4.195004,4.170132,0.024872,1
1527009243719,4.187069,4.164696,0.022373,0
1527009243729,4.339962,4.323921,0.016041,0
1527009243739,4.191513,4.169807,0.021706,0
1527009243749,4.157600,4.137554,0.020046,0
1527009243759,4.192295,4.170380,0.021915,0
1527009243769,4.303856,4.280605,0.023251,0
1527009243779,4.286728,4.270020,0.016708,0
1527009243789,4.200287,4.176807,0.023479,0
1527009243799,4.193058,4.170723,0.022335,0
1527009243809,4.192410,4.169731,0.022678,0
1527009243819,4.332638,4.315510,0.017128,1
1527009243829,4.209843,4.191399,0.018444,1
1527009243839,4.187069,4.164333,0.022736,1
1527009243849,4.169827,4.147396,0.022430,1
1527009243860,4.332256,4.315815,0.016441,1
1527009243870,4.191647,4.169464,0.022182,1
1527009243880,4.185581,4.163857,0.021725,1
1527009243890,4.190044,4.164753,0.025291,1
1527009243900,4.195690,4.172821,0.022869,1
1527009243910,4.325447,4.309597,0.015850,1
1527009243920,4.192181,4.170036,0.022144,0
1527009243930,4.197674,4.174442,0.023232,0
1527009243940,4.167233,4.143181,0.024052,0
1527009243951,4.345951,4.329319,0.016632,0
1527009243961,4.185028,4.166126,0.018902,0
1527009243971,4.197884,4.173870,0.024014,0
1527009243981,4.187756,4.165363,0.022392,0
1527009243991,4.191399,4.168568,0.022831,0
1527009244001,4.193478,4.170570,0.022907,0
1527009244011,4.333725,4.316902,0.016823,0
1527009244021,4.189396,4.167595,0.021801,1
1527009244031,4.191647,4.168587,0.023060,1
1527009244042,4.187698,4.165173,0.022526,1
1527009244052,4.191380,4.168491,0.022888,1
1527009244062,4.310646,4.288483,0.022163,1
1527009244072,4.267960,4.252014,0.015945,1
1527009244082,4.194241,4.171524,0.022717,1
1527009244092,4.198475,4.175167,0.023308,1
1527009244102,4.342251,4.326344,0.015907,1
1527009244112,4.198265,4.174519,0.023746,1
1527009244122,4.195099,4.172192,0.022907,0
1527009244132,4.198399,4.174500,0.023899,0
1527009244142,4.331646,4.315586,0.016060,0
1527009244152,4.190254,4.168663,0.021591,0
1527009244162,4.187737,4.165745,0.021992,0
1527009244172,4.189796,4.167175,0.022621,0
1527009244182,4.327602,4.305725,0.021877,0
1527009244192,4.236755,4.221497,0.015259,0
1527009244202,4.188862,4.166851,0.022011,0
1527009244212,4.189796,4.167767,0.022030,0
1527009244222,4.196377,4.173679,0.022697,1
1527009244232,4.334393,4.318199,0.016193,1
1527009244242,4.196777,4.173565,0.023212,1
1527009244252,4.198112,4.174347,0.023766,1
1527009244262,4.197121,4.174843,0.022278,1
1527009244273,4.339848,4.324112,0.015736,1
1527009244283,4.194241,4.172058,0.022182,1
1527009244293,4.195595,4.173069,0.022526,1
1527009244303,4.188690,4.166222,0.022469,1
1527009244313,4.336529,4.320774,0.015755,1
1527009244323,4.187279,4.165592,0.021687,0
1527009244333,4.188805,4.166279,0.022526,0
1527009244343,4.279690,4.255924,0.023766,0
1527009244353,4.187145,4.163704,0.023441,0
1527009244364,4.189034,4.166737,0.022297,0
1527009244374,4.188499,4.166489,0.022011,0
1527009244384,4.217644,4.193783,0.023861,0
1527009244394,4.321156,4.306297,0.014858,0
1527009244404,4.196014,4.172592,0.023422,0
1527009244414,4.196873,4.172707,0.024166,0
1527009244424,4.197330,4.173985,0.023346,1
1527009244434,4.196758,4.173851,0.022907,1
1527009244444,4.334145,4.313602,0.020542,1
1527009244455,4.192486,4.169769,0.022717,1
1527009244465,4.187412,4.165440,0.021973,1
1527009244475,4.122791,4.094601,0.028191,1
1527009244485,4.189510,4.166584,0.022926,1
1527009244495,4.326687,4.310532,0.016155,1
1527009244505,4.188900,4.166603,0.022297,1
1527009244515,4.183807,4.162788,0.021019,1
1527009244525,4.188786,4.166908,0.021877,0
1527009244535,4.332237,4.317532,0.014706,0
1527009244545,4.189224,4.165611,0.023613,0
1527009244555,4.181805,4.158401,0.023403,0
1527009244565,4.197559,4.174042,0.023518,0
1527009244575,4.318371,4.303970,0.014400,0
1527009244585,4.197674,4.174137,0.023537,0
1527009244595,4.187374,4.165192,0.022182,0
1527009244605,4.343719,4.328003,0.015717,0
1527009244615,4.197083,4.178848,0.018234,0
1527009244625,4.198036,4.174252,0.023785,1
1527009244635,4.166336,4.144897,0.021439,1
1527009244645,4.339046,4.322643,0.016403,1
1527009244655,4.167366,4.143772,0.023594,1
1527009244665,4.187832,4.165573,0.022259,1
1527009244675,4.178104,4.156246,0.021858,1
1527009244686,4.334545,4.317493,0.017052,1
1527009244696,4.185810,4.164143,0.021667,1
1527009244706,4.190006,4.167461,0.022545,1
1527009244716,4.190941,4.169502,0.021439,1
1527009244726,4.225349,4.201431,0.023918,0
1527009244736,4.191933,4.172459,0.019474,0
1527009244746,4.198780,4.175529,0.023251,0
1527009244756,4.188938,4.168015,0.020924,0
1527009244766,4.343700,4.326859,0.016842,0
1527009244777,4.186668,4.166069,0.020599,0
1527009244787,4.200230,4.176292,0.023937,0
1527009244797,4.184093,4.163094,0.021000,0
1527009244807,4.340992,4.324360,0.016632,0
1527009244817,4.180069,4.161091,0.018978,1
1527009244827,4.191437,4.168739,0.022697,1
1527009244837,4.260349,4.235725,0.024624,1
1527009244847,4.292316,4.274635,0.017681,1
1527009244857,4.184017,4.162254,0.021763,1
1527009244867,4.193439,4.169769,0.023670,1
1527009244877,4.189816,4.168358,0.021458,1
1527009244887,4.317112,4.294529,0.022583,1
1527009244897,4.260674,4.245281,0.015392,1
1527009244907,4.201756,4.181175,0.020580,1
1527009244917,4.190273,4.169464,0.020809,1
1527009244927,4.198589,4.175606,0.022984,0
1527009244937,4.232597,4.210720,0.021877,0
1527009244947,4.314060,4.298706,0.015354,0
1527009244957,4.182606,4.161396,0.021210,0
1527009244967,4.191933,4.169464,0.022469,0
1527009244977,4.330769,4.314823,0.015945,0
1527009244987,4.189739,4.167461,0.022278,0
1527009244997,4.183083,4.161873,0.021210,0
1527009245008,4.195004,4.171085,0.023918,0
1527009245018,4.208393,4.185429,0.022964,1
1527009245028,4.322453,4.306831,0.015621,1
1527009245038,4.186745,4.163799,0.022945,1
1527009245048,4.202728,4.180431,0.022297,1
1527009245058,4.170856,4.147720,0.023136,1
1527009245068,4.199123,4.176064,0.023060,1
1527009245078,4.193554,4.171677,0.021877,1
1527009245088,4.276657,4.252014,0.024643,1
1527009245099,4.290695,4.273510,0.017185,1
1527009245109,4.199524,4.177055,0.022469,1
1527009245119,4.193745,4.170818,0.022926,0
1527009245129,4.192657,4.169903,0.022755,0
1527009245139,4.290981,4.267445,0.023537,0
1527009245149,4.194260,4.170380,0.023880,0
1527009245159,4.185486,4.163132,0.022354,0
1527009245169,4.192619,4.169884,0.022736,0
1527009245179,4.193268,4.170589,0.022678,0
1527009245189,4.335194,4.318371,0.016823,0
1527009245199,4.186325,4.164143,0.022182,0
1527009245209,4.198933,4.178562,0.020370,0
1527009245219,4.192028,4.170418,0.021610,1
1527009245229,4.204750,4.182243,0.022507,1
1527009245239,4.262543,4.246731,0.015812,1
1527009245249,4.180889,4.156837,0.024052,1
1527009245259,4.192028,4.170284,0.021744,1
1527009245269,4.345703,4.329357,0.016346,1
1527009245279,4.039612,4.014187,0.025425,1
1527009245289,4.165592,4.142685,0.022907,1
1527009245299,4.186211,4.166737,0.019474,1
1527009245309,4.192142,4.169712,0.022430,1
1527009245319,4.206028,4.181938,0.024090,0
1527009245329,4.183655,4.162560,0.021095,0
1527009245339,4.181519,4.156857,0.024662,0
1527009245349,4.159431,4.135952,0.023479,0
1527009245359,4.179974,4.157791,0.022182,0
1527009245369,4.338856,4.322987,0.015869,0
1527009245379,4.186649,4.164562,0.022087,0
1527009245389,4.191914,4.169769,0.022144,0
1527009245399,4.185600,4.163704,0.021896,0
1527009245409,4.192753,4.170494,0.022259,0
1527009245419,4.305973,4.290848,0.015125,1
1527009245429,4.199123,4.177017,0.022106,1
1527009245439,4.193058,4.170952,0.022106,1
1527009245449,4.191799,4.168110,0.023689,1
1527009245459,4.320908,4.306145,0.014763,1
1527009245469,4.177780,4.155693,0.022087,1
1527009245479,4.187012,4.164734,0.022278,1
1527009245489,4.192410,4.170113,0.022297,1
1527009245499,4.332180,4.316311,0.015869,1
1527009245509,4.191151,4.168873,0.022278,1
1527009245519,4.160938,4.136734,0.024204,0
1527009245529,4.191513,4.169102,0.022411,0
1527009245539,4.192696,4.170322,0.022373,0
1527009245549,4.345398,4.328632,0.016766,0
1527009245559,4.193153,4.170914,0.022240,0
1527009245569,4.187622,4.162884,0.024738,0
1527009245579,4.197254,4.173508,0.023746,0
1527009245589,4.345360,4.327793,0.017567,0
1527009245600,4.192352,4.169731,0.022621,0
1527009245610,4.199753,4.176846,0.022907,0
1527009245620,4.160786,4.136925,0.023861,1
1527009245630,4.237518,4.213696,0.023823,1
1527009245640,4.300117,4.285183,0.014935,1
1527009245650,4.191456,4.168262,0.023193,1
1527009245660,4.184437,4.162521,0.021915,1
1527009245670,4.173717,4.149742,0.023975,1
1527009245680,4.216175,4.192810,0.023365,1
1527009245691,4.307518,4.291725,0.015793,1
1527009245701,4.185028,4.163532,0.021496,1
1527009245711,4.197350,4.174690,0.022659,1
1527009245721,4.179153,4.157925,0.021229,0
1527009245731,4.197502,4.174767,0.022736,0
1527009245741,4.336376,4.320908,0.015469,0
1527009245751,4.173737,4.149933,0.023804,0
1527009245761,4.198856,4.176731,0.022125,0
1527009245771,4.330673,4.314766,0.015907,0
1527009245782,4.194736,4.171314,0.023422,0
1527009245792,4.190578,4.167805,0.022774,0
1527009245802,4.187126,4.164391,0.022736,0
1527009245812,4.231892,4.206772,0.025120,0
1527009245822,4.294415,4.278564,0.015850,1
1527009245832,4.188023,4.165192,0.022831,1
1527009245842,4.187832,4.165592,0.022240,1
1527009245852,4.186211,4.163513,0.022697,1
1527009245862,4.329967,4.313927,0.016041,1
1527009245873,4.189014,4.166870,0.022144,1
1527009245883,4.193420,4.170856,0.022564,1
1527009245893,4.195938,4.172935,0.023003,1
1527009245903,4.194965,4.172421,0.022545,1
1527009245913,4.253635,4.228592,0.025043,1
1527009245923,4.172974,4.149246,0.023727,0
1527009245933,4.194679,4.171391,0.023289,0
1527009245943,4.195271,4.171677,0.023594,0
1527009245953,4.186459,4.163780,0.022678,0
1527009245963,4.335938,4.318581,0.017357,0
1527009245973,4.171486,4.148254,0.023232,0
1527009245983,4.187927,4.164639,0.023289,0
1527009245993,4.189911,4.166565,0.023346,0
1527009246003,4.336357,4.319305,0.017052,0
1527009246014,4.189358,4.167652,0.021706,0
1527009246024,4.176903,4.154034,0.022869,1
1527009246034,4.193497,4.171715,0.021782,1
1527009246044,4.197197,4.173717,0.023479,1
1527009246054,4.330502,4.314384,0.016117,1
1527009246064,4.194889,4.171658,0.023232,1
1527009246074,4.185581,4.163837,0.021744,1
1527009246084,4.342823,4.325829,0.016994,1
1527009246094,4.195213,4.172573,0.022640,1
1527009246105,4.197197,4.172764,0.024433,1
1527009246115,4.173546,4.149609,0.023937,1
1527009246125,4.186153,4.163475,0.022678,0
1527009246135,4.331245,4.315872,0.015373,0
1527009246145,4.188995,4.167099,0.021896,0
1527009246155,4.179688,4.155750,0.023937,0
1527009246165,4.186764,4.163456,0.023308,0
1527009246175,4.168034,4.146080,0.021954,0
1527009246185,4.327316,4.310265,0.017052,0
1527009246196,4.186001,4.163857,0.022144,0
1527009246206,4.198227,4.173584,0.024643,0
1527009246216,4.192371,4.170322,0.022049,0
1527009246226,4.337997,4.323235,0.014763,1
1527009246236,4.187717,4.166679,0.021038,1
1527009246246,4.197655,4.173470,0.024185,1
1527009246256,4.187031,4.165707,0.021324,1
1527009246266,4.198589,4.174728,0.023861,1
1527009246276,4.327965,4.312935,0.015030,1
1527009246286,4.186993,4.161930,0.025063,1
1527009246296,4.180565,4.158363,0.022202,1
1527009246306,4.190006,4.166203,0.023804,1
1527009246316,4.183273,4.161034,0.022240,1
1527009246326,4.329624,4.310322,0.019302,0
1527009246336,4.184437,4.162807,0.021629,0
1527009246346,4.189568,4.166298,0.023270,0
1527009246356,4.186802,4.166088,0.020714,0
1527009246366,4.197197,4.174137,0.023060,0
1527009246376,4.239101,4.216518,0.022583,0
1527009246386,4.194546,4.170170,0.024376,0
1527009246396,4.187546,4.165878,0.021667,0
1527009246406,4.198952,4.174290,0.024662,0
1527009246416,4.336815,4.321671,0.015144,0
1527009246427,4.173164,4.151630,0.021534,1
1527009246437,4.181519,4.160175,0.021343,1
1527009246447,4.191494,4.168015,0.023479,1
1527009246457,4.327087,4.311848,0.015240,1
1527009246467,4.191208,4.167404,0.023804,1
1527009246477,4.162636,4.140339,0.022297,1
1527009246487,4.190693,4.167366,0.023327,1
1527009246497,4.183121,4.161587,0.021534,1
1527009246507,4.324455,4.302921,0.021534,1
1527009246518,4.246426,4.233608,0.012817,1
1527009246528,4.180393,4.157982,0.022411,0
1527009246538,4.191628,4.168510,0.023117,0
1527009246548,4.197178,4.173698,0.023479,0
1527009246558,4.340363,4.323997,0.016365,0
1527009246568,4.198971,4.175243,0.023727,0
1527009246578,4.178638,4.156761,0.021877,0
1527009246588,4.198170,4.174480,0.023689,0
1527009246598,4.266701,4.240780,0.025921,0
1527009246608,4.292107,4.275589,0.016518,0
1527009246618,4.182987,4.161587,0.021400,1
1527009246628,4.314156,4.298306,0.015850,1
1527009246638,4.188290,4.165440,0.022850,1
1527009246648,4.337807,4.321823,0.015984,1
1527009246658,4.181213,4.159546,0.021667,1
1527009246668,4.190331,4.167213,0.023117,1
1527009246678,4.169292,4.144688,0.024605,1
1527009246688,4.217796,4.193306,0.024490,1
1527009246698,4.319305,4.302673,0.016632,1
1527009246708,4.197712,4.173908,0.023804,1
1527009246718,4.189854,4.168243,0.021610,0
1527009246728,4.178104,4.154491,0.023613,0
1527009246738,4.202442,4.179554,0.022888,0
1527009246749,4.334831,4.318581,0.016251,0
1527009246759,4.191322,4.169254,0.022068,0
1527009246769,4.190731,4.167805,0.022926,0
1527009246779,4.166584,4.143963,0.022621,0
1527009246789,4.340096,4.323463,0.016632,0
1527009246799,4.186516,4.163780,0.022736,0
1527009246809,4.191875,4.168911,0.022964,0
1527009246819,4.185181,4.162331,0.022850,1
1527009246829,4.171276,4.145966,0.025311,1
1527009246840,4.331398,4.314747,0.016651,1
1527009246850,4.174747,4.148731,0.026016,1
1527009246860,4.190617,4.167690,0.022926,1
1527009246870,4.197845,4.173565,0.024281,1
1527009246880,4.242725,4.218121,0.024605,1
1527009246890,4.200935,4.176826,0.024109,1
1527009246900,4.190369,4.167747,0.022621,1
1527009246910,4.198532,4.174461,0.024071,1
1527009246920,4.190273,4.168816,0.021458,0
1527009246931,4.315491,4.297943,0.017548,0
1527009246941,4.182205,4.159927,0.022278,0
1527009246951,4.181023,4.157887,0.023136,0
1527009246961,4.190369,4.167728,0.022640,0
1527009246971,4.330578,4.314861,0.015717,0
1527009246981,4.165497,4.142075,0.023422,0
1527009246991,4.188709,4.165306,0.023403,0
1527009247001,4.185848,4.162979,0.022869,0
1527009247011,4.336033,4.319382,0.016651,0
1527009247021,4.191360,4.169483,0.021877,1
1527009247031,4.176979,4.152145,0.024834,1
1527009247041,4.189472,4.168987,0.020485,1
1527009247051,4.198647,4.176483,0.022163,1
1527009247061,4.189606,4.168224,0.021381,1
1527009247071,4.197388,4.172249,0.025139,1
1527009247081,4.189510,4.167004,0.022507,1
1527009247091,4.197636,4.173603,0.024033,1
1527009247101,4.332409,4.316330,0.016079,1
1527009247111,4.193134,4.169979,0.023155,1
1527009247121,4.182262,4.159775,0.022488,0
1527009247131,4.333706,4.315796,0.017910,0
1527009247141,4.189796,4.167080,0.022717,0
1527009247151,4.180298,4.155979,0.024319,0
1527009247162,4.184628,4.162254,0.022373,0
1527009247172,4.190502,4.167538,0.022964,0
1527009247182,4.328747,4.312000,0.016747,0
1527009247192,4.191418,4.169598,0.021820,0
1527009247202,4.188633,4.165783,0.022850,0
1527009247212,4.194527,4.171352,0.023174,0
1527009247222,4.328308,4.308300,0.020008,1
1527009247232,4.232464,4.215012,0.017452,1
1527009247242,4.190960,4.168568,0.022392,1
1527009247253,4.180927,4.158421,0.022507,1
1527009247263,4.184170,4.161472,0.022697,1
1527009247273,4.277210,4.252548,0.024662,1
1527009247283,4.257011,4.239292,0.017719,1
1527009247293,4.185829,4.163628,0.022202,1
1527009247303,4.184704,4.161854,0.022850,1
1527009247313,4.185658,4.162598,0.023060,1
1527009247323,4.332390,4.315739,0.016651,0
1527009247333,4.169273,4.143162,0.026112,0
1527009247343,4.186611,4.164238,0.022373,0
1527009247353,4.187813,4.164715,0.023098,0
1527009247363,4.335651,4.318714,0.016937,0
1527009247373,4.193325,4.170666,0.022659,0
1527009247383,4.191551,4.168472,0.023079,0
1527009247393,4.340076,4.323730,0.016346,0
1527009247403,4.192829,4.170818,0.022011,0
1527009247413,4.192219,4.169712,0.022507,0
1527009247423,4.192905,4.170418,0.022488,1
1527009247433,4.185410,4.161530,0.023880,1
1527009247443,4.296074,4.280510,0.015564,1
1527009247453,4.183407,4.160366,0.023041,1
1527009247463,4.185925,4.162731,0.023193,1
1527009247473,4.189587,4.166298,0.023289,1
1527009247484,4.332752,4.315681,0.017071,1
1527009247494,4.189129,4.164715,0.024414,1
1527009247504,4.186726,4.163914,0.022812,1
1527009247514,4.190769,4.168701,0.022068,1
1527009247524,4.200821,4.176464,0.024357,0
1527009247534,4.294586,4.277210,0.017376,0
1527009247544,4.194775,4.171772,0.023003,0
1527009247554,4.190235,4.167938,0.022297,0
1527009247564,4.237156,4.212513,0.024643,0
1527009247575,4.298248,4.282017,0.016232,0
1527009247585,4.193707,4.170246,0.023460,0
1527009247595,4.167557,4.143333,0.024223,0
1527009247605,4.189968,4.166374,0.023594,0
1527009247615,4.329987,4.314785,0.015202,0
1527009247625,4.187088,4.163208,0.023880,1
1527009247635,4.182873,4.160347,0.022526,1
1527009247645,4.337864,4.320297,0.017567,1
1527009247655,4.163704,4.140415,0.023289,1
1527009247665,4.187622,4.163895,0.023727,1
1527009247675,4.181366,4.157619,0.023746,1
1527009247685,4.323215,4.301224,0.021992,1
1527009247695,4.222012,4.206829,0.015182,1
1527009247705,4.194584,4.170761,0.023823,1
1527009247716,4.188709,4.167137,0.021572,1
1527009247726,4.193306,4.169559,0.023746,0
1527009247736,4.330311,4.313812,0.016499,0
1527009247746,4.195766,4.172173,0.023594,0
1527009247756,4.178104,4.156704,0.021400,0
1527009247766,4.204006,4.179745,0.024261,0
1527009247776,4.314270,4.298687,0.015583,0
1527009247786,4.189110,4.165955,0.023155,0
1527009247796,4.179726,4.158745,0.020981,0
1527009247807,4.189358,4.166470,0.022888,0
1527009247817,4.182873,4.161434,0.021439,0
1527009247827,4.336567,4.319725,0.016842,1
1527009247837,4.163704,4.139557,0.024147,1
1527009247847,4.198246,4.174404,0.023842,1
1527009247857,4.186859,4.166222,0.020638,1
1527009247867,4.199009,4.174576,0.024433,1
1527009247877,4.336090,4.321136,0.014954,1
1527009247887,4.198284,4.173679,0.024605,1
1527009247897,4.188004,4.166908,0.021095,1
1527009247907,4.202232,4.179363,0.022869,1
1527009247917,4.331570,4.315701,0.015869,1
1527009247927,4.191132,4.168110,0.023022,0
1527009247937,4.180756,4.159508,0.021248,0
1527009247948,4.189205,4.165783,0.023422,0
1527009247958,4.193802,4.171104,0.022697,0
1527009247968,4.326859,4.311218,0.015640,0
1527009247978,4.187927,4.165955,0.021973,0
1527009247988,4.183159,4.159889,0.023270,0
1527009247998,4.182701,4.160652,0.022049,0
1527009248008,4.343643,4.327278,0.016365,0
1527009248018,4.188557,4.167137,0.021420,0
1527009248028,4.196854,4.173870,0.022984,1
1527009248039,4.183407,4.159527,0.023880,1
1527009248049,4.240246,4.216976,0.023270,1
1527009248059,4.170685,4.145317,0.025368,1
1527009248069,4.197330,4.173965,0.023365,1
1527009248079,4.189262,4.166851,0.022411,1
1527009248089,4.338951,4.322643,0.016308,1
1527009248099,4.188480,4.166260,0.022221,1
1527009248109,4.188747,4.165993,0.022755,1
1527009248119,4.184551,4.162388,0.022163,1
1527009248130,4.338055,4.321785,0.016270,0
1527009248140,4.163876,4.139900,0.023975,0
1527009248150,4.189034,4.166508,0.022526,0
1527009248160,4.325314,4.306126,0.019188,0
1527009248170,4.225883,4.210854,0.015030,0
1527009248180,4.188061,4.166126,0.021935,0
1527009248190,4.197598,4.172878,0.024719,0
1527009248200,4.189129,4.167004,0.022125,0
1527009248210,4.339619,4.322872,0.016747,0
1527009248220,4.194336,4.176693,0.017643,1
1527009248230,4.196968,4.172916,0.024052,1
1527009248240,4.187908,4.165592,0.022316,1
1527009248250,4.201412,4.178104,0.023308,1
1527009248260,4.270649,4.252930,0.017719,1
1527009248270,4.189415,4.166279,0.023136,1
1527009248280,4.182053,4.159718,0.022335,1
1527009248290,4.189835,4.166965,0.022869,1
1527009248300,4.330978,4.314804,0.016174,1
1527009248310,4.188156,4.165707,0.022449,1
1527009248320,4.183140,4.160595,0.022545,1
1527009248330,4.188652,4.165478,0.023174,0
1527009248340,4.189415,4.167500,0.021915,0
1527009248350,4.343681,4.326534,0.017147,0
1527009248361,4.188709,4.166908,0.021801,0
1527009248371,4.194221,4.172134,0.022087,0
1527009248381,4.188976,4.167614,0.021362,0
1527009248391,4.200420,4.178123,0.022297,0
1527009248401,4.333038,4.317722,0.015316,0
1527009248411,4.196835,4.173546,0.023289,0
1527009248421,4.182396,4.161110,0.021286,1
1527009248431,4.187222,4.164734,0.022488,1
1527009248441,4.203167,4.180107,0.023060,1
1527009248452,4.320583,4.305725,0.014858,1
1527009248462,4.182167,4.160690,0.021477,1
1527009248472,4.185505,4.163570,0.021935,1
1527009248482,4.183006,4.161472,0.021534,1
1527009248492,4.183979,4.160919,0.023060,1
1527009248502,4.333286,4.318085,0.015202,1
1527009248512,4.198093,4.176159,0.021935,1
1527009248522,4.189835,4.168415,0.021420,0
1527009248532,4.191246,4.169426,0.021820,0
1527009248543,4.282913,4.258347,0.024567,0
1527009248553,4.164467,4.141579,0.022888,0
1527009248563,4.190102,4.168205,0.021896,0
1527009248573,4.194221,4.171848,0.022373,0
1527009248583,4.332199,4.316349,0.015850,0
1527009248593,4.184380,4.161472,0.022907,0
1527009248603,4.184227,4.162045,0.022182,0
1527009248613,4.184570,4.162521,0.022049,0
1527009248623,4.185257,4.162712,0.022545,1
1527009248633,4.330196,4.311409,0.018787,1
1527009248643,4.182911,4.159832,0.023079,1
1527009248653,4.160500,4.136696,0.023804,1
1527009248663,4.184208,4.161358,0.022850,1
1527009248673,4.203625,4.180374,0.023251,1
1527009248684,4.237747,4.215355,0.022392,1
1527009248694,4.190502,4.168663,0.021839,1
1527009248704,4.193344,4.170647,0.022697,1
1527009248714,4.319515,4.299088,0.020428,1
1527009248724,4.236946,4.221935,0.015011,0
1527009248734,4.190922,4.168854,0.022068,0
1527009248744,4.191856,4.169216,0.022640,0
1527009248754,4.177399,4.155617,0.021782,0
1527009248764,4.321041,4.305439,0.015602,0
1527009248775,4.183140,4.161205,0.021935,0
1527009248785,4.185047,4.161968,0.023079,0
1527009248795,4.278507,4.254913,0.023594,0
1527009248805,4.220295,4.203262,0.017033,0
1527009248815,4.181042,4.159031,0.022011,0
1527009248825,4.186554,4.163208,0.023346,1
1527009248835,4.188118,4.166679,0.021439,1
1527009248845,4.336700,4.319248,0.017452,1
1527009248855,4.168949,4.147758,0.021191,1
1527009248865,4.192696,4.170055,0.022640,1
1527009248875,4.190235,4.165821,0.024414,1
1527009248885,4.323673,4.305840,0.017834,1
1527009248895,4.178200,4.156857,0.021343,1
1527009248905,4.193478,4.170418,0.023060,1
1527009248916,4.180889,4.159298,0.021591,1
1527009248926,4.191551,4.167595,0.023956,0
1527009248936,4.326668,4.311104,0.015564,0
1527009248946,4.173965,4.149570,0.024395,0
1527009248956,4.179745,4.157867,0.021877,0
1527009248966,4.187851,4.164333,0.023518,0
1527009248976,4.325027,4.309597,0.015430,0
1527009248986,4.189682,4.167233,0.022449,0
1527009248996,4.179401,4.158268,0.021133,0
1527009249007,4.195499,4.171772,0.023727,0
1527009249017,4.190063,4.168491,0.021572,0
1527009249027,4.340572,4.323235,0.017338,1
1527009249037,4.186783,4.165154,0.021629,1
1527009249047,4.172421,4.147148,0.025272,1
1527009249057,4.329243,4.314270,0.014973,1
1527009249067,4.197311,4.174156,0.023155,1
1527009249077,4.186726,4.165325,0.021400,1
1527009249087,4.188480,4.165535,0.022945,1
1527009249097,4.176846,4.154072,0.022774,1
1527009249107,4.305477,4.289455,0.016022,1
1527009249117,4.179649,4.158344,0.021305,1
1527009249127,4.189262,4.165821,0.023441,0
1527009249137,4.180660,4.158916,0.021744,0
1527009249147,4.201279,4.176636,0.024643,0
1527009249157,4.213371,4.198170,0.015202,0
1527009249167,4.189835,4.166965,0.022869,0
1527009249177,4.186802,4.165936,0.020866,0
1527009249187,4.198303,4.174080,0.024223,0
1527009249197,4.333153,4.318275,0.014877,0
1527009249207,4.194012,4.170036,0.023975,0
1527009249217,4.187450,4.166203,0.021248,0
1527009249227,4.198151,4.173775,0.024376,1
1527009249237,4.335594,4.320717,0.014877,1
1527009249247,4.344368,4.327545,0.016823,1
1527009249257,4.180737,4.158783,0.021954,1
1527009249267,4.202137,4.177418,0.024719,1
1527009249277,4.317532,4.302025,0.015507,1
1527009249287,4.187737,4.164257,0.023479,1
1527009249297,4.190998,4.168777,0.022221,1
1527009249307,4.330597,4.314117,0.016479,1
1527009249317,4.180851,4.159908,0.020943,1
1527009249328,4.194279,4.170704,0.023575,0
1527009249338,4.332905,4.317856,0.015049,0
1527009249348,4.195156,4.171562,0.023594,0
1527009249358,4.191036,4.168339,0.022697,0
1527009249368,4.195595,4.172745,0.022850,0
1527009249378,4.332943,4.317989,0.014954,0
1527009249388,4.197025,4.172516,0.024509,0
1527009249398,4.190254,4.167728,0.022526,0
1527009249408,4.196892,4.172974,0.023918,0
1527009249418,4.186096,4.163876,0.022221,0
1527009249428,4.324379,4.307518,0.016861,1
1527009249438,4.059525,4.032364,0.027161,1
1527009249448,4.188728,4.166832,0.021896,1
1527009249458,4.179611,4.157314,0.022297,1
1527009249468,4.334526,4.316902,0.017624,1
1527009249478,4.179840,4.158249,0.021591,1
1527009249488,4.183807,4.162140,0.021667,1
1527009249498,4.179249,4.156456,0.022793,1
1527009249508,4.191494,4.169674,0.021820,1
1527009249518,4.316921,4.302273,0.014648,1
1527009249528,4.190845,4.168205,0.022640,0
1527009249538,4.186020,4.164410,0.021610,0
1527009249548,4.338455,4.322357,0.016098,0
1527009249559,4.193668,4.171162,0.022507,0
1527009249569,4.199390,4.177170,0.022221,0
1527009249579,4.197197,4.174080,0.023117,0
1527009249589,4.338779,4.320736,0.018044,0
1527009249599,4.184456,4.163113,0.021343,0
1527009249609,4.191284,4.169216,0.022068,0
1527009249619,4.331741,4.315128,0.016613,0
1527009249629,4.191704,4.170074,0.021629,1
1527009249639,4.185066,4.163589,0.021477,1
1527009249649,4.340973,4.324207,0.016766,1
1527009249659,4.185543,4.162941,0.022602,1
1527009249669,4.199162,4.176598,0.022564,1
1527009249679,4.193096,4.170990,0.022106,1
1527009249689,4.302139,4.278431,0.023708,1
1527009249699,4.197159,4.174938,0.022221,1
1527009249709,4.198895,4.176731,0.022163,1
1527009249719,4.191856,4.169979,0.021877,1
1527009249729,4.200058,4.176579,0.023479,0
1527009249739,4.232159,4.208565,0.023594,0
1527009249749,4.186974,4.163990,0.022984,0
1527009249759,4.185524,4.163208,0.022316,0
1527009249769,4.192104,4.169388,0.022717,0
1527009249779,4.333038,4.316730,0.016308,0
1527009249789,4.190426,4.168377,0.022049,0
1527009249799,4.185810,4.163227,0.022583,0
1527009249809,4.200840,4.178276,0.022564,0
1527009249819,4.327278,4.310799,0.016479,0
1527009249829,4.191647,4.169121,0.022526,1
1527009249839,4.193306,4.171009,0.022297,1
1527009249849,4.199524,4.176884,0.022640,1
1527009249859,4.334888,4.319229,0.015659,1
1527009249869,4.199276,4.176350,0.022926,1
1527009249880,4.191551,4.170666,0.020885,1
1527009249890,4.199963,4.177895,0.022068,1
1527009249900,4.337921,4.322605,0.015316,1
1527009249910,4.201508,4.178486,0.023022,1
1527009249920,4.183598,4.162998,0.020599,1
1527009249930,4.341049,4.325180,0.015869,0
1527009249940,4.184055,4.161644,0.022411,0
1527009249950,4.191704,4.168911,0.022793,0
1527009249960,4.292450,4.269600,0.022850,0
1527009249971,4.262142,4.244862,0.017281,0
1527009249981,4.185009,4.163151,0.021858,0
1527009249991,4.189701,4.167442,0.022259,0
1527009250001,4.197712,4.175053,0.022659,0
1527009250011,4.341278,4.325066,0.016212,0
1527009250021,4.191437,4.169807,0.021629,0
1527009250031,4.198475,4.175301,0.023174,1
1527009250041,4.339142,4.323940,0.015202,1
1527009250051,4.197674,4.173203,0.024471,1
1527009250061,4.194298,4.172554,0.021744,1
1527009250071,4.200039,4.177704,0.022335,1
1527009250081,4.331684,4.315796,0.015888,1
1527009250091,4.188519,4.166050,0.022469,1
1527009250101,4.185772,4.163818,0.021954,1
1527009250111,4.191227,4.168549,0.022678,1
1527009250121,4.333076,4.317284,0.015793,1
1527009250131,4.190006,4.165440,0.024567,0
1527009250141,4.185181,4.163723,0.021458,0
1527009250151,4.189148,4.167080,0.022068,0
1527009250161,4.196796,4.175262,0.021534,0
1527009250171,4.336758,4.321671,0.015087,0
1527009250181,4.193153,4.172554,0.020599,0
1527009250191,4.196854,4.174442,0.022411,0
1527009250201,4.190731,4.169540,0.021191,0
1527009250211,4.204254,4.181519,0.022736,0
1527009250221,4.335423,4.320869,0.014553,0
1527009250231,4.198246,4.175262,0.022984,1
1527009250241,4.186058,4.164886,0.021172,1
1527009250251,4.334106,4.318180,0.015926,1
1527009250261,4.182701,4.160728,0.021973,1
1527009250271,4.189796,4.167233,0.022564,1
1527009250281,4.186096,4.163303,0.022793,1
1527009250292,4.337997,4.321251,0.016747,1
1527009250302,4.184685,4.161472,0.023212,1
1527009250312,4.188328,4.166145,0.022182,1
1527009250322,4.186115,4.164848,0.021267,0
1527009250332,4.194603,4.171867,0.022736,0
1527009250342,4.338074,4.322453,0.015621,0
1527009250352,4.197292,4.175186,0.022106,0
1527009250362,4.192982,4.170570,0.022411,0
1527009250372,4.194794,4.172535,0.022259,0
1527009250383,4.192066,4.169941,0.022125,0
1527009250393,4.341488,4.325600,0.015888,0
1527009250403,4.198895,4.176788,0.022106,0
1527009250413,4.187603,4.165802,0.021801,0
1527009250423,4.186878,4.165154,0.021725,1
1527009250433,4.187222,4.165249,0.021973,1
1527009250443,4.330330,4.314899,0.015430,1
1527009250453,4.185352,4.161816,0.023537,1
1527009250463,4.186249,4.164677,0.021572,1
1527009250473,4.191093,4.169044,0.022049,1
1527009250483,4.284439,4.268188,0.016251,1
1527009250493,4.186401,4.164238,0.022163,1
1527009250503,4.193058,4.171238,0.021820,1
1527009250513,4.199200,4.176579,0.022621,1
1527009250524,4.337196,4.321747,0.015450,0
1527009250534,4.192219,4.170628,0.021591,0
1527009250544,4.194012,4.172192,0.021820,0
1527009250554,4.204578,4.183617,0.020962,0
1527009250564,4.232254,4.218140,0.014114,0
1527009250574,4.193230,4.171391,0.021839,0
1527009250584,4.187374,4.165993,0.021381,0
1527009250594,4.230652,4.207363,0.023289,0
1527009250604,4.298153,4.281082,0.017071,0
1527009250615,4.184628,4.162636,0.021992,0
1527009250625,4.187660,4.165878,0.021782,1
1527009250635,4.173775,4.151192,0.022583,1
1527009250645,4.338150,4.321804,0.016346,1
1527009250655,4.169884,4.149113,0.020771,1
1527009250665,4.196243,4.173107,0.023136,1
1527009250675,4.211864,4.188080,0.023785,1
1527009250685,4.304333,4.288139,0.016193,1
1527009250695,4.178352,4.157600,0.020752,1
1527009250705,4.195824,4.173355,0.022469,1
1527009250715,4.189739,4.164448,0.025291,1
1527009250725,4.328213,4.311333,0.016880,0
1527009250735,4.188652,4.167213,0.021439,0
1527009250745,4.187717,4.166222,0.021496,0
1527009250756,4.174404,4.153957,0.020447,0
1527009250766,4.334755,4.318409,0.016346,0
1527009250776,4.177933,4.157410,0.020523,0
1527009250786,4.190044,4.167442,0.022602,0
1527009250796,4.181499,4.161110,0.020390,0
1527009250806,4.190826,4.168835,0.021992,0
1527009250816,4.328537,4.314175,0.014362,0
1527009250826,4.191322,4.170647,0.020676,1
1527009250836,4.188213,4.168053,0.020161,1
1527009250847,4.198952,4.176044,0.022907,1
1527009250857,4.336300,4.322414,0.013885,1
1527009250867,4.196911,4.174213,0.022697,1
1527009250877,4.188213,4.167919,0.020294,1
1527009250887,4.199200,4.176292,0.022907,1
1527009250897,4.334068,4.319096,0.014973,1
1527009250907,4.217625,4.201298,0.016327,1
1527009250917,4.180984,4.161034,0.019951,1
1527009250927,4.190426,4.168758,0.021667,0
1527009250937,4.182110,4.161873,0.020237,0
1527009250947,4.332409,4.317150,0.015259,0
1527009250957,4.181042,4.161053,0.019989,0
1527009250967,4.189529,4.167595,0.021935,0
1527009250977,4.181805,4.161625,0.020180,0
1527009250988,4.340324,4.323711,0.016613,0
1527009250998,4.186382,4.166832,0.019550,0
1527009251008,4.197330,4.175606,0.021725,0
1527009251018,4.192123,4.170322,0.021801,0
1527009251028,4.196720,4.174633,0.022087,1
1527009251038,4.327717,4.313641,0.014076,1
1527009251048,4.199181,4.176559,0.022621,1
1527009251058,4.191170,4.170380,0.020790,1
1527009251068,4.190388,4.169025,0.021362,1
1527009251079,4.187050,4.165115,0.021935,1
1527009251089,4.337082,4.321136,0.015945,1
1527009251099,4.186554,4.162407,0.024147,1
1527009251109,4.189167,4.167290,0.021877,1
1527009251119,4.184227,4.162121,0.022106,1
1527009252044,4.196930,4.175644,0.021286,1
1527009252054,4.128990,4.095879,0.033112,1
1527009252064,4.183769,4.162121,0.021648,1
1527009252074,4.169769,4.147358,0.022411,1
1527009252084,4.329700,4.313488,0.016212,1
1527009252094,4.182568,4.160767,0.021801,1
1527009252104,4.185562,4.162788,0.022774,1
1527009252114,4.184265,4.162312,0.021954,1
1527009252124,4.229374,4.204540,0.024834,0
1527009252134,4.295158,4.281120,0.014038,0
1527009252144,4.185581,4.163704,0.021877,0
1527009252154,4.189339,4.168549,0.020790,0
1527009252164,4.190788,4.169254,0.021534,0
1527009252174,4.283848,4.259605,0.024242,0
1527009252184,4.268265,4.253769,0.014496,0
1527009252194,4.185448,4.164047,0.021400,0
1527009252204,4.189911,4.168110,0.021801,0
1527009252214,4.190540,4.168739,0.021801,0
1527009252224,4.332657,4.316292,0.016365,1
1527009252234,4.198723,4.182148,0.016575,1
1527009252245,4.185848,4.163666,0.022182,1
1527009252255,4.036903,4.006290,0.030613,1
1527009252265,4.326572,4.309387,0.017185,1
1527009252275,4.139881,4.117184,0.022697,1
1527009252285,4.179115,4.156876,0.022240,1
1527009252295,4.186840,4.165115,0.021725,1
1527009252305,4.326210,4.309483,0.016727,1
1527009252315,4.177132,4.155617,0.021515,1
1527009252325,4.174595,4.151058,0.023537,0
1527009252336,4.186668,4.166775,0.019894,0
1527009252346,4.332294,4.312725,0.019569,0
1527009252356,4.171810,4.159069,0.012741,0
1527009252366,4.191685,4.170418,0.021267,0
1527009252376,4.165249,4.143505,0.021744,0
1527009252386,4.201832,4.178905,0.022926,0
1527009252396,4.327030,4.312210,0.014820,0
1527009252406,4.184265,4.161987,0.022278,0
1527009252416,4.178829,4.157677,0.021152,0
1527009252427,4.166393,4.143734,0.022659,1
1527009252437,4.180298,4.159298,0.021000,1
1527009252447,4.320850,4.299946,0.020905,1
1527009252457,4.198513,4.184246,0.014267,1
1527009252467,4.185982,4.162960,0.023022,1
1527009252477,4.150429,4.128284,0.022144,1
1527009252487,4.196568,4.173374,0.023193,1
1527009252497,4.334126,4.319725,0.014400,1
1527009252507,4.194183,4.172592,0.021591,1
1527009252517,4.184971,4.164352,0.020618,1
1527009252527,4.182415,4.158573,0.023842,0
1527009252537,4.335556,4.320984,0.014572,0
1527009252547,4.193478,4.171734,0.021744,0
1527009252557,4.182835,4.162140,0.020695,0
1527009252568,4.187794,4.164696,0.023098,0
1527009252578,4.163818,4.141407,0.022411,0
1527009252588,4.331264,4.315929,0.015335,0
1527009252598,4.181423,4.160099,0.021324,0
1527009252608,4.186096,4.164238,0.021858,0
1527009252618,4.205971,4.183979,0.021992,0
1527009252628,4.275627,4.257984,0.017643,1
1527009252638,4.180622,4.159870,0.020752,1
1527009252648,4.193974,4.172115,0.021858,1
1527009252659,4.186497,4.164028,0.022469,1
1527009252669,4.332981,4.317341,0.015640,1
1527009252679,4.173622,4.151249,0.022373,1
1527009252689,4.196033,4.172535,0.023499,1
1527009252699,4.196663,4.174385,0.022278,1
1527009252709,4.277897,4.261990,0.015907,1
1527009252719,4.189301,4.166565,0.022736,1
1527009252729,4.177418,4.153881,0.023537,0
1527009252739,4.197655,4.173355,0.024300,0
1527009252750,4.328651,4.312725,0.015926,0
1527009252760,4.179745,4.157753,0.021992,0
1527009252770,4.187260,4.165001,0.022259,0
1527009252780,4.174328,4.151764,0.022564,0
1527009252790,4.218807,4.195042,0.023766,0
1527009252800,4.175110,4.155159,0.019951,0
1527009252810,4.196033,4.172554,0.023479,0
1527009252820,4.190407,4.168663,0.021744,0
1527009252830,4.340019,4.322929,0.017090,1
1527009252841,4.186707,4.163132,0.023575,1
1527009252851,4.187469,4.164791,0.022678,1
1527009252861,4.186974,4.165211,0.021763,1
1527009252871,4.192905,4.169827,0.023079,1
1527009252881,4.188805,4.167728,0.021076,1
1527009252891,4.298191,4.282532,0.015659,1
1527009252901,4.179401,4.156780,0.022621,1
1527009252911,4.186115,4.163837,0.022278,1
1527009252921,4.177723,4.155464,0.022259,1
1527009252931,4.183044,4.160843,0.022202,0
1527009252941,4.329395,4.313316,0.016079,0
1527009252951,4.215908,4.199657,0.016251,0
1527009252961,4.179993,4.158230,0.021763,0
1527009252971,4.191246,4.169693,0.021553,0
1527009252981,4.295902,4.274464,0.021439,0
1527009252991,4.272156,4.256706,0.015450,0
1527009256049,4.180431,4.159927,0.020504,1
1527009256059,4.125500,4.103127,0.022373,1
1527009256069,4.179707,4.157906,0.021801,1
1527009256079,4.180813,4.157677,0.023136,1
1527009256089,4.334850,4.319420,0.015430,1
1527009256099,4.172688,4.150372,0.022316,1
1527009256109,4.167480,4.145012,0.022469,1
1527009256119,4.332848,4.312229,0.020618,1
1527009256129,4.221134,4.207058,0.014076,0
1527009256139,4.182320,4.160404,0.021915,0
1527009256149,4.187660,4.165573,0.022087,0
1527009256159,4.181805,4.159584,0.022221,0
1527009256169,4.295483,4.281940,0.013542,0
1527009256179,4.177322,4.151096,0.026226,0
1527009256189,4.179935,4.157410,0.022526,0
1527009256199,4.174614,4.152508,0.022106,0
1527009256209,4.171200,4.147491,0.023708,0
1527009256219,4.314041,4.298801,0.015240,0
1527009256229,4.180393,4.159107,0.021286,1
1527009256239,4.172745,4.150925,0.021820,1
1527009256249,4.232388,4.208584,0.023804,1
1527009256259,4.261799,4.248695,0.013103,1
1527009256269,4.187908,4.165783,0.022125,1
1527009256279,4.180508,4.159489,0.021019,1
1527009256289,4.189911,4.167919,0.021992,1
1527009256299,4.329014,4.313526,0.015488,1
1527009256309,4.168358,4.145298,0.023060,1
1527009256319,4.183178,4.161644,0.021534,1
1527009256329,4.338646,4.323025,0.015621,0
1527009256339,4.172001,4.150238,0.021763,0
1527009256349,4.179230,4.157066,0.022163,0
1527009256359,4.170914,4.148903,0.022011,0
1527009256369,4.332104,4.315796,0.016308,0
1527009256379,4.169292,4.147491,0.021801,0
1527009256389,4.178638,4.156513,0.022125,0
1527009256399,4.175720,4.152756,0.022964,0
1527009256409,4.266663,4.242001,0.024662,0
1527009256419,4.170952,4.149265,0.021687,0
1527009256429,4.186611,4.164925,0.021687,1
1527009256439,4.181595,4.159927,0.021667,1
1527009256449,4.217014,4.191723,0.025291,1
1527009256459,4.134922,4.113865,0.021057,1
1527009256469,4.186230,4.164410,0.021820,1
1527009256479,4.182396,4.160957,0.021439,1
1527009256489,4.191093,4.166889,0.024204,1
1527009256499,4.326477,4.310493,0.015984,1
1527009256509,4.180374,4.158230,0.022144,1
1527009256519,4.174805,4.152584,0.022221,1
1527009256529,4.182377,4.161034,0.021343,0
1527009256539,4.325123,4.308910,0.016212,0
1527009256550,4.180393,4.158230,0.022163,0
1527009256560,4.165154,4.142666,0.022488,0
1527009256570,4.290352,4.266052,0.024300,0
1527009256580,4.243622,4.229279,0.014343,0
1527009256590,4.187336,4.165115,0.022221,0
1527009256600,4.182262,4.160461,0.021801,0
1527009256610,4.338551,4.322281,0.016270,0
1527009256620,4.218941,4.204235,0.014706,0
1527009256630,4.186916,4.165154,0.021763,1
1527009256641,4.180222,4.158802,0.021420,1
1527009256651,4.180412,4.158096,0.022316,1
1527009256661,4.312382,4.292755,0.019627,1
1527009256671,4.209061,4.192600,0.016460,1
1527009256681,4.170666,4.152031,0.018635,1
1527009256691,4.173412,4.149837,0.023575,1
1527009256701,4.172249,4.149933,0.022316,1
1527009256711,4.241695,4.216328,0.025368,1
1527009256721,4.286098,4.270477,0.015621,1
1527009256732,4.179306,4.156208,0.023098,0
1527009256742,4.173260,4.150715,0.022545,0
1527009256752,4.185200,4.163265,0.021935,0
1527009256762,4.331360,4.315357,0.016003,0
1527009256772,4.170074,4.144745,0.025330,0
1527009256782,4.179859,4.158573,0.021286,0
1527009256792,4.186001,4.163513,0.022488,0
1527009256802,4.332409,4.316883,0.015526,0
1527009256812,4.188251,4.165344,0.022907,0
1527009256823,4.181061,4.159088,0.021973,0
1527009256833,4.177647,4.154015,0.023632,1
1527009256843,4.171028,4.148846,0.022182,1
1527009256853,4.259300,4.233570,0.025730,1
1527009256863,4.262714,4.246349,0.016365,1
1527009256873,4.176235,4.153614,0.022621,1
1527009256883,4.169502,4.147415,0.022087,1
1527009256893,4.180183,4.157982,0.022202,1
1527009256903,4.326286,4.310875,0.015411,1
1527009256913,4.177208,4.154472,0.022736,1
1527009256923,4.173927,4.151840,0.022087,1
1527009256933,4.184189,4.161835,0.022354,0
1527009256943,4.332962,4.314766,0.018196,0
1527009256953,4.183483,4.161777,0.021706,0
1527009256964,4.180393,4.158688,0.021706,0
1527009256974,4.183731,4.161320,0.022411,0
1527009256984,4.182415,4.160385,0.022030,0
1527009256994,4.207954,4.185505,0.022449,0
1527009260054,4.286594,4.271297,0.015297,1
1527009260064,4.170036,4.149036,0.021000,1
1527009260075,4.180489,4.159260,0.021229,1
1527009260085,4.179535,4.157848,0.021687,1
1527009260095,4.323215,4.307079,0.016136,1
1527009260105,4.177284,4.155235,0.022049,1
1527009260115,4.177742,4.156628,0.021114,1
1527009260125,4.184361,4.162045,0.022316,1
1527009260135,4.328232,4.310417,0.017815,0
1527009260145,4.178104,4.156399,0.021706,0
1527009260155,4.170609,4.148884,0.021725,0
1527009260166,4.166451,4.144726,0.021725,0
1527009260176,4.315109,4.297867,0.017242,0
1527009260186,4.175968,4.157810,0.018158,0
1527009260196,4.172859,4.151688,0.021172,0
1527009260206,4.175091,4.152355,0.022736,0
1527009260216,4.323750,4.305668,0.018082,0
1527009260226,4.176407,4.158859,0.017548,0
1527009260236,4.164791,4.144268,0.020523,1
1527009260246,4.173908,4.150887,0.023022,1
1527009260257,4.170685,4.149399,0.021286,1
1527009260267,4.319038,4.302540,0.016499,1
1527009260277,4.162388,4.142685,0.019703,1
1527009260287,4.177551,4.154301,0.023251,1
1527009260297,4.169254,4.148235,0.021019,1
1527009260307,4.175625,4.152317,0.023308,1
1527009260317,4.317684,4.302197,0.015488,1
1527009260327,4.166927,4.143925,0.023003,1
1527009260337,4.162273,4.140434,0.021839,0
1527009260347,4.176064,4.152355,0.023708,0
1527009260357,4.324074,4.308510,0.015564,0
1527009260367,4.174690,4.151020,0.023670,0
1527009260377,4.169693,4.148712,0.020981,0
1527009260387,4.177399,4.154205,0.023193,0
1527009260397,4.308453,4.294147,0.014305,0
1527009260407,4.181767,4.161854,0.019913,0
1527009260417,4.177876,4.156818,0.021057,0
1527009260427,4.182472,4.160423,0.022049,0
1527009260437,4.178429,4.157619,0.020809,1
1527009260447,4.320107,4.302368,0.017738,1
1527009260457,4.177799,4.156914,0.020885,1
1527009260467,4.181938,4.159908,0.022030,1
1527009260477,4.178791,4.158115,0.020676,1
1527009260488,4.321041,4.304314,0.016727,1
1527009260498,4.169350,4.147911,0.021439,1
1527009260508,4.175682,4.151859,0.023823,1
1527009260518,4.169922,4.148979,0.020943,1
1527009260528,4.328270,4.311695,0.016575,1
1527009260538,4.168282,4.146996,0.021286,0
1527009260548,4.175873,4.152126,0.023746,0
1527009260558,4.322491,4.306316,0.016174,0
1527009260568,4.181423,4.158859,0.022564,0
1527009260579,4.176159,4.154835,0.021324,0
1527009260589,4.183865,4.161587,0.022278,0
1527009260599,4.316006,4.297447,0.018559,0
1527009260609,4.229965,4.213352,0.016613,0
1527009260619,4.175892,4.154625,0.021267,0
1527009260629,4.184380,4.161606,0.022774,0
1527009260639,4.316940,4.299126,0.017815,1
1527009260649,4.218693,4.200859,0.017834,1
1527009260659,4.165936,4.145107,0.020828,1
1527009260670,4.176960,4.152374,0.024586,1
1527009260680,4.167843,4.146843,0.021000,1
1527009260690,4.266262,4.241371,0.024891,1
1527009260700,4.271202,4.254913,0.016289,1
1527009260710,4.175320,4.151630,0.023689,1
1527009260720,4.167881,4.145985,0.021896,1
1527009260730,4.186001,4.163361,0.022640,1
1527009260740,4.325619,4.308243,0.017376,0
1527009260750,4.217625,4.202862,0.014763,0
1527009260760,4.178696,4.158192,0.020504,0
1527009260770,4.184952,4.162159,0.022793,0
1527009260780,4.326305,4.311504,0.014801,0
1527009260790,4.176941,4.155388,0.021553,0
1527009260800,4.179249,4.156990,0.022259,0
1527009260810,4.177055,4.152927,0.024128,0
1527009260820,4.172440,4.151039,0.021400,0
1527009260830,4.326344,4.309978,0.016365,0
1527009260840,4.169884,4.147758,0.022125,1
1527009260850,4.175339,4.152203,0.023136,1
1527009260860,4.166508,4.146023,0.020485,1
1527009260870,4.327126,4.310036,0.017090,1
1527009260880,4.168358,4.147034,0.021324,1
1527009260890,4.175453,4.152679,0.022774,1
1527009260901,4.177570,4.155655,0.021915,1
1527009260911,4.334335,4.318829,0.015507,1
1527009260921,4.184074,4.161663,0.022411,1
1527009260931,4.183445,4.161472,0.021973,1
1527009260941,4.177551,4.155102,0.022449,0
1527009260951,4.185390,4.163532,0.021858,0
1527009260961,4.327393,4.311771,0.015621,0
1527009260971,4.183922,4.162388,0.021534,0
1527009260981,4.171429,4.149189,0.022240,0
1527009260992,4.209576,4.186192,0.023384,0
1527009261002,4.299259,4.284210,0.015049,0
1527009264059,4.181156,4.161110,0.020046,1
1527009264069,4.159794,4.136887,0.022907,1
1527009264079,4.145756,4.124012,0.021744,1
1527009264089,4.326515,4.310379,0.016136,1
1527009264099,4.167118,4.145660,0.021458,1
1527009264109,4.174614,4.150925,0.023689,1
1527009264119,4.167233,4.146004,0.021229,1
1527009264129,4.310799,4.294720,0.016079,1
1527009264139,4.166698,4.146385,0.020313,0
1527009264149,4.173756,4.150143,0.023613,0
1527009264159,4.166851,4.145679,0.021172,0
1527009264169,4.256210,4.228802,0.027409,0
1527009264179,4.147587,4.125042,0.022545,0
1527009264189,4.181156,4.159126,0.022030,0
1527009264199,4.175949,4.155102,0.020847,0
1527009264209,4.182568,4.160767,0.021801,0
1527009264219,4.305935,4.286404,0.019531,0
1527009264229,4.216194,4.200897,0.015297,0
1527009264239,4.174538,4.153023,0.021515,1
1527009264249,4.175053,4.151573,0.023479,1
1527009264260,4.167290,4.146347,0.020943,1
1527009264270,4.158230,4.134579,0.023651,1
1527009264280,4.231548,4.215565,0.015984,1
1527009264290,4.175549,4.152527,0.023022,1
1527009264300,4.166565,4.145966,0.020599,1
1527009264310,4.327641,4.310970,0.016670,1
1527009264320,4.167080,4.146023,0.021057,1
1527009264330,4.162064,4.138756,0.023308,1
1527009264340,4.205685,4.184361,0.021324,0
1527009264351,4.310341,4.293861,0.016479,0
1527009264361,4.174633,4.152927,0.021706,0
1527009264371,4.181805,4.159698,0.022106,0
1527009264381,4.174061,4.152603,0.021458,0
1527009264391,4.313488,4.296970,0.016518,0
1527009264401,4.173985,4.153538,0.020447,0
1527009264411,4.177933,4.154987,0.022945,0
1527009264421,4.166107,4.145317,0.020790,0
1527009264431,4.301605,4.286175,0.015430,0
1527009264442,4.167423,4.146233,0.021191,1
1527009264452,4.174156,4.151802,0.022354,1
1527009264462,4.169350,4.149055,0.020294,1
1527009264472,4.182072,4.159355,0.022717,1
1527009264482,4.279804,4.262657,0.017147,1
1527009264492,4.166584,4.144726,0.021858,1
1527009264502,4.169769,4.149513,0.020256,1
1527009264512,4.175339,4.151993,0.023346,1
1527009264522,4.323883,4.304600,0.019283,1
1527009264532,4.154491,4.130878,0.023613,1
1527009264542,4.168816,4.146481,0.022335,0
1527009264552,4.173832,4.151249,0.022583,0
1527009264562,4.142246,4.117851,0.024395,0
1527009264572,4.322605,4.306679,0.015926,0
1527009264582,4.160118,4.136639,0.023479,0
1527009264592,4.165802,4.143600,0.022202,0
1527009264602,4.163399,4.140701,0.022697,0
1527009264612,4.169102,4.146519,0.022583,0
1527009264622,4.317646,4.301147,0.016499,0
1527009264632,4.166050,4.143696,0.022354,0
1527009264642,4.163456,4.140530,0.022926,1
1527009264652,4.170513,4.148045,0.022469,1
1527009264662,4.322624,4.306450,0.016174,1
1527009264673,4.175549,4.151974,0.023575,1
1527009264683,4.168377,4.145889,0.022488,1
1527009264693,4.183807,4.162292,0.021515,1
1527009264703,4.313946,4.293880,0.020065,1
1527009264713,4.241982,4.227676,0.014305,1
1527009264723,4.177761,4.155865,0.021896,1
1527009264733,4.282990,4.258633,0.024357,1
1527009264743,4.260845,4.245205,0.015640,0
1527009264753,4.175262,4.151611,0.023651,0
1527009264764,4.166412,4.144287,0.022125,0
1527009264774,4.184093,4.161396,0.022697,0
1527009264784,4.309731,4.294872,0.014858,0
1527009264794,4.177723,4.154797,0.022926,0
1527009264804,4.169464,4.147606,0.021858,0
1527009264814,4.194546,4.171906,0.022640,0
1527009264824,4.311371,4.296894,0.014477,0
1527009264834,4.181805,4.160118,0.021687,0
1527009264844,4.176121,4.155312,0.020809,1
1527009264855,4.182281,4.160252,0.022030,1
1527009264865,4.275322,4.249916,0.025406,1
1527009264875,4.178600,4.155712,0.022888,1
1527009264885,4.168148,4.145184,0.022964,1
1527009264895,4.178467,4.156380,0.022087,1
1527009264905,4.322071,4.306717,0.015354,1
1527009264915,4.168549,4.146538,0.022011,1
1527009264925,4.167404,4.145641,0.021763,1
1527009264935,4.171200,4.147987,0.023212,1
1527009264945,4.169464,4.147720,0.021744,0
1527009264955,4.317150,4.300365,0.016785,0
1527009264965,4.168510,4.147339,0.021172,0
1527009264975,4.159374,4.135075,0.024300,0
1527009264985,4.177170,4.154491,0.022678,0
1527009264995,4.309101,4.293327,0.015774,0
1527009265005,4.175091,4.153709,0.021381,0
152700