currentTs;total_time;user_time;sys_time;virtual_size;in_octets;out_octets
1527350462059;0;0;0;1875968;5477743;6910043
1527350462159;10;7;2;29450240;5478649;6910967
1527350462259;20;14;2;29450240;5484212;6917026
1527350462359;30;21;2;29450240;5490453;6922327
1527350462459;40;28;2;29450240;5495173;6926869
1527350462559;50;35;2;29450240;5501466;6932928
1527350462659;60;42;2;29450240;5506971;6938228
1527350462759;70;49;2;29450240;5512480;6943529
1527350462859;80;56;2;29450240;5517989;6948829
1527350462960;90;63;2;29450240;5524286;6954888
1527350463060;100;70;2;29450240;5529796;6960189
1527350463160;110;78;2;29450240;5536093;6966250
1527350463260;120;85;2;29450240;5541656;6972310
1527350463360;130;93;2;29450240;5547902;6977613
1527350463460;140;100;2;29450240;5553511;6983722
1527350463560;150;107;2;29450240;5559990;6989291
1527350463660;160;114;2;29450240;5565500;6994593
1527350463760;170;122;2;29450240;5571800;7000653
1527350463860;180;129;2;29450240;5577360;7006711
1527350463961;190;135;2;29450240;5582816;7011255
1527350464061;201;143;2;29450240;5588321;7016556
1527350464161;211;150;2;29450240;5594618;7022618
1527350464261;221;157;2;29450240;5600181;7028678
1527350464361;230;164;2;29450240;5606425;7033979
1527350464461;240;172;2;29450240;5612718;7040036
1527350464561;250;180;2;29450240;5618226;7045338
1527350464661;260;187;2;29450240;5623791;7051400
1527350464761;270;194;2;29450240;5630033;7056702
1527350464861;280;201;2;29450240;5635880;7063027
1527350464961;290;208;2;29450240;5642124;7068382
1527350465061;300;215;2;29450240;5647632;7073684
1527350465161;310;223;2;29450240;5653192;7079742
1527350465261;320;230;2;29450240;5659432;7085042
1527350465361;330;237;2;29450240;5664940;7090342
1527350465461;340;244;2;29450240;5670501;7096400
1527350465561;350;251;2;29450240;5676011;7101700
1527350465661;360;258;2;29450240;5682251;7107001
1527350465762;371;266;2;29450240;5687811;7113061
1527350465862;381;273;2;29450240;5694057;7118363
1527350465962;391;281;2;29450240;5699616;7124421
1527350466062;401;287;2;29450240;5705069;7128965
1527350466162;411;295;2;29450240;5711420;7135078
1527350466262;421;301;3;29450240;5717225;7141410
1527350466362;431;309;3;29450240;5723475;7146715
1527350466462;441;316;3;29450240;5729039;7152778
1527350466563;451;324;3;29450240;5735331;7158838
1527350466663;461;331;3;29450240;5741574;7164138
1527350466763;471;338;3;29450240;5747083;7169440
1527350466863;481;344;4;29450240;5752594;7174745
1527350466963;491;352;4;29450240;5758155;7180805
1527350467063;501;359;4;29450240;5764396;7186865
1527350467163;511;366;4;29450240;5769956;7192166
1527350467263;521;374;4;29450240;5776198;7197466
1527350467363;531;381;4;29450240;5782490;7203525
1527350467463;541;388;4;29450240;5787994;7208827
1527350467563;551;395;4;29450240;5793678;7214285
1527350467663;561;402;5;29450240;5800086;7220510
1527350467763;571;410;5;29450240;5805645;7226569
1527350467863;581;417;5;29450240;5811888;7231870
1527350467963;591;424;5;29450240;5817399;7237174
1527350468063;601;430;6;29450240;5823697;7243236
1527350468164;611;437;6;29450240;5828604;7248539
1527350468264;621;444;6;29450240;5834849;7253842
1527350468364;631;452;6;29450240;5840409;7259901
1527350468464;641;459;6;29450240;5846654;7265203
1527350468564;651;467;6;29450240;5852953;7271264
1527350468664;661;475;6;29450240;5858898;7277324
1527350468764;671;481;6;29450240;5864353;7281868
1527350468864;681;489;6;29450240;5870701;7287979
1527350468965;691;495;7;29450240;5876500;7294306
1527350469065;701;503;7;29450240;5882742;7299607
1527350469165;711;508;8;29450240;5888252;7304911
1527350469265;721;516;8;29450240;5894551;7310972
1527350469365;731;523;8;29450240;5900063;7317032
1527350469465;741;531;8;29450240;5906362;7322336
1527350469565;751;539;8;29450240;5912655;7328393
1527350469665;761;546;8;29450240;5918166;7333696
1527350469765;771;552;9;29450240;5924459;7339754
1527350469865;781;560;9;29450240;5930023;7345815
1527350469965;791;567;9;29450240;5936272;7351119
1527350470065;801;574;10;29450240;5941837;7357179
1527350470165;811;581;10;29450240;5948082;7362483
1527350470265;821;588;11;29450240;5954669;7368862
1527350470365;831;596;11;29450240;5960228;7374918
1527350470465;841;603;11;29450240;5966474;7380220
1527350470565;851;610;11;29450240;5972769;7386279
1527350470665;861;618;11;29450240;5979066;7392339
1527350470765;871;626;11;29450240;5984623;7398399
1527350470865;881;633;11;29450240;5990864;7403699
1527350470965;891;640;11;29450240;5996373;7409001
1527350471065;901;647;12;29450240;6002667;7415060
1527350471165;911;653;12;29450240;6007389;7419605
1527350471265;921;660;12;29450240;6012898;7424906
1527350471366;931;667;12;29450240;6018409;7430209
1527350471466;941;675;12;29450240;6024708;7436269
1527350471566;951;681;13;29450240;6030269;7441622
1527350471666;961;689;13;29450240;6036069;7447950
1527350471766;971;696;13;29450240;6042313;7453250
1527350471866;981;704;13;29450240;6048612;7459310
1527350471966;991;711;14;29450240;6054171;7465366
1527350472066;1001;718;14;29450240;6059678;7470668
1527350472167;1011;724;15;29450240;6065920;7475970
1527350472267;1021;731;15;29450240;6071430;7482029
1527350472367;1031;739;15;29450240;6077725;7487333
1527350472467;1041;746;15;29450240;6083233;7493392
1527350472567;1051;754;15;29450240;6089525;7498692
1527350472667;1061;761;15;29450240;6095032;7504752
1527350472767;1071;769;15;29450240;6101322;7510051
1527350472867;1081;777;15;29450240;6106933;7516160
1527350472968;1091;784;15;29450240;6113413;7521727
1527350473068;1101;791;15;29450240;6118920;7527026
1527350473168;1111;799;15;29450240;6125215;7533083
1527350473268;1121;806;15;29450240;6130724;7539140
1527350473368;1131;814;15;29450240;6137020;7544440
1527350473468;1141;822;15;29450240;6142583;7550500
1527350473568;1151;829;15;29450240;6148089;7555799
1527350473668;1161;836;15;29450240;6154329;7561098
1527350473769;1171;844;15;29450240;6160623;7567156
1527350473869;1181;852;15;29450240;6166182;7573212
1527350473969;1191;857;17;29450240;6172425;7578513
1527350474069;1201;863;18;29450240;6177934;7583813
1527350474169;1211;870;18;29450240;6183444;7589114
1527350474269;1221;877;18;29450240;6189127;7594630
1527350474369;1231;884;18;29450240;6194751;7600034
1527350474469;1241;892;18;29450240;6200312;7606093
1527350474570;1251;899;18;29450240;6206551;7611392
1527350474670;1261;907;18;29450240;6212846;7617449
1527350474770;1271;915;18;29450240;6218405;7623509
1527350474870;1281;922;18;29450240;6223915;7628811
1527350474970;1291;928;19;29450240;6229421;7634111
1527350475070;1301;935;19;29450240;6235665;7639413
1527350475170;1311;943;19;29450240;6241224;7645474
1527350475270;1321;950;19;29450240;6247472;7650776
1527350475371;1331;957;19;29450240;6252978;7656075
1527350475471;1342;965;19;29450240;6259275;7662133
1527350475571;1351;972;19;29450240;6264831;7667484
1527350475671;1361;979;19;29450240;6270626;7673052
1527350475771;1371;987;19;29450240;6276961;7679108
1527350475871;1381;994;19;29450240;6282468;7684408
1527350475971;1391;1002;19;29450240;6288026;7690466
1527350476071;1401;1009;19;29450240;6293537;7695770
1527350476171;1411;1016;19;29450240;6299773;7701070
1527350476271;1421;1024;19;29450240;6306070;7707131
1527350476371;1431;1031;19;29450240;6311584;7712437
1527350476471;1441;1038;19;29450240;6317090;7717738
1527350476571;1451;1046;19;29450240;6323431;7723797
1527350476671;1462;1053;19;29450240;6328935;7729098
1527350476771;1472;1060;20;29450240;6334497;7735158
1527350476871;1482;1067;20;29450240;6340747;7740462
1527350476971;1491;1074;20;29450240;6346308;7745817
1527350477071;1501;1082;20;29450240;6352107;7752146
1527350477171;1511;1089;20;29450240;6357618;7757451
1527350477271;1521;1094;21;29450240;6363079;7761998
1527350477371;1531;1102;21;29450240;6369380;7768060
1527350477471;1541;1110;21;29450240;6374942;7774119
1527350477571;1551;1117;21;29450240;6381188;7779423
1527350477671;1561;1125;21;29450240;6387484;7785483
1527350477771;1571;1132;21;29450240;6393013;7790805
1527350477871;1581;1139;21;29450240;6398535;7796120
1527350477971;1592;1146;22;29450240;6404837;7802187
1527350478071;1602;1153;22;29450240;6410352;7807496
1527350478171;1612;1162;22;29450240;6415920;7813564
1527350478271;1621;1168;23;29450240;6422174;7818875
1527350478371;1631;1176;23;29450240;6428033;7825261
1527350478471;1641;1182;24;29450240;6434279;7830566
1527350478571;1651;1189;24;29450240;6439797;7835875
1527350478671;1661;1197;24;29450240;6446102;7841947
1527350478771;1671;1204;24;29450240;6451620;7848019
1527350478871;1681;1212;24;29450240;6457930;7853332
1527350478971;1691;1219;24;29450240;6463452;7858645
1527350479071;1701;1226;25;29450240;6469760;7864717
1527350479171;1711;1232;25;29450240;6474491;7869270
1527350479272;1722;1239;26;29450240;6480803;7875342
1527350479372;1732;1246;26;29450240;6486323;7880655
1527350479472;1742;1253;26;29450240;6491844;7885968
1527350479572;1752;1261;26;29450240;6498153;7892040
1527350479672;1762;1269;26;29450240;6503775;7898163
1527350479772;1772;1276;26;29450240;6510268;7903744
1527350479872;1782;1283;26;29450240;6515790;7909056
1527350479972;1792;1291;26;29450240;6522097;7915128
1527350480073;1802;1298;26;29450240;6527616;7920440
1527350480173;1812;1305;26;29450240;6533137;7925753
1527350480273;1822;1313;26;29450240;6538654;7931825
1527350480373;1832;1320;26;29450240;6544962;7937138
1527350480473;1842;1327;26;29450240;6550483;7942451
1527350480573;1852;1333;27;29450240;6556001;7947760
1527350480673;1862;1338;29;29450240;6561517;7953071
1527350480774;1872;1345;30;29450240;6567087;7959142
1527350480874;1882;1352;30;29450240;6573337;7964452
1527350480974;1892;1360;30;29450240;6578910;7970523
1527350481074;1902;1365;32;29450240;6585454;7976154
1527350481174;1912;1372;32;29450240;6590974;7981467
1527350481274;1922;1380;32;29450240;6597278;7987536
1527350481374;1932;1387;32;29450240;6602798;7992848
1527350481474;1942;1394;33;29450240;6608320;7998920
1527350481575;1952;1401;33;29450240;6614629;8004233
1527350481675;1962;1409;33;29450240;6620199;8010304
1527350481775;1972;1416;33;29450240;6626457;8015616
1527350481875;1982;1422;34;29450240;6631975;8020927
1527350481975;1992;1429;34;29450240;6637495;8026238
1527350482075;2002;1437;34;29450240;6643064;8032306
1527350482175;2012;1444;34;29450240;6649319;8037619
1527350482275;2022;1451;34;29450240;6654838;8042932
1527350482376;2032;1458;34;29450240;6660406;8048294
1527350482476;2042;1465;34;29450240;6666167;8053874
1527350482576;2052;1473;34;29450240;6672472;8059944
1527350482676;2062;1479;35;29450240;6677989;8065255
1527350482776;2072;1487;35;29450240;6684293;8071324
1527350482876;2082;1494;35;29450240;6689809;8076634
1527350482976;2092;1502;35;29450240;6696110;8082702
1527350483076;2102;1509;35;29450240;6700890;8088014
1527350483177;2112;1516;35;29450240;6707147;8093327
1527350483277;2122;1523;35;29450240;6712669;8099399
1527350483377;2132;1531;35;29450240;6718977;8104709
1527350483477;2142;1539;35;29450240;6724545;8110776
1527350483577;2152;1546;35;29450240;6730064;8116087
1527350483677;2162;1553;35;29450240;6736319;8121400
1527350483777;2172;1561;35;29450240;6741941;8127522
1527350483877;2182;1568;35;29450240;6748437;8133103
1527350483978;2192;1575;36;29450240;6754009;8139172
1527350484078;2202;1582;36;29450240;6760261;8144482
1527350484178;2212;1590;36;29450240;6766571;8150554
1527350484278;2222;1596;37;29450240;6772091;8155867
1527350484378;2232;1604;37;29450240;6777664;8161939
1527350484478;2242;1611;37;29450240;6783917;8167249
1527350484578;2252;1619;37;29450240;6790223;8173318
1527350484678;2262;1626;37;29450240;6795743;8178630
1527350484779;2272;1633;37;29450240;6801261;8183940
1527350484879;2282;1640;37;29450240;6806779;8189252
1527350484979;2292;1648;37;29450240;6813087;8195326
1527350485079;2302;1652;40;29450240;6818662;8200700
1527350485179;2312;1660;40;29450240;6824422;8207040
1527350485279;2322;1666;40;29450240;6829940;8211591
1527350485379;2332;1674;40;29450240;6835457;8216903
1527350485480;2342;1681;40;29450240;6841767;8222974
1527350485581;2352;1688;40;29450240;6847284;8228284
1527350485681;2363;1695;40;29450240;6852802;8233596
1527350485781;2373;1702;40;29450240;6857586;8238907
1527350485881;2382;1708;41;29450240;6863834;8244217
1527350485981;2392;1715;41;29450240;6869351;8250286
1527350486081;2402;1722;42;29450240;6875654;8255596
1527350486181;2412;1730;42;29450240;6881228;8261667
1527350486281;2422;1737;42;29450240;6887484;8267740
1527350486381;2432;1745;42;29450240;6893794;8273055
1527350486481;2442;1753;42;29450240;6899414;8279177
1527350486581;2452;1759;43;29450240;6905160;8284747
1527350486681;2462;1766;43;29450240;6911406;8290049
1527350486781;2472;1774;43;29450240;6916963;8296109
1527350486881;2482;1781;43;29450240;6923210;8301413
1527350486981;2492;1790;43;29450240;6929502;8307473
1527350487081;2502;1797;43;29450240;6935015;8312778
1527350487182;2513;1803;44;29450240;6939788;8318081
1527350487282;2523;1810;44;29450240;6946032;8323384
1527350487382;2533;1818;44;29450240;6951596;8329446
1527350487482;2543;1824;45;29450240;6957840;8334749
1527350487582;2553;1831;45;29450240;6963351;8340052
1527350487682;2563;1838;45;29450240;6968125;8345354
1527350487782;2573;1845;45;29450240;6974369;8350659
1527350487882;2583;1853;45;29450240;6980055;8356117
1527350487982;2593;1860;45;29450240;6985679;8361585
1527350488082;2603;1866;45;29450240;6991196;8366894
1527350488182;2613;1874;45;29450240;6996761;8372960
1527350488282;2623;1880;46;29450240;7003012;8378269
1527350488382;2633;1888;46;29450240;7008581;8384335
1527350488482;2643;1895;46;29450240;7014835;8389644
1527350488582;2653;1903;46;29450240;7021140;8395712
1527350488682;2663;1909;47;29450240;7026658;8401024
1527350488782;2673;1916;48;29450240;7032959;8407089
1527350488882;2683;1924;48;29450240;7038475;8413156
1527350488982;2693;1931;48;29450240;7043990;8418465
1527350489082;2703;1937;48;29450240;7049508;8423016
1527350489182;2713;1944;48;29450240;7055022;8428325
1527350489282;2723;1952;48;29450240;7060878;8434712
1527350489382;2733;1958;48;29450240;7066343;8439263
1527350489482;2743;1966;48;29450240;7071911;8445331
1527350489582;2753;1973;48;29450240;7077427;8450640
1527350489682;2763;1980;48;29450240;7083681;8455951
1527350489783;2773;1987;48;29450240;7089198;8461262
1527350489883;2783;1995;48;29450240;7095501;8467330
1527350489983;2793;2002;48;29450240;7100278;8472639
1527350490083;2803;2009;48;29450240;7106532;8477948
1527350490183;2813;2017;48;29450240;7112102;8484018
1527350490283;2823;2024;48;29450240;7118356;8489329
1527350490383;2833;2031;49;29450240;7123923;8495396
1527350490483;2843;2038;49;29450240;7129388;8500708
1527350490584;2853;2044;49;29450240;7134952;8505310
1527350490684;2863;2052;49;29450240;7140811;8511646
1527350490784;2873;2059;49;29450240;7147067;8516955
1527350490884;2883;2066;49;29450240;7152624;8522259
1527350490984;2893;2074;49;29450240;7158191;8528324
1527350491084;2903;2081;49;29450240;7164485;8533633
1527350491184;2913;2089;49;29450240;7170056;8539701
1527350491284;2923;2095;49;29450240;7175523;8544255
1527350491385;2933;2101;49;29450240;7180250;8548806
1527350491485;2943;2108;49;29450240;7185766;8554113
1527350491585;2953;2116;49;29450240;7191330;8560176
1527350491685;2963;2122;49;29450240;7196793;8564725
1527350491785;2973;2129;49;29450240;7202304;8570030
1527350491885;2983;2136;49;29450240;7207821;8575340
1527350491985;2993;2142;50;29450240;7213335;8580651
1527350492085;3003;2150;50;29450240;7219137;8586275
1527350492186;3013;2156;50;29450240;7224656;8591585
1527350492286;3023;2163;50;29450240;7230163;8596888
1527350492386;3033;2170;50;29450240;7235679;8602196
1527350492486;3043;2175;52;29450240;7241196;8607505
1527350492586;3053;2182;52;29450240;7245971;8612807
1527350492686;3063;2188;53;29450240;7251477;8618107
1527350492786;3073;2195;53;29450240;7257721;8623408
1527350492886;3083;2202;53;29450240;7262493;8628709
1527350492987;3093;2209;53;29450240;7268733;8634010
1527350493087;3103;2217;53;29450240;7275031;8640072
1527350493187;3113;2224;53;29450240;7280536;8645373
1527350493287;3123;2231;53;29450240;7286045;8650672
1527350493387;3133;2238;53;29450240;7291552;8656732
1527350493487;3143;2246;53;29450240;7298136;8662352
1527350493587;3153;2253;53;29450240;7303643;8667654
1527350493687;3163;2261;53;29450240;7309201;8673712
1527350493787;3173;2268;53;29450240;7315447;8679015
1527350493887;3183;2276;53;29450240;7321010;8685074
1527350493987;3193;2283;53;29450240;7327249;8690375
1527350494087;3203;2290;53;29450240;7332751;8695675
1527350494187;3213;2297;53;29450240;7338262;8700979
1527350494287;3223;2304;53;29450240;7343773;8706283
1527350494387;3233;2311;53;29450240;7349284;8711585
1527350494487;3243;2319;53;29450240;7355578;8717644
1527350494587;3253;2326;53;29450240;7361088;8722945
1527350494687;3263;2334;53;29450240;7367380;8729002
1527350494787;3273;2341;53;29450240;7372205;8734354
1527350494887;3283;2347;54;29450240;7378795;8740029
1527350494987;3293;2354;54;29450240;7384301;8745331
1527350495087;3303;2361;54;29450240;7389811;8750635
1527350495187;3313;2368;54;29450240;7395317;8755936
1527350495287;3323;2374;55;29450240;7400827;8761239
1527350495388;3333;2382;55;29450240;7407123;8767298
1527350495488;3343;2389;55;29450240;7412631;8772598
1527350495588;3353;2395;56;29450240;7418138;8778657
1527350495688;3363;2402;57;29450240;7424431;8783959
1527350495788;3373;2410;57;29450240;7430722;8790015
1527350495888;3383;2417;57;29450240;7436233;8795317
1527350495988;3393;2424;57;29450240;7441744;8800620
1527350496088;3403;2431;57;29450240;7447253;8805923
1527350496189;3413;2439;57;29450240;7453601;8812034
1527350496289;3423;2445;57;29450240;7458560;8816847
1527350496389;3433;2452;57;29450240;7464068;8822149
1527350496489;3443;2460;57;29450240;7469627;8828209
