currentTs;total_time;user_time;sys_time;virtual_size;in_octets;out_octets
1527453393583;1;0;0;13557760;11547495;15083248
1527453393683;11;8;1;29450240;11548453;15084930
1527453393783;21;16;1;29450240;11555486;15090988
1527453393883;31;24;1;29450240;11561779;15097046
1527453393984;41;31;1;29450240;11568071;15103104
1527453394084;51;38;2;29450240;11574366;15109162
1527453394184;61;46;2;29450240;11579924;15115220
1527453394284;71;52;2;29450240;11586167;15120520
1527453394384;81;60;2;29450240;11592463;15126577
1527453394484;91;68;2;29450240;11598761;15132637
1527453394584;101;75;2;29450240;11604272;15137940
1527453394684;111;82;2;29450240;11610568;15144000
1527453394784;121;89;3;29450240;11616867;15150061
1527453394885;131;98;3;29450240;11623263;15156927
1527453394985;141;104;3;29450240;11629742;15162496
1527453395085;151;112;3;29450240;11636040;15168556
1527453395185;161;120;3;29450240;11642339;15174615
1527453395285;171;128;3;29450240;11648633;15180673
1527453395385;181;135;3;29450240;11654189;15186731
1527453395485;191;142;3;29450240;11660435;15192792
1527453395585;201;149;4;29450240;11666731;15198095
1527453395685;211;156;4;29450240;11673031;15204156
1527453395785;221;164;4;29450240;11679325;15210213
1527453395885;231;172;4;29450240;11685615;15216270
1527453395985;241;179;4;29450240;11691917;15222332
1527453396085;251;187;4;29450240;11697481;15228392
1527453396185;261;193;4;29450240;11702983;15232988
1527453396285;271;201;4;29450240;11709514;15239315
1527453396385;281;208;4;29450240;11715075;15245374
1527453396485;291;216;4;29450240;11721369;15251433
1527453396585;301;223;4;29450240;11726878;15256733
1527453396686;311;230;4;29450240;11733119;15262033
1527453396787;322;238;4;29450240;11739414;15268091
1527453396887;332;245;4;29450240;11745711;15274148
1527453396987;342;253;4;29450240;11752003;15280206
1527453397087;352;260;4;29450240;11757511;15285508
1527453397187;362;267;4;29450240;11763809;15291568
1527453397287;372;275;4;29450240;11769368;15297626
1527453397387;382;282;4;29450240;11775660;15303685
1527453397487;392;290;4;29450240;11781960;15309799
1527453397587;402;296;5;29450240;11788501;15315373
1527453397687;412;304;5;29450240;11794801;15321436
1527453397787;422;311;5;29450240;11800363;15327498
1527453397887;432;319;5;29450240;11806657;15333557
1527453397987;442;326;5;29450240;11812900;15338858
1527453398087;452;333;6;29450240;11819198;15344918
1527453398187;462;340;7;29450240;11825495;15350981
1527453398287;472;347;7;29450240;11831788;15357040
1527453398387;482;354;8;29450240;11838082;15363098
1527453398487;492;360;9;29450240;11843589;15369157
1527453398587;502;367;9;29450240;11849885;15374458
1527453398687;512;375;9;29450240;11855438;15380518
1527453398787;522;380;11;29450240;11861735;15385872
1527453398887;532;387;11;29450240;11867530;15392200
1527453398987;542;395;11;29450240;11873826;15398260
1527453399087;552;403;11;29450240;11880117;15404318
1527453399187;562;410;11;29450240;11886417;15410379
1527453399287;572;417;12;29450240;11892662;15415684
1527453399387;582;424;12;29450240;11898959;15421744
1527453399488;592;431;12;29450240;11904469;15427047
1527453399588;602;438;12;29450240;11910765;15433106
1527453399688;612;446;12;29450240;11917062;15439166
1527453399788;622;454;12;29450240;11923359;15445226
1527453399888;632;461;13;29450240;11929653;15451287
1527453399988;642;468;13;29450240;11935161;15456589
1527453400088;652;475;13;29450240;11941505;15462699
1527453400188;662;483;13;29450240;11947305;15469025
1527453400288;672;489;13;29450240;11952762;15473570
1527453400388;682;495;14;29450240;11958324;15479632
1527453400488;692;502;15;29450240;11964570;15484934
1527453400588;702;509;15;29450240;11970869;15490995
1527453400688;712;516;15;29450240;11976382;15496299
1527453400788;722;523;15;29450240;11982674;15502355
1527453400888;732;531;15;29450240;11988972;15508415
1527453400988;742;538;16;29450240;11994531;15514474
1527453401088;752;544;17;29450240;12000778;15519778
1527453401189;762;551;17;29450240;12006344;15525840
1527453401289;772;558;17;29450240;12012590;15531141
1527453401389;782;565;18;29450240;12019545;15537255
1527453401489;792;571;18;29450240;12024506;15542067
1527453401589;802;577;18;29450240;12030013;15547366
1527453401689;812;584;18;29450240;12035524;15552668
1527453401789;822;591;18;29450240;12041033;15557970
1527453401889;832;598;18;29450240;12046541;15563271
1527453401989;842;605;18;29450240;12052100;15569332
1527453402089;852;612;18;29450240;12057607;15574633
1527453402189;862;619;18;29450240;12063850;15579934
1527453402290;872;627;18;29450240;12069410;15585993
1527453402390;882;634;18;29450240;12075652;15591295
1527453402490;892;642;18;29450240;12081213;15597353
1527453402590;902;649;18;29450240;12087458;15603414
1527453402690;912;657;18;29450240;12093758;15608717
1527453402790;922;665;18;29450240;12100204;15614827
1527453402890;932;673;18;29450240;12106739;15621155
1527453402990;942;680;18;29450240;12112300;15627213
1527453403090;952;688;18;29450240;12118547;15632515
1527453403191;962;696;18;29450240;12124840;15638571
1527453403291;972;703;18;29450240;12131185;15644630
1527453403391;982;710;19;29450240;12137478;15650690
1527453403491;992;717;19;29450240;12142989;15656750
1527453403591;1002;725;19;29450240;12149283;15662053
1527453403691;1012;733;19;29450240;12155579;15668112
1527453403791;1022;740;19;29450240;12161222;15673412
1527453403891;1032;748;19;29450240;12167515;15679471
1527453403991;1042;755;19;29450240;12173073;15685527
1527453404092;1052;762;19;29450240;12179367;15690879
1527453404192;1062;770;19;29450240;12185112;15696446
1527453404292;1072;777;19;29450240;12191406;15702503
1527453404392;1082;785;19;29450240;12197700;15708559
1527453404492;1092;792;20;29450240;12203998;15714617
1527453404592;1102;799;20;29450240;12209508;15719918
1527453404692;1112;806;21;29450240;12215802;15725976
1527453404792;1122;814;21;29450240;12222093;15732032
1527453404892;1132;822;21;29450240;12227653;15738090
1527453404993;1142;828;22;29450240;12233992;15744146
1527453405093;1152;835;22;29450240;12240285;15749446
1527453405193;1162;843;22;29450240;12246581;15755504
1527453405293;1172;850;23;29450240;12252142;15761562
1527453405393;1182;857;23;29450240;12258438;15766914
1527453405493;1192;865;23;29450240;12264237;15773239
1527453405593;1202;871;24;29450240;12270713;15778541
1527453405693;1212;879;24;29450240;12276269;15784597
1527453405793;1222;886;24;29450240;12282512;15789896
1527453405894;1232;894;24;29450240;12288806;15795957
1527453405994;1242;900;25;29450240;12295150;15802016
1527453406094;1252;908;25;29450240;12301441;15808074
1527453406194;1262;915;26;29450240;12307736;15814133
1527453406294;1272;922;26;29450240;12313247;15819437
1527453406394;1282;929;27;29450240;12319545;15825495
1527453406494;1292;937;27;29450240;12325838;15831551
1527453406594;1302;945;27;29450240;12331399;15837609
1527453406694;1312;952;27;29450240;12337691;15842961
1527453406795;1322;960;27;29450240;12344219;15849285
1527453406895;1332;967;27;29450240;12349723;15854584
1527453406995;1342;974;28;29450240;12356115;15860642
1527453407095;1352;981;28;29450240;12361677;15866703
1527453407195;1362;987;29;29450240;12367916;15872760
1527453407295;1372;995;29;29450240;12373475;15878064
1527453407395;1382;1002;29;29450240;12379723;15883369
1527453407495;1392;1010;29;29450240;12386017;15889429
1527453407595;1402;1018;29;29450240;12391629;15895487
1527453407696;1412;1025;30;29450240;12397920;15901546
1527453407797;1423;1032;30;29450240;12404163;15906848
1527453407897;1433;1040;30;29450240;12410464;15912909
1527453407997;1443;1047;30;29450240;12416813;15919022
1527453408097;1453;1054;31;29450240;12422560;15924594
1527453408197;1463;1060;32;29450240;12428123;15930656
1527453408297;1473;1068;32;29450240;12434423;15936718
1527453408397;1483;1075;32;29450240;12440671;15942022
1527453408497;1493;1083;32;29450240;12446970;15948082
1527453408597;1503;1091;32;29450240;12453267;15954143
1527453408698;1513;1099;32;29450240;12459567;15960207
1527453408798;1523;1107;32;29450240;12465148;15966290
1527453408898;1533;1113;33;29450240;12471401;15971600
1527453408998;1543;1121;33;29450240;12477706;15978425
1527453409098;1553;1128;33;29450240;12483271;15983734
1527453409198;1563;1135;34;29450240;12489632;15989045
1527453409298;1573;1141;35;29450240;12495990;15995165
1527453409398;1583;1148;35;29450240;12501741;16000739
1527453409498;1593;1156;35;29450240;12507305;16006803
1527453409598;1603;1164;35;29450240;12513558;16012116
1527453409698;1613;1171;35;29450240;12520005;16018188
1527453409799;1623;1178;35;29450240;12525522;16023501
1527453409899;1633;1186;35;29450240;12531834;16029573
1527453409999;1643;1194;35;29450240;12538142;16035645
1527453410099;1653;1201;35;29450240;12543662;16040957
1527453410199;1663;1209;35;29450240;12549973;16047029
1527453410299;1673;1215;36;29450240;12556282;16053101
1527453410399;1683;1223;36;29450240;12561803;16059173
1527453410499;1693;1230;36;29450240;12568114;16064486
1527453410599;1703;1238;36;29450240;12574471;16070609
1527453410700;1713;1245;36;29450240;12580230;16076190
1527453410800;1723;1253;36;29450240;12586538;16082261
1527453410900;1733;1261;36;29450240;12592110;16088333
1527453411000;1743;1269;36;29450240;12598416;16094404
1527453411100;1753;1276;36;29450240;12603937;16099717
1527453411200;1763;1283;36;29450240;12610191;16105030
1527453411300;1773;1289;37;29450240;12616497;16111102
1527453411400;1783;1297;37;29450240;12622071;16117173
1527453411500;1793;1305;37;29450240;12628326;16122482
1527453411601;1803;1313;37;29450240;12634684;16129311
1527453411701;1813;1320;37;29450240;12640936;16134623
1527453411801;1823;1328;37;29450240;12647240;16140693
1527453411901;1833;1335;38;29450240;12653598;16146815
1527453412001;1843;1342;39;29450240;12660144;16153154
1527453412101;1853;1348;40;29450240;12665663;16158466
1527453412201;1863;1353;42;29450240;12671968;16164535
1527453412301;1873;1361;42;29450240;12678279;16170607
1527453412402;1883;1369;42;29450240;12684590;16176679
1527453412502;1893;1377;42;29450240;12690895;16182750
1527453412602;1903;1383;43;29450240;12696416;16188062
1527453412702;1913;1390;44;29450240;12702723;16194132
1527453412802;1923;1398;44;29450240;12708295;16200201
1527453412902;1933;1405;44;29450240;12714547;16205511
1527453413002;1943;1413;44;29450240;12720855;16211583
1527453413102;1953;1419;45;29450240;12726425;16217654
1527453413202;1963;1426;45;29450240;12732731;16223016
1527453413303;1973;1434;45;29450240;12739280;16229355
1527453413403;1983;1441;45;29450240;12744797;16234666
1527453413503;1993;1449;45;29450240;12751102;16240736
1527453413603;2003;1457;45;29450240;12757408;16246806
1527453413703;2013;1465;45;29450240;12763709;16252873
1527453413803;2023;1473;45;29450240;12769276;16258942
1527453413903;2033;1479;46;29450240;12775528;16264255
1527453414003;2043;1486;47;29450240;12781839;16270327
1527453414103;2053;1493;47;29450240;12788148;16276397
1527453414203;2063;1501;47;29450240;12794454;16282464
1527453414303;2073;1507;48;29450240;12799235;16287774
1527453414403;2083;1514;48;29450240;12805490;16293087
1527453414503;2093;1522;48;29450240;12811848;16299209
1527453414603;2103;1529;49;29450240;12817660;16305549
1527453414703;2113;1537;49;29450240;12823968;16311619
1527453414803;2123;1542;50;29450240;12829432;16316170
1527453414903;2133;1550;50;29450240;12835742;16322241
1527453415004;2143;1558;50;29450240;12842052;16328313
1527453415104;2153;1566;50;29450240;12847624;16334385
1527453415204;2163;1572;50;29450240;12853877;16339695
1527453415304;2173;1579;50;29450240;12859394;16345006
1527453415404;2183;1586;50;29450240;12864913;16350317
1527453415504;2193;1594;50;29450240;12871222;16356387
1527453415604;2203;1602;50;29450240;12877527;16362457
1527453415704;2213;1608;50;29450240;12882254;16367010
1527453415804;2223;1615;50;29450240;12887777;16373092
1527453415905;2233;1623;50;29450240;12894381;16378728
1527453416005;2243;1630;50;29450240;12900287;16384037
1527453416105;2253;1638;50;29450240;12905859;16390108
1527453416205;2263;1645;50;29450240;12912114;16395420
1527453416305;2273;1652;50;29450240;12918420;16401489
1527453416405;2283;1659;50;29450240;12923938;16406801
1527453416505;2293;1667;50;29450240;12930245;16412870
1527453416605;2303;1674;51;29450240;12936548;16418941
1527453416705;2313;1681;51;29450240;12942063;16424251
1527453416806;2323;1689;51;29450240;12948369;16430320
1527453416906;2333;1697;51;29450240;12954677;16436390
1527453417007;2344;1705;51;29450240;12960251;16442464
1527453417107;2354;1712;51;29450240;12966506;16447778
1527453417207;2364;1720;51;29450240;12973099;16454165
1527453417307;2374;1727;51;29450240;12978605;16459466
1527453417407;2384;1735;51;29450240;12984904;16465527
1527453417507;2394;1742;51;29450240;12990460;16471587
1527453417607;2404;1750;51;29450240;12996705;16476890
1527453417707;2414;1757;51;29450240;13003001;16482951
1527453417807;2424;1765;51;29450240;13009299;16489013
1527453417908;2434;1772;52;29450240;13014808;16494317
1527453418008;2444;1779;52;29450240;13021105;16500378
1527453418108;2454;1787;52;29450240;13027401;16506439
1527453418208;2464;1795;52;29450240;13033700;16512500
1527453418308;2474;1803;52;29450240;13039996;16518559
1527453418408;2484;1809;53;29450240;13045505;16523864
1527453418508;2494;1816;53;29450240;13052094;16530243
1527453418608;2504;1823;54;29450240;13057654;16536307
1527453418708;2514;1830;54;29450240;13063908;16541616
1527453418809;2524;1838;54;29450240;13070211;16547683
1527453418909;2534;1846;54;29450240;13076513;16553749
1527453419009;2544;1854;54;29450240;13082818;16559816
1527453419109;2554;1861;54;29450240;13088337;16565125
1527453419209;2564;1869;54;29450240;13094643;16571194
1527453419309;2574;1877;54;29450240;13100209;16577260
1527453419409;2584;1883;55;29450240;13107248;16583328
1527453419509;2594;1891;55;29450240;13112816;16589395
1527453419609;2604;1898;55;29450240;13119068;16594704
1527453419710;2614;1906;55;29450240;13125371;16600772
1527453419810;2624;1914;55;29450240;13131962;16607158
1527453419910;2634;1922;55;29450240;13137581;16613227
1527453420010;2644;1929;55;29450240;13143879;16618536
1527453420110;2654;1937;55;29450240;13150184;16624604
1527453420210;2664;1945;55;29450240;13156489;16630674
1527453420310;2674;1952;55;29450240;13162006;16635984
1527453420410;2684;1959;55;29450240;13167573;16642051
1527453420510;2694;1967;55;29450240;13173823;16647361
1527453420610;2704;1974;55;29450240;13180228;16653429
1527453420710;2714;1982;55;29450240;13185745;16658740
1527453420810;2724;1989;55;29450240;13192100;16664809
1527453420910;2734;1997;55;29450240;13198448;16670877
1527453421010;2744;2005;55;29450240;13204016;16676947
1527453421110;2754;2011;56;29450240;13210559;16682575
1527453421210;2764;2019;56;29450240;13216865;16688642
1527453421310;2774;2026;56;29450240;13222380;16693949
1527453421410;2784;2033;56;29450240;13228681;16700013
1527453421510;2794;2040;57;29450240;13234982;16706080
1527453421610;2804;2047;58;29450240;13241428;16712148
1527453421710;2814;2055;58;29450240;13247736;16718219
1527453421810;2824;2063;58;29450240;13253301;16724285
1527453421910;2834;2071;58;29450240;13259605;16730350
1527453422010;2844;2078;58;29450240;13265852;16735654
1527453422110;2854;2085;59;29450240;13272153;16741719
1527453422210;2864;2092;60;29450240;13278457;16747787
1527453422310;2874;2099;60;29450240;13283971;16753097
1527453422411;2884;2106;60;29450240;13289773;16759480
1527453422511;2894;2114;60;29450240;13296080;16764790
1527453422611;2904;2121;60;29450240;13302376;16770852
1527453422711;2914;2129;60;29450240;13307944;16776919
1527453422811;2924;2136;60;29450240;13313460;16782226
1527453422911;2934;2143;60;29450240;13319703;16787526
1527453423011;2944;2151;60;29450240;13325998;16793584
1527453423111;2954;2159;60;29450240;13331558;16799642
1527453423211;2964;2167;60;29450240;13337849;16805700
1527453423311;2974;2174;60;29450240;13344093;16811004
1527453423412;2984;2181;60;29450240;13349653;16817063
1527453423512;2994;2189;60;29450240;13356127;16822363
1527453423612;3004;2196;60;29450240;13362424;16828423
1527453423712;3014;2203;61;29450240;13369005;16834800
1527453423812;3024;2210;62;29450240;13375299;16840859
1527453423912;3034;2218;62;29450240;13380857;16846917
1527453424012;3044;2225;62;29450240;13387103;16852220
1527453424112;3054;2232;63;29450240;13393401;16858279
1527453424212;3064;2240;63;29450240;13399690;16864338
1527453424313;3074;2247;64;29450240;13405982;16870396
1527453424414;3084;2254;64;29450240;13411982;16875699
1527453424514;3094;2261;64;29450240;13418279;16881760
1527453424614;3104;2268;65;29450240;13423842;16887820
1527453424714;3114;2275;65;29450240;13430085;16893121
1527453424814;3124;2283;65;29450240;13435647;16899179
1527453424914;3134;2289;66;29450240;13441886;16904479
1527453425014;3144;2297;66;29450240;13448473;16910857
1527453425114;3154;2305;66;29450240;13454036;16916917
1527453425214;3164;2311;67;29450240;13460277;16922221
1527453425314;3174;2319;67;29450240;13466572;16928280
1527453425415;3184;2326;67;29450240;13472080;16933582
1527453425515;3194;2333;67;29450240;13478377;16939642
1527453425615;3204;2341;67;29450240;13484672;16945699
1527453425715;3214;2348;67;29450240;13490179;16951001
1527453425815;3224;2354;69;29450240;13496472;16957060
1527453425915;3234;2362;69;29450240;13502869;16963116
1527453426015;3244;2370;69;29450240;13510200;16969175
1527453426115;3254;2377;69;29450240;13516447;16974479
1527453426215;3264;2384;70;29450240;13522008;16980540
1527453426316;3274;2391;70;29450240;13527568;16985892
1527453426417;3285;2399;70;29450240;13534048;16991463
1527453426517;3295;2406;70;29450240;13540342;16997522
