currentTs;total_time;user_time;sys_time;virtual_size;in_octets;out_octets
1522067343820;0;0;0;1400832;32011898;42106553
1522067343920;10;6;2;16650240;32011898;42106553
1522067344021;20;12;4;26345472;32018315;42112779
1522067344121;30;19;4;26345472;32025447;42120351
1522067344221;40;26;4;26345472;32033261;42127167
1522067344321;50;32;5;26345472;32039555;42133224
1522067344421;60;38;6;26345472;32046635;42140039
1522067344521;70;42;6;26345472;32051357;42144582
1522067344622;80;46;7;26345472;32056866;42149882
1522067344722;90;53;7;26345472;32063164;42155942
1522067344822;100;59;8;26345472;32070248;42162760
1522067344922;110;66;8;26345472;32077332;42169578
1522067345023;120;73;8;26345472;32084416;42176394
1522067345123;130;80;8;26345472;32091785;42183529
1522067345223;140;86;10;26345472;32098869;42190346
1522067345323;150;92;10;26345472;32105220;42197163
1522067345423;160;98;10;26345472;32112250;42203221
1522067345524;170;105;11;26345472;32119327;42210036
1522067345624;180;111;12;26345472;32126412;42216855
1522067345724;190;116;12;26345472;32131186;42222158
1522067345824;200;122;13;26345472;32138221;42228218
1522067345924;210;128;14;26345472;32145299;42235032
1522067346024;220;135;14;26345472;32152381;42241848
1522067346124;231;142;15;26345472;32159521;42249425
1522067346224;240;148;16;26345472;32167386;42256293
1522067346324;250;155;16;26345472;32173969;42263378
1522067346425;261;162;16;26345472;32181000;42269436
1522067346525;271;167;17;26345472;32188082;42276252
1522067346625;281;174;18;26345472;32195161;42283066
1522067346725;291;180;18;26345472;32202243;42289881
1522067346825;301;186;19;26345472;32207804;42295938
1522067346925;311;192;19;26345472;32214045;42301239
1522067347025;321;197;20;26345472;32219606;42307299
1522067347125;331;204;20;26345472;32227477;42314116
1522067347226;341;210;21;26345472;32233853;42320963
1522067347326;351;216;22;26345472;32240933;42327779
1522067347426;361;221;22;26345472;32246497;42333136
1522067347526;371;228;22;26345472;32253773;42339467
1522067347627;381;234;23;26345472;32261649;42347047
1522067347727;391;241;24;26345472;32268731;42353865
1522067347827;401;248;24;26345472;32275811;42360680
1522067347927;411;255;25;26345472;32282947;42368255
1522067348028;421;260;25;26345472;32288458;42373561
1522067348128;431;265;26;26345472;32293913;42378104
1522067348228;441;269;26;26345472;32298633;42382649
1522067348329;451;276;26;26345472;32305765;42390222
1522067348429;461;283;26;26345472;32312847;42397037
1522067348529;471;290;27;26345472;32319923;42403855
1522067348630;481;296;28;26345472;32327057;42410723
1522067348730;491;302;28;26345472;32334323;42417052
1522067348830;501;308;30;26345472;32341405;42423869
1522067348931;511;314;31;26345472;32348487;42430685
1522067349031;521;320;32;26345472;32354785;42436748
1522067349131;531;326;32;26345472;32361870;42443565
1522067349231;541;333;33;26345472;32368954;42450384
1522067349331;551;337;33;26345472;32373728;42455685
1522067349432;561;342;34;26345472;32379237;42460988
1522067349532;571;346;34;26345472;32384696;42465533
1522067349632;581;353;35;26345472;32391776;42472351
1522067349732;591;359;36;26345472;32398858;42479168
1522067349832;601;366;36;26345472;32405990;42486036
1522067349932;611;373;37;26345472;32413312;42493119
1522067350032;621;379;37;26345472;32418873;42499180
1522067350133;631;386;37;26345472;32426694;42505999
1522067350233;641;393;38;26345472;32433780;42512817
1522067350334;651;400;38;26345472;32440867;42519636
1522067350434;661;406;38;26345472;32446424;42525692
1522067350534;672;411;38;26345472;32452722;42531752
1522067350635;682;418;38;26345472;32458964;42537054
1522067350735;692;424;39;26345472;32466838;42544630
1522067350835;702;431;39;26345472;32473928;42551450
1522067350935;712;437;40;26345472;32481012;42558267
1522067351036;722;442;40;26345472;32486077;42563837
1522067351136;732;449;41;26345472;32493247;42570703
1522067351236;742;456;41;26345472;32501066;42577519
1522067351336;752;462;43;26345472;32508150;42584336
1522067351437;762;468;43;26345472;32515231;42591154
1522067351537;772;475;43;26345472;32521524;42597213
1522067351637;782;481;43;26345472;32527819;42603271
1522067351737;792;486;44;26345472;32534113;42609330
1522067351837;802;492;46;26345472;32541195;42616147
1522067351938;812;497;47;26345472;32546756;42622206
1522067352038;822;504;47;26345472;32553790;42628266
1522067352138;832;510;48;26345472;32560876;42635083
1522067352238;842;516;48;26345472;32567460;42641462
1522067352338;852;523;49;26345472;32574546;42648278
1522067352438;862;530;49;26345472;32581630;42655094
1522067352539;872;536;50;26345472;32587925;42661151
1522067352639;882;543;50;26345472;32595006;42667967
1522067352739;892;549;50;26345472;32601299;42674027
1522067352839;902;555;51;26345472;32608385;42680845
1522067352939;912;562;52;26345472;32615466;42687663
1522067353040;922;568;52;26345472;32621759;42693720
1522067353140;932;573;54;26345472;32628838;42700537
1522067353240;942;578;54;26345472;32634342;42705836
1522067353340;952;585;55;26345472;32641475;42712702
1522067353440;962;592;55;26345472;32648058;42719783
1522067353541;972;598;56;26345472;32655087;42725840
1522067353641;982;604;56;26345472;32661433;42732653
1522067353741;992;611;57;26345472;32669252;42739468
1522067353841;1002;616;58;26345472;32674762;42744770
1522067353941;1012;621;59;26345472;32681056;42750827
1522067354041;1022;626;59;26345472;32686561;42756126
1522067354142;1032;633;60;26345472;32693643;42762941
1522067354242;1042;640;60;26345472;32700723;42769754
1522067354342;1052;647;60;26345472;32707805;42776569
1522067354442;1062;654;60;26345472;32715675;42784141
1522067354542;1072;659;61;26345472;32721236;42789494
1522067354643;1082;665;63;26345472;32728557;42796576
1522067354743;1092;672;63;26345472;32735638;42803392
1522067354843;1102;678;64;26345472;32742718;42810205
1522067354943;1112;684;64;26345472;32748226;42815506
1522067355043;1122;690;64;26345472;32754572;42822324
1522067355143;1132;696;66;26345472;32761600;42828381
1522067355243;1142;702;67;26345472;32769471;42835955
1522067355343;1152;709;67;26345472;32776554;42842774
1522067355443;1162;715;68;26345472;32783639;42849589
1522067355543;1172;722;68;26345472;32789933;42855646
1522067355643;1182;730;68;26345472;32797012;42862460
1522067355743;1192;736;69;26345472;32804382;42869594
1522067355843;1202;743;70;26345472;32811457;42876407
1522067355943;1212;749;70;26345472;32818536;42883221
1522067356043;1222;755;71;26345472;32824834;42889282
1522067356143;1232;762;72;26345472;32831912;42896097
1522067356244;1242;768;73;26345472;32839047;42903673
1522067356344;1252;774;74;26345472;32846867;42910494
1522067356445;1263;781;74;26345472;32853949;42917309
1522067356545;1273;787;75;26345472;32860240;42923369
1522067356645;1283;793;76;26345472;32867322;42930185
1522067356745;1293;800;76;26345472;32875198;42937761
1522067356845;1303;806;78;26345472;32882569;42944900
1522067356945;1313;813;78;26345472;32889654;42951719
1522067357046;1323;819;79;26345472;32895167;42957782
1522067357146;1333;826;79;26345472;32902256;42963844
1522067357246;1343;832;80;26345472;32909341;42970661
1522067357346;1353;838;81;26345472;32917214;42978238
1522067357446;1363;844;82;26345472;32923517;42984305
1522067357547;1373;850;82;26345472;32929097;42990386
1522067357647;1383;856;83;26345472;32936923;42997211
1522067357747;1393;863;84;26345472;32944016;43004038
1522067357847;1403;870;84;26345472;32951162;43011623
1522067357947;1413;877;84;26345472;32959043;43018502
1522067358048;1423;883;85;26345472;32964846;43024834
1522067358148;1433;889;86;26345472;32971883;43030899
1522067358249;1443;895;86;26345472;32978977;43037730
1522067358349;1453;902;87;26345472;32986072;43044561
1522067358449;1463;908;88;26345472;32993172;43051392
1522067358549;1473;914;89;26345472;32999534;43058223
1522067358649;1483;921;90;26345472;33006578;43064294
1522067358750;1493;928;90;26345472;33014467;43071884
1522067358850;1503;933;92;26345472;33021565;43078715
1522067358950;1513;940;93;26345472;33028663;43085546
1522067359050;1523;946;93;26345472;33035022;43092376
1522067359150;1533;951;94;26345472;33040781;43097250
1522067359250;1543;958;94;26345472;33047876;43104080
1522067359351;1553;964;95;26345472;33054974;43110911
1522067359451;1563;970;96;26345472;33062069;43117741
1522067359551;1573;976;97;26345472;33068430;43124572
1522067359651;1583;983;98;26345472;33076262;43131403
1522067359751;1593;990;98;26345472;33083358;43138234
1522067359851;1603;998;98;26345472;33091242;43145819
1522067359951;1613;1005;98;26345472;33098387;43153407
1522067360051;1623;1011;99;26345472;33105477;43160236
1522067360152;1633;1017;99;26345472;33110997;43165548
1522067360252;1643;1024;99;26345472;33118213;43171773
1522067360352;1653;1029;100;26345472;33124638;43178009
1522067360452;1663;1036;101;26345472;33132519;43185596
1522067360553;1673;1043;101;26345472;33138880;43192426
1522067360653;1683;1049;102;26345472;33145929;43198498
1522067360753;1693;1056;102;26345472;33153023;43205329
1522067360853;1703;1062;104;26345472;33160121;43212158
1522067360954;1713;1069;104;26345472;33167215;43218986
1522067361054;1723;1076;104;26345472;33174363;43226572
1522067361154;1734;1080;106;26345472;33180668;43232643
1522067361255;1744;1087;106;26345472;33186977;43238715
1522067361355;1754;1094;106;26345472;33194070;43244836
1522067361455;1764;1100;106;26345472;33200620;43251175
1522067361555;1774;1106;107;26345472;33207713;43258003
1522067361655;1784;1112;108;26345472;33214070;43264832
1522067361756;1794;1119;108;26345472;33221900;43271660
1522067361856;1804;1126;109;26345472;33228987;43278486
1522067361956;1814;1132;110;26345472;33236078;43285315
1522067362056;1824;1139;110;26345472;33243273;43292146
1522067362157;1834;1145;111;26345472;33249584;43298217
1522067362257;1844;1152;111;26345472;33256677;43305042
1522067362357;1854;1158;112;26345472;33263772;43311870
1522067362457;1864;1164;113;26345472;33270868;43318701
1522067362558;1874;1171;113;26345472;33277466;43325091
1522067362658;1884;1176;113;26345472;33282197;43329645
1522067362758;1894;1183;113;26345472;33290081;43337231
1522067362859;1904;1190;113;26345472;33296388;43343301
1522067362959;1914;1196;114;26345472;33303486;43350132
1522067363059;1924;1201;115;26345472;33309058;43356204
1522067363159;1934;1207;116;26345472;33316101;43362274
1522067363260;1944;1214;117;26345472;33323194;43369101
1522067363360;1954;1220;117;26345472;33330292;43375931
1522067363460;1964;1225;118;26345472;33336597;43382000
1522067363561;1974;1232;119;26345472;33343690;43388830
1522067363661;1984;1238;120;26345472;33350002;43394909
1522067363761;1994;1243;121;26345472;33356604;43401304
1522067363861;2004;1250;121;26345472;33363700;43408133
1522067363961;2014;1257;122;26345472;33370794;43414962
1522067364062;2024;1264;122;26345472;33378681;43422551
1522067364162;2034;1270;122;26345472;33384198;43427863
1522067364262;2044;1275;124;26345472;33391294;43434692
1522067364362;2054;1282;125;26345472;33398435;43442278
1522067364463;2064;1288;125;26345472;33405476;43448347
1522067364563;2074;1294;126;26345472;33412570;43455175
1522067364663;2084;1299;127;26345472;33418088;43460485
1522067364763;2094;1305;128;26345472;33425190;43467320
1522067364864;2104;1311;130;26345472;33432334;43474202
1522067364964;2114;1316;131;26345472;33438868;43480531
1522067365064;2124;1322;132;26345472;33445954;43487349
1522067365164;2134;1328;132;26345472;33451458;43492651
1522067365264;2145;1336;132;26345472;33458542;43499469
1522067365364;2154;1342;132;26345472;33465625;43506288
1522067365464;2164;1348;133;26345472;33472709;43513107
1522067365565;2175;1354;133;26345472;33477484;43518411
1522067365665;2185;1360;134;26345472;33483781;43524473
1522067365766;2195;1366;134;26345472;33491600;43531291
1522067365866;2205;1373;134;26345472;33498685;43538109
1522067365966;2215;1380;136;26345472;33505768;43544928
1522067366066;2225;1386;136;26345472;33512905;43551798
1522067366167;2235;1391;137;26345472;33517916;43557369
1522067366267;2245;1398;138;26345472;33525743;43564194
1522067366367;2255;1405;138;26345472;33532835;43571020
1522067366467;2265;1411;139;26345472;33539925;43577844
1522067366567;2275;1418;139;26345472;33546230;43583911
1522067366668;2285;1424;139;26345472;33552538;43589979
1522067366768;2295;1430;139;26345472;33559630;43596808
1522067366868;2305;1438;140;26345472;33567107;43603631
1522067366968;2315;1444;140;26345472;33574200;43610457
1522067367068;2325;1450;141;26345472;33580503;43616524
1522067367169;2335;1456;141;26345472;33586806;43622592
1522067367269;2345;1464;141;26345472;33594188;43629737
1522067367369;2355;1470;142;26345472;33601279;43636564
1522067367469;2365;1476;143;26345472;33609160;43644149
1522067367569;2375;1482;143;26345472;33615465;43650217
1522067367669;2385;1489;144;26345472;33622559;43657046
1522067367770;2395;1495;145;26345472;33628860;43663113
1522067367870;2405;1500;146;26345472;33635950;43669939
1522067367970;2415;1507;146;26345472;33643046;43676766
1522067368070;2425;1514;147;26345472;33650139;43683595
1522067368170;2435;1520;148;26345472;33656534;43689663
1522067368270;2445;1526;148;26345472;33663625;43696491
1522067368370;2455;1532;148;26345472;33669241;43702610
1522067368471;2465;1538;149;26345472;33676523;43708946
1522067368571;2475;1545;149;26345472;33683617;43715772
1522067368671;2485;1552;149;26345472;33689916;43721834
1522067368771;2495;1558;150;26345472;33696270;43728658
1522067368871;2505;1563;152;26345472;33703310;43734726
1522067368972;2515;1570;152;26345472;33710407;43741556
1522067369072;2525;1576;153;26345472;33717496;43748380
1522067369172;2535;1582;154;26345472;33723888;43754445
1522067369272;2545;1588;155;26345472;33730977;43761267
1522067369372;2555;1594;156;26345472;33738064;43768089
1522067369472;2565;1600;156;26345472;33744370;43774159
1522067369572;2575;1607;156;26345472;33750772;43781033
1522067369672;2585;1613;157;26345472;33757264;43786610
1522067369773;2595;1619;158;26345472;33764347;43793430
1522067369873;2605;1624;158;26345472;33769863;43798738
1522067369973;2615;1631;158;26345472;33776956;43805563
1522067370073;2625;1636;160;26345472;33784035;43812377
1522067370173;2635;1643;160;26345472;33790331;43818435
1522067370274;2645;1650;161;26345472;33798195;43826008
1522067370374;2655;1657;161;26345472;33805278;43832826
1522067370474;2666;1664;162;26345472;33812361;43839643
1522067370575;2676;1670;162;26345472;33819442;43846457
1522067370676;2686;1677;162;26345472;33826523;43853274
1522067370776;2696;1684;163;26345472;33833107;43859652
1522067370876;2706;1690;164;26345472;33840236;43867224
1522067370976;2716;1695;164;26345472;33845747;43872528
1522067371076;2726;1701;166;26345472;33852781;43878587
1522067371176;2736;1706;166;26345472;33858341;43884645
1522067371276;2746;1713;167;26345472;33866148;43891460
1522067371377;2756;1719;167;26345472;33873233;43898278
1522067371477;2766;1726;168;26345472;33880318;43905097
1522067371577;2776;1733;168;26345472;33886614;43911157
1522067371677;2786;1738;168;26345472;33892124;43916458
1522067371778;2796;1745;169;26345472;33899991;43924030
1522067371878;2806;1752;169;26345472;33907123;43930896
1522067371978;2816;1758;170;26345472;33913662;43937225
1522067372078;2826;1762;170;26345472;33917648;43941769
1522067372179;2836;1768;171;26345472;33924766;43947830
1522067372279;2846;1776;171;26345472;33931848;43954646
1522067372379;2856;1782;172;26345472;33938930;43961464
1522067372479;2866;1788;173;26345472;33946014;43968279
1522067372579;2876;1795;174;26345472;33953092;43975095
1522067372680;2886;1800;174;26345472;33959387;43981154
1522067372780;2896;1807;175;26345472;33966517;43988726
1522067372880;2906;1814;176;26345472;33973601;43995542
1522067372980;2916;1821;176;26345472;33981422;44002361
1522067373080;2926;1828;176;26345472;33988678;44009333
1522067373180;2936;1834;176;26345472;33994302;44014800
1522067373281;2946;1841;177;26345472;34001435;44022375
