currentTs;total_time;user_time;sys_time;virtual_size;in_octets;out_octets
1527713101156;0;0;0;1409024;25876497;39836890
1527713101256;10;8;0;201318400;25876497;39836890
1527713101356;20;17;2;202891264;25876497;39836890
1527713101456;30;25;3;205238272;25876497;39836890
1527713101556;40;33;5;205238272;25876497;39836890
1527713101656;50;42;6;206090240;25876497;39836890
1527713101757;60;50;8;208232448;25876497;39836890
1527713101857;70;59;8;210112512;25876497;39836890
1527713101957;80;69;9;210112512;25876497;39836890
1527713102057;90;77;10;210112512;25876497;39836890
1527713102158;100;87;10;210112512;25876497;39836890
1527713102258;110;96;11;210112512;25876497;39836890
1527713102358;120;105;12;210112512;25876497;39836890
1527713102458;130;115;12;210112512;25876497;39836890
1527713102558;140;124;12;210112512;25876497;39836890
1527713102658;150;134;12;210112512;25876497;39836890
1527713102758;160;143;13;239730688;25876497;39836890
1527713102860;171;152;14;239730688;25876497;39836890
1527713102961;181;160;15;240058368;25876497;39836890
1527713103061;191;169;16;240386048;25876613;39837002
1527713103161;201;177;17;241041408;25876721;39837138
1527713103261;211;186;18;241061888;25876721;39837138
1527713103362;221;195;18;241192960;25876721;39837138
1527713103462;231;204;20;241192960;25876721;39837138
1527713103562;241;212;21;241192960;25876721;39837138
1527713103662;251;221;22;241192960;25876721;39837138
1527713103762;261;231;22;241192960;25876721;39837138
1527713103862;271;240;22;241192960;25876721;39837138
1527713103964;281;250;22;241192960;25876721;39837138
1527713104064;291;259;23;241192960;25876721;39837138
1527713104164;301;269;23;241192960;25876767;39837190
1527713104264;311;278;24;241192960;25876767;39837190
1527713104364;321;287;24;241553408;25876767;39837190
1527713104464;331;297;24;241557504;25876767;39837190
1527713104564;341;306;25;241557504;25876767;39837190
1527713104664;351;316;25;242606080;25876767;39837190
1527713104764;361;325;25;243654656;25876767;39837190
1527713104864;371;335;25;243654656;25876767;39837190
1527713104964;381;344;26;243654656;25876767;39837190
1527713105065;391;354;26;243654656;25876767;39837190
1527713105165;401;363;27;243654656;25876767;39837190
1527713105265;411;372;28;243654656;25876813;39837242
1527713105365;421;380;30;243654656;25876813;39837242
1527713105466;431;389;30;243654656;25876813;39837242
1527713105566;441;398;31;243654656;25876813;39837242
1527713105666;451;407;32;244703232;25876813;39837242
1527713105766;461;416;32;244703232;25876813;39837242
1527713105866;471;425;34;244703232;25876813;39837242
1527713105966;481;434;34;244703232;25876813;39837242
1527713106066;491;442;36;244703232;25876813;39837242
1527713106167;501;452;36;244703232;25876813;39837242
1527713106267;511;461;36;244703232;25876859;39837294
1527713106367;521;469;38;244703232;25876859;39837294
1527713106467;531;479;38;245751808;25876859;39837294
1527713106567;541;488;38;245751808;25876859;39837294
1527713106668;551;497;40;245751808;25876859;39837294
1527713106768;561;505;41;245751808;25876859;39837294
1527713106868;571;514;42;245751808;25876859;39837294
1527713106969;581;524;43;245751808;25876859;39837294
1527713107069;591;533;43;245751808;25876859;39837294
1527713107169;601;542;44;245751808;25876859;39837294
1527713107269;611;550;46;245751808;25876905;39837346
1527713107369;621;558;46;245751808;25876957;39837557
1527713107469;631;565;48;245751808;25877013;39837609
1527713107569;641;573;49;245751808;25877121;39837873
1527713107669;651;582;49;245751808;25877229;39838138
1527713107770;662;591;49;245751808;25877337;39838396
1527713107870;672;598;50;245751808;25877445;39838654
1527713107970;682;607;50;245751808;25877553;39838912
1527713108070;692;614;52;245751808;25877661;39839167
1527713108170;702;621;52;245751808;25877877;39839678
1527713108271;712;629;54;245751808;25877985;39839936
1527713108371;722;636;55;245751808;25878093;39840192
1527713108471;732;644;56;245751808;25878201;39840449
1527713108571;742;653;56;245751808;25878309;39840706
1527713108671;752;660;57;245751808;25878417;39840962
1527713108772;762;668;58;245751808;25878525;39841219
1527713108872;772;675;59;245751808;25878633;39841477
1527713108973;782;683;60;245751808;25878849;39841938
1527713109074;792;691;60;245751808;25878957;39842247
1527713109174;802;698;61;245751808;25879065;39842503
1527713109274;812;706;62;245751808;25879173;39842760
1527713109374;822;713;63;245751808;25879389;39843275
1527713109474;832;722;64;246067200;25879497;39843531
1527713109574;842;730;64;246231040;25879605;39843789
1527713109674;852;738;65;246231040;25879713;39844047
1527713109775;862;745;66;246231040;25879821;39844305
1527713109875;872;753;67;246231040;25880037;39844820
1527713109975;882;762;67;246231040;25880145;39845076
1527713110076;892;772;67;246231040;25880253;39845332
1527713110176;902;780;68;246231040;25880361;39845589
1527713110276;912;787;68;246231040;25880577;39846104
1527713110376;922;795;69;246231040;25880685;39846362
1527713110476;932;802;70;246231040;25880793;39846619
1527713110576;942;809;72;246231040;25881009;39847133
1527713110676;952;817;72;246231040;25881117;39847390
1527713110776;962;823;74;246231040;25881333;39847905
1527713110876;972;830;75;246231040;25881441;39848162
1527713110976;982;836;77;246231040;25881657;39848677
1527713111076;992;843;78;246231040;25881765;39848935
1527713111176;1002;850;79;246231040;25881981;39849449
1527713111277;1012;859;79;246231040;25882089;39849706
1527713111377;1022;867;80;246231040;25882197;39849964
1527713111477;1032;876;80;246231040;25882413;39850478
1527713111577;1042;884;80;246231040;25882521;39850734
1527713111678;1052;892;80;246231040;25882737;39851248
1527713111778;1062;899;81;246231040;25882845;39851504
1527713111878;1072;906;82;246231040;25883061;39852019
1527713111978;1082;914;83;246231040;25883169;39852276
1527713112078;1092;919;85;246231040;25883385;39852792
1527713112178;1102;926;85;246231040;25883493;39853049
1527713112278;1112;934;86;246231040;25883709;39853564
1527713112378;1122;941;86;246231040;25883925;39854080
1527713112478;1132;950;86;246231040;25884033;39854336
1527713112578;1142;957;87;246231040;25884249;39854851
1527713112678;1152;965;88;246231040;25884357;39855108
1527713112778;1162;971;88;246231040;25884465;39855365
1527713112879;1172;979;88;246231040;25884681;39855881
1527713112979;1182;985;89;246231040;25884897;39856398
1527713113079;1192;993;90;246231040;25885005;39856654
1527713113179;1202;1001;90;246231040;25885163;39856912
1527713113280;1213;1008;91;246231040;25885379;39857430
1527713113380;1223;1015;92;246231040;25885519;39857721
1527713113480;1233;1022;93;246231040;25885735;39858237
1527713113581;1243;1030;93;246231040;25885951;39858753
1527713113681;1253;1039;94;246231040;25886059;39859011
1527713113781;1263;1046;94;246231040;25886275;39859528
1527713113881;1273;1054;95;246231040;25886383;39859786
1527713113982;1283;1060;96;246231040;25886599;39860303
1527713114083;1293;1067;97;246231040;25886815;39860815
1527713114183;1303;1076;97;246231040;25886923;39861073
1527713114283;1313;1083;98;246231040;25887031;39861331
1527713114383;1323;1090;99;246231040;25887247;39861846
1527713114483;1333;1093;100;246231040;25887355;39862104
1527713114583;1343;1100;101;246231040;25887463;39862361
1527713114684;1353;1108;102;246231040;25887679;39862876
1527713114784;1363;1114;103;246231040;25887787;39863134
1527713114884;1373;1121;104;246231040;25888003;39863650
1527713114985;1383;1128;105;246231040;25888219;39864164
1527713115085;1393;1135;106;246231040;25888327;39864423
1527713115185;1403;1142;106;246231040;25888543;39864938
1527713115285;1413;1148;108;246231040;25888759;39865453
1527713115386;1423;1156;109;246231040;25888867;39865711
1527713115486;1433;1164;110;246231040;25889083;39866227
1527713115586;1443;1171;111;246231040;25889191;39866485
1527713115687;1453;1178;112;246231040;25889407;39867000
1527713115787;1463;1186;112;246231040;25889515;39867258
1527713115887;1473;1193;113;246231040;25889731;39867776
1527713115987;1483;1199;114;246231040;25889947;39868292
1527713116087;1493;1206;115;246231040;25890055;39868551
1527713116187;1503;1214;116;246231040;25890271;39869065
1527713116287;1513;1221;117;246231040;25890487;39869580
1527713116387;1523;1229;117;246231040;25890595;39869838
1527713116487;1533;1236;118;246231040;25890811;39870354
1527713116587;1543;1243;119;246231040;25890919;39870612
1527713116687;1553;1250;120;246231040;25891135;39871127
1527713116788;1563;1258;121;246231040;25891243;39871383
1527713116888;1573;1266;121;246231040;25891459;39871899
1527713116988;1583;1274;122;246231040;25891567;39872157
1527713117088;1593;1281;123;246231040;25891783;39872673
1527713117189;1603;1287;124;246231040;25891999;39873188
1527713117289;1613;1294;126;246231040;25892107;39873446
1527713117389;1623;1300;127;246231040;25892323;39873960
1527713117489;1633;1307;128;246231040;25892539;39874475
1527713117589;1643;1314;128;246231040;25892647;39874735
1527713117689;1653;1322;128;246231040;25892863;39875251
1527713117789;1663;1330;130;246231040;25892971;39875509
1527713117889;1673;1337;131;246231040;25893187;39876025
1527713117990;1684;1345;131;246231040;25893295;39876283
1527713118090;1694;1352;132;246231040;25893511;39876799
1527713118190;1704;1359;133;246231040;25893727;39877314
1527713118290;1714;1366;134;246231040;25893835;39877571
1527713118391;1724;1374;135;246231040;25894051;39878085
1527713118491;1734;1380;136;246231040;25894267;39878599
1527713118591;1744;1388;136;246231040;25894375;39878857
1527713118691;1754;1395;137;246231040;25894591;39879373
1527713118791;1764;1401;139;246231040;25894807;39879887
1527713118891;1774;1408;140;246231040;25894915;39880145
1527713118991;1784;1415;141;246231040;25895131;39880660
1527713119091;1794;1422;142;246231040;25895347;39881175
1527713119192;1804;1430;143;246231040;25895455;39881432
1527713119292;1814;1437;144;246231040;25895671;39881947
1527713119392;1824;1443;146;246231040;25895887;39882463
1527713119493;1834;1450;146;246231040;25895995;39882721
1527713119593;1844;1458;147;246231040;25896211;39883236
1527713119694;1854;1464;148;246231040;25896427;39883753
1527713119794;1864;1471;149;246231040;25896643;39884269
1527713119894;1874;1477;150;246231040;25896859;39884786
1527713119994;1884;1485;150;246231040;25896967;39885045
1527713120095;1894;1492;151;246231040;25897183;39885561
1527713120195;1904;1501;152;246231040;25897291;39885818
1527713120295;1914;1509;152;246231040;25897507;39886334
1527713120396;1924;1515;154;246231040;25897723;39886849
1527713120497;1934;1523;155;246231040;25897831;39887108
1527713120597;1944;1530;155;246231040;25898047;39887624
1527713120697;1954;1536;156;246231040;25898263;39888139
1527713120797;1964;1543;157;246231040;25898479;39888654
1527713120898;1974;1550;158;246231040;25898695;39889169
1527713120998;1984;1557;158;246231040;25898803;39889428
1527713121100;1995;1565;159;246231040;25899019;39889944
1527713121201;2005;1572;160;246231040;25899235;39890458
1527713121301;2015;1578;161;246231040;25899451;39890969
1527713121401;2025;1584;162;246231040;25899559;39891226
1527713121501;2035;1592;162;246231040;25899775;39891742
1527713121602;2045;1600;163;246231040;25899991;39892258
1527713121702;2055;1607;164;246231040;25900207;39892772
1527713121802;2065;1614;165;246231040;25900315;39893029
1527713121902;2075;1622;165;246231040;25900531;39893544
1527713122002;2085;1629;166;246231040;25900747;39894060
1527713122102;2095;1636;167;246231040;25900963;39894576
1527713122202;2105;1643;167;246231040;25901179;39895091
1527713122302;2115;1651;168;246231040;25901287;39895348
1527713122402;2125;1658;169;246231040;25901503;39895863
1527713122502;2135;1664;170;246231040;25901719;39896379
1527713122603;2145;1670;171;246231040;25901935;39896894
1527713122703;2155;1677;172;246231040;25902151;39897408
1527713122803;2165;1685;172;246231040;25902259;39897667
1527713122903;2175;1693;172;246231040;25902475;39898181
1527713123003;2185;1700;172;246231040;25902691;39898692
1527713123103;2195;1707;173;246231040;25902907;39899207
1527713123203;2205;1716;173;246231040;25903015;39899465
1527713123303;2215;1722;174;246231040;25903231;39899981
1527713123403;2225;1728;175;246231040;25903447;39900497
1527713123504;2235;1735;176;246231040;25903663;39901013
1527713123605;2245;1744;176;246231040;25903771;39901272
1527713123705;2255;1751;178;246231040;25903987;39901787
1527713123805;2265;1759;178;246231040;25904095;39902046
1527713123906;2275;1767;178;246231040;25904203;39902304
1527713124006;2285;1774;180;246231040;25904419;39902816
1527713124107;2295;1781;181;246231040;25904527;39903073
1527713124207;2305;1786;184;246231040;25904743;39903590
1527713124307;2315;1794;184;246231040;25904959;39904105
1527713124408;2325;1800;185;246231040;25905175;39904617
1527713124508;2335;1807;186;246231040;25905391;39905132
1527713124608;2345;1814;186;246231040;25905499;39905389
1527713124708;2355;1822;186;246231040;25905715;39905904
1527713124808;2365;1829;186;246231040;25905931;39906420
1527713124908;2375;1836;186;246231040;25906147;39906934
1527713125008;2385;1844;186;246231040;25906255;39907193
1527713125108;2395;1848;188;246231040;25906471;39907709
1527713125208;2405;1856;188;246231040;25906579;39907967
1527713125308;2415;1864;189;246231040;25906795;39908484
1527713125408;2425;1869;191;246231040;25907011;39908998
1527713125509;2435;1876;192;246231040;25907227;39909512
1527713125609;2445;1884;192;246231040;25907335;39909769
1527713125709;2455;1890;193;246231040;25907551;39910282
1527713125809;2465;1898;194;246231040;25907659;39910540
1527713125909;2475;1904;194;246231040;25907875;39911059
1527713126010;2486;1912;194;246231040;25908479;39911574
1527713126110;2496;1920;195;246231040;25908587;39911831
1527713126211;2506;1926;196;246231040;25908803;39912348
1527713126311;2516;1933;197;246231040;25908911;39912606
1527713126411;2526;1940;197;246231040;25909127;39913119
1527713126512;2536;1947;198;246231040;25909343;39913632
1527713126612;2546;1952;200;246231040;25909559;39914147
1527713126712;2556;1960;201;246231040;25909667;39914405
1527713126812;2566;1968;202;246231040;25909775;39914664
1527713126912;2576;1978;203;246231040;25909883;39914922
1527713127013;2586;1984;204;246231040;25910099;39915439
1527713127113;2596;1989;206;246231040;25910315;39915957
1527713127213;2606;1997;206;246231040;25910423;39916216
1527713127313;2616;2004;207;246231040;25910639;39916733
1527713127413;2626;2010;208;246231040;25910855;39917246
1527713127513;2636;2017;208;246231040;25911071;39917763
1527713127613;2646;2024;209;246231040;25911179;39918020
1527713127714;2656;2031;210;246231040;25911395;39918536
1527713127814;2666;2038;211;246231040;25911611;39919053
1527713127914;2676;2047;211;246231040;25911719;39919311
1527713128014;2686;2054;211;246231040;25911935;39919828
1527713128115;2696;2062;211;246231040;25912043;39920086
1527713128216;2706;2070;212;246231040;25912309;39920603
1527713128316;2716;2076;214;246231040;25912525;39921119
1527713128416;2726;2083;214;246231040;25912787;39921634
1527713128516;2736;2090;216;246231040;25912895;39921892
1527713128616;2746;2097;216;246231040;25913111;39922405
1527713128716;2756;2104;217;246231040;25913327;39922918
1527713128817;2766;2110;218;246231040;25913543;39923433
1527713128917;2776;2116;219;246231040;25913759;39923950
1527713129017;2786;2123;220;246231040;25913867;39924208
1527713129117;2796;2130;221;246231040;25914083;39924721
1527713129218;2806;2138;221;246231040;25914299;39925238
1527713129318;2816;2144;222;246231040;25914515;39925755
1527713129418;2826;2150;222;246231040;25914731;39926270
1527713129518;2836;2158;223;246231040;25914839;39926528
1527713129619;2846;2165;224;246231040;25915055;39927042
1527713129719;2856;2172;224;246231040;25915271;39927559
1527713129819;2866;2178;226;246231040;25915487;39928076
1527713129919;2876;2184;226;246231040;25915703;39928593
1527713130019;2886;2191;227;246231040;25915811;39928850
1527713130119;2896;2197;229;246231040;25916027;39929365
1527713130220;2907;2204;231;246231040;25916243;39929883
1527713130320;2917;2210;232;246231040;25916459;39930398
1527713130421;2927;2216;232;246231040;25916675;39930912
1527713130522;2937;2224;233;246231040;25916783;39931172
1527713130622;2947;2231;234;246231040;25916999;39931686
1527713130722;2957;2237;235;246231040;25917215;39932200
1527713130822;2967;2244;236;246231040;25917431;39932717
1527713130923;2977;2250;236;246231040;25917647;39933233
1527713131023;2987;2258;238;246231040;25917755;39933490
1527713131123;2997;2266;238;246231040;25917971;39934007
1527713131223;3007;2274;238;246231040;25918079;39934264
1527713131323;3017;2279;241;246231040;25918295;39934777
1527713131424;3027;2286;241;246231040;25918511;39935290
1527713131524;3037;2293;242;246231040;25918619;39935547
1527713131624;3047;2300;243;246231040;25918835;39936064
1527713131725;3057;2306;244;246231040;25919051;39936580
1527713131825;3067;2313;244;246231040;25919267;39937097
1527713131925;3077;2320;246;246231040;25919375;39937354
1527713132025;3087;2328;246;246231040;25919591;39937871
1527713132126;3097;2335;246;246231040;25919807;39938387
1527713132226;3107;2343;247;246231040;25920023;39938902
1527713132326;3117;2350;248;246231040;25920239;39939419
1527713132426;3127;2356;249;246231040;25920347;39939677
1527713132526;3137;2364;250;246231040;25920563;39940193
1527713132627;3147;2369;250;246231040;25920779;39940707
1527713132727;3157;2376;251;246231040;25920887;39940964
1527713132827;3167;2383;252;246231040;25921103;39941479
1527713132927;3177;2389;252;246231040;25921319;39941997
1527713133027;3187;2396;253;246231040;25921427;39942253
1527713133127;3197;2403;254;246231040;25921643;39942769
1527713133227;3207;2408;255;246231040;25921859;39943283
1527713133327;3217;2414;256;246231040;25921967;39943540
1527713133427;3227;2422;256;246231040;25922183;39944056
1527713133528;3237;2429;257;246231040;25922399;39944572
1527713133628;3247;2435;258;246231040;25922615;39945088
1527713133728;3257;2442;258;246231040;25922831;39945603
1527713133829;3267;2449;259;246231040;25922939;39945861
1527713133929;3277;2456;259;246231040;25923155;39946376
1527713134029;3287;2462;260;246231040;25923371;39946890
1527713134130;3298;2468;262;246231040;25923587;39947408
1527713134230;3308;2476;262;246231040;25923695;39947666
1527713134331;3318;2482;264;246231040;25923911;39948182
1527713134432;3328;2488;264;246231040;25924127;39948698
1527713134532;3338;2495;265;246231040;25924235;39948958
1527713134632;3348;2501;267;246231040;25924451;39949474
1527713134732;3358;2507;268;246231040;25924667;39949989
1527713134832;3368;2513;269;246231040;25924883;39950505
1527713134935;3378;2522;269;246231040;25924991;39950762
1527713135035;3388;2528;270;246231040;25925207;39951278
1527713135135;3398;2533;271;246231040;25925423;39951794
1527713135235;3408;2540;272;246231040;25925531;39952052
1527713135335;3418;2547;273;246231040;25925747;39952565
1527713135435;3428;2553;274;246231040;25925963;39953081
1527713135536;3438;2560;274;246231040;25926179;39953596
1527713135636;3448;2567;274;246231040;25926287;39953853
1527713135736;3458;2573;276;246231040;25926503;39954371
1527713135837;3468;2577;277;246231040;25926719;39954887
1527713135937;3478;2584;278;246231040;25926827;39955145
1527713136037;3488;2590;280;246231040;25927043;39955658
1527713136137;3498;2596;280;246231040;25927259;39956175
1527713136237;3508;2601;282;246231040;25927475;39956689
1527713136337;3518;2608;283;246231040;25927583;39956947
1527713136437;3528;2615;283;246231040;25927799;39957461
1527713136538;3538;2621;284;246231040;25928015;39957976
1527713136638;3548;2626;286;246231040;25928231;39958492
1527713136739;3558;2633;286;246231040;25928339;39958749
1527713136839;3568;2640;288;246231040;25928555;39959264
1527713136939;3578;2646;288;246231040;25928771;39959780
1527713137039;3588;2652;289;246231040;25928987;39960294
1527713137139;3598;2658;290;246231040;25929203;39960808
1527713137240;3609;2666;290;246231040;25929311;39961064
1527713137340;3619;2673;291;246231040;25929527;39961578
1527713137440;3629;2679;292;246231040;25929743;39962092
1527713137541;3639;2686;292;246231040;25929959;39962607
1527713137641;3649;2693;293;246231040;25930067;39962865
1527713137741;3659;2698;293;246231040;25930283;39963379
1527713137842;3669;2704;294;246231040;25930499;39963897
1527713137942;3679;2712;294;246231040;25930607;39964154
1527713138042;3689;2718;295;246231040;25930823;39964668
1527713138142;3699;2722;296;246231040;25930931;39964926
1527713138242;3709;2722;296;246231040;25930931;39964926
1527713138343;3719;2722;296;246231040;25930931;39964926
1527713138444;3729;2722;296;246231040;25930931;39964926
1527713138544;3739;2722;296;246231040;25930931;39964926
1527713138644;3749;2722;296;246231040;25930931;39964926
1527713138744;3759;2722;296;246231040;25930931;39964926
1527713138844;3769;2722;296;246231040;25930931;39964926
1527713138944;3779;2722;296;246231040;25930931;39964926
1527713139045;3789;2722;296;246231040;25930931;39964926
1527713139146;3800;2723;296;246231040;25931085;39965234
1527713139246;3809;2729;297;246231040;25931193;39965489
1527713139346;3819;2736;298;246231040;25931409;39966005
1527713139446;3829;2744;300;246231040;25931517;39966262
1527713139546;3839;2750;302;246231040;25931733;39966781
1527713139646;3849;2755;304;246231040;25931949;39967297
1527713139747;3859;2762;305;246231040;25932165;39967812
1527713139847;3869;2769;306;246231040;25932381;39968326
1527713139947;3879;2776;306;246231040;25932489;39968584
1527713140047;3889;2783;307;246231040;25932705;39969101
1527713140148;3899;2790;308;246231040;25932921;39969617
1527713140248;3909;2797;310;246231040;25933137;39970132
1527713140348;3919;2804;310;246231040;25933353;39970648
1527713140449;3929;2811;312;246231040;25933461;39970906
1527713140549;3939;2818;312;246231040;25933677;39971422
1527713140649;3949;2826;313;246231040;25933893;39971938
1527713140751;3960;2832;315;246231040;25934109;39972455
1527713140851;3970;2840;316;246231040;25934325;39972970
1527713140951;3980;2848;316;246231040;25934433;39973229
1527713141051;3990;2854;316;246231040;25934649;39973743
1527713141151;4000;2860;318;246231040;25934865;39974256
1527713141251;4010;2867;319;246231040;25935081;39974773
1527713141351;4020;2874;319;246231040;25935297;39975288
1527713141451;4030;2880;321;246231040;25935405;39975546
1527713141551;4040;2887;323;246231040;25935621;39976064
1527713141651;4050;2894;324;246231040;25935837;39976579
1527713141751;4060;2901;324;246231040;25936053;39977096
1527713141851;4070;2907;326;246231040;25936161;39977355
1527713141951;4080;2914;327;246231040;25936377;39977870
1527713142052;4090;2921;328;246231040;25936593;39978383
1527713142152;4100;2928;328;246231040;25936809;39978897
1527713142252;4110;2934;330;246231040;25937025;39979411
1527713142353;4120;2942;330;246231040;25937133;39979669
1527713142453;4130;2948;332;246231040;25937349;39980184
1527713142553;4140;2954;334;246231040;25937565;39980700
1527713142653;4150;2961;334;246231040;25937781;39981215
1527713142753;4160;2967;335;246231040;25937997;39981730
1527713142853;4170;2974;336;246231040;25938105;39981988
1527713142953;4180;2981;336;246231040;25938321;39982502
1527713143053;4190;2988;337;246231040;25938537;39983018
1527713143153;4200;2994;339;246231040;25938803;39983535
1527713143253;4210;3001;339;246231040;25939065;39984051
1527713143354;4220;3008;340;246231040;25939281;39984513
1527713143454;4230;3015;341;246231040;25939389;39984823
1527713143554;4240;3022;342;246231040;25939605;39985341
1527713143654;4250;3028;343;246231040;25939821;39985852
1527713143754;4260;3036;343;246231040;25940037;39986370
1527713143854;4270;3043;343;246231040;25940253;39986885
1527713143954;4280;3050;344;246231040;25940469;39987402
1527713144054;4290;3056;345;246231040;25940685;39987920
1527713144154;4300;3062;346;246231040;25940793;39988176
1527713144254;4310;3069;348;246231040;25941009;39988691
1527713144354;4320;3076;348;246231040;25941225;39989205
1527713144454;4330;3082;350;246231040;25941441;39989722
1527713144554;4340;3088;351;246231040;25941657;39990237
1527713144654;4350;3096;351;246231040;25941765;39990496
1527713144754;4360;3103;352;246231040;25941981;39991012
1527713144854;4370;3109;354;246231040;25942197;39991526
1527713144955;4380;3116;354;246231040;25942413;39992042
1527713145055;4390;3122;356;246231040;25942521;39992300
1527713145155;4400;3129;357;246231040;25942737;39992815
1527713145255;4410;3134;358;246231040;25942953;39993330
1527713145355;4420;3140;358;246231040;25943169;39993843
1527713145456;4430;3147;359;246231040;25943277;39994101
1527713145556;4440;3155;360;246231040;25943493;39994615
1527713145656;4450;3162;360;246231040;25943709;39995129
1527713145756;4460;3168;362;246231040;25943925;39995647
1527713145856;4470;3175;362;246231040;25944141;39996165
1527713145956;4480;3182;363;246231040;25944357;39996679
1527713146056;4490;3188;364;246231040;25944573;39997192
1527713146156;4500;3194;365;246231040;25944681;39997451
1527713146257;4510;3201;366;246231040;25944897;39997967
1527713146357;4520;3207;368;246231040;25945113;39998481
1527713146458;4530;3215;368;246231040;25945329;39998996
1527713146558;4540;3222;369;246231040;25945545;39999512
1527713146658;4550;3229;369;246231040;25945761;40000025
1527713146758;4560;3236;370;246231040;25945977;40000541
1527713146859;4570;3242;371;246231040;25946193;40001055
1527713146959;4580;3250;371;246231040;25946301;40001313
1527713147059;4590;3257;372;246231040;25946517;40001829
1527713147160;4601;3264;373;246231040;25946733;40002345
1527713147260;4611;3270;374;246231040;25946949;40002859
1527713147360;4621;3277;374;246231040;25947165;40003376
1527713147460;4631;3284;375;246231040;25947381;40003890
1527713147560;4641;3290;376;246231040;25947597;40004407
1527713147660;4651;3298;376;246231040;25947705;40004664
1527713147760;4661;3305;377;246231040;25947921;40005178
1527713147860;4671;3313;378;246231040;25948137;40005694
1527713147961;4681;3320;378;246231040;25948353;40006211
1527713148061;4691;3327;379;246231040;25948461;40006468
1527713148161;4701;3335;380;246231040;25948677;40006979
1527713148261;4711;3342;380;246231040;25948893;40007494
1527713148361;4721;3348;382;246231040;25949109;40008011
1527713148461;4731;3355;382;246231040;25949325;40008527
1527713148561;4741;3362;383;246231040;25949541;40009042
1527713148661;4751;3368;384;246231040;25949757;40009557
1527713148761;4761;3376;384;246231040;25949865;40009815
1527713148861;4771;3382;386;246231040;25950081;40010331
1527713148961;4781;3389;387;246231040;25950297;40010848
1527713149061;4791;3395;388;246231040;25950513;40011363
1527713149162;4801;3402;389;246231040;25950729;40011876
1527713149262;4811;3409;390;246231040;25950945;40012387
1527713149362;4821;3417;390;246231040;25951161;40012902
1527713149463;4831;3423;392;246231040;25951269;40013160
1527713149563;4841;3430;392;246231040;25951485;40013672
1527713149663;4851;3436;394;246231040;25951701;40014189
1527713149763;4861;3443;395;246231040;25951917;40014705
1527713149863;4871;3450;396;246231040;25952133;40015222
1527713149964;4881;3457;396;246231040;25952349;40015736
1527713150064;4891;3464;397;246231040;25952565;40016252
1527713150164;4901;3469;399;246231040;25952781;40016767
1527713150265;4911;3476;400;246231040;25952889;40017025
1527713150365;4921;3484;400;246231040;25953105;40017541
1527713150465;4931;3491;401;246231040;25953321;40018058
1527713150566;4941;3497;402;246231040;25953537;40018574
1527713150666;4951;3504;403;246231040;25953753;40019090
1527713150766;4961;3510;405;246231040;25953969;40019606
1527713150866;4971;3516;406;246231040;25954185;40020121
1527713150967;4981;3522;407;246231040;25954401;40020638
1527713151067;4991;3529;408;246231040;25954617;40021151
1527713151167;5001;3536;409;246231040;25954725;40021407
1527713151267;5011;3544;409;246231040;25954941;40021921
1527713151367;5021;3550;411;246231040;25955157;40022438
1527713151467;5031;3556;412;246231040;25955373;40022950
1527713151568;5041;3562;413;246231040;25955589;40023467
1527713151668;5051;3570;414;246231040;25955805;40023982
1527713151768;5061;3576;415;246231040;25956021;40024493
1527713151869;5071;3582;416;246231040;25956369;40024955
1527713151969;5081;3590;416;246231040;25956477;40025264
1527713152069;5091;3598;416;246231040;25956693;40025776
1527713152170;5102;3605;417;246231040;25956909;40026291
1527713152270;5112;3610;420;246231040;25957125;40026807
1527713152370;5122;3616;421;246231040;25957341;40027320
1527713152470;5132;3622;423;246231040;25957557;40027831
1527713152571;5142;3628;424;246231040;25957773;40028344
1527713152671;5152;3635;424;246231040;25957989;40028860
1527713152771;5162;3642;426;246231040;25958097;40029119
1527713152871;5172;3647;428;246231040;25958313;40029633
1527713152971;5182;3655;429;246231040;25958529;40030148
1527713153071;5192;3662;429;246231040;25958745;40030664
1527713153171;5202;3668;430;246231040;25958961;40031178
1527713153272;5212;3674;432;246231040;25959177;40031643
1527713153373;5222;3680;433;246231040;25959285;40031954
1527713153473;5232;3687;434;246231040;25959501;40032470
1527713153573;5242;3694;435;246231040;25959717;40032986
1527713153673;5252;3701;436;246231040;25959933;40033501
1527713153774;5262;3707;437;246231040;25960149;40034015
1527713153874;5272;3714;438;246231040;25960365;40034532
1527713153974;5282;3720;438;246231040;25960581;40035048
1527713154075;5292;3728;438;246231040;25960797;40035511
1527713154175;5302;3735;439;246231040;25960905;40035820
1527713154275;5312;3742;440;246231040;25961121;40036334
1527713154375;5322;3748;442;246231040;25961337;40036848
1527713154476;5332;3753;443;246231040;25961553;40037363
1527713154576;5342;3760;444;246231040;25961769;40037880
1527713154676;5352;3768;444;246231040;25961985;40038396
1527713154777;5362;3771;444;246231040;25962037;40038602
1527713154877;5372;3774;444;246231040;25962093;40038654
1527713154978;5382;3782;445;246231040;25962309;40039168
1527713155078;5392;3788;446;246231040;25962525;40039683
1527713155178;5402;3794;447;246231040;25962741;40040198
1527713155278;5412;3800;448;246231040;25962957;40040710
1527713155378;5422;3807;448;246231040;25963173;40041227
1527713155478;5432;3814;448;246231040;25963281;40041484
1527713155578;5442;3822;450;246231040;25963497;40042000
1527713155679;5452;3828;451;246231040;25963713;40042514
1527713155779;5462;3834;452;246231040;25963929;40043030
1527713155879;5472;3840;453;246231040;25964145;40043545
1527713155979;5482;3847;454;246231040;25964361;40044060
1527713156080;5493;3853;455;246231040;25964965;40044577
1527713156180;5503;3861;455;246231040;25965073;40044835
1527713156280;5513;3868;456;246231040;25965289;40045351
1527713156380;5523;3874;456;246231040;25965505;40045866
1527713156480;5533;3882;456;246231040;25965721;40046380
1527713156580;5543;3888;457;246231040;25965937;40046898
1527713156681;5553;3894;458;246231040;25966153;40047411
1527713156781;5563;3901;459;246231040;25966261;40047667
1527713156881;5573;3909;460;246231040;25966477;40048180
1527713156981;5583;3915;460;246231040;25966693;40048697
1527713157081;5593;3922;461;246231040;25966909;40049213
1527713157181;5603;3927;463;246231040;25967125;40049727
1527713157282;5613;3934;464;246231040;25967341;40050243
1527713157382;5623;3941;464;246231040;25967449;40050498
1527713157482;5633;3948;465;246231040;25967665;40051015
1527713157582;5643;3956;465;246231040;25967881;40051527
1527713157683;5653;3962;466;246231040;25968097;40052044
1527713157783;5663;3968;467;246231040;25968313;40052558
1527713157884;5673;3974;469;246231040;25968529;40053074
1527713157984;5683;3980;470;246231040;25968745;40053591
1527713158085;5693;3987;470;246231040;25968853;40053850
1527713158186;5703;3995;471;246231040;25969119;40054364
1527713158286;5713;4002;472;246231040;25969335;40054878
1527713158386;5723;4009;472;246231040;25969597;40055394
1527713158486;5733;4016;472;246231040;25969813;40055908
1527713158587;5743;4023;472;246231040;25970029;40056422
1527713158687;5753;4030;473;246231040;25970245;40056937
1527713158787;5763;4037;473;246231040;25970353;40057194
1527713158887;5773;4043;476;246231040;25970569;40057709
1527713158987;5783;4050;476;246231040;25970785;40058224
1527713159087;5793;4056;477;246231040;25971001;40058740
1527713159187;5803;4064;477;246231040;25971217;40059257
1527713159287;5813;4070;478;246231040;25971433;40059774
1527713159388;5823;4076;478;246231040;25971649;40060286
1527713159488;5833;4084;478;246231040;25971757;40060544
1527713159588;5843;4092;479;246231040;25971973;40061057
1527713159689;5853;4099;479;246231040;25972189;40061573
1527713159789;5863;4106;480;246231040;25972405;40062085
1527713159892;5874;4112;481;246231040;25972621;40062599
1527713159992;5884;4119;481;246231040;25972837;40063114
1527713160093;5894;4127;482;246231040;25972945;40063371
1527713160193;5904;4134;482;246231040;25973161;40063888
1527713160293;5914;4140;484;246231040;25973377;40064402
1527713160393;5924;4145;486;246231040;25973593;40064918
1527713160493;5934;4152;486;246231040;25973809;40065434
1527713160594;5944;4158;488;246231040;25974025;40065949
1527713160694;5954;4165;489;246231040;25974133;40066208
1527713160795;5964;4172;489;246231040;25974349;40066723
1527713160895;5974;4179;490;246231040;25974565;40067239
1527713160995;5984;4186;490;246231040;25974781;40067754
1527713161096;5994;4192;492;246231040;25974997;40068270
1527713161196;6004;4198;493;246231040;25975213;40068784
1527713161296;6014;4206;493;246231040;25975429;40069297
1527713161397;6024;4213;493;246231040;25975537;40069553
1527713161497;6034;4221;494;246231040;25975753;40070069
1527713161597;6044;4227;495;246231040;25975969;40070585
1527713161697;6054;4233;496;246231040;25976185;40071102
1527713161798;6064;4241;498;246231040;25976293;40071360
1527713161898;6074;4247;499;246231040;25976509;40071878
1527713161998;6084;4254;499;246231040;25976725;40072394
1527713162098;6094;4260;500;246231040;25976941;40072906
1527713162204;6105;4268;501;246231040;25977157;40073419
1527713162304;6115;4276;502;246231040;25977373;40073933
1527713162404;6125;4282;502;246231040;25977589;40074396
1527713162504;6135;4289;503;246231040;25977697;40074704
1527713162604;6145;4296;504;246231040;25977913;40075218
1527713162705;6155;4302;505;246231040;25978129;40075731
1527713162805;6165;4308;506;246231040;25978345;40076249
1527713162905;6175;4315;507;246231040;25978561;40076761
1527713163005;6185;4321;508;246231040;25978669;40077020
1527713163105;6195;4329;508;246231040;25978885;40077536
1527713163205;6205;4335;510;246231040;25979101;40078052
1527713163305;6215;4342;510;246231040;25979317;40078567
1527713163406;6225;4350;510;246231040;25979533;40079082
1527713163506;6235;4356;511;246231040;25979749;40079598
1527713163606;6245;4364;512;246231040;25979857;40079856
1527713163706;6255;4372;512;246231040;25980073;40080372
1527713163807;6265;4377;514;246231040;25980181;40080629
1527713163907;6275;4385;514;246231040;25980397;40081143
1527713164007;6285;4392;515;246231040;25980613;40081658
1527713164107;6295;4398;516;246231040;25980829;40082172
1527713164207;6305;4405;516;246231040;25980937;40082432
1527713164308;6315;4412;518;246231040;25981153;40082947
1527713164408;6325;4419;518;246231040;25981369;40083466
1527713164508;6335;4425;519;246231040;25981585;40083981
1527713164608;6345;4433;519;246231040;25981801;40084497
1527713164708;6355;4441;520;246231040;25981909;40084754
1527713164808;6365;4447;521;246231040;25982125;40085273
1527713164908;6375;4454;522;246231040;25982341;40085789
1527713165008;6385;4460;523;246231040;25982557;40086302
1527713165108;6395;4466;524;246231040;25982665;40086562
1527713165209;6405;4473;525;246231040;25982881;40087082
1527713165309;6415;4479;527;246231040;25983097;40087598
1527713165409;6425;4486;527;246231040;25983313;40088112
1527713165509;6435;4493;528;246231040;25983529;40088624
1527713165610;6446;4500;529;246231040;25983637;40088882
1527713165710;6456;4510;529;246378496;25983637;40088882
1527713165810;6466;4517;530;246378496;25983853;40089399
1527713165910;6476;4524;531;246378496;25984069;40089913
1527713166011;6486;4530;532;246378496;25984285;40090426
1527713166111;6496;4536;533;246378496;25984501;40090939
1527713166211;6506;4543;534;246378496;25984609;40091198
1527713166312;6516;4551;534;246378496;25984825;40091714
1527713166412;6526;4558;534;246378496;25985041;40092227
1527713166513;6536;4565;535;246378496;25985257;40092739
1527713166613;6546;4571;536;246378496;25985473;40093252
1527713166713;6556;4578;537;246378496;25985689;40093763
1527713166814;6566;4584;538;246378496;25985905;40094226
1527713166914;6576;4592;538;246378496;25986013;40094537
1527713167014;6586;4601;538;246378496;25986121;40094794
1527713167115;6596;4608;539;246378496;25986337;40095309
1527713167215;6606;4612;542;246378496;25986553;40095823
1527713167315;6616;4619;542;246378496;25986769;40096338
1527713167415;6626;4626;543;246378496;25986877;40096596
1527713167515;6636;4634;543;246378496;25987093;40097111
1527713167615;6646;4639;545;246378496;25987309;40097628
1527713167715;6656;4645;547;246378496;25987525;40098144
1527713167815;6666;4652;548;246378496;25987633;40098402
1527713167915;6676;4659;548;246378496;25987849;40098916
1527713168015;6686;4666;548;246378496;25988065;40099430
1527713168115;6696;4672;550;246378496;25988173;40099686
1527713168215;6706;4679;551;246378496;25988389;40100199
1527713168315;6716;4685;552;246378496;25988605;40100714
1527713168415;6726;4692;553;246378496;25988821;40101228
1527713168515;6736;4699;554;246378496;25988929;40101487
1527713168615;6746;4706;554;246378496;25989145;40101999
1527713168715;6756;4713;555;246378496;25989361;40102518
1527713168816;6766;4720;556;246378496;25989577;40103040
1527713168916;6776;4726;556;246378496;25989793;40103556
1527713169016;6786;4732;558;246378496;25989901;40103812
1527713169117;6796;4732;558;246378496;25989901;40103812
1527713169217;6806;4732;558;246378496;25989901;40103812
1527713169317;6816;4732;558;246378496;25989901;40103812
1527713169418;6826;4732;558;246378496;25989901;40103812
1527713169518;6836;4732;558;246378496;25989901;40103812
1527713169618;6846;4732;558;246378496;25989901;40103812
1527713169719;6856;4732;558;246378496;25989901;40103812
1527713169819;6866;4732;558;246378496;25989901;40103812
1527713169919;6876;4732;558;246378496;25989901;40103812
1527713170019;6886;4732;558;246378496;25989947;40103864
1527713170119;6896;4732;558;246378496;25989947;40103864
1527713170220;6907;4732;558;246378496;25989947;40103864
1527713170320;6917;4732;558;246378496;25989947;40103864
1527713170421;6927;4732;558;246378496;25989947;40103864
1527713170521;6937;4733;558;246378496;25989947;40103864
1527713170621;6947;4733;558;246378496;25989947;40103864
1527713170721;6957;4733;558;246378496;25989947;40103864
1527713170822;6967;4733;558;246378496;25989947;40103864
1527713170922;6977;4733;558;246378496;25989947;40103864
1527713171022;6987;4733;558;246378496;25989947;40103864
1527713171122;6997;4736;558;246378496;25990055;40104122
1527713171223;7007;4743;559;246378496;25990271;40104634
1527713171323;7017;4750;560;246378496;25990487;40105149
1527713171423;7027;4756;561;246378496;25990703;40105665
1527713171524;7037;4762;562;246378496;25990919;40106183
1527713171624;7047;4770;563;246378496;25991027;40106442
1527713171724;7057;4776;564;246378496;25991243;40106957
1527713171825;7067;4784;565;246378496;25991459;40107474
1527713171925;7077;4791;565;246378496;25991675;40107991
1527713172025;7087;4798;566;246378496;25991891;40108513
1527713172125;7097;4804;567;246378496;25992107;40109029
1527713172225;7107;4811;568;246378496;25992323;40109543
1527713172325;7117;4818;568;246378496;25992431;40109802
1527713172426;7127;4825;569;246378496;25992647;40110316
1527713172526;7137;4833;570;246378496;25992863;40110831
1527713172626;7147;4840;571;246378496;25993079;40111347
1527713172726;7157;4847;571;246378496;25993295;40111865
1527713172826;7167;4854;572;246378496;25993511;40112377
1527713172926;7177;4860;573;246378496;25993727;40112892
1527713173027;7187;4868;574;246378496;25993943;40113409
1527713173127;7197;4876;574;246378496;25994051;40113667
1527713173227;7207;4882;575;246378496;25994363;40114183
1527713173327;7217;4889;576;246378496;25994579;40114698
1527713173427;7227;4895;577;246378496;25994795;40115215
1527713173528;7237;4902;578;246378496;25995011;40115729
1527713173628;7247;4909;579;246378496;25995227;40116246
1527713173728;7257;4915;580;246378496;25995443;40116764
1527713173829;7267;4922;581;246378496;25995659;40117281
1527713173929;7277;4929;582;246378496;25995767;40117540
1527713174029;7287;4936;582;246378496;25995983;40118056
1527713174129;7297;4944;583;246378496;25996199;40118576
1527713174230;7308;4951;584;246378496;25996415;40119091
1527713174330;7318;4958;585;246378496;25996631;40119606
1527713174430;7328;4964;586;246378496;25996847;40120123
1527713174530;7338;4972;586;246378496;25997063;40120638
1527713174631;7348;4978;588;246378496;25997279;40121102
1527713174731;7358;4984;589;246378496;25997387;40121412
1527713174831;7368;4990;591;246378496;25997603;40121929
1527713174931;7378;4998;592;246378496;25997819;40122445
1527713175031;7388;5004;593;246378496;25998035;40122958
1527713175131;7398;5012;594;246378496;25998143;40123216
1527713175231;7408;5019;595;246378496;25998251;40123476
1527713175332;7418;5026;596;246378496;25998467;40123993
1527713175432;7428;5032;597;246378496;25998683;40124510
1527713175532;7438;5038;598;246378496;25998899;40125027
1527713175633;7448;5046;598;246378496;25999115;40125543
1527713175733;7458;5053;598;246378496;25999331;40126058
1527713175833;7468;5060;599;246378496;25999439;40126314
1527713175933;7478;5067;600;246378496;25999655;40126830
1527713176033;7488;5075;600;246378496;25999871;40127343
1527713176133;7498;5082;601;246378496;26000087;40127860
1527713176233;7508;5088;602;246378496;26000303;40128374
1527713176333;7518;5096;602;246378496;26000519;40128889
1527713176434;7528;5102;604;246378496;26000627;40129148
1527713176534;7538;5109;604;246378496;26000843;40129661
1527713176634;7548;5116;605;246378496;26001059;40130175
1527713176734;7558;5124;606;246378496;26001167;40130432
1527713176835;7568;5130;607;246378496;26001383;40130948
1527713176935;7578;5138;608;246378496;26001491;40131206
1527713177036;7588;5145;609;246378496;26001707;40131723
1527713177136;7598;5150;611;246378496;26001923;40132241
1527713177236;7608;5156;613;246378496;26002139;40132705
1527713177336;7618;5164;613;246378496;26002247;40133016
1527713177436;7628;5172;614;246378496;26002463;40133531
1527713177536;7638;5179;614;246378496;26002679;40134048
1527713177636;7648;5187;614;246378496;26002787;40134310
1527713177736;7658;5194;615;246378496;26003003;40134843
1527713177836;7668;5200;616;246378496;26003219;40135376
1527713177936;7678;5208;616;246378496;26003327;40135642
1527713178036;7688;5216;616;246378496;26003543;40136173
1527713178136;7698;5223;617;246378496;26003759;40136706
1527713178236;7708;5230;618;246378496;26003975;40137234
1527713178336;7718;5238;618;246378496;26004083;40137497
1527713178436;7728;5244;620;246378496;26004299;40138025
1527713178536;7738;5252;620;246378496;26004515;40138549
1527713178636;7748;5259;620;246378496;26004731;40139073
1527713178736;7758;5266;621;246378496;26004947;40139603
1527713178837;7768;5273;621;246378496;26005163;40140081
1527713178937;7778;5280;621;246378496;26005271;40140395
1527713179037;7788;5286;622;246378496;26005487;40140923
1527713179137;7798;5292;623;246378496;26005703;40141451
1527713179237;7808;5298;625;246378496;26005811;40141715
1527713179337;7818;5306;625;246378496;26006027;40142241
1527713179437;7828;5312;627;246378496;26006243;40142768
1527713179538;7838;5320;627;246378496;26006459;40143296
1527713179640;7849;5326;628;246378496;26006675;40143822
1527713179741;7859;5333;629;246378496;26006891;40144350
1527713179841;7869;5342;630;246378496;26007107;40144879
1527713179942;7879;5350;630;246378496;26007215;40145142
1527713180042;7889;5357;631;246378496;26007431;40145670
1527713180142;7899;5362;631;246378496;26007647;40146198
1527713180242;7909;5370;631;246378496;26007755;40146463
1527713180342;7919;5377;632;246378496;26007971;40146987
1527713180442;7929;5382;635;246378496;26008187;40147515
1527713180542;7939;5390;635;246378496;26008403;40148042
1527713180643;7949;5397;636;246378496;26008511;40148306
1527713180743;7959;5404;638;246378496;26008727;40148823
1527713180843;7969;5410;639;246378496;26008943;40149341
1527713180944;7979;5417;640;246378496;26009159;40149857
1527713181044;7989;5424;641;246378496;26009267;40150115
1527713181145;7999;5431;642;246378496;26009483;40150631
1527713181245;8009;5438;644;246378496;26009699;40151145
1527713181345;8019;5444;644;246378496;26009807;40151404
1527713181445;8029;5451;646;246378496;26010023;40151924
1527713181546;8039;5458;647;246378496;26010239;40152442
1527713181646;8049;5465;648;246378496;26010455;40152958
1527713181746;8059;5473;648;246378496;26010563;40153216
1527713181846;8069;5480;649;246378496;26010779;40153734
1527713181946;8079;5488;650;246378496;26010887;40153993
1527713182046;8089;5492;651;246378496;26011047;40154458
1527713182146;8099;5498;653;246378496;26011211;40154770
1527713182246;8109;5505;653;246378496;26011427;40155289
1527713182347;8119;5512;654;246378496;26011535;40155549
1527713182447;8129;5520;654;246378496;26011751;40156068
1527713182547;8139;5525;656;246378496;26011859;40156325
1527713182648;8149;5533;657;246378496;26012075;40156843
1527713182748;8159;5540;658;246378496;26012291;40157362
1527713182848;8169;5546;659;246378496;26012399;40157621
1527713182952;8180;5554;660;246378496;26012615;40158140
1527713183052;8190;5561;661;246378496;26012723;40158400
1527713183152;8200;5568;662;246378496;26012939;40158919
1527713183252;8210;5575;662;246378496;26013155;40159437
1527713183353;8220;5584;662;246378496;26013263;40159697
1527713183453;8230;5591;663;246378496;26013479;40160217
1527713183553;8240;5598;664;246378496;26013695;40160685
1527713183654;8250;5605;665;246378496;26013803;40160997
1527713183754;8260;5611;667;246378496;26014019;40161515
1527713183854;8270;5620;668;246378496;26014127;40161775
1527713183954;8280;5626;669;246378496;26014343;40162296
1527713184054;8290;5633;669;246378496;26014559;40162814
1527713184154;8300;5640;670;246378496;26014667;40163074
1527713184254;8310;5647;671;246378496;26014883;40163592
1527713184355;8320;5655;672;246378496;26014991;40163853
1527713184455;8330;5663;672;246378496;26015207;40164372
1527713184555;8340;5667;676;246378496;26015423;40164891
1527713184656;8350;5675;676;246378496;26015531;40165151
1527713184756;8360;5682;676;246378496;26015747;40165670
1527713184857;8370;5689;677;246378496;26015963;40166189
1527713184957;8380;5696;678;246378496;26016071;40166448
1527713185058;8390;5704;678;246378496;26016287;40166966
1527713185158;8400;5711;679;246378496;26016503;40167485
1527713185258;8410;5717;681;246378496;26016611;40167744
1527713185358;8420;5723;681;246378496;26016827;40168263
1527713185459;8430;5730;682;246378496;26016935;40168523
1527713185559;8440;5737;684;246378496;26017151;40169041
1527713185659;8450;5743;685;246378496;26017367;40169560
1527713185760;8461;5749;687;246378496;26017475;40169820
1527713185860;8471;5756;688;246378496;26017691;40170337
1527713185961;8481;5763;688;246378496;26017799;40170597
1527713186061;8491;5770;690;246378496;26018015;40171117
1527713186161;8501;5774;691;246378496;26018619;40171639
1527713186261;8511;5781;692;246378496;26018727;40171898
1527713186362;8521;5788;693;246378496;26018835;40172157
1527713186462;8531;5796;694;246378496;26019051;40172677
1527713186562;8541;5802;694;246378496;26019267;40173196
1527713186662;8551;5809;694;246378496;26019483;40173664
1527713186763;8561;5816;694;246378496;26019591;40173973
1527713186864;8571;5823;695;246378496;26019807;40174490
1527713186964;8581;5830;696;246378496;26019915;40174750
1527713187065;8591;5838;696;246378496;26020131;40175268
1527713187165;8601;5844;698;246378496;26020239;40175528
1527713187265;8611;5850;698;246378496;26020455;40176046
1527713187365;8621;5857;698;246378496;26020563;40176305
1527713187466;8631;5864;700;246378496;26020779;40176826
1527713187566;8641;5868;702;246378496;26020887;40177085
1527713187666;8651;5876;703;246378496;26021103;40177603
1527713187766;8661;5881;705;246378496;26021319;40178121
1527713187866;8671;5890;705;246378496;26021427;40178381
1527713187966;8681;5897;705;246378496;26021643;40178848
1527713188067;8691;5905;706;246378496;26021751;40179160
1527713188167;8701;5911;707;246378496;26022017;40179681
1527713188267;8711;5918;708;246378496;26022125;40179940
1527713188367;8721;5924;708;246378496;26022341;40180459
1527713188467;8731;5931;709;246378496;26022449;40180719
1527713188568;8741;5939;710;246378496;26022697;40181270
1527713188668;8751;5946;710;246378496;26022805;40181529
1527713188768;8761;5953;712;246378496;26023021;40182048
1527713188868;8771;5959;712;246378496;26023237;40182566
1527713188969;8781;5966;713;246378496;26023345;40182826
1527713189069;8791;5973;714;246378496;26023561;40183346
1527713189170;8802;5979;714;246378496;26023721;40183813
1527713189271;8812;5987;715;246378496;26023885;40184125
1527713189371;8822;5993;716;246378496;26024101;40184642
1527713189471;8832;6001;717;246378496;26024209;40184899
1527713189571;8842;6008;717;246378496;26024425;40185419
1527713189672;8852;6014;718;246378496;26024533;40185678
1527713189772;8862;6020;720;246378496;26024749;40186198
1527713189872;8872;6027;721;246378496;26024965;40186716
1527713189972;8882;6034;721;246378496;26025073;40186976
1527713190072;8892;6040;722;246378496;26025289;40187496
1527713190173;8902;6048;722;246378496;26025397;40187755
1527713190273;8912;6056;722;246378496;26025613;40188274
1527713190373;8922;6062;723;246378496;26025829;40188792
1527713190474;8932;6072;723;246378496;26025937;40189052
1527713190574;8942;6077;724;246378496;26026153;40189571
1527713190674;8952;6085;725;246378496;26026261;40189831
1527713190774;8962;6091;725;246378496;26026477;40190350
1527713190874;8972;6098;726;246378496;26026585;40190608
1527713190974;8982;6105;726;246378496;26026801;40191128
1527713191074;8992;6112;726;246378496;26027017;40191644
1527713191174;9002;6119;727;246378496;26027125;40191904
1527713191274;9012;6126;728;246378496;26027341;40192421
1527713191374;9022;6132;730;246378496;26027449;40192679
1527713191474;9032;6138;732;246378496;26027665;40193196
1527713191575;9042;6144;732;246378496;26027773;40193454
1527713191675;9052;6151;733;246378496;26027989;40193974
1527713191775;9062;6156;734;246378496;26028205;40194493
1527713191876;9072;6163;736;246378496;26028313;40194752
1527713191976;9082;6171;736;246378496;26028529;40195270
1527713192076;9092;6176;736;246378496;26028745;40195786
1527713192177;9102;6184;736;246378496;26028853;40196046
1527713192277;9112;6190;738;246378496;26029069;40196563
1527713192377;9122;6196;740;246378496;26029285;40197082
1527713192477;9132;6202;741;246378496;26029393;40197341
1527713192577;9142;6207;743;246378496;26029609;40197859
1527713192678;9152;6215;743;246378496;26029717;40198119
1527713192778;9162;6222;743;246378496;26029933;40198637
1527713192878;9172;6228;744;246378496;26030149;40199157
1527713192978;9182;6236;744;246378496;26030257;40199416
1527713193079;9192;6241;746;246378496;26030473;40199934
1527713193179;9202;6249;746;246378496;26030581;40200193
1527713193280;9213;6255;747;246378496;26030797;40200711
1527713193380;9223;6262;748;246378496;26030905;40200970
1527713193480;9233;6269;748;246378496;26031121;40201489
1527713193581;9243;6276;748;246378496;26031337;40202009
1527713193681;9253;6282;750;246378496;26031445;40202268
1527713193781;9263;6288;751;246378496;26031661;40202786
1527713193881;9273;6296;751;246378496;26031877;40203252
1527713193981;9283;6303;752;246378496;26031985;40203564
1527713194081;9293;6308;754;246378496;26032201;40204082
1527713194181;9303;6315;754;246378496;26032309;40204342
1527713194282;9313;6321;755;246378496;26032525;40204861
1527713194383;9323;6328;756;246378496;26032741;40205378
1527713194484;9333;6335;757;246378496;26032849;40205638
1527713194584;9343;6343;757;246378496;26033065;40206156
1527713194684;9353;6351;758;246378496;26033173;40206416
1527713194785;9363;6357;758;246378496;26033389;40206934
1527713194885;9373;6363;760;246378496;26033605;40207452
1527713194985;9383;6370;761;246378496;26033713;40207711
1527713195088;9393;6376;762;246378496;26033929;40208228
1527713195188;9403;6382;762;246378496;26034145;40208745
1527713195288;9413;6390;763;246378496;26034253;40209004
1527713195388;9423;6396;764;246378496;26034469;40209521
1527713195488;9433;6403;764;246378496;26034577;40209780
1527713195588;9443;6409;766;246378496;26034793;40210297
1527713195688;9453;6416;766;246378496;26034901;40210556
1527713195788;9463;6423;767;246378496;26035117;40211075
1527713195889;9473;6429;768;246378496;26035333;40211593
1527713195989;9483;6436;769;246378496;26035441;40211853
1527713196089;9493;6443;770;246378496;26035657;40212371
1527713196189;9503;6449;771;246378496;26035873;40212890
1527713196290;9514;6458;771;246378496;26035981;40213149
1527713196390;9524;6464;772;246378496;26036197;40213669
1527713196490;9534;6472;773;246378496;26036305;40213929
1527713196590;9544;6478;774;246378496;26036521;40214448
1527713196691;9554;6486;774;246378496;26036629;40214707
1527713196791;9564;6492;775;246378496;26036845;40215227
1527713196891;9574;6498;775;246378496;26036953;40215486
1527713196993;9584;6506;776;246378496;26037169;40216005
1527713197093;9594;6512;777;246378496;26037385;40216521
1527713197193;9604;6520;777;246378496;26037493;40216781
1527713197293;9614;6526;779;246378496;26037709;40217300
1527713197393;9624;6532;779;246378496;26037925;40217819
1527713197493;9634;6540;780;246378496;26038033;40218080
1527713197593;9644;6545;781;246378496;26038249;40218598
1527713197693;9654;6551;782;246378496;26038465;40219117
1527713197794;9664;6557;783;246378496;26038573;40219375
1527713197894;9674;6564;784;246378496;26038789;40219893
1527713197994;9684;6570;784;246378496;26039005;40220412
1527713198094;9694;6578;785;246378496;26039113;40220671
1527713198195;9704;6584;786;246378496;26039329;40221188
1527713198295;9714;6589;787;246378496;26039545;40221705
1527713198395;9724;6597;787;246378496;26039653;40221965
1527713198496;9734;6603;788;246378496;26039869;40222483
1527713198596;9744;6610;789;246378496;26039977;40222743
1527713198696;9754;6618;789;246378496;26040193;40223263
1527713198796;9764;6624;790;246378496;26040409;40223781
1527713198896;9774;6632;790;246378496;26040517;40224040
1527713198996;9784;6638;792;246378496;26040733;40224553
1527713199096;9794;6643;793;246378496;26040949;40225073
1527713199196;9804;6650;794;246378496;26041057;40225333
1527713199296;9814;6656;795;246378496;26041273;40225852
1527713199396;9824;6662;795;246378496;26041381;40226109
1527713199496;9834;6670;796;246378496;26041597;40226629
1527713199596;9844;6676;798;246378496;26041813;40227149
1527713199696;9854;6682;799;246378496;26041921;40227409
1527713199796;9864;6688;801;246378496;26042137;40227928
1527713199896;9874;6696;801;246378496;26042245;40228188
1527713199996;9884;6703;802;246378496;26042461;40228706
1527713200096;9894;6710;803;246378496;26042569;40228964
1527713200196;9904;6716;804;246378496;26042785;40229485
1527713200296;9914;6721;805;246378496;26043001;40230006
1527713200396;9924;6729;805;246378496;26043109;40230266
1527713200496;9934;6735;806;246378496;26043325;40230785
1527713200596;9944;6743;806;246378496;26043433;40231044
1527713200697;9954;6748;807;246378496;26043649;40231562
1527713200797;9964;6756;808;246378496;26043757;40231823
1527713200897;9974;6764;808;246378496;26043973;40232343
1527713200997;9984;6770;809;246378496;26044081;40232602
1527713201098;9994;6776;810;246378496;26044297;40233119
1527713201198;10004;6782;811;246378496;26044513;40233635
1527713201298;10014;6790;811;246378496;26044621;40233895
1527713201398;10024;6796;812;246378496;26044837;40234410
1527713201498;10034;6802;814;246378496;26044945;40234670
1527713201598;10044;6809;814;246378496;26045161;40235190
1527713201698;10054;6815;815;246378496;26045377;40235709
1527713201798;10064;6822;816;246378496;26045485;40235970
1527713201898;10074;6829;816;246378496;26045701;40236488
1527713201999;10084;6834;818;246378496;26045917;40237006
1527713202099;10094;6842;818;246378496;26046025;40237264
1527713202199;10104;6848;820;246378496;26046241;40237783
1527713202300;10115;6848;820;246378496;26046241;40237783
1527713202400;10125;6848;820;246378496;26046241;40237783
1527713202500;10135;6848;820;246378496;26046241;40237783
1527713202601;10145;6848;820;246378496;26046241;40237783
1527713202701;10155;6848;820;246378496;26046241;40237783
1527713202801;10165;6848;820;246378496;26046349;40238042
1527713202901;10175;6856;821;246378496;26046457;40238302
1527713203002;10185;6863;822;246378496;26046673;40238820
1527713203102;10195;6869;822;246378496;26046889;40239339
1527713203202;10205;6878;823;246378496;26047047;40239599
1527713203302;10215;6884;824;246378496;26047309;40240115
1527713203402;10225;6890;825;246378496;26047525;40240578
1527713203502;10235;6895;828;246378496;26047633;40240889
1527713203602;10245;6902;829;246378496;26047849;40241405
1527713203702;10255;6908;830;246378496;26047957;40241664
1527713203802;10265;6915;831;246378496;26048173;40242180
1527713203902;10275;6922;832;246378496;26048389;40242698
1527713204002;10285;6928;832;246378496;26048605;40243215
1527713204102;10295;6936;834;246378496;26048713;40243474
1527713204203;10305;6942;835;246378496;26048929;40243994
1527713204303;10315;6949;836;246378496;26049145;40244514
1527713204404;10325;6956;836;246378496;26049253;40244773
1527713204504;10335;6964;836;246378496;26049469;40245291
1527713204605;10345;6972;836;246378496;26049685;40245810
1527713204705;10355;6978;837;246378496;26049901;40246331
1527713204805;10365;6986;838;246378496;26050009;40246590
1527713204906;10375;6992;839;246378496;26050225;40247109
1527713205006;10385;6999;840;246378496;26050441;40247628
1527713205106;10395;7006;840;246378496;26050549;40247885
1527713205206;10405;7014;841;246378496;26050765;40248406
1527713205307;10415;7021;841;246378496;26050981;40248927
1527713205407;10425;7027;842;246378496;26051197;40249445
1527713205507;10435;7034;843;246378496;26051305;40249703
1527713205608;10445;7042;844;246378496;26051521;40250222
1527713205708;10455;7048;845;246378496;26051737;40250743
1527713205809;10465;7056;846;246378496;26051845;40251001
1527713205909;10475;7062;847;246378496;26052061;40251519
1527713206009;10485;7069;848;246378496;26052277;40252038
1527713206109;10495;7077;848;246378496;26052385;40252298
1527713206209;10506;7085;849;246378496;26052601;40252816
1527713206309;10515;7090;851;246378496;26052817;40253334
1527713206409;10525;7097;851;246378496;26053033;40253853
1527713206510;10536;7106;852;246378496;26053141;40254112
1527713206610;10546;7114;852;246378496;26053357;40254629
1527713206710;10556;7121;854;246378496;26053465;40254888
1527713206811;10566;7127;856;246378496;26053681;40255407
1527713206911;10576;7132;856;246378496;26053789;40255666
1527713207012;10586;7140;857;246378496;26054005;40256185
1527713207112;10596;7144;859;246378496;26054221;40256702
1527713207212;10606;7150;861;246378496;26054437;40257218
1527713207313;10616;7157;862;246378496;26054545;40257477
1527713207413;10626;7165;862;246378496;26054761;40257996
1527713207513;10636;7172;863;246378496;26054977;40258514
1527713207613;10646;7179;863;246378496;26055085;40258774
1527713207713;10656;7186;864;246378496;26055301;40259292
1527713207814;10666;7192;866;246378496;26055517;40259810
1527713207914;10676;7199;867;246378496;26055733;40260330
1527713208015;10686;7205;868;246378496;26055949;40260848
1527713208116;10696;7213;869;246378496;26056057;40261107
1527713208216;10706;7220;870;246378496;26056273;40261626
1527713208316;10716;7226;870;246378496;26056489;40262146
1527713208417;10726;7234;871;246378496;26056597;40262406
1527713208517;10736;7241;872;246378496;26056813;40262924
1527713208617;10746;7247;873;246378496;26057029;40263441
1527713208717;10756;7253;875;246378496;26057245;40263958
1527713208818;10766;7261;875;246378496;26057353;40264216
1527713208918;10776;7267;876;246378496;26057569;40264730
1527713209018;10786;7274;876;246378496;26057785;40265249
1527713209118;10796;7281;878;246378496;26057893;40265510
1527713209219;10806;7288;878;246378496;26058109;40266027
1527713209319;10816;7295;879;246378496;26058325;40266548
1527713209419;10826;7302;880;246378496;26058433;40266807
1527713209520;10837;7310;880;246378496;26058649;40267325
1527713209620;10847;7317;881;246378496;26058865;40267844
1527713209720;10857;7325;881;246378496;26058973;40268103
1527713209821;10867;7333;882;246378496;26059189;40268621
1527713209921;10877;7340;882;246378496;26059405;40269140
1527713210021;10887;7346;883;246378496;26059621;40269655
1527713210121;10897;7353;884;246378496;26059729;40269914
1527713210221;10907;7360;885;246378496;26059945;40270434
1527713210321;10917;7367;886;246378496;26060161;40270951
1527713210421;10927;7373;887;246378496;26060269;40271210
1527713210521;10937;7379;888;246378496;26060485;40271729
1527713210621;10947;7384;889;246378496;26060593;40271989
1527713210721;10957;7392;890;246378496;26060809;40272507
1527713210821;10967;7397;891;246378496;26061025;40273028
1527713210921;10977;7404;892;246378496;26061133;40273288
1527713211021;10987;7412;892;246378496;26061349;40273822
1527713211122;10997;7418;893;246378496;26061565;40274354
1527713211223;11007;7424;894;246378496;26061673;40274620
1527713211323;11017;7431;895;246378496;26061889;40275154
1527713211423;11027;7436;897;246378496;26062105;40275686
1527713211523;11037;7443;898;246378496;26062213;40275951
1527713211623;11047;7450;898;246378496;26062429;40276481
1527713211723;11057;7455;899;246378496;26062645;40277009
1527713211823;11067;7462;900;246378496;26062753;40277277
1527713211923;11077;7468;902;246378496;26062969;40277809
1527713212023;11087;7473;903;246378496;26063077;40278072
1527713212123;11097;7480;904;246378496;26063293;40278602
1527713212224;11107;7486;904;246378496;26063509;40279129
1527713212324;11117;7492;905;246378496;26063617;40279393
1527713212424;11127;7500;906;246378496;26063833;40279923
1527713212525;11137;7505;907;246378496;26064049;40280450
1527713212625;11147;7511;908;246378496;26064157;40280713
1527713212725;11157;7518;909;246378496;26064373;40281244
1527713212825;11167;7524;910;246378496;26064589;40281774
1527713212925;11177;7532;910;246378496;26064697;40282040
1527713213025;11187;7539;910;246378496;26064913;40282571
1527713213125;11197;7544;911;246378496;26065129;40283099
1527713213225;11207;7550;913;246378496;26065237;40283364
1527713213326;11217;7557;914;246378496;26065453;40283892
1527713213426;11227;7562;916;246378496;26065669;40284424
1527713213526;11237;7568;916;246378496;26065777;40284690
1527713213627;11247;7576;917;246378496;26065993;40285216
1527713213727;11257;7583;917;246378496;26066209;40285744
1527713213827;11267;7589;919;246378496;26066317;40286009
1527713213928;11277;7595;920;246378496;26066533;40286540
1527713214028;11287;7600;922;246378496;26066749;40287067
1527713214128;11297;7607;923;246378496;26066857;40287327
1527713214228;11307;7614;924;246378496;26067073;40287854
1527713214328;11317;7620;925;246378496;26067289;40288381
1527713214428;11327;7627;925;246378496;26067397;40288646
1527713214528;11337;7634;926;246378496;26067613;40289172
1527713214628;11347;7641;926;246378496;26067721;40289437
1527713214729;11357;7648;928;246378496;26067937;40289967
1527713214829;11367;7653;929;246378496;26068153;40290495
1527713214930;11378;7659;930;246378496;26068369;40290973
1527713215030;11388;7666;930;246378496;26068477;40291292
1527713215131;11398;7673;932;246378496;26068693;40291820
1527713215231;11408;7680;932;246378496;26068909;40292351
1527713215331;11418;7686;934;246378496;26069017;40292616
1527713215431;11428;7692;934;246378496;26069233;40293146
1527713215531;11438;7698;935;246378496;26069449;40293674
1527713215632;11448;7705;936;246378496;26069665;40294152
1527713215733;11458;7712;937;246378496;26069773;40294468
1527713215833;11468;7719;937;246378496;26069989;40294998
1527713215933;11478;7726;938;246378496;26070205;40295471
1527713216034;11488;7734;938;246378496;26070313;40295787
1527713216134;11498;7739;940;246378496;26070529;40296314
1527713216234;11508;7745;941;246378496;26071133;40296840
1527713216334;11518;7752;942;246378496;26071241;40297105
1527713216434;11528;7758;942;246378496;26071457;40297635
1527713216535;11538;7764;943;246378496;26071673;40298167
1527713216635;11548;7770;945;246378496;26071781;40298432
1527713216735;11558;7776;947;246378496;26071997;40298967
1527713216836;11568;7782;948;246378496;26072213;40299498
1527713216936;11578;7789;948;246378496;26072321;40299764
1527713217036;11588;7797;948;246378496;26072537;40300289
1527713217136;11598;7804;948;246378496;26072753;40300822
1527713217237;11608;7811;949;246378496;26072861;40301087
1527713217337;11618;7818;949;246378496;26073077;40301615
1527713217437;11628;7825;950;246378496;26073293;40302145
1527713217537;11638;7832;950;246378496;26073401;40302408
1527713217637;11648;7840;950;246378496;26073617;40302931
1527713217737;11658;7846;951;246378496;26073833;40303442
1527713217837;11668;7853;952;246378496;26073941;40303698
1527713217937;11678;7860;952;246378496;26074157;40304212
1527713218037;11688;7866;953;246378496;26074373;40304728
1527713218140;11699;7871;953;246378496;26074481;40304985
1527713218241;11709;7874;954;246378496;26074531;40304985
1527713218341;11719;7874;954;246378496;26074531;40304985
1527713218441;11729;7874;954;246378496;26074531;40304985
1527713218542;11739;7874;954;246378496;26074531;40304985
1527713218642;11749;7874;954;246378496;26074577;40304985
1527713218743;11759;7874;954;246378496;26074577;40304985
1527713218843;11769;7874;954;246378496;26074577;40304985
1527713218943;11779;7874;954;246378496;26074577;40304985
1527713219044;11789;7874;954;246378496;26074577;40304985
1527713219144;11799;7878;955;246378496;26074793;40305499
1527713219244;11809;7884;957;246378496;26075009;40306015
1527713219345;11819;7892;958;246378496;26075117;40306273
1527713219445;11829;7898;959;246378496;26075333;40306793
1527713219545;11839;7905;960;246378496;26075549;40307310
1527713219645;11849;7914;960;246378496;26075657;40307567
1527713219746;11859;7921;960;246378496;26075873;40308084
1527713219846;11869;7930;961;246378496;26075981;40308342
1527713219946;11879;7936;962;246378496;26076197;40308858
1527713220047;11889;7944;963;246378496;26076413;40309376
1527713220147;11899;7952;964;246378496;26076521;40309634
1527713220248;11909;7960;964;246378496;26076629;40309892
1527713220348;11919;7967;965;246378496;26076845;40310409
1527713220448;11929;7974;965;246378496;26077061;40310922
1527713220548;11939;7980;966;246378496;26077277;40311438
1527713220648;11949;7987;967;246378496;26077493;40311904
1527713220748;11959;7994;968;246378496;26077601;40312214
1527713220849;11969;8000;970;246378496;26077817;40312733
1527713220949;11979;8006;972;246378496;26078033;40313251
1527713221049;11989;8012;973;246378496;26078249;40313768
1527713221149;11999;8020;973;246378496;26078357;40314028
1527713221249;12009;8026;975;246378496;26078573;40314544
1527713221349;12019;8034;976;246378496;26078681;40314804
1527713221449;12029;8040;978;246378496;26078897;40315319
1527713221549;12039;8047;979;246378496;26079005;40315577
1527713221649;12049;8055;980;246378496;26079221;40316097
1527713221749;12059;8061;980;246378496;26079437;40316615
1527713221850;12070;8069;980;246378496;26079653;40317133
1527713221950;12080;8077;981;246378496;26079761;40317391
1527713222050;12090;8084;981;246378496;26079977;40317906
1527713222150;12100;8092;982;246378496;26080085;40318164
1527713222251;12110;8098;983;246378496;26080301;40318681
1527713222351;12120;8105;984;246378496;26080517;40319199
1527713222451;12130;8111;985;246378496;26080733;40319717
1527713222551;12140;8118;985;246378496;26080841;40319976
1527713222652;12150;8126;986;246378496;26081057;40320496
1527713222752;12160;8133;987;246378496;26081273;40321014
1527713222852;12170;8140;988;246378496;26081489;40321530
1527713222953;12180;8146;989;246378496;26081705;40322045
1527713223053;12190;8153;990;246378496;26081813;40322304
1527713223153;12200;8160;992;246378496;26082029;40322820
1527713223253;12210;8166;992;246378496;26082245;40323338
1527713223354;12220;8172;994;246378496;26082353;40323597
1527713223454;12230;8180;994;246378496;26082569;40324112
1527713223554;12240;8187;995;246378496;26082785;40324627
1527713223654;12250;8193;996;246378496;26083001;40325146
1527713223755;12260;8201;996;246378496;26083217;40325664
1527713223855;12270;8208;998;246378496;26083325;40325922
1527713223956;12280;8218;998;246378496;26083573;40326182
1527713224056;12290;8226;998;246378496;26083681;40326440
1527713224157;12300;8234;998;246378496;26083789;40326698
1527713224257;12310;8242;1000;246378496;26083897;40326959
1527713224357;12320;8249;1001;246378496;26084113;40327474
1527713224457;12330;8256;1002;246378496;26084329;40327987
1527713224558;12340;8262;1004;246378496;26084545;40328505
1527713224658;12350;8270;1004;246378496;26084653;40328764
1527713224758;12360;8276;1005;246378496;26084919;40329279
1527713224858;12370;8282;1006;246378496;26085135;40329794
1527713224958;12380;8290;1006;246378496;26085570;40330051
1527713225058;12390;8296;1008;246378496;26085786;40330570
1527713225159;12400;8302;1009;246378496;26086002;40331088
1527713225260;12411;8310;1009;246378496;26086218;40331607
1527713225360;12421;8318;1010;246378496;26086326;40331867
1527713225461;12431;8324;1012;246378496;26086542;40332387
1527713225561;12441;8332;1012;246378496;26086758;40332904
1527713225661;12451;8338;1012;246378496;26086974;40333421
1527713225762;12461;8345;1013;246378496;26087190;40333938
1527713225863;12471;8353;1013;246378496;26087298;40334198
1527713225964;12481;8360;1014;246378496;26087514;40334716
1527713226064;12491;8368;1014;246378496;26087730;40335233
1527713226164;12501;8375;1014;246378496;26087946;40335752
1527713226265;12511;8382;1015;246378496;26088162;40336265
1527713226365;12521;8389;1016;246378496;26088270;40336523
1527713226465;12531;8398;1016;246378496;26088486;40337042
1527713226565;12541;8404;1017;246378496;26088702;40337561
1527713226666;12551;8410;1018;246378496;26088918;40338081
1527713226766;12561;8417;1020;246378496;26089026;40338340
1527713226866;12571;8423;1021;246378496;26089242;40338858
1527713226966;12581;8430;1022;246378496;26089458;40339375
1527713227067;12591;8436;1024;246378496;26089674;40339893
1527713227167;12601;8443;1025;246378496;26089782;40340151
1527713227267;12611;8451;1025;246378496;26089998;40340671
1527713227368;12621;8458;1025;246378496;26090214;40341190
1527713227468;12631;8466;1026;246378496;26090430;40341705
1527713227568;12641;8473;1026;246378496;26090646;40342221
1527713227669;12651;8481;1026;246378496;26090754;40342479
1527713227769;12661;8489;1026;246378496;26090970;40342997
1527713227869;12671;8494;1027;246378496;26091186;40343515
1527713227970;12682;8501;1028;246378496;26091294;40343776
1527713228070;12692;8510;1028;246378496;26091510;40344295
1527713228170;12702;8518;1028;246378496;26091618;40344552
1527713228270;12712;8525;1029;246378496;26091834;40345070
1527713228370;12722;8534;1029;246378496;26091942;40345328
1527713228470;12732;8541;1029;246378496;26092158;40345845
1527713228570;12742;8548;1030;246378496;26092374;40346363
1527713228670;12752;8555;1030;246378496;26092590;40346880
1527713228770;12762;8562;1031;246378496;26092698;40347138
1527713228870;12772;8571;1031;246378496;26092914;40347654
1527713228970;12782;8578;1031;246378496;26093130;40348174
1527713229071;12792;8584;1033;246378496;26093238;40348431
1527713229171;12802;8591;1034;246378496;26093454;40348947
1527713229271;12812;8598;1035;246378496;26093670;40349466
1527713229372;12822;8606;1036;246378496;26093778;40349725
1527713229472;12832;8613;1036;246378496;26093994;40350242
1527713229572;12842;8619;1038;246378496;26094210;40350760
1527713229673;12852;8626;1038;246378496;26094318;40351019
1527713229773;12862;8635;1038;246378496;26094534;40351539
1527713229873;12872;8642;1039;246378496;26094750;40352056
1527713229973;12882;8648;1040;246378496;26094966;40352576
1527713230074;12892;8656;1040;246378496;26095074;40352835
1527713230174;12902;8663;1041;246378496;26095290;40353351
1527713230274;12912;8670;1042;246378496;26095506;40353867
1527713230375;12922;8676;1044;246378496;26095722;40354386
1527713230475;12932;8686;1044;246378496;26095830;40354648
1527713230575;12942;8692;1045;246378496;26096046;40355165
1527713230675;12952;8700;1045;246378496;26096262;40355681
1527713230775;12962;8706;1046;246378496;26096478;40356200
1527713230875;12972;8714;1047;246378496;26096586;40356457
1527713230975;12982;8720;1048;246378496;26096802;40356976
1527713231076;12992;8726;1050;246378496;26097018;40357495
1527713231176;13002;8734;1050;246378496;26097126;40357755
1527713231276;13012;8741;1052;246378496;26097342;40358273
1527713231377;13022;8748;1052;246378496;26097558;40358789
1527713231477;13032;8754;1054;246378496;26097774;40359304
1527713231577;13042;8762;1055;246378496;26097882;40359565
1527713231677;13052;8768;1056;246378496;26098098;40360081
1527713231778;13062;8774;1058;246378496;26098314;40360598
1527713231878;13072;8781;1059;246378496;26098530;40361117
1527713231978;13082;8788;1059;246378496;26098638;40361375
1527713232078;13092;8796;1060;246378496;26098854;40361895
1527713232179;13102;8802;1062;246378496;26099070;40362415
1527713232279;13112;8808;1062;246378496;26099286;40362933
1527713232379;13122;8816;1064;246378496;26099394;40363193
1527713232480;13133;8824;1064;246378496;26099610;40363712
1527713232580;13143;8831;1064;246378496;26099826;40364230
1527713232680;13153;8837;1065;246378496;26100042;40364746
1527713232781;13163;8844;1066;246378496;26100150;40365006
1527713232881;13173;8852;1067;246378496;26100366;40365522
1527713232981;13183;8858;1069;246378496;26100582;40366037
1527713233081;13193;8865;1070;246378496;26100690;40366297
1527713233181;13203;8872;1070;246378496;26100956;40366816
1527713233281;13213;8879;1071;246378496;26101204;40367367
1527713233381;13223;8885;1072;246378496;26101420;40367884
1527713233481;13233;8893;1073;246378496;26101528;40368142
1527713233581;13243;8899;1074;246378496;26101744;40368662
1527713233681;13253;8906;1075;246378496;26101960;40369181
1527713233781;13263;8914;1075;246378496;26102068;40369440
1527713233882;13273;8921;1076;246378496;26102284;40369960
1527713233984;13283;8928;1077;246378496;26102500;40370479
1527713234084;13293;8934;1077;246378496;26102608;40370736
1527713234185;13303;8940;1077;246378496;26102824;40371256
1527713234285;13313;8946;1079;246378496;26103040;40371724
1527713234385;13323;8954;1079;246378496;26103148;40372034
1527713234485;13333;8961;1080;246378496;26103364;40372555
1527713234586;13343;8968;1081;246378496;26103472;40372813
1527713234686;13353;8975;1081;246378496;26103688;40373332
1527713234786;13363;8981;1082;246378496;26103904;40373851
1527713234887;13373;8989;1083;246378496;26104012;40374109
1527713234987;13383;8996;1083;246378496;26104228;40374627
1527713235087;13393;9003;1084;246378496;26104336;40374885
1527713235188;13403;9010;1085;246378496;26104552;40375402
1527713235288;13413;9018;1085;246378496;26104660;40375659
1527713235389;13423;9025;1086;246378496;26104876;40376176
1527713235489;13433;9032;1086;246378496;26105092;40376693
1527713235589;13443;9039;1088;246378496;26105200;40376952
1527713235689;13453;9044;1089;246378496;26105416;40377471
1527713235790;13464;9052;1090;246378496;26105524;40377730
1527713235890;13474;9058;1090;246378496;26105740;40378249
1527713235990;13484;9064;1091;246378496;26105956;40378717
1527713236091;13494;9072;1092;246378496;26106064;40379028
1527713236191;13504;9078;1092;246378496;26106280;40379548
1527713236291;13514;9086;1093;246378496;26106388;40379806
1527713236392;13524;9092;1094;246378496;26106604;40380325
1527713236492;13534;9096;1094;246378496;26106604;40380325
1527713236592;13544;9096;1094;246378496;26106604;40380325
1527713236693;13554;9096;1094;246378496;26106604;40380325
1527713236793;13564;9096;1094;246378496;26106712;40380584
1527713236893;13574;9104;1095;246378496;26106820;40380844
1527713236993;13584;9110;1096;246378496;26107036;40381362
1527713237094;13594;9117;1096;246378496;26107252;40381826
1527713237194;13604;9125;1097;246378496;26107360;40382137
1527713237294;13614;9132;1098;246378496;26107576;40382654
1527713237394;13624;9140;1098;246378496;26107684;40382914
1527713237494;13634;9148;1098;246378496;26107900;40383431
1527713237594;13644;9154;1099;246378496;26108116;40383951
1527713237695;13654;9162;1099;246378496;26108224;40384209
1527713237796;13664;9169;1101;246378496;26108440;40384727
1527713237896;13674;9176;1102;246378496;26108548;40384985
1527713237996;13684;9183;1103;246378496;26108764;40385501
1527713238097;13694;9191;1104;246378496;26108872;40385761
1527713238197;13704;9199;1104;246378496;26109088;40386277
1527713238297;13714;9206;1106;246378496;26109304;40386792
1527713238397;13724;9214;1106;246378496;26109412;40387050
1527713238497;13734;9219;1108;246378496;26109628;40387569
1527713238597;13744;9227;1109;246378496;26109736;40387827
1527713238697;13754;9234;1109;246378496;26109952;40388346
1527713238797;13764;9241;1110;246378496;26110168;40388866
1527713238897;13774;9248;1110;246378496;26110384;40389385
1527713238997;13784;9256;1111;246378496;26110492;40389645
1527713239097;13794;9263;1112;246378496;26110708;40390163
1527713239198;13804;9270;1112;246378496;26110924;40390679
1527713239298;13814;9276;1113;246378496;26111032;40390936
1527713239398;13824;9284;1114;246378496;26111248;40391454
1527713239498;13834;9290;1115;246378496;26111464;40391972
1527713239599;13844;9298;1116;246378496;26111572;40392232
1527713239699;13854;9304;1117;246378496;26111788;40392751
1527713239799;13864;9311;1118;246378496;26112004;40393272
1527713239899;13874;9318;1119;246378496;26112112;40393530
1527713239999;13884;9326;1119;246378496;26112328;40394050
1527713240099;13894;9333;1120;246378496;26112436;40394310
1527713240199;13904;9338;1123;246378496;26112652;40394827
1527713240300;13915;9345;1124;246378496;26112868;40395343
1527713240400;13925;9353;1124;246378496;26112976;40395602
1527713240500;13935;9360;1124;246378496;26113192;40396121
1527713240600;13945;9367;1125;246378496;26113408;40396640
1527713240700;13955;9375;1125;246378496;26113516;40396901
1527713240800;13965;9382;1126;246378496;26113732;40397417
1527713240900;13975;9389;1126;246378496;26113948;40397932
1527713241000;13985;9396;1127;246378496;26114056;40398191
1527713241101;13995;9404;1127;246378496;26114272;40398706
1527713241201;14005;9411;1128;246378496;26114488;40399222
1527713241301;14015;9418;1128;246378496;26114596;40399483
1527713241402;14025;9426;1129;246378496;26114812;40400002
1527713241502;14035;9434;1130;246378496;26115028;40400519
1527713241602;14045;9442;1130;246378496;26115136;40400778
1527713241702;14055;9448;1130;246378496;26115352;40401297
1527713241802;14065;9455;1132;246378496;26115460;40401554
1527713241902;14075;9462;1133;246378496;26115676;40402072
1527713242002;14085;9469;1133;246378496;26115892;40402590
1527713242102;14095;9476;1135;246378496;26116108;40403107
1527713242202;14105;9484;1135;246378496;26116216;40403369
1527713242303;14115;9491;1136;246378496;26116432;40403885
1527713242403;14125;9496;1136;246378496;26116540;40404145
1527713242503;14135;9498;1136;246378496;26116540;40404145
1527713242604;14145;9498;1136;246378496;26116540;40404145
1527713242704;14155;9498;1136;246378496;26116540;40404145
1527713242805;14165;9498;1136;246378496;26116540;40404145
1527713242905;14175;9498;1136;246378496;26116540;40404145
1527713243005;14185;9498;1136;246378496;26116540;40404145
1527713243106;14195;9498;1136;246378496;26116540;40404145
1527713243207;14205;9498;1136;246378496;26116540;40404145
1527713243307;14215;9503;1136;246378496;26116648;40404404
1527713243407;14225;9511;1137;246378496;26116864;40404923
1527713243507;14235;9517;1138;246378496;26117080;40405441
1527713243608;14245;9525;1139;246378496;26117188;40405699
1527713243708;14255;9532;1140;246378496;26117404;40406216
1527713243808;14265;9538;1141;246378496;26117620;40406733
1527713243909;14275;9547;1142;246378496;26117728;40406991
1527713244009;14285;9554;1142;246378496;26117944;40407512
1527713244109;14295;9563;1143;246378496;26118052;40407771
1527713244209;14305;9568;1144;246378496;26118268;40408290
1527713244310;14316;9576;1145;246378496;26118376;40408549
1527713244410;14326;9583;1146;246378496;26118592;40409067
1527713244510;14336;9589;1148;246378496;26118808;40409585
1527713244611;14346;9597;1148;246378496;26118916;40409843
1527713244711;14356;9604;1148;246378496;26119132;40410356
1527713244811;14366;9611;1149;246378496;26119348;40410871
1527713244911;14376;9618;1150;246378496;26119456;40411131
1527713245012;14386;9625;1151;246378496;26119672;40411652
1527713245112;14396;9630;1154;246378496;26119888;40412166
1527713245212;14406;9638;1154;246378496;26120104;40412630
1527713245312;14416;9646;1155;246378496;26120212;40412942
1527713245412;14426;9652;1156;246378496;26120428;40413463
1527713245512;14436;9659;1157;246378496;26120536;40413721
1527713245613;14446;9666;1158;246378496;26120752;40414239
1527713245715;14456;9674;1158;246378496;26120968;40414758
1527713245816;14466;9681;1160;246378496;26121076;40415017
1527713245916;14476;9688;1160;246378496;26121292;40415532
1527713246017;14486;9695;1161;246378496;26121400;40415788
1527713246117;14496;9702;1162;246378496;26121616;40416303
1527713246218;14506;9709;1163;246378496;26122220;40416819
1527713246318;14516;9717;1164;246378496;26122328;40417076
1527713246418;14526;9723;1166;246378496;26122544;40417592
1527713246518;14536;9730;1166;246378496;26122760;40418109
1527713246618;14546;9737;1167;246378496;26122868;40418367
1527713246718;14556;9746;1168;246378496;26123084;40418882
1527713246818;14566;9751;1170;246378496;26123300;40419343
1527713246918;14576;9758;1172;246378496;26123408;40419654
1527713247020;14587;9765;1172;246378496;26123624;40420171
1527713247120;14597;9772;1173;246378496;26123732;40420429
1527713247223;14607;9780;1174;246378496;26123948;40420947
1527713247323;14617;9789;1175;246378496;26124056;40421207
1527713247423;14627;9795;1175;246378496;26124272;40421723
1527713247523;14637;9802;1176;246378496;26124380;40421982
1527713247623;14647;9810;1177;246378496;26124596;40422499
1527713247723;14657;9816;1178;246378496;26124812;40423015
1527713247824;14667;9824;1178;246378496;26124920;40423275
1527713247924;14677;9832;1178;246378496;26125136;40423797
1527713248024;14687;9839;1178;246378496;26125352;40424315
1527713248125;14697;9847;1179;246378496;26125460;40424574
1527713248225;14707;9853;1180;246378496;26125726;40425093
1527713248325;14717;9862;1180;246378496;26125834;40425353
1527713248425;14727;9869;1181;246378496;26126050;40425869
1527713248525;14737;9876;1182;246378496;26126158;40426127
1527713248625;14747;9885;1182;246378496;26126420;40426645
1527713248725;14757;9890;1184;246378496;26126636;40427161
1527713248826;14767;9898;1185;246378496;26126744;40427422
1527713248926;14777;9904;1186;246378496;26126960;40427939
1527713249026;14787;9911;1187;246378496;26127176;40428456
1527713249127;14797;9918;1187;246378496;26127284;40428714
1527713249227;14807;9926;1188;246378496;26127500;40429231
1527713249327;14817;9931;1190;246378496;26127716;40429746
1527713249428;14827;9938;1191;246378496;26127824;40430007
1527713249528;14837;9944;1192;246378496;26128040;40430524
1527713249629;14847;9952;1192;246378496;26128148;40430785
1527713249729;14857;9959;1193;246378496;26128364;40431304
1527713249829;14867;9965;1194;246378496;26128580;40431823
1527713249930;14878;9974;1194;246378496;26128688;40432083
1527713250030;14888;9980;1195;246378496;26128904;40432599
1527713250130;14898;9986;1197;246378496;26129120;40433118
1527713250230;14908;9992;1198;246378496;26129228;40433380
1527713250331;14918;10000;1199;246378496;26129444;40433899
1527713250431;14928;10007;1199;246378496;26129660;40434415
1527713250531;14938;10014;1200;246378496;26129768;40434673
1527713250632;14948;10021;1201;246378496;26129984;40435191
1527713250732;14958;10028;1202;246378496;26130200;40435710
1527713250832;14968;10034;1203;246378496;26130308;40435971
1527713250933;14978;10042;1204;246378496;26130524;40436489
1527713251033;14988;10048;1205;246378496;26130740;40437006
1527713251134;14998;10054;1206;246378496;26130956;40437526
1527713251234;15008;10062;1206;246378496;26131064;40437787
1527713251334;15018;10069;1208;246378496;26131280;40438305
1527713251434;15028;10076;1209;246378496;26131388;40438564
1527713251534;15038;10084;1209;246378496;26131604;40439082
1527713251635;15048;10092;1209;246378496;26131820;40439599
1527713251735;15058;10099;1210;246378496;26132060;40439857
1527713251835;15068;10106;1212;246378496;26132276;40440377
1527713251935;15078;10113;1213;246378496;26132384;40440635
1527713252035;15088;10120;1214;246378496;26132600;40441148
1527713252136;15098;10126;1216;246378496;26132708;40441407
1527713252236;15108;10135;1216;246378496;26132924;40441928
1527713252336;15118;10142;1216;246378496;26133140;40442447
1527713252436;15128;10149;1216;246378496;26133248;40442706
1527713252539;15138;10157;1217;246378496;26133464;40443227
1527713252639;15148;10164;1218;246378496;26133680;40443744
1527713252739;15158;10170;1219;246378496;26133896;40444263
1527713252840;15169;10178;1219;246378496;26134004;40444522
1527713252940;15179;10186;1219;246378496;26134220;40445042
1527713253040;15189;10192;1220;246378496;26134436;40445561
1527713253140;15199;10199;1221;246378496;26134544;40445819
1527713253240;15209;10207;1221;246378496;26134760;40446339
1527713253341;15219;10214;1222;246378496;26134976;40446859
1527713253441;15229;10221;1223;246378496;26135084;40447119
1527713253541;15239;10228;1224;246378496;26135300;40447640
1527713253641;15249;10234;1225;246378496;26135516;40448156
1527713253742;15259;10241;1226;246378496;26135732;40448675
1527713253842;15269;10250;1226;246378496;26135840;40448933
1527713253942;15279;10257;1226;246378496;26136056;40449454
1527713254042;15289;10262;1228;246378496;26136272;40449974
1527713254142;15299;10270;1228;246378496;26136488;40450495
1527713254242;15309;10277;1229;246378496;26136596;40450753
1527713254342;15319;10284;1230;246378496;26136812;40451269
1527713254442;15329;10291;1230;246378496;26137028;40451784
1527713254543;15339;10297;1232;246378496;26137136;40452042
1527713254643;15349;10304;1232;246378496;26137352;40452558
1527713254743;15359;10311;1233;246378496;26137568;40453076
1527713254843;15369;10317;1234;246378496;26137784;40453595
1527713254944;15379;10324;1235;246378496;26137892;40453853
1527713255044;15389;10330;1236;246378496;26138108;40454374
1527713255144;15399;10336;1238;246378496;26138324;40454890
1527713255245;15409;10343;1238;246378496;26138432;40455148
1527713255345;15419;10351;1238;246378496;26138648;40455662
1527713255448;15429;10357;1240;246378496;26138864;40456180
1527713255548;15439;10364;1240;246378496;26138972;40456439
1527713255648;15449;10372;1241;246378496;26139188;40456957
1527713255749;15459;10378;1242;246378496;26139404;40457474
1527713255849;15469;10384;1243;246378496;26139512;40457734
1527713255949;15479;10392;1244;246378496;26139728;40458253
1527713256049;15489;10398;1245;246378496;26139944;40458769
1527713256149;15499;10404;1246;246378496;26140160;40459289
1527713256249;15509;10411;1246;246378496;26140268;40459549
1527713256349;15520;10418;1248;246378496;26140484;40460065
1527713256449;15529;10425;1248;246378496;26140700;40460583
1527713256549;15539;10432;1248;246378496;26140808;40460841
1527713256649;15549;10440;1249;246378496;26141024;40461358
1527713256749;15559;10447;1249;246378496;26141240;40461877
1527713256849;15569;10454;1250;246378496;26141348;40462138
1527713256949;15579;10460;1251;246378496;26141564;40462655
1527713257049;15589;10467;1252;246378496;26141780;40463173
1527713257149;15599;10474;1254;246378496;26141888;40463432
1527713257249;15609;10480;1254;246378496;26142104;40463951
1527713257350;15620;10488;1254;246378496;26142212;40464210
1527713257450;15630;10495;1255;246378496;26142428;40464727
1527713257551;15640;10503;1255;246378496;26142644;40465245
1527713257651;15650;10511;1255;246378496;26142752;40465504
1527713257751;15660;10518;1255;246378496;26142968;40466022
1527713257851;15670;10526;1256;246378496;26143076;40466280
1527713257951;15680;10532;1257;246378496;26143292;40466798
1527713258051;15690;10540;1258;246378496;26143400;40467059
1527713258152;15700;10548;1259;246378496;26143616;40467577
1527713258252;15710;10554;1261;246378496;26143724;40467836
1527713258352;15720;10560;1262;246378496;26143940;40468356
1527713258453;15730;10566;1263;246378496;26144156;40468875
1527713258553;15740;10574;1264;246378496;26144264;40469136
1527713258653;15750;10580;1266;246378496;26144480;40469653
1527713258753;15760;10587;1266;246378496;26144588;40469912
1527713258853;15770;10593;1266;246378496;26144804;40470431
1527713258953;15780;10599;1268;246378496;26144912;40470690
1527713259053;15790;10605;1269;246378496;26145128;40471208
1527713259154;15800;10611;1269;246378496;26145344;40471723
1527713259254;15810;10620;1270;246378496;26145452;40471980
1527713259354;15820;10625;1270;246378496;26145668;40472498
1527713259454;15830;10632;1271;246378496;26145776;40472758
1527713259555;15840;10639;1272;246378496;26145992;40473275
1527713259655;15850;10644;1273;246378496;26146208;40473793
1527713259755;15860;10653;1273;246378496;26146316;40474053
1527713259855;15870;10660;1274;246378496;26146532;40474569
1527713259955;15880;10667;1274;246378496;26146640;40474827
1527713260055;15890;10673;1275;246378496;26146856;40475345
1527713260156;15900;10679;1276;246378496;26147072;40475863
1527713260256;15910;10686;1278;246378496;26147180;40476121
1527713260357;15920;10692;1278;246378496;26147396;40476641
1527713260457;15930;10698;1279;246378496;26147504;40476900
1527713260557;15940;10706;1279;246378496;26147720;40477420
1527713260657;15950;10712;1280;246378496;26147936;40477940
1527713260758;15960;10718;1282;246378496;26148044;40478199
1527713260858;15970;10722;1284;246378496;26148260;40478718
1527713260958;15980;10728;1286;246378496;26148368;40478975
1527713261058;15990;10735;1287;246378496;26148584;40479491
1527713261159;16000;10741;1288;246378496;26148800;40480011
1527713261259;16010;10747;1290;246378496;26148908;40480271
1527713261359;16021;10754;1291;246378496;26149124;40480791
1527713261459;16030;10761;1292;246378496;26149340;40481311
1527713261559;16040;10768;1292;246378496;26149448;40481572
1527713261659;16050;10775;1293;246378496;26149664;40482090
1527713261760;16061;10781;1294;246378496;26149880;40482607
1527713261860;16071;10787;1295;246378496;26150096;40483124
1527713261960;16081;10794;1296;246378496;26150204;40483382
1527713262060;16091;10800;1297;246378496;26150420;40483898
1527713262160;16101;10806;1298;246378496;26150636;40484419
1527713262260;16111;10814;1298;246378496;26150744;40484678
1527713262360;16121;10820;1299;246378496;26150960;40485196
1527713262460;16131;10826;1300;246378496;26151176;40485713
1527713262561;16141;10832;1301;246378496;26151392;40486232
1527713262661;16151;10841;1301;246378496;26151500;40486490
1527713262761;16161;10847;1302;246378496;26151716;40487008
1527713262861;16171;10853;1303;246378496;26151932;40487474
1527713262961;16181;10859;1304;246378496;26152040;40487784
1527713263062;16191;10864;1306;246378496;26152256;40488305
1527713263162;16201;10873;1306;246378496;26152364;40488565
1527713263263;16211;10879;1307;246378496;26152630;40489086
1527713263363;16221;10885;1308;246378496;26152846;40489604
