currentTs;total_time;user_time;sys_time;virtual_size;in_octets;out_octets
1527711881860;0;0;0;1409024;22314025;34011114
1527711881960;11;6;3;201318400;22314025;34011114
1527711882060;21;15;4;202891264;22314025;34011114
1527711882161;31;24;4;205238272;22314025;34011114
1527711882261;41;34;5;205238272;22314025;34011114
1527711882361;51;42;6;206090240;22314025;34011114
1527711882461;61;50;8;208232448;22314025;34011114
1527711882562;71;60;8;210112512;22314025;34011114
1527711882662;81;69;9;210112512;22314025;34011114
1527711882762;91;78;10;210112512;22314025;34011114
1527711882862;101;88;10;210112512;22314025;34011114
1527711882963;111;96;10;210112512;22314025;34011114
1527711883063;121;104;11;210112512;22314025;34011114
1527711883163;131;114;12;210112512;22314075;34011114
1527711883264;141;122;12;210112512;22314075;34011114
1527711883364;151;131;14;210112512;22314121;34011114
1527711883464;161;140;14;239730688;22314121;34011114
1527711883565;171;148;15;239730688;22314121;34011114
1527711883665;181;156;15;239730688;22314121;34011114
1527711883765;191;164;17;240058368;22314121;34011114
1527711883866;201;172;18;241176576;22314345;34011361
1527711883966;211;180;19;241176576;22314345;34011361
1527711884066;221;188;21;241197056;22314345;34011361
1527711884167;231;197;22;241328128;22314345;34011361
1527711884267;241;206;23;241328128;22314345;34011361
1527711884367;251;215;24;241328128;22314345;34011361
1527711884467;261;224;24;241328128;22314345;34011361
1527711884567;271;234;24;241328128;22314345;34011361
1527711884667;281;244;24;241328128;22314345;34011361
1527711884767;291;253;25;241328128;22314345;34011361
1527711884867;301;262;25;241328128;22314345;34011361
1527711884968;311;272;25;241328128;22314391;34011413
1527711885068;321;281;26;241422336;22314391;34011413
1527711885169;331;290;26;241549312;22314391;34011413
1527711885269;341;300;26;241553408;22314391;34011413
1527711885369;351;309;27;241553408;22314391;34011413
1527711885469;361;318;28;242601984;22314391;34011413
1527711885570;372;328;28;243650560;22314391;34011413
1527711885670;382;337;28;243650560;22314391;34011413
1527711885770;392;346;29;243650560;22314391;34011413
1527711885871;402;354;31;243650560;22314391;34011413
1527711885971;412;363;32;243650560;22314391;34011413
1527711886071;422;372;33;243650560;22314437;34011465
1527711886172;432;382;33;243650560;22314437;34011465
1527711886272;442;392;33;243650560;22314437;34011465
1527711886372;452;401;33;243650560;22314437;34011465
1527711886473;462;410;34;244699136;22314437;34011465
1527711886573;472;418;36;244699136;22314437;34011465
1527711886673;482;427;37;244699136;22314437;34011465
1527711886773;492;435;38;244699136;22314437;34011465
1527711886874;502;445;39;244699136;22314437;34011465
1527711886974;512;454;40;244699136;22314437;34011465
1527711887074;522;463;40;244699136;22314483;34011517
1527711887175;532;472;41;244699136;22314483;34011517
1527711887275;542;481;42;245882880;22314483;34011517
1527711887375;552;491;42;245882880;22314483;34011517
1527711887476;562;500;42;245882880;22314483;34011517
1527711887576;572;510;43;245882880;22314483;34011517
1527711887676;582;519;43;245882880;22314483;34011517
1527711887777;592;529;43;245882880;22314483;34011517
1527711887877;602;538;44;245882880;22314483;34011517
1527711887977;612;548;44;245882880;22314483;34011517
1527711888077;622;556;45;245882880;22314529;34011569
1527711888177;632;565;45;245882880;22314637;34011832
1527711888277;642;574;46;245882880;22314637;34011832
1527711888377;652;583;46;245882880;22314745;34012096
1527711888478;662;592;46;245882880;22314853;34012361
1527711888578;672;599;47;245882880;22314961;34012619
1527711888678;682;607;48;245882880;22315177;34013135
1527711888778;692;614;49;245882880;22315285;34013390
1527711888879;702;622;50;245882880;22315393;34013648
1527711888979;712;631;50;245882880;22315501;34013901
1527711889079;722;639;50;245882880;22315609;34014159
1527711889179;732;647;51;245882880;22315717;34014415
1527711889280;743;656;52;245882880;22315933;34014877
1527711889380;753;663;53;245882880;22316041;34015185
1527711889480;763;672;53;245882880;22316149;34015442
1527711889580;773;680;54;245882880;22316257;34015700
1527711889680;783;688;54;245882880;22316365;34015956
1527711889781;793;697;54;245882880;22316473;34016213
1527711889881;803;704;54;245882880;22316689;34016726
1527711889981;813;713;55;245882880;22316797;34016983
1527711890081;823;721;55;245882880;22316905;34017241
1527711890182;833;729;56;245882880;22317013;34017498
1527711890282;843;736;57;246210560;22317229;34018012
1527711890382;853;744;58;246210560;22317337;34018270
1527711890482;863;753;58;246210560;22317445;34018528
1527711890583;873;761;59;246210560;22317553;34018786
1527711890683;883;768;61;246210560;22317661;34019043
1527711890783;893;776;62;246210560;22317877;34019555
1527711890884;903;784;63;246210560;22317985;34019812
1527711890984;913;793;63;246210560;22318093;34020069
1527711891084;923;800;64;246210560;22318201;34020327
1527711891184;933;806;66;246210560;22318417;34020842
1527711891286;943;812;68;246210560;22318633;34021356
1527711891387;953;820;69;246210560;22318741;34021613
1527711891487;963;828;70;246210560;22318849;34021869
1527711891587;973;832;72;246210560;22319065;34022385
1527711891688;983;841;73;246210560;22319173;34022643
1527711891788;993;847;74;246210560;22319389;34023158
1527711891888;1003;855;76;246210560;22319497;34023414
1527711891988;1013;862;76;246210560;22319713;34023929
1527711892088;1023;871;76;246210560;22319821;34024187
1527711892188;1033;880;76;246210560;22319929;34024444
1527711892288;1043;888;77;246210560;22320145;34024957
1527711892388;1053;896;77;246210560;22320253;34025215
1527711892489;1063;904;78;246210560;22320469;34025727
1527711892589;1073;910;80;246210560;22320685;34026242
1527711892689;1084;918;81;246210560;22320793;34026499
1527711892789;1093;925;81;246210560;22321009;34027015
1527711892889;1103;933;82;246210560;22321117;34027272
1527711892989;1113;940;83;246210560;22321333;34027787
1527711893089;1124;948;83;246210560;22321441;34028045
1527711893189;1133;957;84;246210560;22321657;34028559
1527711893289;1143;965;84;246210560;22321765;34028816
1527711893389;1153;972;85;246210560;22321981;34029331
1527711893489;1163;980;85;246210560;22322089;34029588
1527711893589;1173;988;86;246210560;22322305;34030104
1527711893689;1183;996;86;246210560;22322413;34030362
1527711893790;1194;1004;87;246210560;22322629;34030877
1527711893890;1204;1012;88;246210560;22322737;34031135
1527711893990;1214;1018;89;246210560;22323341;34031653
1527711894091;1224;1025;90;246210560;22323557;34032170
1527711894191;1234;1033;90;246210560;22323665;34032428
1527711894291;1244;1040;92;246210560;22323881;34032944
1527711894392;1254;1047;93;246210560;22324097;34033461
1527711894493;1264;1054;94;246210560;22324205;34033719
1527711894593;1274;1061;95;246210560;22324421;34034235
1527711894693;1284;1068;96;246210560;22324529;34034494
1527711894793;1294;1077;97;246210560;22324745;34035006
1527711894893;1304;1084;98;246210560;22324961;34035522
1527711894993;1314;1091;99;246210560;22325069;34035779
1527711895093;1324;1098;99;246210560;22325285;34036295
1527711895193;1334;1105;100;246210560;22325501;34036809
1527711895293;1344;1113;101;246210560;22325609;34037067
1527711895393;1354;1118;103;246210560;22325717;34037325
1527711895493;1364;1126;103;246210560;22325933;34037841
1527711895593;1374;1133;104;246210560;22326149;34038355
1527711895693;1384;1140;104;246210560;22326365;34038871
1527711895793;1394;1148;105;246210560;22326473;34039129
1527711895893;1404;1156;106;246210560;22326581;34039387
1527711895993;1414;1164;106;246210560;22326797;34039902
1527711896093;1424;1171;107;246210560;22327013;34040418
1527711896193;1434;1180;107;246210560;22327121;34040676
1527711896293;1444;1187;108;246210560;22327337;34041191
1527711896393;1454;1196;108;246210560;22327445;34041449
1527711896493;1464;1204;108;246210560;22327661;34041967
1527711896593;1474;1211;109;246210560;22327877;34042483
1527711896693;1484;1218;110;246210560;22327985;34042742
1527711896793;1494;1225;110;246210560;22328201;34043256
1527711896893;1504;1232;112;246210560;22328417;34043771
1527711896993;1514;1239;114;246210560;22328525;34044029
1527711897093;1524;1246;115;246210560;22328741;34044545
1527711897193;1534;1253;116;246210560;22328957;34045061
1527711897293;1544;1260;116;246210560;22329173;34045574
1527711897393;1554;1268;116;246210560;22329281;34045833
1527711897493;1564;1276;117;246210560;22329497;34046348
1527711897593;1574;1283;118;246210560;22329605;34046606
1527711897693;1584;1291;118;246210560;22329821;34047121
1527711897794;1594;1299;118;246210560;22330037;34047637
1527711897894;1604;1306;119;246210560;22330253;34048099
1527711897994;1614;1315;119;246210560;22330361;34048409
1527711898094;1624;1321;120;246210560;22330577;34048926
1527711898194;1634;1328;121;246210560;22331004;34049442
1527711898294;1644;1336;121;246210560;22331162;34049700
1527711898395;1654;1344;122;246210560;22331270;34049958
1527711898495;1664;1352;124;246210560;22331486;34050474
1527711898595;1674;1359;125;246210560;22331594;34050732
1527711898695;1684;1366;126;246210560;22331810;34051248
1527711898796;1694;1372;127;246210560;22332026;34051762
1527711898896;1704;1380;128;246210560;22332134;34052018
1527711898996;1714;1388;128;246210560;22332350;34052534
1527711899096;1724;1395;128;246210560;22332566;34053048
1527711899196;1734;1402;129;246210560;22333229;34053306
1527711899296;1744;1410;129;246210560;22333445;34053821
1527711899396;1754;1416;131;246210560;22333661;34054336
1527711899497;1764;1424;131;246210560;22333877;34054799
1527711899597;1774;1432;132;246210560;22333985;34055109
1527711899697;1784;1439;132;246210560;22334201;34055623
1527711899797;1794;1445;134;246210560;22334417;34056138
1527711899898;1804;1452;134;246210560;22334633;34056654
1527711899998;1814;1460;135;246210560;22334741;34056912
1527711900099;1824;1467;136;246210560;22334957;34057427
1527711900199;1834;1473;137;246210560;22335173;34057944
1527711900300;1845;1479;138;246210560;22335389;34058460
1527711900400;1855;1486;140;246210560;22335497;34058719
1527711900500;1865;1494;140;246210560;22335713;34059236
1527711900600;1875;1501;141;246210560;22335929;34059752
1527711900701;1885;1510;141;246210560;22336037;34060009
1527711900801;1895;1517;142;246210560;22336253;34060525
1527711900901;1905;1526;142;246210560;22336361;34060782
1527711901001;1915;1534;144;246210560;22336577;34061299
1527711901101;1925;1540;144;246210560;22336793;34061815
1527711901202;1935;1546;146;246210560;22337009;34062278
1527711901302;1945;1554;146;246210560;22337117;34062587
1527711901403;1955;1561;147;246210560;22337333;34063103
1527711901503;1965;1566;149;246210560;22337549;34063619
1527711901603;1975;1572;149;246210560;22337765;34064135
1527711901704;1985;1579;151;246210560;22337873;34064392
1527711901804;1995;1586;151;246210560;22338089;34064904
1527711901904;2005;1593;152;246210560;22338305;34065417
1527711902005;2015;1600;152;246210560;22338521;34065933
1527711902105;2025;1608;153;246210560;22338629;34066192
1527711902206;2035;1615;153;246210560;22339400;34066706
1527711902306;2045;1622;154;246210560;22339616;34067168
1527711902407;2055;1630;154;246210560;22339724;34067477
1527711902507;2065;1636;156;246210560;22339940;34067993
1527711902607;2075;1643;156;246210560;22340156;34068509
1527711902707;2085;1649;157;246210560;22340372;34069025
1527711902807;2095;1656;158;246210560;22340480;34069282
1527711902907;2105;1664;158;246210560;22340696;34069797
1527711903007;2115;1670;159;246210560;22340912;34070312
1527711903108;2125;1678;160;246210560;22341020;34070570
1527711903208;2135;1685;160;246210560;22341236;34071085
1527711903308;2145;1692;161;246210560;22341452;34071599
1527711903408;2155;1698;162;246210560;22341668;34072115
1527711903508;2165;1705;163;246210560;22341776;34072372
1527711903608;2175;1712;164;246210560;22341992;34072883
1527711903708;2185;1718;166;246210560;22342208;34073398
1527711903809;2195;1726;166;246210560;22342316;34073656
1527711903909;2205;1732;167;246210560;22342532;34074172
1527711904009;2215;1739;168;246210560;22342748;34074688
1527711904109;2225;1745;169;246210560;22342964;34075204
1527711904210;2236;1752;170;246210560;22343072;34075463
1527711904310;2246;1760;171;246210560;22343288;34075978
1527711904410;2256;1768;173;246210560;22343396;34076237
1527711904511;2266;1774;173;246210560;22343612;34076750
1527711904611;2276;1784;173;246210560;22343720;34077007
1527711904711;2286;1791;174;246210560;22343936;34077523
1527711904812;2296;1799;174;246210560;22344044;34077781
1527711904912;2306;1805;176;246210560;22344260;34078296
1527711905012;2316;1812;176;246210560;22344476;34078808
1527711905113;2326;1818;178;246210560;22344692;34079323
1527711905213;2336;1824;179;246210560;22344908;34079838
1527711905313;2346;1831;179;246210560;22345016;34080095
1527711905413;2356;1839;180;246210560;22345232;34080611
1527711905513;2366;1846;181;246210560;22345448;34081125
1527711905613;2376;1852;181;246210560;22345664;34081643
1527711905713;2386;1858;183;246210560;22345880;34082158
1527711905813;2396;1866;183;246210560;22345988;34082416
1527711905913;2406;1873;184;246210560;22346204;34082931
1527711906014;2416;1879;185;246210560;22346420;34083446
1527711906114;2426;1886;186;246210560;22346636;34083960
1527711906214;2436;1892;187;246210560;22346744;34084218
1527711906314;2446;1898;188;246210560;22346852;34084473
1527711906414;2456;1905;189;246210560;22347068;34084991
1527711906514;2466;1912;189;246210560;22347284;34085508
1527711906615;2476;1920;190;246210560;22347392;34085765
1527711906715;2486;1926;191;246210560;22347608;34086280
1527711906815;2496;1933;192;246210560;22347824;34086797
1527711906915;2506;1941;192;246210560;22347932;34087054
1527711907015;2516;1948;192;246210560;22348148;34087565
1527711907116;2526;1954;194;246210560;22348364;34088082
1527711907216;2536;1962;194;246210560;22348472;34088338
1527711907316;2546;1970;195;246210560;22348688;34088855
1527711907416;2556;1979;195;246210560;22348796;34089113
1527711907516;2566;1988;195;246210560;22348904;34089371
1527711907616;2576;1994;196;246210560;22349120;34089889
1527711907717;2586;2002;196;246210560;22349228;34090148
1527711907817;2596;2009;196;246210560;22349444;34090665
1527711907917;2606;2016;197;246210560;22349660;34091179
1527711908017;2616;2023;198;246210560;22349876;34091696
1527711908118;2626;2029;199;246210560;22350092;34092211
1527711908218;2636;2036;199;246210560;22350200;34092469
1527711908318;2646;2044;200;246210560;22350416;34092985
1527711908418;2656;2051;202;246210560;22350632;34093502
1527711908519;2666;2057;202;246210560;22350848;34093967
1527711908619;2676;2066;202;246210560;22350956;34094277
1527711908720;2687;2072;204;246210560;22351172;34094794
1527711908820;2697;2079;205;246210560;22351388;34095310
1527711908920;2707;2088;206;246210560;22351496;34095566
1527711909020;2717;2094;206;246210560;22351712;34096083
1527711909120;2727;2102;206;246210560;22351820;34096339
1527711909221;2737;2110;206;246210560;22352036;34096852
1527711909321;2747;2117;208;246210560;22352252;34097366
1527711909421;2757;2123;209;246210560;22352468;34097883
1527711909521;2767;2129;210;246210560;22352684;34098399
1527711909622;2777;2135;212;246210560;22352900;34098860
1527711909722;2787;2142;213;246210560;22353008;34099170
1527711909822;2797;2148;215;246210560;22353224;34099687
1527711909922;2807;2155;215;246210560;22353440;34100202
1527711910023;2817;2162;216;246210560;22353656;34100719
1527711910123;2827;2168;218;246210560;22353872;34101233
1527711910223;2837;2176;218;246210560;22353980;34101493
1527711910323;2847;2183;218;246210560;22354196;34102009
1527711910424;2857;2190;219;246210560;22354412;34102526
1527711910524;2867;2196;220;246210560;22354628;34103041
1527711910624;2877;2203;220;246210560;22354844;34103556
1527711910724;2887;2211;221;246210560;22354952;34103815
1527711910824;2897;2217;223;246210560;22355168;34104331
1527711910924;2907;2224;224;246210560;22355384;34104846
1527711911024;2917;2230;224;246210560;22355600;34105363
1527711911124;2927;2238;225;246210560;22355816;34105877
1527711911224;2937;2245;225;246210560;22355924;34106133
1527711911325;2947;2253;226;246210560;22356140;34106650
1527711911425;2957;2260;227;246210560;22356356;34107166
1527711911525;2967;2266;228;246210560;22356572;34107681
1527711911625;2977;2274;229;246210560;22356680;34107940
1527711911726;2987;2281;230;246210560;22356896;34108455
1527711911826;2997;2288;230;246210560;22357004;34108712
1527711911926;3007;2296;231;246210560;22357220;34109224
1527711912026;3017;2302;232;246210560;22357436;34109738
1527711912127;3027;2307;234;246210560;22357652;34110255
1527711912228;3037;2314;235;246210560;22357760;34110514
1527711912328;3047;2321;236;246210560;22357976;34111029
1527711912428;3057;2328;236;246210560;22358192;34111545
1527711912528;3067;2336;237;246210560;22358300;34111804
1527711912628;3077;2343;238;246210560;22358516;34112320
1527711912728;3087;2350;238;246210560;22358732;34112835
1527711912828;3097;2355;240;246210560;22358948;34113351
1527711912928;3107;2361;241;246210560;22359164;34113868
1527711913028;3117;2367;242;246210560;22359272;34114126
1527711913129;3127;2374;243;246210560;22359488;34114641
1527711913229;3137;2381;244;246210560;22359800;34115155
1527711913329;3147;2387;245;246210560;22360016;34115670
1527711913429;3157;2393;246;246210560;22360232;34116188
1527711913530;3168;2400;246;246210560;22360340;34116444
1527711913630;3178;2407;248;246210560;22360556;34116960
1527711913730;3188;2414;248;246210560;22360772;34117474
1527711913830;3198;2420;249;246210560;22360988;34117989
1527711913930;3208;2427;249;246210560;22361204;34118453
1527711914030;3218;2435;250;246210560;22361312;34118763
1527711914130;3228;2441;251;246210560;22361528;34119279
1527711914231;3238;2448;251;246210560;22361744;34119794
1527711914331;3248;2455;252;246210560;22361852;34120052
1527711914431;3258;2462;253;246210560;22362068;34120567
1527711914531;3268;2468;254;246210560;22362284;34121081
1527711914631;3278;2468;254;246210560;22362284;34121081
1527711914732;3288;2469;254;246210560;22362284;34121081
1527711914832;3298;2469;254;246210560;22362284;34121081
1527711914932;3308;2469;254;246210560;22362284;34121081
1527711915033;3318;2469;254;246210560;22362284;34121081
1527711915133;3328;2469;254;246210560;22362284;34121081
1527711915233;3338;2469;254;246210560;22362284;34121081
1527711915334;3348;2473;255;246210560;22362392;34121339
1527711915434;3358;2473;255;246210560;22362392;34121339
1527711915534;3368;2473;255;246210560;22362392;34121339
1527711915635;3378;2473;255;246210560;22362392;34121339
1527711915735;3388;2473;255;246210560;22362392;34121339
1527711915835;3398;2473;255;246210560;22362392;34121339
1527711915936;3408;2473;255;246210560;22362392;34121339
1527711916036;3418;2473;255;246210560;22362392;34121339
1527711916136;3428;2473;255;246210560;22362392;34121339
1527711916237;3438;2473;255;246210560;22362392;34121339
1527711916337;3448;2473;255;246210560;22362392;34121339
1527711916437;3458;2473;255;246210560;22362392;34121339
1527711916538;3468;2474;256;246210560;22362500;34121599
1527711916638;3478;2481;256;246210560;22362716;34122114
1527711916739;3488;2487;258;246210560;22362932;34122631
1527711916839;3498;2494;259;246210560;22363040;34122889
1527711916940;3509;2501;260;246210560;22363256;34123407
1527711917040;3519;2508;261;246210560;22363472;34123922
1527711917140;3529;2515;261;246210560;22363580;34124180
1527711917240;3539;2522;262;246210560;22363796;34124696
1527711917340;3549;2528;263;246210560;22364012;34125211
1527711917441;3559;2535;264;246210560;22364120;34125469
1527711917541;3569;2543;264;246210560;22364336;34125985
1527711917641;3579;2549;266;246210560;22364552;34126500
1527711917741;3589;2557;266;246210560;22364660;34126756
1527711917841;3599;2564;266;246210560;22364876;34127272
1527711917941;3609;2571;267;246210560;22365092;34127787
1527711918041;3619;2577;268;246210560;22365308;34128303
1527711918142;3629;2582;270;246210560;22365524;34128819
1527711918242;3639;2588;271;246210560;22365740;34129336
1527711918342;3649;2596;272;246210560;22365848;34129594
1527711918442;3659;2602;274;246210560;22366064;34130108
1527711918543;3669;2609;274;246210560;22366280;34130624
1527711918643;3679;2615;276;246210560;22366496;34131138
1527711918743;3689;2621;276;246210560;22366604;34131393
1527711918843;3699;2628;277;246210560;22366820;34131909
1527711918944;3709;2634;279;246210560;22367036;34132424
1527711919044;3719;2640;280;246210560;22367252;34132940
1527711919145;3729;2647;280;246210560;22367468;34133455
1527711919245;3739;2654;282;246210560;22367684;34133971
1527711919345;3749;2660;283;246210560;22367900;34134485
1527711919445;3759;2666;284;246210560;22368116;34134999
1527711919545;3769;2673;285;246210560;22368224;34135255
1527711919645;3779;2680;286;246210560;22368440;34135769
1527711919745;3789;2687;288;246210560;22368656;34136283
1527711919845;3799;2692;290;246210560;22368872;34136798
1527711919945;3809;2698;291;246210560;22369088;34137312
1527711920045;3819;2706;291;246210560;22369304;34137829
1527711920145;3829;2712;292;246210560;22369520;34138345
1527711920245;3839;2719;293;246210560;22369736;34138859
1527711920345;3849;2727;293;246210560;22369844;34139117
1527711920446;3859;2733;294;246210560;22370060;34139628
1527711920546;3869;2740;296;246210560;22370276;34140144
1527711920646;3879;2748;296;246210560;22370384;34140401
1527711920746;3889;2756;297;246210560;22370600;34140920
1527711920846;3899;2763;297;246210560;22370816;34141436
1527711920946;3909;2769;299;246210560;22371032;34141951
1527711921046;3919;2775;300;246210560;22371248;34142465
1527711921147;3929;2782;301;246210560;22371464;34142981
1527711921247;3939;2789;302;246210560;22371572;34143240
1527711921347;3949;2796;302;246210560;22371788;34143756
1527711921447;3959;2804;303;246210560;22372004;34144271
1527711921547;3969;2810;304;246210560;22372220;34144787
1527711921648;3979;2818;305;246210560;22372436;34145305
1527711921748;3989;2825;306;246210560;22372544;34145561
1527711921848;3999;2832;308;246210560;22372760;34146077
1527711921948;4009;2839;308;246210560;22372976;34146594
1527711922048;4019;2847;309;246210560;22373192;34147109
1527711922148;4029;2855;309;246210560;22373300;34147368
1527711922248;4039;2862;310;246210560;22373516;34147882
1527711922348;4049;2870;310;246210560;22373732;34148395
1527711922448;4059;2875;311;246210560;22373948;34148912
1527711922548;4069;2881;312;246210560;22374164;34149427
1527711922648;4079;2889;313;246210560;22374272;34149685
1527711922748;4089;2896;314;246210560;22374488;34150203
1527711922849;4099;2903;314;246210560;22374704;34150718
1527711922949;4109;2910;315;246210560;22374920;34151235
1527711923049;4119;2917;315;246210560;22375136;34151751
1527711923149;4129;2924;316;246210560;22375352;34152266
1527711923250;4140;2930;317;246210560;22375568;34152779
1527711923350;4150;2938;317;246210560;22375676;34153036
1527711923451;4160;2945;318;246210560;22375892;34153550
1527711923551;4170;2951;319;246210560;22376108;34154067
1527711923651;4180;2957;321;246210560;22376216;34154323
1527711923751;4190;2965;321;246210560;22376432;34154839
1527711923851;4200;2972;321;246210560;22376648;34155354
1527711923952;4210;2980;322;246210560;22376864;34155869
1527711924052;4220;2986;323;246210560;22377468;34156385
1527711924153;4230;2992;324;246210560;22377684;34156900
1527711924253;4240;2998;325;246210560;22377900;34157416
1527711924353;4250;3006;326;246210560;22378116;34157931
1527711924454;4260;3012;326;246210560;22378224;34158190
1527711924554;4270;3019;328;246210560;22378440;34158704
1527711924654;4280;3027;328;246210560;22378959;34159222
1527711924755;4290;3034;329;246210560;22379175;34159734
1527711924855;4300;3041;329;246210560;22379902;34160250
1527711924955;4310;3048;330;246210560;22380118;34160767
1527711925056;4320;3053;332;246210560;22380334;34161282
1527711925156;4330;3060;333;246210560;22380442;34161541
1527711925257;4340;3068;333;246210560;22380658;34162059
1527711925357;4350;3073;336;246210560;22380874;34162573
1527711925457;4360;3079;337;246210560;22381090;34163088
1527711925557;4370;3085;339;246210560;22381306;34163602
1527711925658;4380;3090;340;246210560;22381839;34164120
1527711925758;4390;3097;341;246210560;22382393;34164635
1527711925858;4400;3104;341;246210560;22382501;34164895
1527711925958;4410;3110;342;246210560;22382717;34165408
1527711926058;4420;3117;343;246210560;22382933;34165924
1527711926158;4430;3124;344;246210560;22383149;34166439
1527711926258;4440;3131;344;246210560;22383257;34166695
1527711926358;4450;3138;345;246210560;22383473;34167212
1527711926458;4460;3146;346;246210560;22383689;34167725
1527711926559;4470;3153;346;246210560;22383905;34168240
1527711926659;4480;3160;346;246210560;22384121;34168754
1527711926759;4490;3166;348;246210560;22384337;34169268
1527711926859;4500;3172;348;246210560;22384445;34169526
1527711926960;4511;3179;349;246210560;22384661;34170043
1527711927060;4521;3186;350;246210560;22384877;34170561
1527711927160;4531;3192;351;246210560;22385093;34171075
1527711927261;4541;3199;352;246210560;22385309;34171590
1527711927361;4551;3204;354;246210560;22385525;34172106
1527711927461;4561;3211;355;246210560;22385741;34172620
1527711927561;4571;3218;356;246210560;22385849;34172877
1527711927662;4581;3224;357;246210560;22386065;34173392
1527711927762;4591;3231;358;246210560;22386281;34173908
1527711927862;4601;3238;359;246210560;22386497;34174423
1527711927962;4611;3245;359;246210560;22386713;34174939
1527711928063;4621;3253;359;246210560;22386929;34175452
1527711928163;4631;3260;360;246210560;22387195;34175968
1527711928263;4641;3266;361;246210560;22387457;34176484
1527711928364;4651;3273;362;246210560;22387673;34176998
1527711928464;4661;3278;364;246210560;22387781;34177256
1527711928564;4671;3286;365;246210560;22387997;34177771
1527711928664;4681;3293;366;246210560;22388213;34178288
1527711928764;4691;3299;367;246210560;22388429;34178803
1527711928864;4701;3306;368;246210560;22388645;34179317
1527711928964;4711;3314;368;246210560;22388753;34179575
1527711929064;4721;3321;369;246210560;22388969;34180091
1527711929164;4731;3328;370;246210560;22389185;34180607
1527711929264;4741;3335;371;246210560;22389401;34181118
1527711929365;4751;3342;372;246210560;22389617;34181633
1527711929465;4761;3349;373;246210560;22389833;34182150
1527711929565;4771;3356;374;246210560;22389941;34182408
1527711929666;4781;3364;374;246210560;22390157;34182922
1527711929766;4791;3371;375;246210560;22390373;34183438
1527711929866;4801;3378;375;246210560;22390589;34183954
1527711929966;4811;3384;378;246210560;22390805;34184470
1527711930067;4821;3391;378;246210560;22391021;34184987
1527711930167;4831;3399;378;246210560;22391129;34185244
1527711930267;4841;3406;379;246210560;22391345;34185756
1527711930367;4851;3413;380;246210560;22391561;34186269
1527711930467;4861;3420;380;246210560;22391777;34186784
1527711930567;4871;3426;382;246210560;22391993;34187299
1527711930667;4881;3431;383;246210560;22392209;34187811
1527711930767;4891;3438;384;246210560;22392317;34188069
1527711930867;4901;3445;386;246210560;22392533;34188586
1527711930967;4911;3453;386;246210560;22392749;34189103
1527711931067;4921;3460;388;246210560;22392965;34189619
1527711931167;4931;3466;388;246210560;22393181;34190134
1527711931267;4941;3473;388;246210560;22393397;34190648
1527711931367;4951;3480;389;246210560;22393613;34191164
1527711931467;4961;3488;390;246210560;22393721;34191423
1527711931567;4971;3494;391;246210560;22393937;34191940
1527711931668;4981;3498;392;246210560;22394045;34192197
1527711931768;4991;3498;392;246210560;22394045;34192197
1527711931869;5001;3498;392;246210560;22394045;34192197
1527711931969;5011;3498;392;246210560;22394045;34192197
1527711932070;5022;3498;392;246210560;22394045;34192197
1527711932170;5032;3498;392;246210560;22394045;34192197
1527711932271;5042;3498;392;246210560;22394045;34192197
1527711932371;5052;3498;392;246210560;22394045;34192197
1527711932472;5062;3498;392;246210560;22394045;34192197
1527711932572;5072;3498;392;246210560;22394045;34192197
1527711932672;5082;3498;392;246210560;22394091;34192249
1527711932772;5092;3498;392;246210560;22394091;34192249
1527711932873;5102;3498;392;246210560;22394091;34192249
1527711932973;5112;3499;393;246210560;22394199;34192508
1527711933073;5122;3506;393;246210560;22394415;34193025
1527711933173;5132;3513;394;246210560;22394631;34193540
1527711933273;5142;3520;395;246210560;22394847;34194055
1527711933373;5152;3526;396;246210560;22394955;34194312
1527711933473;5162;3534;396;246210560;22395171;34194829
1527711933573;5172;3542;398;246210560;22395387;34195342
1527711933674;5182;3547;400;246210560;22395603;34195856
1527711933774;5192;3553;402;246210560;22395711;34196112
1527711933875;5202;3560;403;246210560;22395927;34196629
1527711933975;5212;3566;404;246210560;22396143;34197141
1527711934075;5222;3573;406;246210560;22396359;34197658
1527711934176;5232;3579;406;246210560;22396575;34198173
1527711934276;5242;3586;406;246210560;22396791;34198684
1527711934376;5252;3593;407;246210560;22397007;34199198
1527711934476;5262;3600;408;246210560;22397223;34199711
1527711934577;5272;3607;408;246210560;22397439;34200225
1527711934678;5282;3614;409;246210560;22397547;34200482
1527711934778;5292;3622;409;246210560;22397763;34200998
1527711934878;5302;3629;410;246210560;22397979;34201511
1527711934979;5312;3635;411;246210560;22398195;34202022
1527711935079;5322;3641;412;246210560;22398411;34202535
1527711935179;5332;3647;413;246210560;22398627;34203051
1527711935279;5342;3653;415;246210560;22398843;34203569
1527711935380;5353;3660;415;246210560;22398951;34203824
1527711935480;5363;3668;416;246210560;22399167;34204339
1527711935581;5373;3674;417;246210560;22399383;34204855
1527711935681;5383;3681;418;246210560;22399599;34205369
1527711935781;5393;3687;419;246210560;22399815;34205886
1527711935884;5403;3694;420;246210560;22400031;34206404
1527711935985;5413;3700;422;246210560;22400247;34206919
1527711936085;5423;3706;423;246210560;22400463;34207436
1527711936185;5433;3713;423;246210560;22400571;34207692
1527711936285;5443;3720;424;246210560;22400787;34208206
1527711936386;5453;3728;424;246210560;22401003;34208723
1527711936486;5463;3736;424;246210560;22401219;34209239
1527711936586;5473;3742;426;246210560;22401435;34209754
1527711936686;5483;3748;426;246210560;22401651;34210268
1527711936786;5493;3755;427;246210560;22401867;34210783
1527711936886;5503;3761;428;246210560;22402083;34211296
1527711936986;5513;3768;429;246210560;22402191;34211554
1527711937087;5523;3774;431;246210560;22402407;34212071
1527711937187;5533;3780;433;246210560;22402623;34212587
1527711937287;5543;3786;434;246210560;22402839;34213101
1527711937388;5553;3792;435;246210560;22403055;34213617
1527711937488;5563;3799;436;246210560;22403271;34214131
1527711937588;5573;3805;437;246210560;22403487;34214646
1527711937689;5583;3812;438;246210560;22403595;34214901
1527711937789;5593;3818;440;246210560;22403811;34215418
1527711937889;5603;3824;441;246210560;22404027;34215933
1527711937989;5613;3831;442;246210560;22404243;34216449
1527711938089;5623;3837;443;246210560;22404459;34216965
1527711938189;5633;3844;444;246210560;22404675;34217479
1527711938289;5643;3850;445;246210560;22404891;34217993
1527711938389;5653;3857;445;246210560;22405107;34218510
1527711938490;5664;3864;446;246210560;22405215;34218768
1527711938590;5674;3870;448;246210560;22405431;34219285
1527711938690;5684;3878;448;246210560;22405647;34219799
1527711938790;5694;3884;449;246210560;22405863;34220314
1527711938891;5704;3891;450;246210560;22406079;34220829
1527711938991;5714;3897;451;246210560;22406295;34221346
1527711939091;5724;3904;452;246210560;22406403;34221602
1527711939192;5734;3911;452;246210560;22406619;34222115
1527711939292;5744;3919;453;246210560;22406835;34222630
1527711939392;5754;3926;453;246210560;22407051;34223145
1527711939493;5764;3932;455;246210560;22407267;34223658
1527711939593;5774;3938;456;246210560;22407483;34224176
1527711939693;5784;3944;457;246210560;22407699;34224689
1527711939794;5794;3951;458;246210560;22407915;34225206
1527711939894;5804;3957;459;246210560;22408131;34225718
1527711939995;5814;3965;459;246210560;22408239;34225976
1527711940095;5824;3973;459;246210560;22408455;34226492
1527711940195;5834;3979;460;246210560;22408671;34227006
1527711940295;5844;3985;462;246210560;22408887;34227523
1527711940395;5854;3992;463;246210560;22409103;34228041
1527711940495;5864;3998;464;246210560;22409319;34228555
1527711940595;5874;4005;464;246210560;22409535;34229069
1527711940695;5884;4012;465;246210560;22409643;34229327
1527711940795;5894;4019;466;246210560;22409859;34229843
1527711940895;5904;4026;466;246210560;22410075;34230357
1527711940995;5914;4032;468;246210560;22410291;34230871
1527711941095;5924;4039;468;246210560;22410507;34231385
1527711941195;5934;4046;469;246210560;22410723;34231900
1527711941296;5944;4052;470;246210560;22410939;34232415
1527711941396;5954;4058;471;246210560;22411155;34232931
1527711941496;5964;4066;472;246210560;22411263;34233191
1527711941597;5974;4072;473;246210560;22411479;34233707
1527711941697;5984;4080;473;246210560;22411695;34234221
1527711941798;5994;4088;474;246210560;22411911;34234735
1527711941898;6004;4095;474;246210560;22412127;34235248
1527711941998;6014;4101;475;246210560;22412343;34235764
1527711942098;6024;4108;476;246210560;22412559;34236276
1527711942198;6034;4115;476;246210560;22412775;34236790
1527711942298;6044;4122;477;246210560;22412991;34237305
1527711942398;6054;4130;477;246210560;22413099;34237562
1527711942498;6064;4138;477;246210560;22413315;34238079
1527711942598;6074;4145;478;246210560;22413531;34238593
1527711942699;6084;4152;478;246210560;22413747;34239109
1527711942799;6094;4159;478;246210560;22413963;34239625
1527711942899;6104;4165;480;246210560;22414179;34240140
1527711943000;6115;4172;481;246210560;22414395;34240656
1527711943100;6125;4179;481;246210560;22414503;34240914
1527711943201;6135;4188;481;246210560;22414769;34241430
1527711943301;6145;4194;482;246210560;22414985;34241945
1527711943401;6155;4201;482;246210560;22415201;34242461
1527711943501;6165;4209;482;246210560;22415463;34242975
1527711943601;6175;4216;482;246210560;22415679;34243488
1527711943701;6185;4222;484;246210560;22415895;34244002
1527711943801;6195;4229;485;246210560;22416111;34244518
1527711943902;6205;4236;486;246210560;22416219;34244776
1527711944002;6215;4244;486;246210560;22416435;34245293
1527711944103;6225;4250;488;246210560;22416651;34245809
1527711944208;6235;4258;488;246210560;22416867;34246327
1527711944308;6245;4264;489;246210560;22417083;34246841
1527711944409;6255;4270;490;246210560;22417299;34247354
1527711944509;6265;4278;491;246210560;22417515;34247866
1527711944609;6275;4284;492;246210560;22417731;34248381
1527711944709;6286;4291;493;246210560;22417839;34248639
1527711944809;6295;4298;494;246210560;22418055;34249152
1527711944912;6306;4305;495;246210560;22418271;34249665
1527711945013;6316;4312;496;246210560;22418487;34250182
1527711945113;6326;4319;496;246210560;22418703;34250695
1527711945214;6336;4326;497;246210560;22418919;34251159
1527711945315;6346;4332;498;246210560;22419135;34251727
1527711945415;6356;4340;499;246210560;22419243;34251985
1527711945515;6366;4348;499;246210560;22419459;34252500
1527711945616;6376;4355;500;246210560;22419675;34253016
1527711945716;6386;4361;501;246210560;22419891;34253532
1527711945816;6396;4367;502;246210560;22420107;34254047
1527711945916;6406;4374;503;246210560;22420323;34254563
1527711946016;6416;4381;504;246210560;22420431;34254820
1527711946117;6426;4388;504;246210560;22420539;34255079
1527711946217;6436;4396;505;246210560;22420755;34255592
1527711946317;6446;4402;506;246210560;22420971;34256106
1527711946417;6456;4409;507;246210560;22421187;34256623
1527711946517;6466;4414;508;246210560;22421295;34256879
1527711946618;6476;4422;508;246210560;22421511;34257396
1527711946718;6486;4428;510;246210560;22421727;34257914
1527711946818;6496;4435;511;246210560;22421943;34258429
1527711946918;6506;4442;511;246210560;22422159;34258945
1527711947018;6516;4448;512;246210560;22422267;34259204
1527711947118;6526;4456;513;246210560;22422483;34259723
1527711947218;6536;4462;514;246210560;22422699;34260237
1527711947320;6547;4470;514;246210560;22422915;34260753
1527711947421;6557;4476;516;246210560;22423131;34261273
1527711947521;6567;4482;517;246210560;22423347;34261789
1527711947621;6577;4489;518;246210560;22423455;34262046
1527711947722;6587;4496;520;246210560;22423671;34262559
1527711947822;6597;4503;520;246210560;22423887;34263073
1527711947922;6607;4509;522;246210560;22424103;34263590
1527711948023;6617;4516;523;246210560;22424319;34264104
1527711948123;6627;4522;524;246210560;22424535;34264617
1527711948223;6637;4530;524;246210560;22424643;34264873
1527711948323;6647;4537;524;246210560;22424859;34265389
1527711948423;6657;4544;525;246210560;22425075;34265905
1527711948523;6667;4550;526;246210560;22425291;34266418
1527711948623;6677;4557;527;246210560;22425507;34266930
1527711948723;6687;4564;527;246210560;22425615;34267187
1527711948823;6697;4572;528;246210560;22425831;34267697
1527711948923;6707;4578;528;246210560;22426047;34268213
1527711949023;6717;4585;529;246210560;22426263;34268728
1527711949124;6727;4591;530;246210560;22426479;34269243
1527711949224;6737;4598;531;246210560;22426587;34269500
1527711949324;6747;4607;532;246210560;22426695;34269757
1527711949424;6757;4615;532;246358016;22426803;34270014
1527711949524;6767;4622;533;246358016;22427019;34270529
1527711949624;6777;4628;534;246358016;22427235;34271046
1527711949725;6787;4635;534;246358016;22427451;34271560
1527711949825;6797;4642;535;246358016;22427667;34272077
1527711949925;6807;4649;535;246358016;22427775;34272335
1527711950025;6817;4656;536;246358016;22427991;34272849
1527711950125;6827;4663;536;246358016;22428099;34273107
1527711950225;6837;4670;538;246358016;22428315;34273621
1527711950325;6847;4677;538;246358016;22428531;34274132
1527711950425;6857;4684;539;246358016;22428747;34274646
1527711950525;6867;4692;540;246358016;22428855;34274905
1527711950625;6877;4698;540;246358016;22429071;34275419
1527711950725;6887;4704;542;246358016;22429179;34275678
1527711950826;6897;4710;544;246358016;22429395;34276190
1527711950926;6907;4717;545;246358016;22429611;34276709
1527711951026;6917;4724;545;246358016;22429827;34277231
1527711951126;6927;4731;546;246358016;22429935;34277488
1527711951227;6937;4738;548;246358016;22430151;34278003
1527711951327;6947;4744;549;246358016;22430367;34278517
1527711951427;6957;4751;549;246358016;22430583;34279032
1527711951527;6967;4758;550;246358016;22430799;34279546
1527711951628;6977;4765;550;246358016;22430907;34279804
1527711951728;6987;4773;550;246358016;22431123;34280322
1527711951828;6997;4780;551;246358016;22431339;34280838
1527711951928;7007;4786;551;246358016;22431555;34281356
1527711952028;7017;4792;552;246358016;22431771;34281872
1527711952128;7027;4798;554;246358016;22431879;34282130
1527711952229;7037;4806;554;246358016;22432095;34282652
1527711952329;7047;4813;555;246358016;22432311;34283168
1527711952429;7057;4820;555;246358016;22432527;34283682
1527711952529;7067;4827;556;246358016;22432743;34284197
1527711952630;7078;4833;557;246358016;22432959;34284713
1527711952730;7088;4840;558;246358016;22433175;34285229
1527711952830;7098;4847;558;246358016;22433415;34285486
1527711952930;7108;4851;558;246358016;22433523;34285746
1527711953031;7118;4851;558;246358016;22433523;34285746
1527711953131;7128;4851;558;246358016;22433523;34285746
1527711953232;7138;4851;558;246358016;22433523;34285746
1527711953332;7148;4854;560;246358016;22433631;34286004
1527711953432;7158;4854;560;246358016;22433631;34286004
1527711953533;7168;4854;560;246358016;22433631;34286004
1527711953633;7178;4854;560;246358016;22433631;34286004
1527711953733;7188;4854;560;246358016;22433631;34286004
1527711953834;7198;4854;560;246358016;22433631;34286004
1527711953934;7208;4854;560;246358016;22433631;34286004
1527711954034;7218;4854;560;246358016;22434019;34286004
1527711954135;7228;4854;560;246358016;22434019;34286004
1527711954235;7238;4856;560;246358016;22434127;34286260
1527711954335;7248;4862;561;246358016;22434343;34286775
1527711954435;7258;4869;562;246358016;22434451;34287031
1527711954535;7268;4875;563;246358016;22434667;34287548
1527711954635;7278;4882;564;246358016;22434883;34288063
1527711954735;7288;4888;565;246358016;22435099;34288580
1527711954835;7298;4894;566;246358016;22435315;34289094
1527711954935;7308;4900;567;246358016;22435531;34289611
1527711955035;7318;4907;568;246358016;22435639;34289868
1527711955136;7328;4914;569;246358016;22435855;34290385
1527711955236;7338;4920;571;246358016;22436071;34290903
1527711955336;7348;4926;572;246358016;22436287;34291420
1527711955436;7358;4933;572;246358016;22436503;34291936
1527711955536;7368;4940;572;246358016;22436719;34292455
1527711955636;7378;4947;573;246358016;22436935;34292975
1527711955737;7388;4955;573;246358016;22437043;34293230
1527711955837;7398;4964;574;246358016;22437151;34293490
1527711955938;7408;4968;574;246358016;22437367;34294002
1527711956038;7418;4975;575;246358016;22437475;34294262
1527711956138;7428;4983;575;246358016;22437691;34294777
1527711956239;7438;4990;576;246358016;22437907;34295293
1527711956339;7448;4996;577;246358016;22438123;34295809
1527711956439;7459;5003;578;246358016;22438339;34296327
1527711956539;7468;5010;579;246358016;22438555;34296841
1527711956639;7478;5018;579;246358016;22438663;34297097
1527711956739;7488;5024;581;246358016;22438879;34297615
1527711956839;7498;5031;581;246358016;22439095;34298132
1527711956939;7508;5037;582;246358016;22439311;34298649
1527711957040;7519;5044;583;246358016;22439527;34299166
1527711957140;7529;5052;584;246358016;22439635;34299423
1527711957240;7539;5060;584;246358016;22439851;34299940
1527711957340;7549;5065;586;246358016;22440067;34300453
1527711957440;7559;5072;586;246358016;22440283;34300969
1527711957541;7569;5080;586;246358016;22440499;34301482
1527711957641;7579;5086;587;246358016;22440715;34301947
1527711957742;7589;5094;588;246358016;22440823;34302257
1527711957842;7599;5101;588;246358016;22441039;34302771
1527711957942;7609;5107;590;246358016;22441147;34303028
1527711958043;7619;5115;590;246358016;22441363;34303544
1527711958143;7629;5122;592;246358016;22441579;34304057
1527711958243;7639;5128;592;246358016;22441877;34304603
1527711958343;7649;5134;593;246358016;22441985;34304861
1527711958443;7659;5142;594;246358016;22442201;34305377
1527711958544;7669;5147;596;246358016;22442417;34305894
1527711958644;7679;5153;597;246358016;22442633;34306412
1527711958744;7689;5160;598;246358016;22442849;34306928
1527711958845;7699;5166;598;246358016;22443065;34307445
1527711958945;7709;5173;599;246358016;22443281;34307909
1527711959045;7719;5180;600;246358016;22443389;34308219
1527711959145;7729;5186;601;246358016;22443605;34308748
1527711959245;7739;5194;601;246358016;22443821;34309282
1527711959345;7749;5200;602;246358016;22444037;34309813
1527711959445;7759;5206;603;246358016;22444253;34310344
1527711959545;7769;5213;603;246358016;22444469;34310877
1527711959645;7779;5221;604;246358016;22444577;34311143
1527711959745;7789;5227;604;246358016;22444793;34311668
1527711959845;7799;5234;605;246358016;22445009;34312196
1527711959945;7809;5241;606;246358016;22445117;34312458
1527711960046;7819;5248;606;246358016;22445333;34312982
1527711960146;7829;5255;607;246358016;22445549;34313508
1527711960246;7839;5261;608;246358016;22445765;34314040
1527711960346;7849;5267;609;246358016;22445981;34314566
1527711960446;7859;5274;609;246358016;22446089;34314830
1527711960546;7869;5282;610;246358016;22446305;34315359
1527711960646;7879;5289;610;246358016;22446521;34315886
1527711960746;7889;5294;612;246358016;22446737;34316412
1527711960846;7899;5302;612;246358016;22446845;34316675
1527711960947;7909;5309;613;246358016;22447061;34317203
1527711961047;7919;5315;614;246358016;22447277;34317730
1527711961147;7929;5322;614;246358016;22447493;34318256
1527711961247;7940;5328;616;246358016;22447709;34318786
1527711961347;7949;5336;616;246358016;22447817;34319050
1527711961448;7959;5343;616;246358016;22448033;34319577
1527711961548;7969;5348;618;246358016;22448249;34320104
1527711961648;7979;5354;619;246358016;22448465;34320634
1527711961748;7989;5361;620;246358016;22448681;34321106
1527711961849;7999;5368;620;246358016;22448789;34321422
1527711961949;8009;5375;621;246358016;22449005;34321950
1527711962049;8019;5382;622;246358016;22449221;34322477
1527711962149;8029;5389;622;246358016;22449437;34322994
1527711962250;8040;5394;623;246358016;22449653;34323512
1527711962350;8050;5402;623;246358016;22449761;34323771
1527711962450;8060;5408;624;246358016;22449977;34324286
1527711962550;8070;5414;626;246358016;22450193;34324802
1527711962650;8080;5420;627;246358016;22450409;34325316
1527711962750;8090;5427;627;246358016;22450625;34325835
1527711962850;8100;5434;628;246358016;22450841;34326354
1527711962950;8110;5441;628;246358016;22450949;34326613
1527711963051;8120;5449;628;246358016;22451165;34327129
1527711963151;8130;5456;629;246358016;22451381;34327645
1527711963251;8140;5463;630;246358016;22451597;34328164
1527711963352;8150;5470;630;246358016;22451813;34328681
1527711963452;8160;5477;631;246358016;22452029;34329200
1527711963552;8170;5482;632;246358016;22452245;34329720
1527711963652;8180;5489;633;246358016;22452461;34330239
1527711963752;8190;5497;634;246358016;22452677;34330756
1527711963852;8200;5503;635;246358016;22452893;34331274
1527711963952;8210;5510;636;246358016;22453109;34331792
1527711964053;8220;5515;638;246358016;22453217;34332051
1527711964153;8230;5522;640;246358016;22453433;34332571
1527711964253;8240;5528;641;246358016;22453649;34333090
1527711964353;8250;5535;642;246358016;22453865;34333608
1527711964453;8260;5541;644;246358016;22454081;34334128
1527711964554;8270;5549;644;246358016;22454189;34334388
1527711964654;8280;5557;645;246358016;22454405;34334908
1527711964754;8290;5564;646;246358016;22454621;34335427
1527711964854;8300;5570;646;246358016;22454837;34335946
1527711964954;8310;5578;646;246358016;22455053;34336467
1527711965054;8320;5584;648;246358016;22455269;34336933
1527711965155;8330;5591;648;246358016;22455485;34337503
1527711965255;8340;5598;649;246358016;22455593;34337763
1527711965355;8350;5607;649;246358016;22455809;34338284
1527711965456;8360;5613;650;246358016;22456025;34338803
1527711965556;8370;5620;652;246358016;22456241;34339322
1527711965656;8380;5626;652;246358016;22456457;34339841
1527711965756;8390;5634;654;246358016;22456565;34340100
1527711965856;8400;5640;655;246358016;22456781;34340619
1527711965956;8410;5647;656;246358016;22456997;34341137
1527711966056;8420;5654;656;246358016;22457213;34341656
1527711966156;8430;5660;658;246358016;22457429;34342175
1527711966256;8440;5667;659;246358016;22457645;34342694
1527711966356;8450;5674;660;246358016;22457753;34342954
1527711966456;8460;5681;661;246358016;22457969;34343471
1527711966556;8470;5685;662;246358016;22458185;34343991
1527711966660;8481;5692;664;246358016;22458401;34344508
1527711966760;8491;5698;666;246358016;22458617;34345028
1527711966860;8501;5705;666;246358016;22458725;34345288
1527711966960;8511;5713;667;246358016;22458941;34345810
1527711967060;8521;5720;667;246358016;22459157;34346328
1527711967161;8531;5728;668;246358016;22459373;34346848
1527711967261;8541;5733;670;246358016;22459481;34347108
1527711967362;8551;5741;670;246358016;22459805;34347835
1527711967462;8561;5749;670;246358016;22459913;34348144
1527711967562;8571;5756;671;246358016;22460129;34348661
1527711967662;8581;5762;672;246358016;22460345;34349180
1527711967762;8591;5769;673;246358016;22460561;34349699
1527711967862;8601;5777;674;246358016;22460777;34350217
1527711967963;8611;5783;675;246358016;22460993;34350736
1527711968063;8621;5790;675;246358016;22461101;34350997
1527711968164;8631;5798;676;246358016;22461317;34351514
1527711968264;8641;5805;677;246358016;22461533;34352032
1527711968364;8651;5812;678;246358016;22461641;34352292
1527711968465;8661;5814;679;246358016;22461749;34352552
1527711968565;8671;5814;679;246358016;22461749;34352552
1527711968665;8681;5814;679;246358016;22461749;34352552
1527711968766;8691;5814;679;246358016;22461749;34352552
1527711968867;8701;5814;679;246358016;22461749;34352552
1527711968967;8711;5814;679;246358016;22461749;34352552
1527711969068;8721;5814;679;246358016;22461749;34352552
1527711969168;8731;5814;679;246358016;22461749;34352552
1527711969269;8741;5814;679;246358016;22461749;34352552
1527711969369;8751;5815;679;246358016;22461749;34352552
1527711969469;8761;5815;679;246358016;22461795;34352604
1527711969570;8771;5815;679;246358016;22461795;34352604
1527711969670;8782;5815;679;246358016;22461795;34352604
1527711969770;8792;5821;680;246358016;22462011;34353123
1527711969870;8802;5828;681;246358016;22462227;34353644
1527711969971;8812;5834;683;246358016;22462443;34354163
1527711970071;8822;5840;684;246358016;22462659;34354682
1527711970171;8832;5847;685;246358016;22462875;34355202
1527711970272;8842;5854;686;246358016;22463091;34355668
1527711970372;8852;5860;688;246358016;22463307;34356239
1527711970473;8862;5866;688;246358016;22463415;34356498
1527711970573;8872;5874;689;246358016;22463631;34357017
1527711970673;8882;5881;690;246358016;22463847;34357537
1527711970773;8892;5888;690;246358016;22464063;34358056
1527711970873;8902;5895;691;246358016;22464279;34358575
1527711970973;8912;5902;692;246358016;22464495;34359090
1527711971074;8922;5909;692;246358016;22464603;34359350
1527711971174;8932;5915;694;246358016;22464819;34359869
1527711971275;8942;5922;695;246358016;22465035;34360389
1527711971375;8952;5929;696;246358016;22465251;34360907
1527711971475;8962;5936;697;246358016;22465359;34361167
1527711971575;8972;5942;698;246358016;22465575;34361687
1527711971675;8982;5948;700;246358016;22465791;34362205
1527711971775;8992;5956;700;246358016;22465899;34362465
1527711971876;9002;5963;700;246358016;22466115;34362983
1527711971976;9012;5970;701;246358016;22466331;34363503
1527711972076;9022;5977;702;246358016;22466547;34364022
1527711972177;9032;5983;703;246358016;22466763;34364541
1527711972277;9042;5991;704;246358016;22466871;34364799
1527711972378;9052;5998;705;246358016;22467087;34365319
1527711972478;9062;6006;705;246358016;22467195;34365576
1527711972578;9072;6012;706;246358016;22467411;34366095
1527711972680;9083;6019;707;246358016;22467627;34366612
1527711972780;9093;6026;708;246358016;22467735;34366870
1527711972880;9103;6033;709;246358016;22467951;34367387
1527711972981;9113;6039;710;246358016;22468167;34367905
1527711973081;9123;6046;711;246358016;22468383;34368425
1527711973181;9133;6055;711;246358016;22468541;34368684
1527711973281;9143;6061;712;246358016;22468803;34369202
1527711973381;9153;6069;712;246358016;22469019;34369718
1527711973481;9163;6077;712;246358016;22469127;34369977
1527711973581;9173;6084;713;246358016;22469343;34370496
1527711973682;9183;6090;714;246358016;22469559;34371014
1527711973782;9193;6098;715;246358016;22469667;34371273
1527711973882;9203;6106;716;246358016;22469883;34371790
1527711973982;9213;6114;716;246358016;22469991;34372050
1527711974082;9223;6122;717;246358016;22470207;34372568
1527711974183;9233;6129;717;246358016;22470423;34373088
1527711974283;9243;6136;718;246358016;22470639;34373607
1527711974383;9253;6143;719;246358016;22470747;34373867
1527711974483;9263;6150;720;246358016;22470963;34374384
1527711974584;9273;6157;720;246358016;22471179;34374902
1527711974684;9283;6163;722;246358016;22471395;34375420
1527711974785;9293;6170;723;246358016;22471503;34375680
1527711974885;9303;6178;724;246358016;22471719;34376200
1527711974985;9313;6185;724;246358016;22471935;34376719
1527711975086;9323;6191;725;246358016;22472151;34377235
1527711975186;9333;6196;727;246358016;22472367;34377755
1527711975286;9343;6204;728;246358016;22472475;34378013
1527711975386;9353;6211;729;246358016;22472691;34378533
1527711975486;9363;6217;730;246358016;22472907;34379052
1527711975586;9373;6223;731;246358016;22473123;34379569
1527711975686;9383;6232;731;246358016;22473231;34379829
1527711975786;9393;6239;732;246358016;22473447;34380347
1527711975886;9403;6245;733;246358016;22473663;34380866
1527711975986;9413;6253;733;246358016;22473771;34381125
1527711976086;9423;6259;735;246358016;22473987;34381643
1527711976187;9433;6266;736;246358016;22474203;34382161
1527711976287;9443;6272;737;246358016;22474419;34382678
1527711976387;9453;6280;737;246358016;22474527;34382936
1527711976487;9463;6288;738;246358016;22474743;34383452
1527711976587;9473;6294;739;246358016;22474959;34383971
1527711976687;9483;6300;741;246358016;22475175;34384488
1527711976788;9493;6306;743;246358016;22475283;34384747
1527711976892;9504;6312;745;246358016;22475499;34385266
1527711976992;9514;6319;746;246358016;22475715;34385784
1527711977092;9524;6324;748;246358016;22475931;34386303
1527711977192;9534;6331;748;246358016;22476039;34386562
1527711977293;9544;6338;750;246358016;22476255;34387081
1527711977396;9554;6346;750;246358016;22476471;34387600
1527711977496;9564;6354;750;246358016;22476687;34388120
1527711977596;9574;6360;751;246358016;22476903;34388639
1527711977696;9584;6367;751;246358016;22477119;34389158
1527711977796;9594;6375;752;246358016;22477227;34389418
1527711977896;9604;6381;753;246358016;22477443;34389936
1527711977996;9614;6388;754;246358016;22477659;34390453
1527711978096;9624;6396;755;246358016;22477767;34390712
1527711978196;9634;6403;756;246358016;22477983;34391231
1527711978297;9644;6410;757;246358016;22478199;34391750
1527711978397;9654;6417;758;246358016;22478415;34392271
1527711978497;9664;6424;758;246358016;22478631;34392789
1527711978597;9674;6432;759;246358016;22478739;34393049
1527711978697;9684;6439;760;246358016;22478955;34393566
1527711978797;9694;6445;762;246358016;22479171;34394084
1527711978897;9704;6454;762;246358016;22479279;34394343
1527711978997;9714;6462;762;246358016;22479495;34394862
1527711979097;9724;6468;763;246358016;22479711;34395379
1527711979197;9734;6475;764;246358016;22479927;34395896
1527711979297;9744;6482;764;246358016;22480035;34396156
1527711979397;9754;6490;765;246358016;22480251;34396674
1527711979497;9764;6497;766;246358016;22480467;34397193
1527711979598;9774;6504;767;246358016;22480683;34397714
1527711979698;9784;6510;768;246358016;22480791;34397972
1527711979798;9794;6518;769;246358016;22481007;34398487
1527711979898;9804;6524;770;246358016;22481223;34399004
1527711979998;9814;6532;770;246358016;22481439;34399524
1527711980099;9824;6538;771;246358016;22481655;34400043
1527711980199;9834;6546;771;246358016;22481763;34400300
1527711980299;9844;6552;773;246358016;22481979;34400820
1527711980399;9854;6558;775;246358016;22482195;34401340
1527711980499;9864;6564;776;246358016;22482411;34401860
1527711980600;9875;6572;777;246358016;22482627;34402379
1527711980700;9885;6580;777;246358016;22482735;34402638
1527711980801;9895;6588;777;246358016;22482951;34403155
1527711980901;9905;6596;777;246358016;22483167;34403676
1527711981001;9915;6603;779;246358016;22483275;34403937
1527711981102;9925;6610;780;246358016;22483491;34404457
1527711981202;9935;6616;781;246358016;22483707;34404976
1527711981302;9945;6623;782;246358016;22483923;34405494
1527711981403;9955;6630;782;246358016;22484139;34406014
1527711981503;9965;6637;784;246358016;22484355;34406534
1527711981603;9975;6644;784;246358016;22484463;34406793
1527711981703;9985;6652;785;246358016;22484679;34407310
1527711981803;9995;6659;786;246358016;22484895;34407826
1527711981903;10005;6666;786;246358016;22485111;34408345
1527711982003;10015;6673;787;246358016;22485327;34408861
1527711982103;10025;6682;787;246358016;22485435;34409121
1527711982203;10035;6689;788;246358016;22485651;34409640
1527711982303;10045;6696;788;246358016;22485867;34410161
1527711982403;10055;6703;789;246358016;22486083;34410679
1527711982503;10065;6710;790;246358016;22486191;34410938
1527711982604;10075;6720;790;246358016;22486407;34411455
1527711982704;10085;6727;790;246358016;22486623;34411974
1527711982804;10095;6734;791;246358016;22486731;34412233
1527711982905;10105;6742;791;246358016;22486947;34412751
1527711983005;10115;6749;792;246358016;22487163;34413270
1527711983105;10125;6756;793;246358016;22487379;34413790
1527711983205;10135;6763;793;246358016;22487595;34414306
1527711983306;10145;6770;794;246358016;22487703;34414563
1527711983406;10155;6778;794;246358016;22487919;34415080
1527711983506;10165;6785;795;246358016;22488135;34415596
1527711983606;10175;6792;796;246358016;22488351;34416113
1527711983707;10185;6799;797;246358016;22488459;34416371
1527711983808;10195;6806;798;246358016;22488675;34416889
1527711983908;10205;6814;799;246358016;22488891;34417406
1527711984008;10215;6820;800;246358016;22489107;34417925
1527711984108;10225;6828;801;246358016;22489603;34418185
1527711984208;10235;6834;803;246358016;22489819;34418705
1527711984308;10245;6838;806;246358016;22490035;34419223
1527711984409;10255;6845;806;246358016;22490251;34419742
1527711984509;10265;6852;807;246358016;22490467;34420261
1527711984609;10275;6859;808;246358016;22490575;34420522
1527711984709;10285;6866;808;246358016;22490791;34421041
1527711984809;10295;6872;810;246358016;22491007;34421560
1527711984909;10305;6878;811;246358016;22491223;34422076
1527711985009;10315;6886;811;246358016;22491331;34422337
1527711985110;10326;6894;811;246358016;22491547;34422858
1527711985210;10336;6901;812;246358016;22491763;34423376
1527711985310;10346;6908;813;246358016;22491979;34423894
1527711985410;10356;6914;814;246358016;22492087;34424153
1527711985510;10366;6921;815;246358016;22492303;34424673
1527711985610;10376;6928;816;246358016;22492519;34425192
1527711985710;10386;6933;818;246358016;22492735;34425710
1527711985810;10396;6940;819;246358016;22492951;34426229
1527711985910;10406;6947;820;246358016;22493167;34426695
1527711986010;10416;6954;820;246358016;22493275;34427007
1527711986110;10426;6962;821;246358016;22493491;34427525
1527711986211;10436;6969;821;246358016;22493707;34428044
1527711986311;10446;6976;822;246358016;22493923;34428563
1527711986411;10456;6983;823;246358016;22494031;34428820
1527711986512;10466;6990;824;246358016;22494247;34429339
1527711986612;10476;6995;826;246358016;22494463;34429857
1527711986712;10486;7003;826;246358016;22494679;34430376
1527711986812;10496;7010;827;246358016;22494787;34430634
1527711986912;10506;7016;828;246358016;22495003;34431150
1527711987012;10516;7022;829;246358016;22495219;34431668
1527711987112;10526;7028;830;246358016;22495435;34432187
1527711987212;10536;7037;830;246358016;22495543;34432446
1527711987312;10546;7044;831;246358016;22495759;34432965
1527711987412;10556;7051;831;246358016;22495975;34433483
1527711987512;10566;7058;832;246358016;22496191;34433949
1527711987613;10576;7066;832;246358016;22496299;34434261
1527711987713;10586;7074;833;246358016;22496515;34434779
1527711987813;10596;7082;833;246358016;22496623;34435039
1527711987913;10606;7089;834;246358016;22496839;34435557
1527711988013;10616;7097;834;246358016;22497055;34436077
1527711988113;10626;7103;835;246358016;22497271;34436597
1527711988213;10636;7113;835;246358016;22497429;34436857
1527711988313;10646;7119;837;246358016;22497677;34437407
1527711988413;10656;7120;837;246358016;22497677;34437407
1527711988513;10666;7120;837;246358016;22497677;34437407
1527711988613;10676;7120;837;246358016;22497677;34437407
1527711988714;10686;7120;837;246358016;22497677;34437407
1527711988814;10696;7120;837;246358016;22497677;34437407
1527711988915;10706;7120;837;246358016;22497677;34437407
1527711989015;10716;7120;837;246358016;22497677;34437407
1527711989115;10726;7120;837;246358016;22497677;34437407
1527711989215;10736;7120;837;246358016;22497677;34437407
1527711989316;10746;7120;837;246358016;22497677;34437407
1527711989416;10756;7120;837;246358016;22497723;34437459
1527711989516;10766;7120;837;246358016;22497723;34437459
1527711989617;10776;7120;837;246358016;22497723;34437459
1527711989717;10786;7120;837;246358016;22497723;34437459
1527711989817;10796;7120;837;246358016;22497723;34437459
1527711989918;10806;7120;837;246358016;22497723;34437459
1527711990018;10816;7120;837;246358016;22497723;34437459
1527711990118;10826;7120;837;246358016;22497723;34437459
1527711990219;10836;7120;837;246358016;22497723;34437459
1527711990319;10846;7120;837;246358016;22497723;34437459
1527711990419;10856;7123;837;246358016;22497877;34437768
1527711990519;10866;7128;839;246358016;22498093;34438285
1527711990619;10876;7134;840;246358016;22498201;34438543
1527711990719;10886;7142;841;246358016;22498417;34439057
1527711990819;10896;7148;843;246358016;22498633;34439576
1527711990920;10907;7156;843;246358016;22498849;34440096
1527711991020;10917;7162;844;246358016;22499065;34440614
1527711991121;10927;7170;844;246358016;22499173;34440875
1527711991221;10937;7176;846;246358016;22499389;34441394
1527711991321;10947;7183;846;246358016;22499605;34441911
1527711991421;10957;7190;847;246358016;22499713;34442171
1527711991521;10967;7197;848;246358016;22499929;34442688
1527711991621;10977;7202;851;246358016;22500145;34443207
1527711991721;10987;7209;852;246358016;22500361;34443723
1527711991821;10997;7216;853;246358016;22500469;34443982
1527711991921;11007;7224;853;246358016;22500685;34444501
1527711992021;11017;7231;853;246358016;22500901;34445018
1527711992121;11027;7237;854;246358016;22501117;34445537
1527711992221;11037;7244;855;246358016;22501225;34445798
1527711992321;11047;7252;856;246358016;22501441;34446316
1527711992421;11057;7258;856;246358016;22501657;34446834
1527711992522;11067;7264;858;246358016;22501873;34447355
1527711992622;11077;7273;858;246358016;22501981;34447615
1527711992722;11087;7280;858;246358016;22502197;34448149
1527711992822;11097;7286;860;246358016;22502413;34448681
1527711992923;11107;7293;862;246358016;22502521;34448947
1527711993023;11117;7300;862;246358016;22502737;34449481
1527711993123;11127;7307;862;246358016;22502953;34450013
1527711993223;11137;7312;864;246358016;22503169;34450543
1527711993323;11147;7319;865;246358016;22503277;34450808
1527711993423;11157;7327;866;246358016;22503493;34451336
1527711993523;11167;7333;867;246358016;22503709;34451872
1527711993623;11177;7339;868;246358016;22503925;34452399
1527711993723;11187;7346;869;246358016;22504033;34452664
1527711993823;11197;7353;870;246358016;22504249;34453192
1527711993923;11207;7358;871;246358016;22504465;34453720
1527711994024;11217;7365;872;246358016;22504681;34454250
1527711994124;11227;7371;873;246358016;22504789;34454513
1527711994224;11237;7380;873;246358016;22505005;34455040
1527711994324;11247;7387;874;246358016;22505113;34455307
1527711994424;11257;7394;875;246358016;22505329;34455835
1527711994524;11267;7400;876;246358016;22505545;34456367
1527711994624;11277;7406;877;246358016;22505653;34456635
1527711994724;11287;7412;879;246358016;22505869;34457163
1527711994824;11297;7419;880;246358016;22506085;34457691
1527711994924;11307;7426;880;246358016;22506301;34458219
1527711995024;11317;7433;881;246358016;22506409;34458487
1527711995124;11327;7441;882;246358016;22506625;34459017
1527711995224;11337;7446;884;246358016;22506841;34459543
1527711995325;11347;7453;884;246358016;22507057;34460071
1527711995425;11357;7458;886;246358016;22507273;34460601
1527711995525;11367;7466;886;246358016;22507381;34460867
1527711995625;11377;7473;887;246358016;22507597;34461394
1527711995726;11387;7480;888;246358016;22507813;34461918
1527711995826;11397;7488;889;246358016;22507921;34462181
1527711995926;11407;7494;890;246358016;22508137;34462708
1527711996026;11417;7501;891;246358016;22508353;34463234
1527711996127;11427;7508;892;246358016;22508569;34463764
1527711996227;11437;7516;892;246358016;22508677;34464029
1527711996327;11447;7524;892;246358016;22508893;34464560
1527711996427;11457;7530;894;246358016;22509109;34465086
1527711996527;11467;7537;894;246358016;22509325;34465619
1527711996627;11477;7545;895;246358016;22509433;34465884
1527711996728;11487;7552;895;246358016;22509649;34466411
1527711996828;11497;7559;896;246358016;22509865;34466943
1527711996929;11507;7566;896;246358016;22510081;34467473
1527711997030;11518;7573;898;246358016;22510189;34467738
1527711997130;11528;7579;899;246358016;22510405;34468265
1527711997230;11538;7586;900;246358016;22510621;34468795
1527711997330;11548;7592;901;246358016;22510837;34469325
1527711997431;11558;7600;902;246358016;22510945;34469588
1527711997531;11568;7607;903;246358016;22511161;34470114
1527711997631;11578;7614;904;246358016;22511269;34470377
1527711997731;11588;7622;904;246358016;22511485;34470906
1527711997831;11598;7628;905;246358016;22511701;34471432
1527711997931;11608;7634;906;246358016;22511917;34471962
1527711998032;11618;7642;907;246358016;22512025;34472229
1527711998132;11628;7650;907;246358016;22512241;34472759
1527711998232;11638;7656;908;246358016;22512457;34473294
1527711998332;11648;7662;909;246358016;22512673;34473825
1527711998432;11658;7671;910;246358016;22512781;34474091
1527711998533;11668;7677;911;246358016;22512997;34474616
1527711998633;11678;7684;912;246358016;22513213;34475149
1527711998733;11688;7691;912;246358016;22513321;34475414
1527711998833;11698;7699;912;246358016;22513537;34475942
1527711998933;11708;7706;912;246358016;22513753;34476472
1527711999033;11718;7714;913;246358016;22513861;34476735
1527711999134;11728;7722;913;246358016;22514077;34477258
1527711999234;11738;7727;915;246358016;22514293;34477769
1527711999334;11748;7734;916;246358016;22514509;34478283
1527711999434;11758;7741;916;246358016;22514617;34478539
1527711999534;11768;7748;917;246358016;22514833;34479055
1527711999634;11778;7754;918;246358016;22515049;34479568
1527711999735;11788;7762;918;246358016;22515265;34480085
1527711999835;11798;7769;919;246358016;22515373;34480342
1527711999935;11808;7776;920;246358016;22515589;34480861
1527712000036;11818;7783;920;246358016;22515805;34481379
1527712000136;11828;7789;921;246358016;22516021;34481894
1527712000236;11838;7796;922;246358016;22516129;34482152
1527712000337;11848;7803;923;246358016;22516345;34482669
1527712000437;11858;7810;924;246358016;22516561;34483185
1527712000537;11868;7818;924;246358016;22516669;34483444
1527712000637;11878;7824;926;246358016;22516885;34483961
1527712000738;11888;7830;927;246358016;22517101;34484477
1527712000838;11898;7836;928;246358016;22517209;34484736
1527712000938;11908;7844;929;246358016;22517425;34485249
1527712001038;11918;7850;930;246358016;22517641;34485765
1527712001138;11928;7857;931;246358016;22517749;34486023
1527712001238;11938;7864;932;246358016;22517965;34486541
1527712001338;11948;7871;933;246358016;22518181;34487060
1527712001438;11958;7877;934;246358016;22518397;34487578
1527712001539;11968;7884;934;246358016;22518613;34488095
1527712001639;11978;7890;936;246358016;22518721;34488355
1527712001739;11988;7899;936;246358016;22518937;34488871
1527712001840;11999;7907;936;246358016;22519045;34489131
1527712001940;12009;7914;937;246358016;22519261;34489646
1527712002041;12019;7920;938;246358016;22519477;34490112
1527712002141;12029;7928;938;246358016;22519585;34490424
1527712002241;12039;7934;939;246358016;22519801;34490942
1527712002341;12049;7941;940;246358016;22520017;34491460
1527712002441;12059;7948;940;246358016;22520233;34491975
1527712002542;12069;7955;941;246358016;22520341;34492233
1527712002642;12079;7964;941;246358016;22520557;34492750
1527712002743;12089;7970;942;246358016;22520773;34493266
1527712002843;12099;7978;942;246358016;22520881;34493526
1527712002943;12109;7985;944;246358016;22521097;34494044
1527712003043;12119;7991;945;246358016;22521313;34494510
1527712003143;12129;7999;945;246358016;22521421;34494823
1527712003243;12139;8006;946;246358016;22521719;34495373
1527712003343;12149;8012;946;246358016;22521935;34495889
1527712003443;12159;8018;948;246358016;22522043;34496146
1527712003543;12169;8025;949;246358016;22522259;34496663
1527712003643;12179;8031;950;246358016;22522475;34497179
1527712003743;12189;8038;951;246358016;22522691;34497697
1527712003843;12199;8044;952;246358016;22522799;34497956
1527712003943;12209;8052;952;246358016;22523015;34498471
1527712004043;12219;8059;953;246358016;22523231;34498986
1527712004144;12229;8066;954;246358016;22523447;34499505
1527712004244;12239;8072;954;246358016;22523663;34500023
1527712004345;12249;8079;955;246358016;22523879;34500541
1527712004446;12259;8087;956;246358016;22523987;34500799
1527712004546;12269;8093;957;246358016;22524203;34501318
1527712004646;12279;8099;958;246358016;22524419;34501833
1527712004746;12289;8106;958;246358016;22524635;34502346
1527712004846;12299;8112;959;246358016;22524743;34502606
1527712004946;12309;8119;961;246358016;22524959;34503123
1527712005046;12319;8126;962;246358016;22525175;34503638
1527712005147;12329;8132;962;246358016;22525391;34504153
1527712005247;12339;8140;962;246358016;22525499;34504410
1527712005347;12349;8147;963;246358016;22525715;34504929
1527712005447;12359;8152;965;246358016;22525931;34505447
1527712005547;12369;8158;966;246358016;22526147;34505966
1527712005647;12379;8165;966;246358016;22526255;34506226
1527712005747;12389;8172;968;246358016;22526471;34506746
1527712005847;12399;8179;969;246358016;22526687;34507263
1527712005947;12409;8184;970;246358016;22526903;34507780
1527712006047;12419;8191;971;246358016;22527119;34508297
1527712006147;12429;8198;972;246358016;22527227;34508557
1527712006247;12439;8204;973;246358016;22527443;34509075
1527712006348;12449;8211;973;246358016;22527659;34509592
1527712006448;12459;8218;974;246358016;22527875;34510059
1527712006549;12469;8226;974;246358016;22527983;34510364
1527712006649;12479;8234;974;246358016;22528199;34510882
1527712006749;12489;8241;975;246358016;22528415;34511401
1527712006850;12500;8247;976;246358016;22528631;34511920
1527712006950;12510;8254;977;246358016;22528847;34512440
1527712007051;12520;8261;977;246358016;22529063;34512957
1527712007151;12530;8269;978;246358016;22529171;34513217
1527712007251;12540;8276;978;246358016;22529387;34513734
1527712007351;12550;8284;979;246358016;22529603;34514252
1527712007452;12560;8290;980;246358016;22529819;34514770
1527712007552;12570;8297;981;246358016;22530035;34515289
1527712007652;12580;8304;982;246358016;22530251;34515807
1527712007752;12590;8310;983;246358016;22530467;34516321
1527712007852;12600;8318;984;246358016;22530575;34516580
1527712007953;12610;8325;984;246358016;22530791;34517097
1527712008053;12620;8333;984;246358016;22531007;34517615
1527712008153;12630;8339;986;246358016;22531223;34518135
1527712008253;12640;8346;986;246358016;22531439;34518654
1527712008354;12650;8349;988;246358016;22531547;34518911
1527712008454;12660;8350;988;246358016;22531547;34518911
1527712008554;12670;8351;988;246358016;22531547;34518911
1527712008655;12680;8351;988;246358016;22531547;34518911
1527712008755;12690;8351;988;246358016;22531547;34518911
1527712008855;12700;8351;988;246358016;22531547;34518911
1527712008956;12710;8351;988;246358016;22531547;34518911
1527712009056;12720;8351;988;246358016;22531547;34518911
1527712009156;12730;8351;988;246358016;22531547;34518911
1527712009257;12740;8351;988;246358016;22531547;34518911
1527712009357;12750;8351;988;246358016;22531547;34518911
1527712009457;12760;8351;988;246358016;22531593;34518963
1527712009558;12770;8351;988;246358016;22531593;34518963
1527712009658;12780;8351;988;246358016;22531593;34518963
1527712009758;12790;8357;988;246358016;22531809;34519481
1527712009859;12800;8363;990;246358016;22532025;34519996
1527712009959;12810;8370;990;246358016;22532241;34520515
1527712010059;12820;8377;991;246358016;22532349;34520774
1527712010160;12831;8385;991;246358016;22532565;34521291
1527712010261;12841;8392;992;246358016;22532781;34521808
1527712010361;12851;8399;993;246358016;22532997;34522325
1527712010461;12861;8405;994;246358016;22533213;34522842
1527712010565;12871;8413;995;246358016;22533429;34523358
1527712010666;12881;8420;996;246358016;22533537;34523618
1527712010766;12891;8428;996;246358016;22533753;34524136
1527712010867;12901;8435;998;246358016;22533969;34524653
1527712010967;12911;8442;999;246358016;22534185;34525171
1527712011067;12921;8448;1000;246358016;22534401;34525690
1527712011168;12931;8455;1000;246358016;22534617;34526210
1527712011268;12941;8462;1002;246358016;22534725;34526467
1527712011368;12951;8470;1002;246358016;22534941;34526987
1527712011468;12961;8477;1002;246358016;22535157;34527503
1527712011568;12971;8484;1004;246358016;22535373;34528020
1527712011668;12981;8491;1004;246358016;22535589;34528539
1527712011768;12991;8498;1005;246358016;22535805;34529059
1527712011868;13001;8505;1005;246358016;22536021;34529576
1527712011969;13011;8512;1006;246358016;22536237;34530092
1527712012069;13021;8520;1006;246358016;22536345;34530350
1527712012170;13032;8527;1007;246358016;22536561;34530868
1527712012270;13042;8535;1007;246358016;22536777;34531387
1527712012370;13052;8542;1007;246358016;22536993;34531906
1527712012471;13062;8549;1008;246358016;22537209;34532424
1527712012571;13072;8556;1009;246358016;22537425;34532941
1527712012672;13082;8563;1010;246358016;22537641;34533458
1527712012772;13092;8570;1010;246358016;22537749;34533715
1527712012872;13102;8577;1011;246358016;22537965;34534234
1527712012972;13112;8585;1012;246358016;22538181;34534750
1527712013072;13122;8592;1013;246358016;22538397;34535267
1527712013173;13132;8598;1014;246358016;22538613;34535786
1527712013273;13142;8605;1015;246358016;22538829;34536306
1527712013373;13152;8611;1017;246358016;22539045;34536826
1527712013473;13162;8617;1018;246358016;22539261;34537344
1527712013573;13172;8623;1020;246358016;22539477;34537863
1527712013673;13182;8630;1020;246358016;22539585;34538123
1527712013773;13192;8639;1020;246358016;22539801;34538641
1527712013873;13202;8646;1021;246358016;22540017;34539157
1527712013973;13212;8653;1021;246358016;22540233;34539673
1527712014074;13222;8660;1022;246358016;22540449;34540191
1527712014174;13232;8667;1022;246358016;22541053;34540708
1527712014274;13242;8673;1024;246358016;22541161;34540967
1527712014375;13252;8681;1024;246358016;22541377;34541486
1527712014475;13262;8688;1025;246358016;22541593;34542006
1527712014575;13272;8694;1027;246358016;22541701;34542263
1527712014675;13282;8700;1029;246358016;22541917;34542781
1527712014775;13292;8706;1030;246358016;22542133;34543300
1527712014876;13302;8712;1032;246358016;22542349;34543819
1527712014976;13312;8719;1032;246358016;22542565;34544339
1527712015077;13322;8727;1032;246358016;22542781;34544806
1527712015178;13332;8734;1034;246358016;22542889;34545115
1527712015278;13342;8742;1035;246358016;22542997;34545375
1527712015379;13352;8749;1036;246358016;22543213;34545895
1527712015479;13362;8756;1037;246358016;22543429;34546413
1527712015579;13372;8762;1038;246358016;22543645;34546934
1527712015679;13382;8768;1039;246358016;22543861;34547452
1527712015780;13393;8774;1040;246358016;22544077;34547970
1527712015880;13403;8784;1041;246358016;22544185;34548230
1527712015980;13413;8790;1042;246358016;22544401;34548748
1527712016080;13423;8797;1042;246358016;22544509;34549006
1527712016180;13433;8804;1043;246358016;22544725;34549522
1527712016280;13443;8811;1044;246358016;22544941;34550038
1527712016381;13453;8818;1045;246358016;22545157;34550555
1527712016481;13463;8825;1046;246358016;22545373;34551072
1527712016581;13473;8832;1046;246358016;22545481;34551331
1527712016681;13483;8840;1047;246358016;22545697;34551850
1527712016782;13493;8846;1048;246358016;22545913;34552369
1527712016882;13503;8852;1049;246358016;22546129;34552888
1527712016982;13513;8858;1050;246358016;22546345;34553407
1527712017082;13523;8865;1051;246358016;22546561;34553927
1527712017183;13533;8871;1053;246358016;22546669;34554185
1527712017283;13543;8880;1053;246358016;22546885;34554704
1527712017383;13553;8886;1054;246358016;22547101;34555223
1527712017484;13563;8892;1056;246358016;22547317;34555741
1527712017585;13573;8898;1057;246358016;22547533;34556257
1527712017685;13583;8905;1058;246358016;22547641;34556516
1527712017785;13593;8912;1059;246358016;22547857;34557033
1527712017886;13603;8920;1059;246358016;22548073;34557551
1527712017986;13613;8926;1060;246358016;22548289;34558070
1527712018086;13623;8933;1061;246358016;22548505;34558588
1527712018186;13633;8938;1063;246358016;22548771;34559106
1527712018286;13643;8945;1064;246358016;22548925;34559364
1527712018386;13653;8952;1065;246358016;22549141;34559880
1527712018486;13663;8959;1066;246358016;22549357;34560399
1527712018587;13673;8966;1067;246358016;22549573;34560914
1527712018687;13683;8973;1068;246358016;22549789;34561429
1527712018787;13693;8980;1070;246358016;22549897;34561689
1527712018887;13703;8986;1071;246358016;22550113;34562206
1527712018987;13713;8992;1072;246358016;22550329;34562725
1527712019088;13723;8998;1074;246358016;22550545;34563245
1527712019188;13733;9004;1075;246358016;22550761;34563764
1527712019288;13743;9012;1076;246358016;22550869;34564024
1527712019388;13753;9019;1076;246358016;22551085;34564542
1527712019488;13763;9026;1077;246358016;22551301;34565058
1527712019588;13773;9034;1078;246358016;22551517;34565574
1527712019688;13783;9041;1079;246358016;22551625;34565833
1527712019788;13793;9048;1080;246358016;22551841;34566351
1527712019888;13803;9055;1081;246358016;22552057;34566872
1527712019989;13813;9062;1082;246358016;22552273;34567391
1527712020089;13823;9068;1083;246358016;22552489;34567909
1527712020189;13833;9075;1083;246358016;22552705;34568429
1527712020289;13843;9082;1084;246358016;22552921;34568948
1527712020390;13854;9090;1084;246358016;22553029;34569206
1527712020490;13864;9098;1085;246358016;22553245;34569722
1527712020591;13874;9105;1085;246358016;22553461;34570241
1527712020691;13884;9112;1086;246358016;22553677;34570760
1527712020791;13894;9118;1086;246358016;22553893;34571280
1527712020891;13904;9124;1088;246358016;22554109;34571796
1527712020991;13914;9132;1088;246358016;22554217;34572054
1527712021091;13924;9140;1088;246358016;22554433;34572570
1527712021191;13934;9148;1089;246358016;22554649;34573085
1527712021291;13944;9155;1089;246358016;22554865;34573601
1527712021391;13954;9162;1090;246358016;22555081;34574121
1527712021491;13964;9169;1090;246358016;22555297;34574640
1527712021592;13974;9177;1090;246358016;22555513;34575157
1527712021692;13984;9184;1091;246358016;22555621;34575416
1527712021793;13994;9190;1093;246358016;22555837;34575933
1527712021893;14004;9196;1094;246358016;22556053;34576451
1527712021993;14014;9202;1096;246358016;22556269;34576969
1527712022093;14024;9210;1096;246358016;22556485;34577486
1527712022194;14034;9216;1098;246358016;22556701;34578005
1527712022294;14044;9222;1098;246358016;22556917;34578524
1527712022394;14054;9229;1100;246358016;22557025;34578783
1527712022494;14064;9235;1101;246358016;22557241;34579302
1527712022594;14074;9243;1102;246358016;22557457;34579820
1527712022694;14084;9250;1102;246358016;22557673;34580336
1527712022794;14094;9257;1103;246358016;22557889;34580853
1527712022894;14104;9264;1104;246358016;22558105;34581370
1527712022994;14114;9270;1105;246358016;22558321;34581891
1527712023094;14124;9278;1105;246358016;22558429;34582150
1527712023194;14134;9285;1106;246358016;22558645;34582669
1527712023294;14144;9293;1106;246358016;22558861;34583187
1527712023394;14154;9301;1106;246358016;22559077;34583704
1527712023494;14164;9309;1106;246358016;22559185;34583964
1527712023594;14174;9316;1108;246358016;22559401;34584479
1527712023695;14184;9322;1109;246358016;22559617;34584992
1527712023795;14194;9329;1110;246358016;22559833;34585510
1527712023895;14204;9336;1110;246358016;22560049;34586031
1527712023995;14214;9343;1111;246358016;22560157;34586285
1527712024096;14224;9350;1112;246358016;22560373;34586803
1527712024196;14234;9358;1112;246358016;22560589;34587321
1527712024297;14244;9365;1113;246358016;22560805;34587842
1527712024397;14254;9369;1114;246358016;22560913;34588100
1527712024497;14264;9369;1114;246358016;22560913;34588100
1527712024597;14274;9369;1114;246358016;22560913;34588100
1527712024698;14284;9369;1114;246358016;22560913;34588100
1527712024798;14294;9369;1114;246358016;22560913;34588100
1527712024898;14304;9369;1114;246358016;22560913;34588100
1527712024999;14314;9369;1114;246358016;22560913;34588100
1527712025099;14324;9369;1114;246358016;22560913;34588100
1527712025199;14334;9369;1114;246358016;22560913;34588100
1527712025300;14345;9369;1114;246358016;22560913;34588100
1527712025400;14355;9369;1114;246358016;22560959;34588152
1527712025500;14365;9369;1114;246358016;22560959;34588152
1527712025601;14375;9370;1114;246358016;22560959;34588152
1527712025701;14385;9370;1114;246358016;22560959;34588152
1527712025801;14395;9370;1114;246358016;22560959;34588152
1527712025902;14405;9370;1114;246358016;22560959;34588152
1527712026002;14415;9370;1114;246358016;22560959;34588152
1527712026102;14425;9370;1114;246358016;22560959;34588152
1527712026203;14435;9370;1114;246358016;22560959;34588152
1527712026303;14445;9370;1114;246358016;22560959;34588152
1527712026404;14455;9370;1114;246358016;22560959;34588152
1527712026504;14465;9377;1114;246358016;22561175;34588670
1527712026604;14475;9384;1115;246358016;22561391;34589189
1527712026704;14485;9390;1116;246358016;22561607;34589706
1527712026804;14495;9398;1116;246358016;22561715;34589963
1527712026904;14505;9405;1117;246358016;22561931;34590476
1527712027005;14515;9412;1118;246358016;22562147;34590992
1527712027105;14525;9418;1119;246358016;22562363;34591507
1527712027205;14535;9427;1119;246358016;22562579;34592023
1527712027305;14545;9432;1121;246358016;22562795;34592540
1527712027405;14555;9440;1122;246358016;22562903;34592798
1527712027505;14565;9446;1124;246358016;22563119;34593313
1527712027605;14575;9454;1124;246358016;22563227;34593569
1527712027705;14585;9462;1124;246358016;22563443;34594085
1527712027805;14595;9469;1125;246358016;22563659;34594602
1527712027905;14605;9477;1126;246358016;22563767;34594860
1527712028005;14615;9483;1127;246358016;22563983;34595378
1527712028106;14625;9490;1127;246358016;22564199;34595897
1527712028206;14635;9498;1128;246358016;22564307;34596154
1527712028306;14645;9506;1128;246358016;22564523;34596671
1527712028406;14655;9512;1129;246358016;22564739;34597188
1527712028507;14665;9518;1130;246358016;22564955;34597706
1527712028607;14675;9524;1131;246358016;22565063;34597968
1527712028707;14685;9532;1132;246358016;22565279;34598487
1527712028807;14695;9538;1134;246358016;22565495;34599005
1527712028908;14705;9545;1134;246358016;22565711;34599524
1527712029008;14715;9551;1136;246358016;22565927;34600042
1527712029110;14726;9558;1136;246358016;22566143;34600558
1527712029210;14736;9565;1138;246358016;22566251;34600816
1527712029310;14746;9572;1138;246358016;22566467;34601334
1527712029410;14756;9577;1140;246358016;22566683;34601853
1527712029511;14766;9584;1140;246358016;22566899;34602370
1527712029612;14776;9590;1142;246358016;22567115;34602887
1527712029712;14786;9597;1144;246358016;22567223;34603145
1527712029812;14796;9604;1144;246358016;22567439;34603662
1527712029913;14806;9610;1145;246358016;22567655;34604177
1527712030013;14816;9617;1146;246358016;22567871;34604696
1527712030113;14826;9623;1147;246358016;22568087;34605216
1527712030213;14836;9632;1148;246358016;22568195;34605475
1527712030314;14846;9639;1148;246358016;22568411;34605995
1527712030414;14856;9644;1150;246358016;22568519;34606254
1527712030514;14866;9652;1150;246358016;22568735;34606772
1527712030614;14876;9660;1151;246358016;22568843;34607030
1527712030714;14886;9669;1151;246358016;22568843;34607030
1527712030814;14896;9679;1151;246358016;22568843;34607030
1527712030914;14906;9689;1151;246358016;22568843;34607030
1527712031014;14916;9699;1151;246358016;22568843;34607030
1527712031114;14926;9708;1151;246358016;22568843;34607030
1527712031214;14936;9718;1151;246358016;22568843;34607030
1527712031314;14946;9728;1151;246358016;22568843;34607030
1527712031414;14956;9737;1151;246358016;22568951;34607290
1527712031514;14966;9747;1151;246358016;22568951;34607290
1527712031614;14976;9757;1151;246358016;22568951;34607290
1527712031714;14986;9767;1151;246358016;22568951;34607290
1527712031814;14996;9776;1151;246358016;22568951;34607290
1527712031915;15006;9786;1151;246358016;22568951;34607290
1527712032015;15016;9795;1151;246358016;22568951;34607290
1527712032115;15026;9805;1151;246358016;22569059;34607549
1527712032215;15036;9814;1152;246358016;22569059;34607549
1527712032315;15046;9824;1152;246358016;22569059;34607549
1527712032415;15056;9834;1152;246358016;22569059;34607549
1527712032515;15066;9844;1152;246358016;22569059;34607549
1527712032615;15076;9854;1152;246358016;22569059;34607549
1527712032716;15086;9862;1152;246358016;22569167;34607811
1527712032816;15096;9872;1152;246358016;22569167;34607811
1527712032916;15106;9881;1153;246358016;22569167;34607811
1527712033016;15116;9891;1153;246358016;22569167;34607811
1527712033116;15126;9901;1153;246358016;22569167;34607811
1527712033216;15136;9910;1153;246358016;22569217;34607811
1527712033316;15146;9920;1153;246358016;22569217;34607811
1527712033417;15156;9929;1153;246358016;22569217;34607811
1527712033517;15166;9938;1154;246358016;22569371;34608071
1527712033617;15176;9948;1154;246358016;22569371;34608071
1527712033717;15186;9958;1154;246358016;22569371;34608071
1527712033817;15196;9968;1154;246358016;22569371;34608071
1527712033918;15206;9978;1154;246358016;22569371;34608071
1527712034018;15216;9988;1154;246358016;22569371;34608071
1527712034118;15226;9996;1154;246358016;22569479;34608330
1527712034218;15236;10006;1154;246358016;22569479;34608330
1527712034319;15246;10016;1154;246358016;22569479;34608330
1527712034419;15256;10025;1154;246358016;22569479;34608330
1527712034519;15266;10035;1154;246358016;22569479;34608330
1527712034619;15276;10045;1154;246358016;22569479;34608330
1527712034719;15286;10055;1154;246358016;22569479;34608330
1527712034820;15297;10064;1154;246358016;22569587;34608536
1527712034920;15307;10074;1154;246358016;22569587;34608588
1527712035020;15317;10083;1154;246358016;22569587;34608588
1527712035120;15327;10093;1154;246358016;22569587;34608588
1527712035221;15337;10102;1155;246358016;22569587;34608588
1527712035321;15347;10112;1155;246358016;22569587;34608588
1527712035421;15357;10122;1155;246358016;22569587;34608588
1527712035521;15367;10130;1155;246358016;22569695;34608846
1527712035621;15377;10140;1155;246358016;22569695;34608846
1527712035721;15387;10150;1155;246358016;22569695;34608846
1527712035821;15397;10160;1155;246358016;22569695;34608846
1527712035921;15407;10170;1155;246358016;22569695;34608846
1527712036021;15417;10179;1155;246358016;22569695;34608846
1527712036121;15427;10189;1155;246358016;22569695;34608846
1527712036222;15437;10198;1156;246358016;22569695;34608846
1527712036322;15447;10206;1156;246358016;22569803;34609104
1527712036422;15457;10214;1156;246358016;22570019;34609622
1527712036522;15467;10221;1157;246358016;22570235;34610141
1527712036623;15477;10228;1157;246358016;22570451;34610662
1527712036723;15487;10235;1159;246358016;22570559;34610920
1527712036823;15497;10242;1159;246358016;22570775;34611437
1527712036924;15507;10250;1160;246358016;22570883;34611697
1527712037024;15517;10257;1160;246358016;22571099;34612218
1527712037124;15527;10264;1161;246358016;22571207;34612477
1527712037225;15537;10270;1164;246358016;22571423;34612995
1527712037325;15547;10276;1165;246358016;22571639;34613513
1527712037425;15557;10283;1166;246358016;22571747;34613773
1527712037525;15567;10290;1167;246358016;22571963;34614288
1527712037625;15577;10296;1168;246358016;22572179;34614808
1527712037725;15587;10303;1168;246358016;22572395;34615323
1527712037825;15597;10311;1169;246358016;22572503;34615579
1527712037925;15607;10318;1170;246358016;22572719;34616097
1527712038025;15617;10324;1170;246358016;22572935;34616618
1527712038125;15627;10331;1172;246358016;22573043;34616878
1527712038226;15637;10338;1172;246358016;22573259;34617399
1527712038326;15647;10345;1172;246358016;22573475;34617916
1527712038426;15657;10347;1172;246358016;22573475;34617916
1527712038527;15667;10347;1172;246358016;22573475;34617916
1527712038627;15677;10347;1172;246358016;22573475;34617916
1527712038727;15687;10348;1173;246358016;22573583;34618175
1527712038828;15697;10351;1173;246358016;22573583;34618175
1527712038928;15707;10351;1173;246358016;22573583;34618175
1527712039029;15717;10351;1173;246358016;22573583;34618175
1527712039129;15727;10351;1173;246358016;22573583;34618175
1527712039229;15737;10351;1173;246358016;22573583;34618175
1527712039330;15748;10351;1173;246358016;22573583;34618175
1527712039430;15758;10351;1173;246358016;22573583;34618175
1527712039530;15768;10352;1173;246358016;22573583;34618175
1527712039631;15778;10352;1173;246358016;22573583;34618175
1527712039731;15788;10352;1173;246358016;22573629;34618227
1527712039832;15798;10357;1175;246358016;22573845;34618746
1527712039932;15808;10363;1176;246358016;22574061;34619264
1527712040032;15818;10370;1176;246358016;22574277;34619785
1527712040133;15828;10376;1178;246358016;22574493;34620302
1527712040233;15838;10384;1178;246358016;22574601;34620562
1527712040333;15848;10392;1178;246358016;22574709;34620822
1527712040433;15858;10399;1179;246358016;22574925;34621342
1527712040533;15868;10407;1180;246358016;22575033;34621602
1527712040633;15878;10415;1180;246358016;22575249;34622123
1527712040733;15888;10421;1181;246358016;22575465;34622639
1527712040834;15898;10428;1182;246358016;22575681;34623158
1527712040934;15908;10435;1182;246358016;22575897;34623675
1527712041035;15918;10442;1182;246358016;22576113;34624197
1527712041135;15928;10448;1184;246358016;22576221;34624457
1527712041236;15938;10456;1184;246358016;22576437;34624978
1527712041336;15948;10462;1185;246358016;22576653;34625494
1527712041436;15958;10469;1186;246358016;22576869;34626010
1527712041539;15968;10475;1187;246358016;22577085;34626525
1527712041639;15978;10482;1188;246358016;22577193;34626784
1527712041739;15988;10491;1188;246358016;22577301;34627041
1527712041839;15998;10498;1188;246358016;22577517;34627559
1527712041940;16008;10506;1189;246358016;22577733;34628078
1527712042040;16019;10512;1189;246358016;22577949;34628544
1527712042140;16029;10520;1190;246358016;22578057;34628857
1527712042240;16039;10527;1190;246358016;22578273;34629373
1527712042340;16049;10534;1191;246358016;22578489;34629887
1527712042440;16059;10540;1193;246358016;22578705;34630404
1527712042540;16069;10547;1194;246358016;22578813;34630663
1527712042640;16079;10554;1194;246358016;22579029;34631180
1527712042741;16089;10560;1196;246358016;22579245;34631699
1527712042841;16099;10567;1197;246358016;22579353;34631957
1527712042941;16109;10574;1198;246358016;22579569;34632476
1527712043042;16119;10580;1200;246358016;22579785;34632994
1527712043142;16129;10587;1200;246358016;22580001;34633512
1527712043242;16139;10592;1202;246358016;22580217;34634032
1527712043343;16149;10599;1203;246358016;22580433;34634548
1527712043443;16159;10606;1204;246358016;22580541;34634806
1527712043543;16169;10614;1204;246358016;22580757;34635324
1527712043644;16179;10621;1204;246358016;22580973;34635841
1527712043744;16189;10628;1205;246358016;22581189;34636360
1527712043844;16199;10636;1205;246358016;22581297;34636621
1527712043945;16209;10642;1206;246358016;22581513;34637138
1527712044045;16219;10650;1206;246358016;22581621;34637396
1527712044145;16229;10657;1208;246358016;22581837;34637915
1527712044245;16239;10662;1210;246358016;22582441;34638434
1527712044345;16249;10668;1212;246358016;22582549;34638693
1527712044445;16259;10675;1214;246358016;22582765;34639210
1527712044545;16269;10681;1215;246358016;22582981;34639728
1527712044645;16279;10686;1216;246358016;22583197;34640245
1527712044745;16289;10694;1217;246358016;22583305;34640505
1527712044845;16299;10701;1218;246358016;22583521;34641023
1527712044945;16309;10708;1219;246358016;22583737;34641542
1527712045045;16319;10714;1220;246358016;22583845;34641801
1527712045146;16329;10722;1221;246358016;22584061;34642319
1527712045246;16339;10728;1222;246358016;22584277;34642839
1527712045346;16349;10734;1223;246358016;22584493;34643358
1527712045446;16359;10741;1224;246358016;22584601;34643619
1527712045546;16369;10748;1225;246358016;22584817;34644136
1527712045646;16379;10756;1226;246358016;22585033;34644655
1527712045746;16389;10762;1226;246358016;22585249;34645173
1527712045847;16399;10768;1228;246358016;22585357;34645433
1527712045947;16409;10776;1228;246358016;22585573;34645947
1527712046048;16419;10783;1229;246358016;22585789;34646463
1527712046148;16429;10789;1230;246358016;22586005;34646981
1527712046248;16439;10796;1232;246358016;22586113;34647241
1527712046349;16449;10804;1232;246358016;22586329;34647758
1527712046449;16459;10810;1233;246358016;22586545;34648276
1527712046549;16469;10818;1233;246358016;22586761;34648795
1527712046650;16480;10824;1234;246358016;22586977;34649310
1527712046750;16490;10831;1235;246358016;22587085;34649570
1527712046851;16500;10838;1236;246358016;22587301;34650086
1527712046951;16510;10845;1237;246358016;22587517;34650604
1527712047051;16520;10851;1238;246358016;22587733;34651072
1527712047151;16530;10858;1239;246358016;22587841;34651383
1527712047251;16540;10865;1240;246358016;22588057;34651903
1527712047351;16550;10872;1240;246358016;22588165;34652163
1527712047451;16560;10880;1241;246358016;22588381;34652682
1527712047551;16570;10886;1241;246358016;22588597;34653201
1527712047652;16580;10893;1242;246358016;22588813;34653715
1527712047752;16590;10899;1244;246358016;22589029;34654183
1527712047852;16600;10906;1245;246358016;22589137;34654494
1527712047952;16610;10912;1247;246358016;22589353;34655014
1527712048052;16620;10918;1248;246358016;22589569;34655534
1527712048152;16630;10927;1248;246358016;22589677;34655794
1527712048252;16640;10933;1249;246358016;22589943;34656317
1527712048352;16650;10942;1249;246358016;22590097;34656573
1527712048452;16660;10950;1249;246358016;22590313;34657090
1527712048552;16670;10957;1250;246358016;22590529;34657607
1527712048653;16680;10965;1251;246358016;22590637;34657865
1527712048754;16690;10971;1252;246358016;22590853;34658329
1527712048854;16700;10979;1253;246358016;22590961;34658643
1527712048954;16710;10986;1254;246358016;22591177;34659161
1527712049055;16720;10992;1254;246358016;22591393;34659679
1527712049155;16730;11000;1255;246358016;22591501;34659936
1527712049255;16740;11007;1256;246358016;22591717;34660457
1527712049356;16750;11012;1257;246358016;22591933;34660973
1527712049456;16760;11020;1258;246358016;22592041;34661232
1527712049556;16770;11027;1258;246358016;22592257;34661751
1527712049657;16780;11033;1260;246358016;22592473;34662267
1527712049757;16790;11039;1260;246358016;22592689;34662788
1527712049858;16800;11047;1261;246358016;22592797;34663048
1527712049958;16810;11054;1262;246358016;22593013;34663569
1527712050058;16820;11060;1262;246685696;22593385;34664245
