currentTs;total_time;user_time;sys_time;virtual_size;in_octets;out_octets
1527716714950;1;0;0;1409024;36550045;57299605
1527716715050;11;7;2;201318400;36550045;57299605
1527716715150;21;14;5;202891264;36550045;57299605
1527716715250;31;23;5;205238272;36550045;57299605
1527716715350;41;32;6;205238272;36550045;57299605
1527716715450;51;40;8;206090240;36550045;57299605
1527716715550;61;49;9;208232448;36550045;57299605
1527716715651;71;58;10;210083840;36550045;57299605
1527716715751;81;68;10;210083840;36550045;57299605
1527716715851;91;77;10;210083840;36550045;57299605
1527716715952;101;87;10;210083840;36550045;57299605
1527716716052;111;96;11;210083840;36550045;57299605
1527716716152;121;105;12;210083840;36550045;57299605
1527716716252;131;114;12;210083840;36550045;57299605
1527716716352;141;123;13;210083840;36550045;57299605
1527716716452;151;133;14;210083840;36550045;57299605
1527716716552;161;142;14;239702016;36550045;57299605
1527716716652;171;151;15;239702016;36550045;57299605
1527716716752;181;159;17;240029696;36550045;57299605
1527716716852;191;168;17;241147904;36550161;57299717
1527716716952;201;176;18;241147904;36550269;57299853
1527716717052;211;184;21;241168384;36550269;57299853
1527716717152;221;191;23;241299456;36550269;57299853
1527716717252;231;201;23;241299456;36550430;57299853
1527716717352;241;210;24;241299456;36550430;57299853
1527716717452;251;219;25;241299456;36550430;57299853
1527716717552;261;228;26;241299456;36550430;57299853
1527716717652;271;237;26;241299456;36550480;57299853
1527716717752;281;246;26;241299456;36550480;57299853
1527716717852;291;256;27;241299456;36550480;57299853
1527716717952;301;265;27;241299456;36550526;57299905
1527716718052;311;274;28;241299456;36550526;57299905
1527716718152;321;284;28;241659904;36550526;57299905
1527716718253;331;293;28;241664000;36551081;57299905
1527716718354;341;302;28;241664000;36551081;57299905
1527716718454;351;312;29;242712576;36551081;57299905
1527716718554;361;322;29;243761152;36551081;57299905
1527716718655;371;331;29;243761152;36551081;57299905
1527716718755;381;340;30;243761152;36551081;57299905
1527716718857;391;349;32;243761152;36551081;57299905
1527716718957;401;358;32;243761152;36551127;57299957
1527716719058;411;367;33;243761152;36551127;57299957
1527716719158;421;376;34;243761152;36551127;57299957
1527716719258;431;385;34;243761152;36551127;57299957
1527716719358;441;394;36;243761152;36551127;57299957
1527716719458;451;402;37;244809728;36551127;57299957
1527716719558;461;411;38;244809728;36551127;57299957
1527716719658;471;420;39;244809728;36551127;57299957
1527716719759;481;430;39;244809728;36551127;57299957
1527716719859;491;438;40;244809728;36551127;57299957
1527716719960;502;448;41;244809728;36551127;57299957
1527716720060;512;457;41;244809728;36551127;57299957
1527716720161;522;466;42;244809728;36551127;57299957
1527716720261;532;475;42;245858304;36551127;57299957
1527716720361;542;485;43;245858304;36551127;57299957
1527716720461;552;494;44;245858304;36551173;57300009
1527716720562;562;502;45;245858304;36551173;57300009
1527716720662;572;512;45;245858304;36551173;57300009
1527716720762;582;522;45;245858304;36551173;57300009
1527716720863;592;531;46;245858304;36551173;57300009
1527716720963;602;540;46;245858304;36551173;57300009
1527716721063;612;550;46;245858304;36551173;57300009
1527716721164;622;556;47;245858304;36551281;57300272
1527716721264;632;566;47;245858304;36551281;57300272
1527716721364;642;574;48;245858304;36551389;57300536
1527716721464;652;582;49;245858304;36551497;57300801
1527716721564;662;589;50;245858304;36551605;57301059
1527716721665;672;598;50;245858304;36551713;57301317
1527716721765;682;605;50;245858304;36551821;57301575
1527716721865;692;613;51;245858304;36551929;57301830
1527716721965;702;621;51;245858304;36552037;57302088
1527716722065;712;628;52;245858304;36552145;57302341
1527716722166;722;634;53;245858304;36552361;57302855
1527716722266;732;642;54;245858304;36552469;57303112
1527716722366;742;650;55;245858304;36552577;57303369
1527716722466;752;658;55;245858304;36552685;57303625
1527716722567;762;664;57;245858304;36552793;57303882
1527716722667;772;672;58;245858304;36552901;57304140
1527716722768;782;680;58;245858304;36553009;57304396
1527716722869;792;688;58;245858304;36553117;57304653
1527716722969;802;695;59;245858304;36553225;57304910
1527716723069;812;702;60;245858304;36553333;57305166
1527716723169;822;710;60;245858304;36553549;57305681
1527716723270;833;717;61;245858304;36553818;57305938
1527716723370;843;727;61;246177792;36553926;57306194
1527716723470;853;734;62;246177792;36554034;57306452
1527716723570;863;742;62;246177792;36554142;57306710
1527716723670;873;748;64;246177792;36554408;57307226
1527716723770;883;756;64;246177792;36554516;57307483
1527716723870;893;764;65;246177792;36554624;57307739
1527716723970;903;772;66;246177792;36554732;57307995
1527716724071;913;780;66;246177792;36554840;57308252
1527716724171;923;787;67;246177792;36554948;57308509
1527716724271;933;795;68;246177792;36555719;57309025
1527716724372;943;802;68;246177792;36555827;57309282
1527716724472;953;809;68;246177792;36555935;57309538
1527716724572;963;816;70;246177792;36556151;57310053
1527716724672;973;824;70;246177792;36556259;57310309
1527716724772;983;830;70;246177792;36556367;57310568
1527716724872;993;838;71;246177792;36556583;57311083
1527716724972;1003;845;72;246177792;36556691;57311340
1527716725072;1013;853;72;246177792;36556907;57311854
1527716725173;1023;859;74;246177792;36557015;57312112
1527716725273;1033;867;74;246177792;36557231;57312627
1527716725373;1043;875;75;246177792;36557339;57312884
1527716725473;1053;883;75;246177792;36557447;57313141
1527716725573;1063;890;76;246177792;36557663;57313655
1527716725673;1073;898;77;246177792;36557771;57313911
1527716725773;1083;904;78;246177792;36557987;57314425
1527716725873;1093;912;78;246177792;36558095;57314682
1527716725973;1103;918;79;246177792;36558311;57315197
1527716726073;1113;926;80;246177792;36558419;57315455
1527716726173;1123;932;81;246177792;36558635;57315969
1527716726273;1133;938;82;246177792;36558743;57316227
1527716726373;1143;945;83;246177792;36558959;57316743
1527716726473;1153;954;83;246177792;36559067;57316999
1527716726573;1163;960;83;246177792;36559283;57317514
1527716726674;1173;969;83;246177792;36559391;57317771
1527716726774;1183;974;85;246177792;36559499;57318028
1527716726874;1193;981;86;246177792;36559715;57318544
1527716726974;1203;987;86;246177792;36559823;57318802
1527716727074;1213;996;87;246177792;36560039;57319317
1527716727174;1223;1004;88;246177792;36560147;57319575
1527716727275;1233;1010;88;246177792;36560918;57320093
1527716727375;1243;1017;89;246177792;36561026;57320352
1527716727476;1253;1023;90;246177792;36561242;57320868
1527716727576;1263;1031;91;246177792;36561350;57321126
1527716727676;1273;1038;92;246177792;36561566;57321642
1527716727776;1283;1046;92;246177792;36561674;57321901
1527716727876;1293;1052;92;246177792;36561890;57322417
1527716727976;1303;1060;93;246177792;36561998;57322675
1527716728076;1313;1066;94;246177792;36562214;57323191
1527716728176;1323;1073;95;246177792;36562372;57323446
1527716728277;1333;1079;96;246177792;36562588;57323910
1527716728378;1343;1086;97;246177792;36562742;57324219
1527716728478;1353;1094;98;246177792;36562850;57324477
1527716728578;1363;1100;99;246177792;36563066;57324992
1527716728678;1373;1106;100;246177792;36563174;57325249
1527716728779;1383;1114;101;246177792;36563551;57325765
1527716728879;1393;1120;102;246177792;36563709;57326023
1527716728979;1403;1127;103;246177792;36563925;57326539
1527716729079;1414;1132;104;246177792;36564141;57327054
1527716729179;1423;1139;105;246177792;36564249;57327311
1527716729279;1433;1146;106;246177792;36564465;57327827
1527716729379;1443;1153;107;246177792;36564573;57328084
1527716729480;1454;1159;108;246177792;36564789;57328600
1527716729580;1464;1168;109;246177792;36564897;57328858
1527716729681;1474;1175;109;246177792;36565005;57329116
1527716729781;1484;1182;110;246177792;36565776;57329631
1527716729882;1494;1188;111;246177792;36565884;57329889
1527716729982;1504;1194;112;246177792;36566100;57330407
1527716730082;1514;1201;113;246177792;36566316;57330923
1527716730183;1524;1209;113;246177792;36566424;57331182
1527716730283;1534;1215;114;246177792;36566640;57331696
1527716730383;1544;1222;115;246177792;36566748;57331955
1527716730483;1554;1229;116;246177792;36566964;57332469
1527716730584;1564;1237;116;246177792;36567072;57332727
1527716730684;1574;1242;117;246177792;36567288;57333243
1527716730785;1584;1251;118;246177792;36567396;57333501
1527716730885;1594;1258;118;246177792;36567612;57334014
1527716730985;1604;1265;120;246177792;36567720;57334273
1527716731085;1614;1272;120;246177792;36567936;57334788
1527716731186;1624;1279;121;246177792;36568044;57335046
1527716731286;1634;1286;122;246177792;36568260;57335509
1527716731388;1644;1293;123;246177792;36568368;57335819
1527716731488;1654;1299;124;246177792;36568584;57336334
1527716731588;1664;1306;125;246177792;36568692;57336591
1527716731688;1674;1313;125;246177792;36568908;57337106
1527716731788;1684;1320;125;246177792;36569016;57337366
1527716731888;1694;1326;126;246177792;36569232;57337882
1527716731988;1704;1333;127;246177792;36569340;57338140
1527716732088;1714;1341;128;246177792;36569556;57338656
1527716732188;1724;1349;128;246177792;36569664;57338914
1527716732288;1734;1355;128;246177792;36569880;57339430
1527716732388;1744;1363;129;246177792;36569988;57339688
1527716732489;1754;1370;129;246177792;36570204;57340202
1527716732589;1764;1376;130;246177792;36570312;57340458
1527716732689;1774;1383;132;246177792;36570528;57340974
1527716732790;1785;1390;132;246177792;36571132;57341488
1527716732890;1795;1396;133;246177792;36571240;57341746
1527716732990;1805;1403;134;246177792;36571456;57342261
1527716733091;1815;1410;134;246177792;36571564;57342518
1527716733191;1825;1418;135;246177792;36571780;57343033
1527716733291;1835;1424;137;246177792;36571888;57343291
1527716733391;1845;1430;138;246177792;36572265;57343806
1527716733491;1855;1437;138;246177792;36572481;57344268
1527716733591;1865;1444;140;246177792;36572589;57344578
1527716733691;1875;1449;142;246177792;36572805;57345094
1527716733791;1885;1455;142;246177792;36573021;57345558
1527716733891;1895;1462;144;246177792;36573129;57345867
1527716733991;1905;1468;145;246177792;36573395;57346384
1527716734091;1915;1474;146;246177792;36573611;57346900
1527716734191;1925;1481;146;246177792;36573719;57347159
1527716734291;1935;1487;147;246177792;36573935;57347676
1527716734391;1945;1494;148;246177792;36574598;57347934
1527716734491;1955;1500;150;246177792;36574814;57348449
1527716734591;1965;1508;150;246177792;36574922;57348707
1527716734692;1975;1516;150;246177792;36575030;57348965
1527716734792;1985;1522;152;246177792;36575246;57349480
1527716734892;1995;1528;153;246177792;36575462;57349997
1527716734993;2005;1534;154;246177792;36575570;57350255
1527716735093;2015;1541;154;246177792;36575786;57350770
1527716735193;2025;1546;156;246177792;36576002;57351285
1527716735293;2035;1554;156;246177792;36576110;57351543
1527716735393;2045;1559;157;246177792;36576326;57352059
1527716735493;2055;1565;158;246177792;36576542;57352575
1527716735593;2065;1573;158;246177792;36576650;57352832
1527716735694;2075;1578;160;246177792;36576866;57353344
1527716735794;2085;1584;161;246177792;36577082;57353857
1527716735894;2095;1592;161;246177792;36577190;57354116
1527716735994;2105;1598;162;246177792;36577406;57354632
1527716736095;2115;1604;163;246177792;36577622;57355146
1527716736195;2125;1612;164;246177792;36577730;57355403
1527716736295;2135;1619;164;246177792;36577946;57355917
1527716736395;2145;1626;166;246177792;36578054;57356175
1527716736495;2155;1632;167;246177792;36578270;57356691
1527716736595;2165;1636;169;246177792;36578486;57357207
1527716736695;2175;1644;169;246177792;36578594;57357465
1527716736795;2185;1650;170;246177792;36578810;57357979
1527716736895;2195;1657;170;246177792;36578918;57358237
1527716736996;2205;1664;171;246177792;36579134;57358752
1527716737096;2215;1670;172;246177792;36579350;57359267
1527716737196;2225;1676;172;246177792;36579458;57359525
1527716737296;2235;1684;172;246177792;36579674;57360039
1527716737396;2245;1690;173;246177792;36579890;57360555
1527716737497;2255;1696;174;246177792;36580106;57361069
1527716737598;2265;1704;174;246177792;36580214;57361323
1527716737698;2275;1710;175;246177792;36580430;57361838
1527716737798;2285;1716;177;246177792;36580538;57362096
1527716737900;2296;1723;177;246177792;36580754;57362612
1527716738000;2306;1730;178;246177792;36581181;57363128
1527716738101;2316;1737;178;246177792;36581289;57363386
1527716738201;2326;1740;180;246177792;36581505;57363903
1527716738301;2336;1747;180;246177792;36581613;57364160
1527716738402;2346;1756;180;246177792;36581721;57364418
1527716738502;2356;1764;181;246177792;36581937;57364935
1527716738602;2366;1772;181;246177792;36582045;57365190
1527716738702;2376;1780;182;246177792;36582153;57365447
1527716738802;2386;1787;182;246177792;36582369;57365963
1527716738902;2396;1793;183;246177792;36582585;57366479
1527716739003;2406;1799;184;246177792;36583248;57366736
1527716739103;2416;1806;185;246177792;36583464;57367248
1527716739203;2426;1812;185;246177792;36583680;57367763
1527716739304;2436;1820;185;246177792;36583788;57368020
1527716739404;2446;1826;186;246177792;36584004;57368535
1527716739505;2456;1831;187;246177792;36584112;57368792
1527716739605;2466;1838;188;246177792;36584328;57369308
1527716739705;2476;1845;189;246177792;36584544;57369824
1527716739805;2486;1850;190;246177792;36584652;57370083
1527716739905;2496;1858;190;246177792;36584868;57370598
1527716740005;2506;1864;192;246177792;36585084;57371115
1527716740105;2516;1871;192;246177792;36585192;57371371
1527716740205;2526;1878;193;246177792;36585408;57371886
1527716740305;2536;1883;194;246177792;36585624;57372400
1527716740405;2546;1891;195;246177792;36585732;57372658
1527716740505;2556;1896;196;246177792;36585948;57373171
1527716740605;2566;1904;196;246177792;36586056;57373431
1527716740705;2576;1909;198;246177792;36586272;57373948
1527716740806;2586;1917;198;246177792;36586380;57374205
1527716740906;2596;1924;198;246177792;36586596;57374720
1527716741006;2606;1930;199;246177792;36586704;57374979
1527716741106;2616;1936;200;246177792;36586920;57375494
1527716741207;2626;1942;202;246177792;36587136;57376005
1527716741307;2636;1949;203;246177792;36587244;57376263
1527716741407;2646;1954;204;246177792;36587460;57376778
1527716741507;2656;1962;205;246177792;36587568;57377036
1527716741607;2666;1970;206;246177792;36587676;57377295
1527716741708;2676;1980;206;246177792;36587945;57377553
1527716741808;2686;1985;208;246177792;36588161;57378070
1527716741908;2696;1991;208;246177792;36588377;57378588
1527716742009;2706;1999;208;246177792;36588617;57378847
1527716742109;2716;2006;208;246177792;36588833;57379364
1527716742209;2726;2012;209;246177792;36589099;57379825
1527716742309;2736;2018;210;246177792;36589207;57380136
1527716742409;2746;2024;211;246177792;36589423;57380651
1527716742509;2756;2031;212;246177792;36589531;57380909
1527716742609;2767;2038;212;246177792;36589747;57381425
1527716742709;2776;2045;213;246177792;36590518;57381942
1527716742812;2787;2053;214;246177792;36590626;57382201
1527716742914;2797;2060;214;246177792;36590842;57382717
1527716743014;2807;2069;214;246177792;36590950;57382975
1527716743114;2817;2075;214;246177792;36591166;57383492
1527716743214;2827;2083;214;246177792;36591356;57383782
1527716743314;2837;2083;214;246177792;36591356;57383782
1527716743414;2847;2083;214;246177792;36591356;57383782
1527716743515;2857;2083;214;246177792;36591356;57383782
1527716743615;2867;2087;214;246177792;36591572;57384297
1527716743715;2877;2094;215;246177792;36591680;57384555
1527716743816;2887;2102;216;246177792;36591896;57385068
1527716743916;2897;2108;216;246177792;36592112;57385581
1527716744016;2907;2114;217;246177792;36592220;57385838
1527716744116;2917;2121;217;246177792;36592436;57386355
1527716744216;2927;2126;219;246177792;36592652;57386871
1527716744316;2937;2130;222;246177792;36592760;57387128
1527716744416;2947;2138;223;246177792;36592976;57387642
1527716744517;2957;2144;223;246177792;36593192;57388159
1527716744617;2967;2150;224;246177792;36593408;57388674
1527716744717;2977;2157;224;246177792;36593516;57388933
1527716744817;2987;2162;225;246177792;36593732;57389447
1527716744917;2997;2168;227;246177792;36593840;57389705
1527716745017;3007;2174;228;246177792;36594056;57390222
1527716745118;3017;2179;230;246177792;36594272;57390739
1527716745218;3027;2185;231;246177792;36594380;57390998
1527716745319;3037;2193;231;246177792;36594596;57391513
1527716745419;3047;2199;232;246177792;36594973;57392028
1527716745520;3058;2206;232;246177792;36595189;57392546
1527716745620;3068;2213;233;246177792;36595297;57392803
1527716745720;3078;2220;234;246177792;36595513;57393318
1527716745821;3088;2226;235;246177792;36595729;57393835
1527716745921;3098;2232;236;246177792;36595945;57394349
1527716746021;3108;2240;236;246177792;36596053;57394605
1527716746121;3118;2246;237;246177792;36596269;57395122
1527716746221;3128;2252;238;246177792;36596485;57395586
1527716746321;3138;2260;238;246177792;36596593;57395896
1527716746421;3148;2266;239;246177792;36597414;57396412
1527716746522;3158;2275;240;246177792;36597522;57396670
1527716746622;3168;2281;240;246177792;36597738;57397184
1527716746722;3178;2287;242;246177792;36597954;57397644
1527716746823;3188;2295;243;246177792;36598062;57397953
1527716746923;3198;2302;244;246177792;36598278;57398468
1527716747023;3208;2308;244;246177792;36598494;57398986
1527716747124;3218;2316;245;246177792;36598602;57399243
1527716747224;3228;2322;246;246177792;36598818;57399760
1527716747324;3238;2328;248;246177792;36599034;57400276
1527716747424;3248;2334;249;246177792;36599142;57400534
1527716747524;3258;2341;250;246177792;36599358;57401050
1527716747625;3268;2346;251;246177792;36599574;57401565
1527716747725;3278;2352;252;246177792;36599790;57402082
1527716747825;3288;2360;253;246177792;36599898;57402340
1527716747925;3298;2367;253;246177792;36600114;57402856
1527716748026;3308;2374;254;246177792;36600330;57403370
1527716748126;3318;2380;254;246177792;36600546;57403883
1527716748226;3328;2388;255;246177792;36600654;57404142
1527716748326;3338;2395;256;246177792;36600870;57404660
1527716748426;3348;2401;257;246177792;36601086;57405174
1527716748526;3358;2407;257;246177792;36601194;57405432
1527716748627;3368;2415;258;246177792;36601410;57405946
1527716748727;3378;2421;259;246177792;36601626;57406461
1527716748827;3388;2427;260;246177792;36601842;57406977
1527716748927;3398;2432;262;246177792;36601950;57407235
1527716749028;3408;2440;263;246177792;36602166;57407751
1527716749128;3418;2446;263;246177792;36602382;57408266
1527716749228;3428;2452;265;246177792;36602598;57408782
1527716749329;3438;2459;265;246177792;36602867;57409039
1527716749429;3448;2466;265;246177792;36603083;57409553
1527716749529;3458;2473;266;246177792;36603299;57410071
1527716749629;3468;2480;267;246177792;36603407;57410329
1527716749730;3479;2486;268;246177792;36603673;57410845
1527716749830;3489;2492;269;246177792;36603889;57411361
1527716749930;3499;2498;270;246177792;36603997;57411621
1527716750030;3509;2507;270;246177792;36604213;57412137
1527716750131;3519;2512;272;246177792;36604429;57412652
1527716750231;3529;2518;273;246177792;36604645;57413168
1527716750331;3539;2526;274;246177792;36605308;57413425
1527716750432;3549;2532;275;246177792;36605524;57413941
1527716750532;3559;2538;276;246177792;36605740;57414457
1527716750632;3569;2545;277;246177792;36605848;57414715
1527716750733;3579;2552;278;246177792;36606064;57415228
1527716750833;3589;2557;280;246177792;36606280;57415744
1527716750934;3599;2563;281;246177792;36606496;57416259
1527716751034;3609;2570;282;246177792;36606604;57416516
1527716751134;3619;2576;283;246177792;36606820;57417034
1527716751235;3629;2582;284;246177792;36607036;57417550
1527716751335;3639;2589;284;246177792;36607144;57417808
1527716751435;3649;2595;286;246177792;36607360;57418321
1527716751536;3659;2602;286;246177792;36607576;57418838
1527716751636;3669;2609;286;246177792;36607792;57419352
1527716751736;3679;2615;287;246177792;36608008;57419865
1527716751836;3689;2621;288;246177792;36608116;57420124
1527716751936;3699;2628;289;246177792;36608332;57420639
1527716752036;3709;2634;290;246177792;36608548;57421155
1527716752136;3719;2641;290;246177792;36608764;57421670
1527716752236;3729;2648;290;246177792;36608872;57421927
1527716752336;3739;2656;291;246177792;36609088;57422443
1527716752437;3749;2662;292;246177792;36609304;57422957
1527716752537;3759;2668;293;246177792;36609520;57423471
1527716752637;3769;2674;294;246177792;36609736;57423983
1527716752737;3779;2681;294;246177792;36610097;57424241
1527716752837;3789;2688;295;246177792;36610363;57424755
1527716752938;3799;2694;295;246177792;36610579;57425270
1527716753039;3809;2699;298;246177792;36610795;57425784
1527716753140;3820;2705;299;246177792;36610903;57426042
1527716753241;3830;2713;300;246177792;36611119;57426560
1527716753341;3840;2718;301;246177792;36611335;57427074
1527716753441;3850;2723;302;246177792;36611551;57427589
1527716753541;3860;2730;303;246177792;36611767;57428100
1527716753642;3870;2737;304;246177792;36611875;57428356
1527716753742;3880;2743;305;246177792;36612762;57428873
1527716753842;3890;2750;306;246177792;36612870;57429133
1527716753942;3900;2756;307;246177792;36613086;57429650
1527716754043;3910;2762;308;246177792;36613194;57429908
1527716754143;3920;2770;308;246177792;36613410;57430423
1527716754243;3930;2776;309;246177792;36613626;57430937
1527716754344;3940;2782;310;246177792;36613842;57431453
1527716754444;3950;2790;310;246177792;36613950;57431712
1527716754544;3960;2797;310;246177792;36614166;57432228
1527716754644;3970;2803;311;246177792;36614382;57432743
1527716754745;3980;2809;312;246177792;36614598;57433259
1527716754845;3990;2818;312;246177792;36614706;57433517
1527716754946;4000;2824;313;246177792;36614922;57434033
1527716755046;4010;2830;314;246177792;36615030;57434291
1527716755146;4020;2838;315;246177792;36615246;57434808
1527716755246;4030;2844;316;246177792;36615462;57435324
1527716755346;4040;2852;316;246177792;36615570;57435581
1527716755446;4050;2859;317;246177792;36615786;57436096
1527716755548;4060;2865;318;246177792;36616002;57436611
1527716755648;4070;2872;318;246177792;36616110;57436867
1527716755748;4080;2879;319;246177792;36616326;57437384
1527716755848;4090;2884;320;246177792;36616542;57437899
1527716755948;4100;2891;321;246177792;36616758;57438416
1527716756048;4110;2900;322;246177792;36616866;57438675
1527716756148;4120;2906;322;246177792;36617082;57439190
1527716756248;4130;2912;324;246177792;36617298;57439707
1527716756348;4140;2918;324;246177792;36617406;57439966
1527716756448;4150;2924;326;246177792;36617622;57440481
1527716756548;4160;2930;328;246177792;36617838;57440994
1527716756649;4170;2938;328;246177792;36617946;57441251
1527716756749;4180;2945;328;246177792;36618833;57441766
1527716756849;4190;2951;329;246177792;36619049;57442280
1527716756952;4201;2958;330;246177792;36619157;57442539
1527716757052;4211;2965;330;246177792;36619373;57443053
1527716757152;4221;2972;332;246177792;36619589;57443570
1527716757252;4231;2978;332;246177792;36619805;57444084
1527716757352;4241;2983;334;246177792;36620021;57444547
1527716757453;4251;2991;334;246177792;36620129;57444857
1527716757553;4261;2998;335;246177792;36620345;57445372
1527716757653;4271;3003;336;246177792;36620561;57445888
1527716757753;4281;3010;336;246177792;36620669;57446146
1527716757853;4291;3017;337;246177792;36620885;57446662
1527716757953;4301;3022;338;246177792;36621101;57447176
1527716758053;4311;3028;340;246177792;36621209;57447434
1527716758153;4321;3034;341;246177792;36621475;57447952
1527716758253;4331;3042;341;246177792;36621691;57448463
1527716758353;4341;3045;342;246177792;36621845;57448722
1527716758453;4351;3053;343;246177792;36622061;57449239
1527716758553;4361;3058;344;246177792;36622169;57449496
1527716758653;4371;3058;344;246177792;36622169;57449496
1527716758754;4381;3058;344;246177792;36622169;57449496
1527716758854;4391;3058;344;246177792;36622169;57449496
1527716758954;4401;3061;345;246177792;36622277;57449754
1527716759055;4411;3061;345;246177792;36622277;57449754
1527716759155;4421;3061;345;246177792;36622277;57449754
1527716759255;4431;3068;345;246177792;36622493;57450272
1527716759355;4441;3075;346;246177792;36622709;57450787
1527716759455;4451;3081;346;246177792;36622925;57451302
1527716759555;4461;3088;348;246177792;36623033;57451560
1527716759655;4471;3094;348;246177792;36623249;57452074
1527716759755;4481;3099;350;246177792;36623465;57452592
1527716759855;4491;3105;351;246177792;36623573;57452848
1527716759955;4501;3112;351;246177792;36623789;57453367
1527716760055;4511;3118;352;246177792;36624005;57453880
1527716760156;4521;3124;353;246177792;36624221;57454396
1527716760256;4531;3130;354;246177792;36624437;57454911
1527716760356;4541;3136;356;246177792;36624545;57455167
1527716760457;4551;3142;357;246177792;36624761;57455684
1527716760557;4561;3148;358;246177792;36624977;57456197
1527716760658;4571;3153;360;246177792;36625193;57456712
1527716760758;4581;3159;361;246177792;36625301;57456969
1527716760858;4591;3166;362;246177792;36625517;57457482
1527716760959;4601;3172;364;246177792;36625733;57457998
1527716761059;4611;3178;364;246177792;36625949;57458515
1527716761160;4622;3184;365;246177792;36626165;57459033
1527716761260;4632;3191;366;246177792;36626273;57459290
1527716761360;4642;3197;367;246177792;36626489;57459803
1527716761460;4652;3203;368;246177792;36626705;57460321
1527716761560;4662;3210;369;246177792;36626813;57460578
1527716761661;4672;3216;370;246177792;36627029;57461092
1527716761761;4682;3222;372;246177792;36627245;57461607
1527716761861;4692;3228;372;246177792;36627461;57462071
1527716761961;4702;3235;373;246177792;36627569;57462380
1527716762061;4712;3242;374;246177792;36627785;57462895
1527716762162;4722;3247;375;246177792;36628001;57463411
1527716762262;4732;3253;376;246177792;36628217;57463924
1527716762362;4742;3259;377;246177792;36628325;57464183
1527716762462;4752;3267;378;246177792;36628541;57464699
1527716762562;4762;3274;378;246177792;36628757;57465213
1527716762662;4772;3280;378;246177792;36628973;57465728
1527716762762;4782;3287;379;246177792;36629081;57465987
1527716762863;4792;3294;380;246177792;36629685;57466501
1527716762963;4802;3300;381;246177792;36629793;57466760
1527716763063;4812;3308;381;246177792;36630009;57467275
1527716763164;4822;3315;382;246177792;36630225;57467789
1527716763264;4832;3322;382;246177792;36630333;57468047
1527716763364;4842;3329;383;246177792;36630549;57468563
1527716763465;4852;3335;384;246177792;36630765;57469079
1527716763566;4862;3341;384;246177792;36630981;57469590
1527716763666;4872;3348;385;246177792;36631089;57469848
1527716763766;4882;3355;386;246177792;36631305;57470364
1527716763866;4892;3361;386;246177792;36631521;57470880
1527716763966;4902;3367;387;246177792;36631737;57471394
1527716764067;4912;3374;388;246177792;36631845;57471653
1527716764167;4922;3381;389;246177792;36632061;57472168
1527716764267;4932;3388;390;246177792;36632277;57472684
1527716764367;4942;3393;391;246177792;36632493;57473200
1527716764467;4952;3399;393;246177792;36632601;57473459
1527716764568;4962;3406;393;246177792;36632817;57473974
1527716764668;4972;3413;394;246177792;36633033;57474487
1527716764768;4982;3419;394;246177792;36633249;57474998
1527716764869;4992;3426;395;246177792;36633357;57475256
1527716764969;5002;3432;396;246177792;36633573;57475771
1527716765069;5012;3439;396;246177792;36633789;57476283
1527716765170;5023;3444;398;246177792;36633897;57476541
1527716765270;5033;3452;398;246177792;36634113;57477058
1527716765370;5043;3459;399;246177792;36634329;57477575
1527716765470;5053;3465;400;246177792;36634545;57478091
1527716765571;5063;3471;400;246177792;36634761;57478606
1527716765671;5073;3478;401;246177792;36634869;57478863
1527716765771;5083;3483;403;246177792;36635756;57479378
1527716765871;5093;3490;404;246177792;36635972;57479895
1527716765971;5103;3496;404;246177792;36636188;57480412
1527716766071;5113;3502;405;246177792;36636296;57480669
1527716766171;5123;3508;407;246177792;36636512;57481185
1527716766271;5133;3513;408;246177792;36636728;57481701
1527716766371;5143;3520;409;246177792;36636944;57482217
1527716766471;5153;3526;410;246177792;36637052;57482475
1527716766572;5163;3533;410;246177792;36637268;57482991
1527716766672;5173;3539;410;246177792;36637484;57483506
1527716766772;5183;3544;412;246177792;36637592;57483762
1527716766872;5193;3551;413;246177792;36637808;57484276
1527716766972;5203;3558;414;246177792;36638024;57484789
1527716767076;5213;3565;414;246177792;36638240;57485305
1527716767177;5223;3570;415;246177792;36638456;57485820
1527716767277;5233;3576;417;246177792;36638564;57486078
1527716767377;5243;3583;418;246177792;36638780;57486593
1527716767477;5253;3588;419;246177792;36638996;57487104
1527716767577;5263;3595;420;246177792;36639212;57487618
1527716767677;5273;3602;420;246177792;36639320;57487875
1527716767777;5283;3608;420;246177792;36639536;57488387
1527716767877;5293;3614;422;246177792;36639752;57488902
1527716767977;5303;3620;422;246177792;36639860;57489159
1527716768078;5313;3628;423;246177792;36640076;57489675
1527716768178;5323;3634;423;246177792;36640292;57490186
1527716768278;5333;3640;424;246177792;36640400;57490442
1527716768379;5343;3647;426;246177792;36640616;57490955
1527716768479;5353;3653;426;246177792;36640832;57491471
1527716768579;5363;3657;429;246177792;36641048;57491989
1527716768679;5373;3663;430;246177792;36641264;57492500
1527716768779;5383;3671;431;246177792;36641372;57492759
1527716768879;5393;3676;432;246177792;36641588;57493275
1527716768980;5404;3682;434;246177792;36641804;57493789
1527716769080;5414;3688;434;246177792;36641912;57494049
1527716769181;5424;3694;437;246177792;36642128;57494565
1527716769281;5434;3701;437;246177792;36642344;57495081
1527716769381;5444;3707;438;246177792;36642560;57495597
1527716769481;5454;3713;439;246177792;36642668;57495856
1527716769582;5464;3720;440;246177792;36642884;57496370
1527716769682;5474;3726;440;246177792;36643100;57496885
1527716769782;5484;3733;440;246177792;36643316;57497400
1527716769882;5494;3740;440;246177792;36643424;57497659
1527716769982;5504;3746;442;246177792;36643640;57498174
1527716770082;5514;3751;444;246177792;36643856;57498688
1527716770183;5524;3757;444;246177792;36644072;57499203
1527716770283;5534;3764;445;246177792;36644180;57499459
1527716770383;5544;3770;447;246177792;36644396;57499974
1527716770484;5554;3776;448;246177792;36644612;57500491
1527716770584;5564;3782;448;246177792;36644828;57501007
1527716770685;5574;3789;448;246177792;36644936;57501265
1527716770785;5584;3796;450;246177792;36645152;57501779
1527716770885;5594;3802;451;246177792;36645368;57502294
1527716770985;5604;3808;452;246177792;36645584;57502809
1527716771086;5614;3813;453;246177792;36645800;57503321
1527716771186;5624;3819;454;246177792;36645908;57503579
1527716771286;5634;3825;456;246177792;36646124;57504095
1527716771386;5644;3831;457;246177792;36646340;57504611
1527716771486;5654;3838;458;246177792;36646556;57505125
1527716771586;5664;3844;459;246177792;36646664;57505385
1527716771686;5674;3850;460;246177792;36646880;57505899
1527716771786;5684;3856;460;246177792;36647096;57506413
1527716771887;5694;3862;461;246177792;36647204;57506671
1527716771987;5704;3870;462;246177792;36647420;57507188
1527716772088;5714;3875;463;246177792;36647636;57507705
1527716772188;5724;3881;464;246177792;36647852;57508219
1527716772289;5734;3888;464;246177792;36647960;57508477
1527716772389;5744;3895;464;246177792;36648176;57508991
1527716772489;5754;3900;466;246177792;36648392;57509509
1527716772590;5765;3907;466;246177792;36648608;57510022
1527716772690;5775;3913;468;246177792;36648716;57510278
1527716772791;5785;3920;468;246177792;36648932;57510791
1527716772891;5795;3926;469;246177792;36649148;57511308
1527716772991;5805;3932;470;246177792;36649364;57511824
1527716773092;5815;3939;470;246177792;36649472;57512078
1527716773192;5825;3946;471;246177792;36649738;57512596
1527716773292;5835;3953;471;246177792;36649954;57513109
1527716773393;5845;3959;472;246177792;36650170;57513626
1527716773493;5855;3964;474;246177792;36650386;57514138
1527716773593;5865;3970;475;246177792;36650526;57514428
1527716773693;5875;3977;476;246177792;36650742;57514944
1527716773793;5885;3984;476;246177792;36650958;57515458
1527716773893;5895;3990;476;246177792;36651066;57515717
1527716773994;5905;3997;478;246177792;36651282;57516234
1527716774094;5915;4003;478;246177792;36651498;57516750
1527716774194;5925;4008;480;246177792;36651714;57517264
1527716774294;5935;4015;480;246177792;36651822;57517521
1527716774394;5945;4021;482;246177792;36652038;57518037
1527716774495;5955;4026;482;246177792;36652254;57518551
1527716774595;5965;4033;483;246177792;36652470;57519065
1527716774695;5975;4039;484;246177792;36652578;57519323
1527716774795;5985;4046;486;246177792;36652794;57519837
1527716774895;5995;4051;487;246177792;36653010;57520352
1527716774995;6005;4057;488;246177792;36653226;57520867
1527716775095;6015;4064;488;246177792;36653334;57521125
1527716775195;6025;4070;489;246177792;36653550;57521643
1527716775296;6035;4076;490;246177792;36653766;57522159
1527716775396;6045;4082;490;246177792;36653982;57522673
1527716775496;6055;4088;492;246177792;36654090;57522929
1527716775596;6065;4093;494;246177792;36654306;57523444
1527716775696;6075;4099;495;246177792;36654522;57523957
1527716775797;6085;4105;496;246177792;36654630;57524216
1527716775897;6095;4112;497;246177792;36654846;57524728
1527716775997;6105;4118;498;246177792;36655062;57525242
1527716776097;6115;4124;499;246177792;36655278;57525757
1527716776197;6125;4131;499;246177792;36655386;57526014
1527716776298;6135;4139;499;246177792;36655602;57526531
1527716776398;6145;4144;500;246177792;36655818;57527045
1527716776498;6155;4150;501;246177792;36656034;57527561
1527716776599;6165;4157;502;246177792;36656142;57527818
1527716776699;6175;4164;502;246177792;36656358;57528335
1527716776799;6185;4169;503;246177792;36656574;57528851
1527716776899;6195;4175;505;246177792;36656682;57529108
1527716776999;6205;4181;506;246177792;36656898;57529623
1527716777100;6216;4187;508;246177792;36657114;57530139
1527716777200;6226;4193;508;246177792;36657222;57530397
1527716777300;6236;4200;510;246177792;36657438;57530913
1527716777400;6246;4205;511;246177792;36657654;57531427
1527716777500;6256;4211;512;246177792;36657870;57531888
1527716777600;6266;4218;514;246177792;36657978;57532196
1527716777700;6276;4223;515;246177792;36658194;57532712
1527716777801;6286;4229;516;246177792;36658410;57533228
1527716777901;6296;4237;516;246177792;36658518;57533487
1527716778001;6306;4242;517;246177792;36658734;57534003
1527716778102;6316;4249;518;246177792;36658842;57534261
1527716778202;6326;4257;519;246177792;36659058;57534779
1527716778302;6336;4264;520;246177792;36659274;57535241
1527716778402;6346;4271;520;246177792;36659382;57535549
1527716778502;6356;4275;521;246177792;36659598;57536062
1527716778602;6366;4283;521;246177792;36659706;57536318
1527716778702;6376;4289;522;246177792;36659922;57536833
1527716778803;6386;4295;522;246177792;36660138;57537347
1527716778903;6396;4302;522;246177792;36660246;57537604
1527716779003;6406;4309;524;246177792;36660462;57538117
1527716779104;6416;4315;524;246177792;36660678;57538634
1527716779204;6426;4321;525;246177792;36660786;57538892
1527716779304;6436;4328;526;246177792;36661002;57539404
1527716779404;6446;4335;526;246177792;36661218;57539921
1527716779504;6456;4341;526;246177792;36661434;57540437
1527716779604;6466;4344;527;246177792;36661434;57540437
1527716779704;6476;4344;527;246177792;36661434;57540437
1527716779804;6486;4345;527;246177792;36661542;57540695
1527716779905;6496;4352;528;246177792;36661650;57540952
1527716780005;6506;4359;529;246177792;36661866;57541468
1527716780105;6516;4366;530;246177792;36662082;57541984
1527716780205;6526;4372;531;246177792;36662298;57542499
1527716780306;6536;4379;532;246177792;36662406;57542757
1527716780406;6546;4387;532;246177792;36662622;57543272
1527716780507;6556;4393;534;246177792;36662838;57543786
1527716780607;6566;4400;534;246177792;36663054;57544301
1527716780707;6576;4406;535;246177792;36663270;57544815
1527716780807;6586;4414;536;246177792;36663378;57545075
1527716780907;6596;4421;536;246177792;36663594;57545590
1527716781007;6606;4427;538;246177792;36663810;57546109
1527716781107;6616;4433;539;246177792;36664026;57546624
1527716781207;6626;4440;540;246177792;36664242;57547140
1527716781307;6636;4447;540;246177792;36664350;57547397
1527716781407;6646;4454;541;246177792;36664566;57547916
1527716781507;6656;4460;542;246177792;36664782;57548432
1527716781608;6666;4465;543;246177792;36664890;57548689
1527716781708;6676;4474;544;246177792;36664998;57548945
1527716781808;6686;4482;544;246325248;36665106;57549205
1527716781908;6696;4488;546;246325248;36665322;57549725
1527716782008;6706;4493;547;246325248;36665538;57550241
1527716782108;6716;4500;547;246325248;36665646;57550498
1527716782208;6726;4507;548;246325248;36665862;57551011
1527716782309;6736;4513;548;246325248;36666078;57551525
1527716782409;6746;4519;549;246325248;36666294;57552042
1527716782510;6757;4526;549;246325248;36666402;57552300
1527716782610;6767;4532;551;246325248;36666618;57552812
1527716782710;6777;4538;552;246325248;36666834;57553325
1527716782810;6787;4543;553;246325248;36667050;57553841
1527716782910;6797;4550;554;246325248;36667158;57554100
1527716783010;6807;4558;554;246325248;36667374;57554613
1527716783110;6817;4566;554;246325248;36667482;57554870
1527716783210;6827;4571;555;246325248;36667698;57555382
1527716783311;6837;4579;555;246325248;36667806;57555639
1527716783411;6847;4585;557;246325248;36668022;57556149
1527716783512;6857;4590;558;246325248;36668238;57556665
1527716783613;6867;4597;558;246325248;36668346;57556921
1527716783713;6877;4604;560;246325248;36668562;57557437
1527716783813;6887;4609;561;246325248;36668778;57557952
1527716783913;6897;4617;562;246325248;36668886;57558209
1527716784013;6907;4623;563;246325248;36669102;57558724
1527716784113;6917;4629;564;246325248;36669318;57559239
1527716784213;6927;4636;564;246325248;36669426;57559498
1527716784313;6937;4643;565;246325248;36669642;57560012
1527716784413;6947;4648;567;246325248;36669858;57560529
1527716784513;6957;4655;567;246325248;36669966;57560787
1527716784613;6967;4662;568;246325248;36670182;57561301
1527716784713;6977;4667;568;246325248;36670398;57561816
1527716784813;6987;4674;569;246325248;36670506;57562073
1527716784913;6997;4682;570;246325248;36670722;57562584
1527716785013;7007;4686;572;246325248;36670938;57563098
1527716785114;7017;4692;573;246325248;36671154;57563561
1527716785214;7027;4700;573;246325248;36671262;57563871
1527716785315;7037;4706;574;246325248;36671478;57564386
1527716785415;7047;4712;574;246325248;36671694;57564902
1527716785515;7057;4717;576;246325248;36671802;57565161
1527716785616;7067;4723;578;246325248;36672018;57565683
1527716785716;7077;4728;579;246325248;36672234;57566199
1527716785816;7087;4736;579;246325248;36672342;57566455
1527716785917;7097;4743;579;246325248;36672558;57566969
1527716786017;7107;4749;580;246325248;36672774;57567484
1527716786117;7117;4756;580;246325248;36672882;57567740
1527716786217;7127;4763;580;246325248;36673098;57568256
1527716786317;7137;4769;582;246325248;36673314;57568774
1527716786417;7147;4775;582;246325248;36673530;57569238
1527716786517;7157;4782;583;246325248;36673638;57569548
1527716786617;7167;4788;584;246325248;36673854;57570065
1527716786717;7177;4794;585;246325248;36674070;57570582
1527716786818;7187;4799;587;246325248;36674178;57570843
1527716786918;7197;4806;588;246325248;36674394;57571361
1527716787018;7207;4812;589;246325248;36674610;57571877
1527716787119;7217;4817;590;246325248;36674826;57572393
1527716787219;7227;4823;592;246325248;36674934;57572649
1527716787319;7237;4830;592;246325248;36675150;57573165
1527716787419;7247;4836;594;246325248;36675366;57573681
1527716787519;7257;4841;595;246325248;36675474;57573938
1527716787619;7267;4848;596;246325248;36675690;57574456
1527716787720;7278;4854;597;246325248;36675906;57574968
1527716787820;7288;4859;598;246325248;36676122;57575483
1527716787921;7298;4866;599;246325248;36676230;57575743
1527716788021;7308;4872;600;246325248;36676446;57576258
1527716788121;7318;4878;601;246325248;36676662;57576774
1527716788222;7328;4884;602;246325248;36676928;57577237
1527716788322;7338;4891;602;246325248;36677036;57577546
1527716788423;7348;4898;603;246325248;36677298;57578063
1527716788523;7358;4904;604;246325248;36677514;57578578
1527716788623;7368;4910;604;246325248;36677622;57578837
1527716788723;7378;4917;605;246325248;36677838;57579355
1527716788823;7388;4924;605;246325248;36678054;57579872
1527716788923;7398;4929;606;246325248;36678270;57580388
1527716789023;7408;4936;607;246325248;36678378;57580647
1527716789124;7418;4943;608;246325248;36678594;57581167
1527716789224;7428;4948;609;246325248;36678810;57581682
1527716789325;7438;4953;610;246325248;36678918;57581942
1527716789425;7448;4961;611;246325248;36679134;57582454
1527716789525;7458;4967;612;246325248;36679350;57582972
1527716789626;7468;4973;613;246325248;36679566;57583487
1527716789726;7478;4980;614;246325248;36679674;57583745
1527716789826;7488;4986;615;246325248;36679890;57584261
1527716789926;7498;4992;616;246325248;36680106;57584779
1527716790026;7508;4998;617;246325248;36680322;57585293
1527716790126;7518;5005;618;246325248;36680430;57585549
1527716790226;7528;5011;619;246325248;36680646;57586067
1527716790326;7538;5017;620;246325248;36680862;57586584
1527716790426;7548;5026;621;246325248;36680970;57586842
1527716790527;7558;5032;622;246325248;36681078;57587101
1527716790627;7568;5039;622;246325248;36681294;57587618
1527716790727;7578;5045;623;246325248;36681510;57588134
1527716790828;7588;5052;624;246325248;36681726;57588649
1527716790928;7598;5058;625;246325248;36681834;57588905
1527716791029;7608;5064;627;246325248;36682050;57589421
1527716791129;7618;5070;628;246325248;36682266;57589934
1527716791229;7628;5077;628;246325248;36682374;57590192
1527716791329;7638;5084;628;246325248;36682590;57590709
1527716791429;7648;5091;629;246325248;36682806;57591223
1527716791529;7658;5098;630;246325248;36682914;57591480
1527716791629;7668;5104;631;246325248;36683130;57591996
1527716791729;7678;5111;631;246325248;36683346;57592509
1527716791829;7689;5119;632;246325248;36683454;57592766
1527716791929;7698;5125;632;246325248;36683670;57593229
1527716792029;7708;5133;632;246325248;36683778;57593539
1527716792129;7718;5141;632;246325248;36683994;57594055
1527716792229;7728;5147;632;246325248;36684210;57594573
1527716792329;7738;5153;633;246325248;36684426;57595090
1527716792429;7748;5160;634;246325248;36684534;57595348
1527716792529;7758;5166;635;246325248;36684750;57595865
1527716792629;7768;5172;635;246325248;36684966;57596381
1527716792729;7778;5181;636;246325248;36685074;57596639
1527716792830;7789;5186;638;246325248;36685290;57597168
1527716792930;7799;5192;639;246325248;36685786;57597434
1527716793030;7809;5199;640;246325248;36686002;57597967
1527716793130;7819;5205;641;246325248;36686218;57598498
1527716793230;7829;5213;641;246325248;36686326;57598764
1527716793330;7839;5219;642;246325248;36686542;57599297
1527716793430;7849;5226;642;246325248;36686758;57599825
1527716793530;7859;5232;643;246325248;36686866;57600088
1527716793631;7869;5239;644;246325248;36687082;57600616
1527716793731;7879;5245;646;246325248;36687298;57601140
1527716793831;7889;5251;647;246325248;36687514;57601664
1527716793931;7899;5257;648;246325248;36687730;57602194
1527716794031;7909;5264;648;246325248;36687838;57602460
1527716794131;7919;5271;649;246325248;36688054;57602986
1527716794231;7929;5277;650;246325248;36688270;57603514
1527716794332;7939;5284;651;246325248;36688378;57603779
1527716794432;7949;5292;651;246325248;36688486;57604042
1527716794532;7959;5299;652;246325248;36688702;57604570
1527716794633;7969;5306;652;246325248;36688810;57604832
1527716794733;7979;5313;653;246325248;36689026;57605359
1527716794833;7989;5318;655;246325248;36689242;57605887
1527716794933;7999;5325;655;246325248;36689458;57606361
1527716795033;8009;5332;656;246325248;36689566;57606676
1527716795133;8019;5338;657;246325248;36689782;57607206
1527716795233;8029;5345;658;246325248;36689998;57607733
1527716795333;8039;5352;658;246325248;36690106;57607997
1527716795434;8049;5359;660;246325248;36690322;57608524
1527716795534;8059;5366;660;246325248;36690538;57609054
1527716795634;8069;5373;661;246325248;36690646;57609315
1527716795734;8079;5379;662;246325248;36690862;57609842
1527716795834;8089;5385;662;246325248;36690970;57610106
1527716795934;8099;5392;664;246325248;36691186;57610633
1527716796034;8109;5399;664;246325248;36691402;57611154
1527716796134;8119;5406;664;246325248;36691618;57611675
1527716796234;8129;5413;664;246325248;36691726;57611932
1527716796334;8139;5420;665;246325248;36691942;57612448
1527716796435;8149;5425;667;246325248;36692158;57612964
1527716796535;8159;5431;668;246325248;36692374;57613479
1527716796635;8169;5437;670;246325248;36692482;57613736
1527716796735;8179;5444;671;246325248;36692698;57614255
1527716796835;8189;5448;672;246325248;36692914;57614774
1527716796936;8199;5454;674;246325248;36693022;57615033
1527716797036;8209;5461;674;246325248;36693238;57615549
1527716797136;8219;5467;675;246325248;36693454;57616065
1527716797236;8229;5473;676;246325248;36693562;57616325
1527716797336;8239;5481;677;246325248;36693778;57616843
1527716797437;8249;5488;677;246325248;36693994;57617361
1527716797537;8259;5492;679;246325248;36694210;57617880
1527716797638;8269;5499;680;246325248;36694426;57618400
1527716797738;8279;5507;680;246325248;36694534;57618659
1527716797839;8289;5513;681;246325248;36694750;57619176
1527716797939;8299;5519;682;246325248;36694966;57619694
1527716798039;8309;5527;683;246325248;36695074;57619953
1527716798140;8320;5532;684;246325248;36695290;57620471
1527716798240;8330;5539;684;246325248;36695506;57620991
1527716798340;8340;5545;686;246325248;36695614;57621251
1527716798440;8350;5553;687;246325248;36695722;57621510
1527716798540;8360;5560;688;246325248;36695938;57622028
1527716798640;8370;5567;688;246325248;36696154;57622548
1527716798740;8380;5573;689;246325248;36696370;57623068
1527716798840;8390;5581;690;246325248;36696478;57623328
1527716798940;8400;5585;690;246325248;36696694;57623847
1527716799040;8410;5593;691;246325248;36696802;57624106
1527716799140;8420;5598;693;246325248;36697018;57624626
1527716799240;8430;5606;693;246325248;36697126;57624887
1527716799340;8440;5613;693;246325248;36697342;57625405
1527716799440;8450;5620;694;246325248;36697450;57625665
1527716799540;8460;5626;695;246325248;36697666;57626183
1527716799640;8470;5632;696;246325248;36697882;57626704
1527716799740;8480;5639;697;246325248;36697990;57626963
1527716799840;8490;5646;698;246325248;36698206;57627482
1527716799941;8500;5653;698;246325248;36698314;57627742
1527716800041;8510;5660;698;246325248;36698530;57628261
1527716800142;8520;5666;699;246325248;36698746;57628780
1527716800242;8530;5674;700;246325248;36698854;57629039
1527716800342;8540;5680;700;246325248;36699070;57629557
1527716800442;8550;5688;700;246325248;36699178;57629817
1527716800542;8560;5695;701;246325248;36699394;57630335
1527716800642;8570;5702;701;246325248;36699502;57630595
1527716800742;8580;5709;703;246325248;36699718;57631114
1527716800843;8590;5718;704;246325248;36699826;57631374
1527716800943;8600;5724;705;246325248;36700042;57631891
1527716801043;8610;5730;706;246325248;36700258;57632411
1527716801144;8620;5736;706;246325248;36700366;57632669
1527716801244;8630;5744;706;246325248;36700582;57633188
1527716801344;8640;5752;707;246325248;36700798;57633708
1527716801444;8650;5759;707;246325248;36700906;57633970
1527716801544;8660;5764;709;246325248;36701122;57634489
1527716801644;8670;5769;711;246325248;36701338;57635008
1527716801744;8680;5777;712;246325248;36701446;57635268
1527716801844;8690;5783;713;246325248;36701662;57635787
1527716801944;8700;5788;715;246325248;36701878;57636307
1527716802044;8710;5795;716;246325248;36701986;57636564
1527716802144;8720;5801;718;246325248;36702202;57637081
1527716802244;8730;5808;718;246325248;36702418;57637600
1527716802344;8740;5814;718;246325248;36702526;57637859
1527716802444;8750;5822;718;246325248;36702742;57638378
1527716802544;8760;5828;719;246325248;36702958;57638896
1527716802645;8770;5835;720;246325248;36703066;57639156
1527716802745;8780;5842;720;246325248;36703282;57639676
1527716802846;8790;5848;721;246325248;36703498;57640194
1527716802946;8800;5855;722;246325248;36703606;57640452
1527716803046;8810;5860;724;246325248;36703822;57640972
1527716803146;8820;5868;724;246325248;36703980;57641232
1527716803246;8830;5874;726;246325248;36704242;57641751
1527716803347;8840;5880;726;246325248;36704402;57642220
1527716803447;8850;5887;728;246325248;36704566;57642531
1527716803547;8860;5893;728;246325248;36704782;57643050
1527716803647;8870;5900;729;246325248;36704890;57643310
1527716803747;8880;5907;730;246325248;36705106;57643829
1527716803848;8890;5914;730;246325248;36705322;57644347
1527716803948;8900;5922;730;246325248;36705430;57644607
1527716804048;8910;5928;731;246325248;36705646;57645125
1527716804148;8920;5935;732;246325248;36705754;57645385
1527716804248;8930;5941;733;246325248;36705970;57645905
1527716804349;8940;5947;734;246325248;36706186;57646372
1527716804450;8951;5954;736;246325248;36706294;57646684
1527716804550;8961;5959;737;246325248;36706510;57647201
1527716804650;8971;5967;738;246325248;36706618;57647458
1527716804750;8981;5973;738;246325248;36706834;57647978
1527716804851;8991;5978;740;246325248;36707050;57648497
1527716804951;9001;5986;740;246325248;36707158;57648757
1527716805051;9011;5992;741;246325248;36707374;57649275
1527716805152;9021;5999;742;246325248;36707482;57649535
1527716805252;9031;6004;745;246325248;36707698;57650055
1527716805352;9041;6010;746;246325248;36707914;57650573
1527716805453;9051;6018;748;246325248;36708022;57650833
1527716805553;9061;6023;749;246325248;36708238;57651351
1527716805653;9071;6030;749;246325248;36708346;57651611
1527716805753;9081;6037;750;246325248;36708562;57652130
1527716805854;9091;6044;750;246325248;36708778;57652649
1527716805954;9101;6051;750;246325248;36708886;57652909
1527716806054;9111;6058;752;246325248;36709102;57653427
1527716806155;9121;6064;752;246325248;36709318;57653944
1527716806255;9131;6071;753;246325248;36709426;57654203
1527716806355;9141;6078;754;246325248;36709642;57654722
1527716806455;9151;6087;754;246325248;36709858;57655238
1527716806555;9161;6095;754;246325248;36709966;57655496
1527716806655;9171;6101;756;246325248;36710182;57656013
1527716806756;9181;6108;757;246325248;36710290;57656273
1527716806856;9191;6115;757;246325248;36710506;57656793
1527716806956;9201;6121;758;246325248;36710722;57657311
1527716807057;9211;6129;759;246325248;36710830;57657570
1527716807157;9221;6137;759;246325248;36711046;57658086
1527716807258;9231;6142;761;246325248;36711262;57658605
1527716807358;9241;6150;762;246325248;36711478;57659122
1527716807458;9251;6158;762;246325248;36711586;57659382
1527716807558;9261;6166;762;246325248;36711802;57659900
1527716807659;9271;6168;763;246325248;36711910;57660158
1527716807759;9281;6176;764;246325248;36712018;57660418
1527716807859;9291;6182;764;246325248;36712234;57660936
1527716807959;9301;6189;766;246325248;36712450;57661456
1527716808059;9311;6196;766;246325248;36712558;57661716
1527716808160;9322;6204;766;246325248;36712774;57662235
1527716808260;9332;6211;767;246325248;36712990;57662752
1527716808361;9342;6218;768;246325248;36713098;57663011
1527716808461;9352;6226;769;246325248;36713314;57663529
1527716808561;9362;6232;770;246325248;36713422;57663788
1527716808661;9372;6240;770;246325248;36713638;57664307
1527716808762;9382;6246;772;246325248;36713854;57664827
1527716808862;9392;6252;773;246325248;36714070;57665345
1527716808962;9402;6260;774;246325248;36714178;57665603
1527716809063;9412;6266;776;246325248;36714394;57666123
1527716809163;9422;6273;778;246325248;36714502;57666381
1527716809263;9432;6280;779;246325248;36714718;57666901
1527716809363;9442;6286;780;246325248;36714934;57667420
1527716809463;9452;6292;782;246325248;36715150;57667937
1527716809563;9462;6299;782;246325248;36715258;57668197
1527716809663;9472;6306;783;246325248;36715474;57668715
1527716809763;9482;6313;784;246325248;36715690;57669234
1527716809864;9492;6319;785;246325248;36715906;57669752
1527716809964;9502;6326;786;246325248;36716014;57670011
1527716810065;9512;6334;786;246325248;36716230;57670529
1527716810165;9522;6341;786;246325248;36716446;57671046
1527716810265;9532;6348;787;246325248;36716662;57671563
1527716810365;9542;6353;789;246325248;36716878;57672080
1527716810465;9552;6362;789;246325248;36716986;57672339
1527716810565;9562;6369;790;246325248;36717202;57672856
1527716810665;9572;6375;791;246325248;36717418;57673374
1527716810765;9582;6383;792;246325248;36717526;57673634
1527716810865;9592;6390;792;246325248;36717742;57674152
1527716810965;9602;6396;794;246325248;36717958;57674671
1527716811065;9612;6404;794;246325248;36718066;57674930
1527716811165;9622;6412;795;246325248;36718282;57675449
1527716811265;9632;6418;796;246325248;36718498;57675968
1527716811365;9642;6425;796;246325248;36718714;57676488
1527716811465;9652;6431;797;246325248;36718930;57676955
1527716811565;9662;6439;798;246325248;36719038;57677266
1527716811665;9672;6447;798;246325248;36719254;57677786
1527716811765;9682;6454;799;246325248;36719470;57678304
1527716811865;9692;6460;800;246325248;36719578;57678564
1527716811965;9702;6468;800;246325248;36719794;57679080
1527716812065;9712;6475;801;246325248;36720010;57679599
1527716812165;9722;6482;802;246325248;36720226;57680118
1527716812266;9732;6490;802;246325248;36720334;57680378
1527716812366;9742;6497;803;246325248;36720550;57680898
1527716812466;9752;6504;804;246325248;36720766;57681417
1527716812566;9762;6510;804;246325248;36720982;57681934
1527716812667;9772;6518;804;246325248;36721090;57682193
1527716812767;9782;6525;805;246325248;36721306;57682711
1527716812867;9792;6532;806;246325248;36721522;57683230
1527716812967;9802;6538;807;246325248;36721738;57683747
1527716813067;9812;6546;808;246325248;36721846;57684006
1527716813167;9822;6552;808;246325248;36722062;57684524
1527716813267;9832;6560;809;246325248;36722170;57684782
1527716813368;9842;6566;811;246325248;36722386;57685302
1527716813468;9852;6573;812;246325248;36722602;57685822
1527716813569;9862;6579;813;246325248;36722818;57686340
1527716813669;9872;6586;814;246325248;36722926;57686599
1527716813769;9882;6594;814;246325248;36723142;57687112
1527716813869;9892;6602;815;246325248;36723250;57687372
1527716813969;9902;6609;816;246325248;36723466;57687892
1527716814070;9913;6616;817;246325248;36723574;57688152
1527716814170;9923;6622;818;246325248;36723790;57688668
1527716814270;9933;6629;820;246325248;36723898;57688928
1527716814370;9943;6637;820;246325248;36724114;57689448
1527716814471;9953;6644;821;246325248;36724330;57689968
1527716814571;9963;6652;822;246325248;36724438;57690228
1527716814671;9973;6658;823;246325248;36724654;57690747
1527716814772;9983;6664;824;246325248;36724870;57691265
1527716814872;9993;6670;826;246325248;36724978;57691523
1527716814972;10003;6678;826;246325248;36725194;57692044
1527716815073;10013;6686;826;246325248;36725410;57692565
1527716815173;10023;6692;827;246325248;36725626;57693085
1527716815273;10033;6700;828;246325248;36725734;57693344
1527716815373;10043;6708;828;246325248;36725950;57693862
1527716815476;10053;6715;829;246325248;36726166;57694382
1527716815576;10063;6723;829;246325248;36726274;57694642
1527716815676;10073;6731;829;246325248;36726490;57695161
1527716815776;10083;6737;831;246325248;36726706;57695678
1527716815876;10093;6744;832;246325248;36726814;57695936
1527716815976;10103;6751;833;246325248;36727030;57696454
1527716816076;10113;6758;833;246325248;36727246;57696969
1527716816177;10123;6766;833;246325248;36727354;57697229
1527716816277;10133;6773;834;246325248;36727570;57697749
1527716816377;10143;6778;836;246325248;36727786;57698268
1527716816478;10153;6786;837;246325248;36727894;57698529
1527716816578;10163;6794;837;246325248;36728110;57699047
1527716816678;10173;6800;838;246325248;36728326;57699565
1527716816778;10183;6806;839;246325248;36728542;57700083
1527716816879;10193;6813;840;246325248;36728758;57700601
1527716816979;10203;6821;841;246325248;36728866;57700861
1527716817080;10214;6828;842;246325248;36729082;57701379
1527716817180;10224;6834;842;246325248;36729298;57701898
1527716817280;10234;6841;844;246325248;36729406;57702158
1527716817380;10244;6847;845;246325248;36729622;57702674
1527716817480;10254;6853;847;246325248;36729838;57703189
1527716817581;10264;6861;848;246325248;36729946;57703448
1527716817681;10274;6867;848;246325248;36730162;57703964
1527716817781;10284;6874;848;246325248;36730378;57704481
1527716817881;10294;6881;850;246325248;36730594;57704945
1527716817981;10304;6888;851;246325248;36730702;57705257
1527716818081;10314;6895;852;246325248;36730918;57705774
1527716818181;10324;6900;853;246325248;36731184;57706293
1527716818281;10334;6908;854;246325248;36731292;57706553
1527716818381;10344;6914;855;246325248;36731508;57707073
1527716818481;10354;6921;855;246325248;36731724;57707591
1527716818582;10364;6927;856;246325248;36731864;57707882
1527716818682;10374;6934;858;246325248;36732080;57708401
1527716818782;10384;6940;859;246325248;36732296;57708922
1527716818883;10394;6946;860;246325248;36732512;57709441
1527716818983;10404;6954;861;246325248;36732620;57709700
1527716819083;10414;6959;862;246325248;36732728;57709960
1527716819183;10424;6967;862;246325248;36732944;57710476
1527716819283;10434;6973;863;246325248;36733160;57710997
1527716819383;10444;6980;864;246325248;36733268;57711258
1527716819483;10454;6986;865;246325248;36733484;57711776
1527716819583;10464;6993;865;246325248;36733700;57712294
1527716819683;10474;7000;866;246325248;36733808;57712553
1527716819783;10484;7007;868;246325248;36734024;57713073
1527716819883;10494;7014;868;246325248;36734240;57713592
1527716819983;10504;7021;868;246325248;36734348;57713850
1527716820083;10514;7028;868;246325248;36734564;57714369
1527716820183;10524;7035;869;246325248;36734780;57714889
1527716820283;10534;7043;869;246325248;36734888;57715147
1527716820383;10544;7050;870;246325248;36735104;57715665
1527716820484;10554;7055;872;246325248;36735320;57716185
1527716820584;10564;7061;873;246325248;36735536;57716651
1527716820684;10574;7069;874;246325248;36735644;57716963
1527716820785;10584;7076;874;246325248;36735860;57717479
1527716820885;10594;7083;875;246325248;36735968;57717739
1527716820985;10604;7090;876;246325248;36736184;57718257
1527716821085;10614;7097;876;246325248;36736400;57718776
1527716821186;10624;7103;878;246325248;36736616;57719293
1527716821286;10634;7109;879;246325248;36736724;57719550
1527716821386;10644;7115;881;246325248;36736940;57720068
1527716821486;10654;7122;882;246325248;36737156;57720587
1527716821586;10664;7128;882;246325248;36737372;57721105
1527716821687;10674;7134;884;246325248;36737480;57721365
1527716821787;10684;7142;884;246325248;36737696;57721883
1527716821887;10694;7150;885;246325248;36737912;57722401
1527716821987;10704;7159;886;246325248;36738020;57722661
1527716822087;10714;7164;887;246325248;36738236;57723179
1527716822187;10724;7171;888;246325248;36738344;57723439
1527716822287;10734;7177;890;246325248;36738560;57723957
1527716822387;10744;7184;890;246325248;36738776;57724477
1527716822487;10754;7191;892;246325248;36738884;57724737
1527716822587;10764;7198;892;246325248;36739100;57725257
1527716822687;10774;7204;893;246325248;36739316;57725775
1527716822788;10784;7211;894;246325248;36739424;57726032
1527716822889;10794;7218;895;246325248;36739640;57726549
1527716822989;10804;7223;897;246325248;36740244;57727063
1527716823089;10814;7230;898;246325248;36740460;57727580
1527716823190;10825;7236;898;246325248;36740568;57727840
1527716823290;10835;7242;901;246325248;36740784;57728360
1527716823391;10845;7248;903;246325248;36741000;57728878
1527716823491;10855;7254;903;246325248;36741216;57729398
1527716823591;10865;7262;904;246325248;36741324;57729658
1527716823691;10875;7268;905;246325248;36741540;57730175
1527716823791;10885;7275;906;246325248;36741756;57730694
1527716823892;10895;7282;906;246325248;36741972;57731160
1527716823993;10905;7289;907;246325248;36742080;57731471
1527716824093;10915;7294;909;246325248;36742296;57731987
1527716824193;10925;7302;909;246325248;36742512;57732505
1527716824293;10935;7308;910;246325248;36742620;57732765
1527716824394;10945;7316;911;246325248;36742836;57733282
1527716824494;10955;7322;912;246325248;36743052;57733801
1527716824594;10965;7328;914;246325248;36743268;57734320
1527716824694;10975;7336;915;246325248;36743376;57734580
1527716824794;10985;7343;915;246325248;36743592;57735098
1527716824894;10995;7350;915;246325248;36743808;57735619
1527716824994;11005;7356;918;246325248;36743916;57735879
1527716825094;11015;7362;919;246325248;36744132;57736413
1527716825194;11025;7369;919;246325248;36744348;57736945
1527716825294;11035;7375;920;246325248;36744564;57737479
1527716825394;11045;7382;921;246325248;36744672;57737745
1527716825494;11055;7391;921;246325248;36744888;57738277
1527716825594;11065;7398;922;246325248;36745104;57738807
1527716825694;11075;7405;922;246325248;36745320;57739336
1527716825794;11085;7412;924;246325248;36745428;57739600
1527716825894;11095;7420;924;246325248;36745644;57740136
1527716825994;11105;7426;925;246325248;36745860;57740663
1527716826095;11115;7433;926;246325248;36746076;57741193
1527716826195;11125;7440;927;246325248;36746292;57741720
1527716826296;11135;7446;928;246325248;36746508;57742197
1527716826397;11145;7455;929;246325248;36746616;57742514
1527716826497;11155;7461;930;246325248;36746832;57743041
1527716826597;11165;7468;931;246325248;36747048;57743571
1527716826697;11175;7475;931;246325248;36747264;57744099
1527716826798;11185;7482;932;246325248;36747480;57744631
1527716826898;11195;7489;933;246325248;36747588;57744899
1527716826998;11205;7497;934;246325248;36747804;57745427
1527716827098;11215;7501;935;246325248;36748020;57745955
1527716827199;11225;7508;936;246325248;36748128;57746219
1527716827299;11235;7516;936;246325248;36748344;57746751
1527716827399;11245;7522;937;246325248;36748560;57747281
1527716827500;11256;7528;938;246325248;36748668;57747543
1527716827600;11266;7535;938;246325248;36748884;57748072
1527716827700;11276;7542;939;246325248;36749100;57748600
1527716827801;11286;7547;940;246325248;36749316;57749131
1527716827902;11296;7555;941;246325248;36749424;57749394
1527716828002;11306;7561;941;246325248;36749640;57749918
1527716828102;11316;7566;943;246325248;36749856;57750445
1527716828202;11326;7574;944;246325248;36749964;57750709
1527716828303;11336;7581;944;246325248;36750180;57751237
1527716828403;11346;7587;945;246325248;36750396;57751763
1527716828503;11356;7594;946;246325248;36750504;57752028
1527716828604;11366;7601;946;246325248;36750720;57752558
1527716828704;11376;7607;948;246325248;36750936;57753086
1527716828804;11386;7614;948;246325248;36751044;57753350
1527716828904;11396;7621;948;246325248;36751260;57753883
1527716829004;11406;7627;949;246325248;36751476;57754411
1527716829104;11416;7634;950;246325248;36751584;57754675
1527716829204;11426;7641;951;246325248;36751800;57755207
1527716829305;11436;7647;952;246325248;36752016;57755737
1527716829405;11446;7653;952;246325248;36752232;57756265
1527716829505;11456;7660;953;246325248;36752340;57756529
1527716829605;11466;7666;955;246325248;36752556;57757059
1527716829706;11476;7672;956;246325248;36752772;57757589
1527716829806;11486;7680;956;246325248;36752880;57757852
1527716829906;11496;7688;956;246325248;36753096;57758378
1527716830006;11506;7693;957;246325248;36753312;57758905
1527716830107;11516;7699;958;246325248;36753528;57759431
1527716830207;11526;7706;958;246325248;36753636;57759696
1527716830307;11536;7714;958;246325248;36753852;57760226
1527716830408;11546;7720;960;246325248;36754068;57760758
1527716830508;11556;7726;960;246325248;36754284;57761290
1527716830608;11566;7732;962;246325248;36754392;57761558
1527716830708;11576;7739;962;246325248;36754608;57762089
1527716830808;11586;7745;964;246325248;36754824;57762618
1527716830908;11596;7751;965;246325248;36755040;57763148
1527716831008;11606;7758;966;246325248;36755148;57763413
1527716831108;11616;7765;966;246325248;36755364;57763943
1527716831208;11626;7771;967;246325248;36755580;57764472
1527716831309;11636;7777;968;246325248;36755688;57764736
1527716831409;11646;7784;969;246325248;36755904;57765262
1527716831509;11656;7790;970;246325248;36756120;57765777
1527716831609;11667;7796;970;246325248;36756228;57766033
1527716831709;11676;7804;971;246325248;36756444;57766547
1527716831809;11686;7810;972;246325248;36756660;57767060
1527716831910;11697;7818;972;246325248;36756876;57767576
1527716832010;11707;7824;973;246325248;36756984;57767832
1527716832110;11717;7831;974;246325248;36757200;57768349
1527716832210;11727;7837;974;246325248;36757416;57768864
1527716832311;11737;7843;976;246325248;36757632;57769384
1527716832411;11747;7850;978;246325248;36757740;57769643
1527716832512;11757;7856;978;246325248;36757956;57770158
1527716832612;11767;7862;978;246325248;36758064;57770416
1527716832712;11777;7868;980;246325248;36758280;57770933
1527716832813;11787;7874;980;246325248;36758388;57771191
1527716832913;11797;7881;981;246325248;36758604;57771708
1527716833014;11807;7886;983;246325248;36758820;57772225
1527716833114;11817;7890;987;246325248;36759036;57772741
1527716833214;11827;7897;988;246325248;36759194;57773000
1527716833314;11837;7903;989;246325248;36759410;57773513
1527716833415;11847;7910;990;246325248;36759564;57773772
1527716833515;11857;7918;990;246325248;36759780;57774287
1527716833615;11867;7924;991;246325248;36759996;57774805
1527716833716;11877;7931;991;246325248;36760212;57775324
1527716833816;11887;7936;993;246325248;36760320;57775583
1527716833916;11897;7943;994;246325248;36760536;57776101
1527716834016;11907;7950;994;246325248;36760752;57776619
1527716834116;11917;7958;994;246325248;36760860;57776878
1527716834216;11927;7966;994;246325248;36761076;57777395
1527716834316;11937;7971;995;246325248;36761292;57777910
1527716834416;11947;7977;996;246325248;36761508;57778376
1527716834516;11957;7985;997;246325248;36761616;57778688
1527716834617;11967;7992;998;246325248;36761832;57779206
1527716834717;11977;8000;998;246325248;36761940;57779464
1527716834817;11987;8006;999;246325248;36762156;57779982
1527716834918;11997;8014;1000;246325248;36762264;57780239
1527716835018;12007;8021;1000;246325248;36762480;57780755
1527716835118;12017;8027;1001;246325248;36762588;57781014
1527716835218;12027;8034;1002;246325248;36762804;57781530
1527716835318;12037;8040;1003;246325248;36763020;57782050
1527716835418;12047;8045;1005;246325248;36763128;57782308
1527716835519;12057;8052;1006;246325248;36763344;57782826
1527716835619;12067;8058;1007;246325248;36763560;57783345
1527716835719;12077;8064;1008;246325248;36763776;57783862
1527716835819;12088;8070;1010;246325248;36763884;57784121
1527716835919;12097;8077;1010;246325248;36764100;57784636
1527716836019;12107;8083;1011;246325248;36764316;57785154
1527716836119;12117;8089;1012;246325248;36764424;57785411
1527716836219;12127;8096;1013;246325248;36764640;57785929
1527716836319;12137;8102;1014;246325248;36764856;57786444
1527716836420;12148;8109;1014;246325248;36764964;57786703
1527716836520;12158;8118;1014;246325248;36765180;57787218
1527716836620;12168;8124;1014;246325248;36765396;57787737
1527716836720;12178;8130;1015;246325248;36765504;57787995
1527716836820;12188;8137;1017;246325248;36765720;57788513
1527716836920;12198;8143;1018;246325248;36765936;57789031
1527716837020;12208;8149;1019;246325248;36766152;57789550
1527716837121;12218;8157;1019;246325248;36766260;57789806
1527716837221;12228;8162;1020;246325248;36766476;57790321
1527716837321;12238;8168;1022;246325248;36766692;57790838
1527716837421;12248;8176;1023;246325248;36766800;57791096
1527716837522;12258;8183;1023;246325248;36767016;57791612
1527716837622;12268;8190;1023;246325248;36767124;57791870
1527716837722;12278;8197;1024;246325248;36767340;57792385
1527716837822;12288;8205;1025;246325248;36767448;57792642
1527716837922;12298;8210;1026;246325248;36767664;57793161
1527716838023;12308;8218;1027;246325248;36767772;57793421
1527716838123;12318;8224;1028;246325248;36767988;57793939
1527716838224;12328;8230;1030;246325248;36768204;57794458
1527716838325;12338;8236;1031;246325248;36768312;57794718
1527716838425;12348;8243;1032;246325248;36768528;57795237
1527716838525;12358;8248;1032;246325248;36768744;57795754
1527716838625;12368;8256;1033;246325248;36768852;57796012
1527716838725;12378;8263;1034;246325248;36769068;57796529
1527716838826;12388;8269;1034;246325248;36769284;57797047
1527716838926;12398;8276;1035;246325248;36769392;57797307
1527716839026;12408;8283;1036;246325248;36769608;57797824
1527716839126;12418;8288;1038;246325248;36769716;57798083
1527716839227;12428;8293;1040;246325248;36769932;57798596
1527716839327;12438;8298;1040;246325248;36770040;57798856
1527716839427;12448;8306;1041;246325248;36770256;57799375
1527716839527;12458;8312;1042;246325248;36770472;57799893
1527716839627;12468;8322;1042;246325248;36770472;57799893
1527716839727;12478;8330;1042;246325248;36770580;57800152
1527716839827;12488;8337;1044;246325248;36770688;57800413
1527716839927;12498;8343;1045;246325248;36770904;57800931
1527716840028;12508;8348;1046;246325248;36771120;57801449
1527716840128;12518;8356;1047;246325248;36771228;57801707
1527716840228;12528;8363;1048;246325248;36771444;57802225
1527716840329;12538;8368;1050;246325248;36771660;57802742
1527716840430;12549;8374;1050;246325248;36771876;57803262
1527716840530;12559;8382;1051;246325248;36771984;57803521
1527716840630;12569;8389;1051;246325248;36772200;57804039
1527716840730;12579;8396;1052;246325248;36772308;57804296
1527716840830;12589;8402;1053;246325248;36772574;57804812
1527716840930;12599;8407;1054;246325248;36772790;57805329
1527716841030;12609;8415;1054;246325248;36772898;57805588
1527716841130;12619;8421;1056;246325248;36773114;57806106
1527716841230;12629;8426;1057;246325248;36773330;57806627
1527716841330;12639;8434;1058;246325248;36773438;57806886
1527716841430;12649;8440;1058;246325248;36773654;57807400
1527716841531;12659;8448;1058;246325248;36773762;57807661
1527716841631;12669;8455;1058;246325248;36773978;57808176
1527716841731;12679;8461;1059;246325248;36774194;57808695
1527716841832;12689;8468;1060;246325248;36774410;57809210
1527716841932;12699;8474;1060;246325248;36774518;57809471
1527716842033;12709;8481;1062;246325248;36774866;57809988
1527716842133;12719;8487;1062;246325248;36775082;57810505
1527716842233;12729;8494;1063;246325248;36775190;57810765
1527716842333;12739;8501;1063;246325248;36775406;57811281
1527716842433;12749;8506;1065;246325248;36775622;57811798
1527716842534;12759;8514;1066;246325248;36775730;57812057
1527716842634;12769;8521;1066;246325248;36775946;57812574
1527716842734;12779;8527;1067;246325248;36776162;57813090
1527716842835;12789;8534;1067;246325248;36776378;57813610
1527716842935;12799;8542;1068;246325248;36776486;57813870
1527716843035;12809;8542;1068;246325248;36776486;57813870
1527716843136;12819;8542;1068;246325248;36776486;57813870
1527716843236;12829;8542;1068;246325248;36776486;57813870
1527716843336;12839;8545;1068;246325248;36776594;57814130
1527716843437;12849;8550;1068;246325248;36776594;57814130
1527716843537;12859;8550;1068;246325248;36776594;57814130
1527716843637;12869;8553;1068;246325248;36776702;57814390
1527716843737;12879;8558;1070;246325248;36776810;57814647
1527716843838;12889;8568;1070;246325248;36777026;57815167
1527716843938;12899;8576;1070;246325248;36777134;57815426
1527716844038;12909;8584;1070;246325248;36777350;57815942
1527716844138;12919;8590;1071;246325248;36777566;57816458
1527716844238;12929;8598;1071;246325248;36777674;57816719
1527716844339;12939;8605;1072;246325248;36777890;57817239
1527716844439;12949;8611;1074;246325248;36778106;57817756
1527716844540;12960;8618;1075;246325248;36778214;57818015
1527716844640;12970;8625;1076;246325248;36778430;57818530
1527716844740;12980;8632;1077;246325248;36778538;57818791
1527716844841;12990;8639;1078;246325248;36778754;57819308
1527716844941;13000;8646;1078;246325248;36778862;57819567
1527716845042;13010;8654;1079;246325248;36779078;57820086
1527716845142;13020;8660;1080;246325248;36779294;57820604
1527716845243;13030;8667;1081;246325248;36779510;57821069
1527716845343;13040;8675;1082;246325248;36779618;57821380
1527716845444;13050;8680;1084;246325248;36779834;57821895
1527716845544;13060;8686;1086;246325248;36780050;57822414
1527716845644;13070;8689;1086;246325248;36780050;57822414
1527716845745;13080;8689;1086;246325248;36780050;57822414
1527716845845;13090;8689;1086;246325248;36780050;57822414
1527716845945;13100;8689;1086;246325248;36780050;57822414
1527716846046;13110;8689;1086;246325248;36780050;57822414
1527716846146;13120;8689;1086;246325248;36780050;57822414
1527716846247;13130;8689;1086;246325248;36780050;57822414
1527716846347;13140;8690;1086;246325248;36780158;57822672
1527716846447;13150;8698;1087;246325248;36780266;57822930
1527716846547;13160;8705;1088;246325248;36780482;57823447
1527716846648;13170;8712;1088;246325248;36780590;57823708
1527716846748;13180;8719;1088;246325248;36780806;57824226
1527716846849;13190;8725;1090;246325248;36780914;57824486
1527716846949;13200;8732;1091;246325248;36781130;57825006
1527716847050;13211;8737;1092;246325248;36781346;57825524
1527716847150;13221;8745;1092;246325248;36781454;57825784
1527716847250;13231;8751;1093;246325248;36781562;57826043
1527716847351;13241;8758;1094;246325248;36781778;57826560
1527716847451;13251;8764;1095;246325248;36781994;57827080
1527716847552;13261;8771;1096;246325248;36782210;57827597
1527716847652;13271;8778;1097;246325248;36782318;57827853
1527716847753;13281;8783;1098;246325248;36782426;57828113
1527716847853;13291;8790;1100;246325248;36782642;57828628
1527716847953;13301;8796;1101;246325248;36782858;57829147
1527716848053;13311;8803;1101;246325248;36783074;57829666
1527716848154;13321;8810;1102;246325248;36783232;57829926
1527716848254;13331;8816;1103;246325248;36783448;57830443
1527716848354;13341;8822;1104;246325248;36783588;57830733
1527716848455;13351;8830;1104;246325248;36783804;57831253
1527716848555;13361;8836;1105;246325248;36784020;57831772
1527716848655;13371;8842;1107;246325248;36784128;57832031
1527716848756;13381;8848;1108;246325248;36784344;57832551
1527716848856;13391;8855;1108;246325248;36784560;57833070
1527716848956;13401;8862;1109;246325248;36784668;57833327
1527716849056;13411;8868;1110;246325248;36784884;57833847
1527716849156;13421;8874;1110;246325248;36785100;57834315
1527716849256;13431;8882;1111;246325248;36785208;57834625
1527716849356;13441;8888;1111;246325248;36785424;57835146
1527716849456;13451;8895;1113;246325248;36785532;57835404
1527716849557;13461;8901;1114;246325248;36785748;57835923
1527716849657;13471;8906;1115;246325248;36785964;57836442
1527716849757;13481;8914;1115;246325248;36786072;57836700
1527716849857;13491;8920;1116;246325248;36786288;57837218
1527716849957;13501;8928;1117;246325248;36786396;57837476
1527716850058;13511;8934;1119;246325248;36786612;57837993
1527716850158;13521;8940;1119;246325248;36786772;57838457
1527716850258;13531;8946;1121;246325248;36786936;57838767
1527716850358;13541;8952;1121;246325248;36787152;57839284
1527716850458;13551;8960;1122;246325248;36787260;57839543
1527716850559;13561;8966;1123;246325248;36787476;57840062
1527716850659;13571;8975;1124;246325248;36787584;57840321
1527716850759;13581;8981;1125;246325248;36787800;57840840
1527716850860;13592;8988;1126;246325248;36787908;57841100
1527716850960;13602;8997;1126;246325248;36788124;57841619
1527716851060;13612;9002;1128;246325248;36788340;57842139
1527716851161;13622;9008;1128;246325248;36788556;57842604
1527716851261;13632;9016;1129;246325248;36788664;57842916
1527716851361;13642;9023;1129;246325248;36788880;57843435
1527716851462;13652;9030;1130;246325248;36788988;57843693
1527716851562;13662;9035;1132;246325248;36789204;57844210
1527716851662;13672;9041;1133;246325248;36789420;57844728
1527716851763;13682;9049;1133;246325248;36789528;57844987
1527716851863;13692;9056;1134;246325248;36789744;57845505
1527716851963;13702;9063;1134;246325248;36789852;57845763
1527716852064;13712;9069;1135;246325248;36790068;57846282
1527716852164;13722;9077;1136;246325248;36790176;57846542
1527716852264;13732;9083;1136;246325248;36790392;57847058
1527716852367;13742;9091;1137;246325248;36790500;57847318
1527716852468;13752;9097;1138;246325248;36790716;57847783
1527716852568;13762;9104;1139;246325248;36790824;57848092
1527716852668;13772;9109;1140;246325248;36791040;57848611
1527716852768;13782;9116;1142;246325248;36791148;57848868
1527716852868;13792;9122;1143;246325248;36791364;57849383
1527716852968;13802;9128;1144;246325248;36791860;57849641
1527716853068;13812;9135;1145;246325248;36792076;57850160
1527716853168;13822;9142;1145;246325248;36792184;57850418
1527716853269;13832;9150;1146;246325248;36792400;57850937
1527716853369;13842;9156;1146;246325248;36792616;57851457
1527716853469;13852;9165;1146;246325248;36792724;57851717
1527716853569;13862;9170;1148;246325248;36792940;57852236
1527716853670;13873;9178;1149;246325248;36793048;57852495
1527716853770;13883;9184;1150;246325248;36793156;57852754
1527716853870;13893;9191;1151;246325248;36793372;57853270
1527716853970;13903;9198;1152;246325248;36793480;57853527
1527716854070;13913;9206;1152;246325248;36793696;57854045
1527716854170;13923;9212;1153;246325248;36793804;57854305
1527716854270;13933;9220;1153;246325248;36794020;57854823
1527716854370;13943;9226;1154;246325248;36794236;57855342
1527716854470;13953;9232;1154;246325248;36794344;57855603
1527716854572;13963;9240;1155;246325248;36794560;57856121
1527716854672;13973;9246;1156;246325248;36794776;57856641
1527716854772;13983;9252;1158;246325248;36794884;57856901
1527716854872;13993;9258;1158;246325248;36795100;57857418
1527716854972;14003;9264;1160;246325248;36795316;57857934
1527716855073;14013;9272;1161;246325248;36795424;57858193
1527716855173;14023;9278;1161;246325248;36795640;57858712
1527716855273;14033;9285;1161;246325248;36795748;57858972
1527716855373;14043;9293;1161;246325248;36795964;57859492
1527716855473;14053;9299;1162;246325248;36796072;57859750
1527716855573;14063;9306;1162;246325248;36796288;57860266
1527716855673;14073;9312;1163;246325248;36796504;57860782
1527716855773;14083;9320;1164;246325248;36796612;57861041
1527716855873;14093;9325;1166;246325248;36796828;57861554
1527716855974;14103;9330;1167;246325248;36797044;57862022
1527716856074;14113;9338;1168;246325248;36797152;57862333
1527716856174;14123;9344;1168;246325248;36797368;57862852
1527716856274;14133;9351;1169;246325248;36797476;57863110
1527716856374;14143;9356;1171;246325248;36797692;57863628
1527716856474;14153;9364;1171;246325248;36797800;57863888
1527716856574;14163;9370;1172;246325248;36798016;57864404
1527716856674;14173;9377;1172;246325248;36798232;57864922
1527716856774;14183;9384;1173;246325248;36798340;57865181
1527716856875;14194;9391;1174;246325248;36798556;57865698
1527716856975;14203;9399;1174;246325248;36798664;57865960
1527716857075;14213;9405;1175;246325248;36798880;57866476
1527716857176;14223;9411;1176;246325248;36799096;57866995
1527716857276;14233;9418;1176;246325248;36799204;57867253
1527716857376;14243;9426;1176;246325248;36799420;57867772
1527716857476;14253;9433;1176;246325248;36799636;57868290
1527716857576;14263;9440;1177;246325248;36799744;57868548
1527716857676;14273;9446;1178;246325248;36799960;57869065
1527716857777;14283;9451;1179;246325248;36800176;57869582
1527716857877;14293;9459;1180;246325248;36800284;57869844
1527716857978;14303;9465;1181;246325248;36800500;57870362
1527716858078;14313;9473;1181;246325248;36800608;57870621
1527716858178;14323;9480;1181;246325248;36800824;57871140
1527716858279;14333;9487;1182;246325248;36800932;57871399
1527716858379;14343;9494;1183;246325248;36801148;57871916
1527716858480;14354;9500;1184;246325248;36801364;57872434
1527716858580;14364;9507;1185;246325248;36801472;57872691
1527716858681;14374;9514;1187;246325248;36801688;57873204
1527716858781;14384;9521;1187;246325248;36801796;57873462
1527716858881;14394;9527;1189;246325248;36802012;57873983
1527716858982;14404;9533;1190;246325248;36802228;57874497
1527716859082;14414;9541;1190;246325248;36802336;57874757
1527716859182;14424;9547;1191;246325248;36802552;57875273
1527716859283;14434;9554;1192;246325248;36802660;57875533
1527716859383;14444;9560;1194;246325248;36802876;57876054
1527716859483;14454;9566;1195;246325248;36803092;57876571
1527716859583;14464;9572;1197;246325248;36803200;57876830
1527716859683;14474;9578;1197;246325248;36803416;57877349
1527716859783;14484;9585;1198;246325248;36803632;57877866
1527716859883;14494;9591;1200;246325248;36803740;57878123
1527716859983;14504;9597;1200;246325248;36803956;57878636
1527716860084;14514;9604;1200;246325248;36804172;57879100
1527716860184;14524;9610;1201;246325248;36804280;57879410
1527716860284;14534;9617;1201;246325248;36804496;57879926
1527716860384;14544;9624;1202;246325248;36804604;57880183
1527716860485;14554;9624;1202;246325248;36804604;57880183
1527716860585;14564;9624;1202;246325248;36804604;57880183
1527716860686;14574;9624;1202;246325248;36804604;57880183
1527716860786;14584;9627;1202;246325248;36804712;57880441
1527716860886;14594;9628;1203;246325248;36804712;57880441
1527716860987;14604;9628;1203;246325248;36804712;57880441
1527716861087;14614;9628;1203;246325248;36804712;57880441
1527716861187;14624;9633;1203;246325248;36804928;57880958
1527716861287;14634;9641;1204;246325248;36805036;57881216
1527716861388;14644;9646;1206;246325248;36805252;57881729
1527716861488;14654;9652;1207;246325248;36805360;57881986
1527716861588;14664;9658;1208;246325248;36805576;57882503
1527716861688;14674;9664;1209;246325248;36805792;57883020
1527716861788;14684;9671;1210;246325248;36805900;57883280
1527716861888;14694;9676;1212;246325248;36806116;57883798
1527716861988;14704;9683;1212;246325248;36806224;57884057
1527716862088;14714;9689;1214;246325248;36806440;57884573
1527716862188;14724;9697;1214;246325248;36806548;57884831
1527716862289;14734;9703;1215;246325248;36806764;57885348
1527716862389;14744;9710;1216;246325248;36806872;57885606
1527716862489;14754;9716;1216;246325248;36806980;57885866
1527716862589;14764;9722;1218;246325248;36807196;57886388
1527716862690;14775;9728;1218;246325248;36807412;57886906
1527716862790;14785;9734;1220;246325248;36807520;57887165
1527716862890;14795;9740;1222;246325248;36807736;57887684
1527716862991;14805;9746;1223;246325248;36807952;57888202
1527716863091;14815;9753;1224;246325248;36808060;57888460
1527716863191;14825;9758;1225;246325248;36808372;57888976
1527716863291;14835;9764;1226;246325248;36808588;57889494
1527716863391;14845;9770;1228;246325248;36808696;57889752
1527716863491;14855;9776;1228;246325248;36808912;57890272
1527716863592;14865;9785;1229;246325248;36809020;57890530
1527716863692;14875;9790;1230;246325248;36809236;57891047
1527716863792;14885;9796;1232;246325248;36809344;57891305
1527716863892;14895;9803;1232;246325248;36809560;57891822
1527716863992;14905;9811;1232;246325248;36809668;57892081
1527716864092;14915;9818;1233;246325248;36809884;57892598
1527716864192;14925;9826;1233;246325248;36809992;57892856
1527716864292;14935;9832;1234;246325248;36810208;57893376
1527716864393;14945;9838;1235;246325248;36810424;57893895
1527716864493;14955;9846;1236;246325248;36810532;57894155
1527716864593;14965;9852;1237;246325248;36810748;57894674
1527716864694;14975;9859;1238;246325248;36810856;57894932
1527716864794;14985;9866;1238;246325248;36811072;57895450
1527716864894;14995;9872;1239;246325248;36811288;57895919
1527716864994;15005;9878;1241;246325248;36811396;57896231
1527716865094;15015;9884;1242;246325248;36811612;57896748
1527716865194;15025;9890;1243;246325248;36811720;57897006
1527716865294;15035;9896;1244;246325248;36811936;57897523
1527716865394;15045;9903;1245;246325248;36812044;57897782
1527716865494;15055;9909;1246;246325248;36812260;57898301
1527716865594;15065;9916;1246;246325248;36812368;57898562
1527716865694;15075;9923;1247;246325248;36812584;57899080
1527716865794;15085;9930;1248;246325248;36812692;57899339
1527716865894;15095;9937;1248;246325248;36812908;57899857
1527716865994;15105;9943;1249;246325248;36813016;57900117
1527716866094;15115;9950;1249;246325248;36813232;57900637
1527716866194;15125;9956;1250;246325248;36813448;57901103
1527716866294;15135;9962;1252;246325248;36813556;57901414
1527716866394;15145;9969;1253;246325248;36813664;57901673
1527716866494;15155;9974;1254;246325248;36813880;57902190
1527716866595;15165;9981;1254;246325248;36814096;57902708
1527716866695;15175;9989;1254;246325248;36814204;57902968
1527716866795;15185;9994;1256;246325248;36814312;57903226
1527716866895;15195;10002;1256;246325248;36814528;57903739
1527716866995;15205;10009;1256;246325248;36814744;57904257
1527716867095;15215;10016;1257;246325248;36814852;57904519
1527716867195;15225;10022;1258;246325248;36815068;57905038
1527716867295;15235;10030;1258;246325248;36815176;57905297
1527716867395;15245;10036;1258;246325248;36815392;57905818
1527716867495;15255;10044;1258;246325248;36815500;57906076
1527716867596;15265;10051;1260;246325248;36815716;57906595
1527716867696;15275;10058;1260;246325248;36815824;57906854
1527716867796;15285;10064;1260;246325248;36816040;57907372
1527716867897;15295;10071;1262;246325248;36816148;57907633
1527716867997;15305;10077;1262;246325248;36816364;57908152
1527716868097;15315;10084;1263;246325248;36816472;57908410
1527716868197;15325;10092;1263;246325248;36816688;57908930
1527716868297;15335;10098;1264;246325248;36816904;57909450
1527716868398;15345;10106;1264;246325248;36817012;57909710
1527716868498;15355;10111;1266;246325248;36817228;57910231
1527716868598;15365;10118;1266;246325248;36817336;57910489
1527716868698;15375;10126;1266;246325248;36817552;57911007
1527716868798;15385;10131;1268;246325248;36817768;57911524
1527716868898;15395;10138;1269;246325248;36817876;57911783
1527716868998;15405;10144;1270;246325248;36818092;57912305
1527716869098;15415;10151;1270;246325248;36818308;57912825
1527716869198;15425;10159;1270;246325248;36818416;57913086
1527716869298;15435;10165;1271;246325248;36818632;57913602
1527716869398;15445;10173;1271;246325248;36818740;57913860
1527716869498;15455;10180;1272;246325248;36818956;57914375
1527716869599;15465;10186;1272;246325248;36819172;57914892
1527716869699;15475;10194;1273;246325248;36819280;57915149
1527716869799;15485;10199;1275;246325248;36819496;57915667
1527716869900;15496;10205;1276;246325248;36819712;57916186
1527716870000;15506;10214;1276;246325248;36819820;57916444
1527716870100;15516;10222;1278;246325248;36820036;57916965
1527716870201;15526;10229;1279;246325248;36820144;57917223
1527716870301;15536;10236;1279;246325248;36820360;57917739
1527716870401;15546;10242;1280;246325248;36820576;57918253
1527716870501;15556;10250;1280;246325248;36820684;57918512
1527716870602;15566;10256;1281;246325248;36820900;57919030
1527716870702;15576;10264;1282;246325248;36821008;57919288
1527716870802;15586;10270;1283;246325248;36821224;57919807
1527716870903;15596;10278;1283;246325248;36821332;57920065
1527716871003;15606;10284;1284;246325248;36821548;57920584
1527716871103;15616;10290;1285;246325248;36821764;57921102
1527716871203;15626;10297;1286;246325248;36821872;57921360
1527716871303;15636;10304;1286;246325248;36822088;57921880
1527716871404;15646;10310;1288;246325248;36822304;57922398
1527716871504;15656;10316;1288;246325248;36822412;57922656
1527716871604;15666;10322;1290;246325248;36822628;57923174
1527716871705;15676;10329;1291;246325248;36822844;57923692
1527716871805;15686;10335;1292;246325248;36822952;57923949
1527716871905;15696;10343;1292;246325248;36823168;57924468
1527716872005;15706;10349;1293;246325248;36823384;57924987
1527716872105;15716;10356;1294;246325248;36823492;57925246
1527716872205;15726;10363;1295;246325248;36823708;57925764
1527716872305;15736;10369;1296;246325248;36823924;57926283
1527716872406;15746;10375;1297;246325248;36824032;57926542
1527716872506;15756;10382;1298;246325248;36824248;57927062
1527716872606;15766;10389;1298;246325248;36824464;57927577
1527716872706;15776;10397;1299;246325248;36824572;57927836
1527716872807;15786;10403;1300;246325248;36824788;57928353
1527716872907;15796;10409;1301;246325248;36824896;57928613
1527716873007;15806;10417;1302;246325248;36825112;57929131
1527716873107;15816;10424;1302;246325248;36825328;57929598
1527716873207;15826;10430;1304;246325248;36825436;57929909
1527716873307;15836;10436;1304;246325248;36825652;57930427
1527716873408;15846;10444;1305;246325248;36825760;57930686
1527716873508;15856;10449;1307;246325248;36825976;57931207
1527716873609;15866;10454;1309;246325248;36826192;57931727
1527716873709;15876;10462;1310;246325248;36826300;57931985
1527716873809;15887;10469;1310;246325248;36826408;57932244
1527716873909;15896;10476;1311;246325248;36826624;57932763
1527716874009;15906;10482;1312;246325248;36826840;57933281
1527716874110;15917;10488;1312;246325248;36827056;57933747
1527716874211;15927;10497;1313;246325248;36827164;57934055
1527716874311;15937;10502;1314;246325248;36827380;57934571
1527716874412;15947;10508;1315;246325248;36827488;57934830
1527716874512;15957;10516;1316;246325248;36827704;57935349
1527716874612;15967;10521;1318;246325248;36827920;57935866
1527716874712;15977;10528;1319;246325248;36828028;57936123
1527716874812;15987;10534;1320;246325248;36828244;57936644
1527716874912;15997;10542;1321;246325248;36828352;57936903
1527716875012;16007;10549;1322;246325248;36828568;57937418
1527716875112;16017;10555;1322;246325248;36828784;57937936
1527716875212;16027;10561;1323;246325248;36829000;57938454
1527716875312;16037;10570;1323;246325248;36829108;57938712
1527716875412;16047;10576;1324;246325248;36829324;57939232
1527716875512;16057;10582;1324;246325248;36829432;57939491
1527716875612;16067;10590;1325;246325248;36829648;57940011
1527716875712;16077;10595;1326;246325248;36829864;57940531
1527716875812;16087;10603;1327;246325248;36829972;57940790
1527716875912;16097;10609;1328;246325248;36830188;57941309
1527716876013;16107;10616;1329;246325248;36830296;57941566
1527716876113;16117;10622;1330;246325248;36830512;57942082
1527716876213;16127;10628;1332;246325248;36830620;57942343
1527716876313;16137;10635;1333;246325248;36830836;57942862
1527716876413;16147;10642;1333;246325248;36831052;57943382
1527716876513;16157;10648;1335;246325248;36831160;57943642
1527716876613;16167;10654;1337;246325248;36831376;57944163
1527716876713;16177;10660;1338;246325248;36831592;57944681
1527716876814;16187;10667;1339;246325248;36831700;57944940
1527716876914;16197;10674;1339;246325248;36831916;57945457
1527716877015;16207;10679;1340;246325248;36832132;57945973
1527716877116;16217;10687;1341;246325248;36832240;57946231
1527716877216;16227;10693;1342;246325248;36832456;57946751
1527716877316;16237;10699;1343;246325248;36832564;57947010
1527716877416;16247;10706;1344;246325248;36832780;57947528
1527716877516;16257;10712;1345;246325248;36832996;57948044
1527716877617;16267;10720;1345;246325248;36833104;57948304
1527716877717;16277;10726;1346;246325248;36833320;57948823
1527716877818;16287;10732;1347;246325248;36833536;57949340
1527716877918;16297;10740;1347;246325248;36833644;57949599
1527716878018;16307;10746;1348;246325248;36833860;57950117
1527716878118;16317;10752;1350;246325248;36834076;57950635
1527716878218;16327;10759;1350;246325248;36834280;57950896
1527716878319;16337;10766;1352;246325248;36834496;57951418
1527716878419;16347;10772;1352;246325248;36834712;57951936
1527716878519;16357;10777;1355;246652928;36834976;57952353
