currentTs;total_time;user_time;sys_time;virtual_size;in_octets;out_octets
1520701201908;0;0;0;1400832;27289280;9693003
1520701202008;10;7;2;201318400;27289280;9693003
1520701202108;20;16;3;202891264;27289280;9693003
1520701202208;30;25;4;205238272;27289280;9693003
1520701202308;40;32;7;205238272;27289280;9693003
1520701202408;50;40;8;206090240;27289280;9693003
1520701202509;60;49;9;208232448;27289280;9693003
1520701202609;70;58;10;210112512;27289280;9693003
1520701202709;80;67;10;210112512;27289280;9693003
1520701202810;90;76;12;210112512;27289280;9693003
1520701202910;100;84;13;210112512;27289280;9693003
1520701203010;111;93;14;210112512;27289280;9693003
1520701203110;120;102;14;210112512;27289280;9693003
1520701203210;131;111;15;210112512;27289280;9693003
1520701203310;140;121;15;210112512;27289280;9693003
1520701203410;151;131;15;210112512;27289280;9693003
1520701203511;161;140;16;210112512;27289280;9693003
1520701203611;171;148;18;210112512;27289280;9693003
1520701203711;181;156;20;210112512;27289280;9693003
1520701203811;191;166;20;210112512;27289280;9693003
1520701203911;201;174;21;210264064;27289280;9693003
1520701204011;211;183;21;210341888;27289280;9693003
1520701204111;221;191;23;210341888;27289280;9693003
1520701204212;231;201;23;210341888;27289280;9693003
1520701204312;241;210;24;210341888;27289280;9693003
1520701204412;251;219;24;210341888;27289280;9693003
1520701204512;261;227;26;210341888;27289280;9693003
1520701204613;271;236;26;210341888;27289280;9693003
1520701204713;281;245;27;239841280;27289280;9693003
1520701204813;291;254;27;239841280;27289280;9693003
1520701204914;301;262;28;239841280;27289280;9693003
1520701205014;311;269;32;241664000;27289280;9693003
1520701205114;321;277;33;242712576;27289280;9693003
1520701205215;331;286;34;242847744;27289280;9693003
1520701205315;341;296;34;242847744;27289280;9693003
1520701205415;351;306;34;242847744;27289280;9693003
1520701205515;361;316;34;242847744;27289280;9693003
1520701205615;371;325;34;242847744;27289280;9693003
1520701205715;381;334;36;242847744;27289280;9693003
1520701205815;391;340;37;242847744;27289541;9693268
1520701205916;401;349;38;242847744;27289685;9693401
1520701206016;411;358;39;242847744;27290077;9693539
1520701206116;421;367;39;243896320;27290077;9693539
1520701206217;431;376;40;243896320;27290077;9693539
1520701206317;441;385;41;243896320;27290077;9693539
1520701206417;451;395;41;243896320;27290077;9693539
1520701206517;461;405;41;243896320;27290077;9693539
1520701206618;471;414;42;243896320;27290077;9693539
1520701206718;481;423;42;243896320;27290077;9693539
1520701206819;491;432;43;243896320;27290077;9693539
1520701206919;501;441;44;243896320;27290077;9693539
1520701207019;511;450;44;244944896;27290077;9693539
1520701207120;521;460;45;244944896;27290123;9693591
1520701207220;531;468;46;245108736;27290123;9693591
1520701207320;541;477;48;245108736;27290123;9693591
1520701207420;552;485;49;245108736;27290123;9693591
1520701207521;562;495;49;245108736;27290123;9693591
1520701207621;572;503;51;245108736;27290123;9693591
1520701207721;582;512;52;245108736;27290123;9693591
1520701207821;592;522;52;245108736;27290123;9693591
1520701207921;602;530;52;245108736;27290611;9693729
1520701208021;612;540;53;246157312;27290611;9693729
1520701208121;622;548;54;246157312;27290611;9693729
1520701208222;632;558;54;247205888;27290611;9693729
1520701208322;642;566;56;247205888;27290611;9693729
1520701208422;652;575;57;247304192;27290611;9693729
1520701208522;662;584;58;247304192;27290611;9693729
1520701208622;672;592;59;247304192;27290611;9693729
1520701208722;682;601;60;247304192;27290611;9693729
1520701208822;692;611;60;247603200;27290611;9693729
1520701208922;702;620;61;247603200;27290611;9693729
1520701209022;712;629;62;247603200;27290657;9693781
1520701209122;722;638;62;247603200;27290657;9693781
1520701209222;732;646;63;247603200;27290657;9693781
1520701209322;742;655;64;248979456;27290657;9693781
1520701209422;752;663;65;248979456;27290657;9693781
1520701209522;762;672;66;248999936;27290657;9693781
1520701209622;772;679;68;249131008;27290657;9693781
1520701209722;782;689;68;249131008;27290657;9693781
1520701209822;792;698;69;249380864;27290657;9693781
1520701209922;802;707;69;249507840;27290657;9693781
1520701210023;812;716;70;249511936;27290657;9693781
1520701210123;822;726;70;249511936;27290703;9693833
1520701210223;832;736;70;249511936;27290703;9693833
1520701210323;842;745;71;249511936;27290703;9693833
1520701210423;852;754;71;249511936;27290703;9693833
1520701210523;862;763;72;249511936;27290703;9693833
1520701210623;872;773;72;250560512;27290703;9693833
1520701210724;882;781;74;250560512;27290703;9693833
1520701210824;892;790;75;250560512;27290703;9693833
1520701210924;902;799;76;250560512;27290819;9693945
1520701211024;912;808;76;250560512;27290819;9693945
1520701211125;922;817;76;250560512;27290819;9693945
1520701211225;932;827;77;250560512;27290865;9693997
1520701211325;942;836;77;250560512;27290989;9694113
1520701211425;952;844;78;250560512;27291805;9694481
1520701211525;962;853;79;250560512;27291805;9694481
1520701211625;972;863;80;250560512;27291805;9694481
1520701211725;982;872;80;250560512;27291805;9694481
1520701211826;992;882;80;250560512;27291805;9694481
1520701211926;1002;892;80;251609088;27291805;9694481
1520701212026;1012;900;82;251609088;27291805;9694481
1520701212126;1022;908;83;251609088;27292096;9694632
1520701212226;1032;917;84;251609088;27292096;9694632
1520701212326;1042;925;85;251609088;27292258;9694796
1520701212427;1052;934;86;251609088;27292608;9694924
1520701212527;1062;944;86;251609088;27292654;9694976
1520701212627;1072;952;87;251609088;27292934;9695464
1520701212727;1082;961;88;251609088;27292934;9695464
1520701212828;1092;971;88;251609088;27293612;9696347
1520701212928;1102;979;89;251609088;27293940;9697089
1520701213028;1112;989;90;251609088;27294104;9697460
1520701213128;1122;998;90;251609088;27294432;9698199
1520701213228;1132;1008;90;251609088;27294642;9698617
1520701213328;1142;1016;91;251609088;27294938;9698988
1520701213428;1152;1026;92;251609088;27295312;9699779
1520701213529;1162;1035;92;251609088;27295476;9700149
1520701213629;1172;1044;94;251609088;27295686;9700570
1520701213729;1182;1053;94;251609088;27295902;9701259
1520701213829;1192;1062;95;251609088;27296178;9701680
1520701213930;1202;1071;96;251609088;27296342;9702050
1520701214032;1213;1080;96;251609088;27296670;9702789
1520701214133;1223;1090;96;251609088;27296834;9703159
1520701214235;1233;1100;97;251609088;27297044;9703582
1520701214335;1243;1109;98;251609088;27297372;9704321
1520701214439;1253;1118;98;251752448;27297582;9704744
1520701214539;1263;1128;98;251752448;27297746;9705115
1520701214639;1273;1137;99;251752448;27298244;9706025
1520701214740;1283;1146;100;251752448;27298408;9706395
1520701214843;1294;1156;100;251752448;27298572;9706764
1520701214943;1304;1165;101;251752448;27298736;9707133
1520701215043;1314;1174;101;251752448;27299064;9707873
1520701215144;1324;1184;102;251752448;27299228;9708244
1520701215244;1334;1192;104;251752448;27299556;9708985
1520701215344;1344;1201;104;251752448;27299766;9709406
1520701215444;1354;1210;104;251752448;27300094;9710147
1520701215545;1364;1220;105;251752448;27300422;9710888
1520701215645;1374;1229;106;251752448;27300586;9711258
1520701215745;1384;1238;106;251752448;27300960;9712051
1520701215846;1394;1247;108;251752448;27301334;9712843
1520701215946;1404;1256;108;251752448;27301662;9713584
1520701216047;1414;1266;108;251752448;27301826;9713955
1520701216147;1424;1275;108;251752448;27301990;9714325
1520701216247;1434;1284;110;251752448;27302318;9715064
1520701216347;1444;1292;111;251752448;27302534;9715752
1520701216448;1454;1301;112;251752448;27302856;9716225
1520701216548;1464;1311;112;251752448;27303184;9716966
1520701216648;1474;1320;113;251752448;27303512;9717707
1520701216748;1484;1329;114;251752448;27303840;9718448
1520701216848;1494;1338;114;251752448;27304050;9718870
1520701216948;1504;1347;115;251752448;27304424;9719664
1520701217048;1514;1357;116;251752448;27304752;9720352
1520701217148;1524;1366;116;251752448;27304916;9720774
1520701217248;1534;1375;116;251752448;27305244;9721515
1520701217348;1544;1384;117;251752448;27305408;9721885
1520701217448;1554;1394;118;251752448;27305736;9722627
1520701217548;1564;1402;119;251752448;27306110;9723422
1520701217649;1574;1410;121;251752448;27306274;9723791
1520701217749;1584;1419;122;251752448;27306602;9724534
1520701217849;1594;1429;122;251752448;27306930;9725278
1520701217949;1604;1438;122;251752448;27307382;9726084
1520701218049;1614;1448;122;251752448;27307592;9726559
1520701218149;1624;1457;123;251752448;27307920;9727301
1520701218249;1634;1465;125;251752448;27308248;9728044
1520701218349;1644;1473;126;251752448;27308576;9728786
1520701218449;1654;1483;127;251752448;27308740;9729158
1520701218550;1664;1492;127;251752448;27309068;9729896
1520701218650;1674;1502;128;251752448;27309442;9730690
1520701218751;1685;1509;130;251752448;27309770;9731379
1520701218851;1695;1519;130;251752448;27309986;9732120
1520701218951;1705;1528;131;251752448;27310262;9732542
1520701219051;1715;1537;132;251752448;27310636;9733336
1520701219152;1725;1546;133;251752448;27310964;9734078
1520701219252;1735;1554;134;251752448;27311338;9734870
1520701219352;1745;1563;135;251752448;27311666;9735612
1520701219452;1755;1572;136;251752448;27311994;9736302
1520701219552;1765;1581;136;251752448;27312158;9736724
1520701219652;1775;1591;136;251752448;27312486;9737466
1520701219752;1785;1601;136;251752448;27312814;9738208
1520701219853;1795;1610;137;251752448;27313188;9739001
1520701219953;1805;1619;138;251752448;27313352;9739372
1520701220053;1815;1628;139;251752448;27313680;9740116
1520701220153;1825;1637;139;251752448;27314054;9740910
1520701220254;1835;1647;139;251752448;27314382;9741651
1520701220355;1845;1656;140;251752448;27314756;9742446
1520701220455;1855;1664;142;251752448;27315084;9743186
1520701220555;1865;1674;142;251752448;27315248;9743557
1520701220655;1875;1683;142;251752448;27315576;9744299
1520701220756;1885;1693;143;251752448;27315904;9745040
1520701220859;1895;1702;143;251752448;27316330;9746151
1520701220959;1905;1711;144;251752448;27316606;9746574
1520701221059;1915;1719;146;251752448;27316934;9747316
1520701221159;1925;1728;147;251752448;27317262;9748057
1520701221259;1935;1738;147;251752448;27317636;9748850
1520701221359;1945;1748;147;251752448;27318134;9749759
1520701221459;1955;1757;148;251752448;27318462;9750502
1520701221560;1965;1766;149;251752448;27318790;9751244
1520701221660;1975;1775;149;251752448;27319118;9751986
1520701221760;1985;1783;150;251752448;27319282;9752357
1520701221860;1996;1793;151;251752448;27319446;9752728
1520701221961;2006;1801;153;251752448;27319984;9753841
1520701222061;2016;1809;154;251752448;27320200;9754581
1520701222161;2026;1818;155;251752448;27320640;9755321
1520701222262;2036;1828;155;251752448;27320856;9756061
1520701222362;2046;1837;156;251752448;27321178;9756536
1520701222463;2056;1847;156;251752448;27321440;9757278
1520701222563;2066;1856;156;251752448;27321880;9758070
1520701222663;2076;1865;157;251752448;27322208;9758811
1520701222763;2086;1874;158;251752448;27322424;9759501
1520701222863;2096;1881;161;251752448;27322914;9760241
1520701222963;2106;1889;162;251752448;27323242;9761034
1520701223063;2116;1899;162;251752448;27323616;9761776
1520701223164;2126;1908;163;251752448;27324026;9762602
1520701223264;2136;1917;164;251752448;27324354;9763344
1520701223364;2146;1927;164;251752448;27324518;9763715
1520701223464;2156;1937;164;251752448;27324892;9764509
1520701223565;2166;1946;165;251752448;27325316;9765304
1520701223665;2176;1955;165;251752448;27325644;9766047
1520701223765;2186;1964;166;251752448;27325972;9766788
1520701223865;2196;1973;167;251752448;27326300;9767530
1520701223965;2206;1982;168;251752448;27326628;9768271
1520701224065;2216;1990;169;251752448;27326956;9769014
1520701224165;2226;2000;170;251752448;27327330;9769807
1520701224266;2236;2009;170;251908096;27327494;9770178
1520701224366;2246;2018;171;251908096;27327822;9770919
1520701224467;2256;2026;173;251908096;27328150;9771660
1520701224567;2266;2035;174;251908096;27328524;9772455
1520701224667;2276;2044;175;251908096;27329022;9773364
1520701224767;2286;2052;176;251908096;27329402;9774419
1520701224867;2296;2061;177;251908096;27329730;9775161
1520701224967;2306;2070;178;251908096;27330006;9775583
1520701225067;2316;2078;179;251908096;27330334;9776325
1520701225168;2326;2088;180;251908096;27330662;9777065
1520701225268;2336;2096;181;251908096;27331036;9777857
1520701225368;2346;2104;183;251908096;27331364;9778599
1520701225468;2356;2114;183;251908096;27331692;9779341
1520701225569;2366;2122;184;251908096;27332020;9780083
1520701225669;2376;2132;185;251908096;27332348;9780823
1520701225769;2386;2141;186;251908096;27332768;9781668
1520701225869;2396;2150;186;251908096;27333096;9782410
1520701225969;2406;2160;186;251908096;27333424;9783099
1520701226069;2416;2168;188;251908096;27334028;9783839
1520701226169;2426;2177;188;251908096;27334356;9784581
1520701226269;2436;2185;190;251908096;27334796;9785373
1520701226369;2446;2192;193;251908096;27335124;9786110
1520701226469;2456;2202;193;251908096;27335498;9786904
1520701226569;2466;2211;194;251908096;27335826;9787646
1520701226670;2476;2220;194;251908096;27336154;9788388
1520701226770;2487;2230;194;251908096;27336482;9789130
1520701226871;2497;2240;195;251908096;27336810;9789872
1520701226971;2507;2250;195;251908096;27337066;9790347
1520701227071;2517;2258;196;251908096;27337282;9791038
1520701227171;2527;2267;197;251908096;27337558;9791458
1520701227271;2537;2275;198;251908096;27338050;9792518
1520701227371;2547;2284;199;251908096;27338378;9793312
1520701227471;2557;2293;200;251908096;27338706;9794050
1520701227572;2567;2303;200;251908096;27339080;9794843
1520701227672;2577;2311;202;251908096;27339408;9795583
1520701227772;2587;2320;203;251908096;27339736;9796324
1520701227873;2597;2330;203;251908096;27340064;9797066
1520701227973;2607;2338;204;251908096;27340516;9797922
1520701228075;2617;2347;206;251908096;27340890;9798718
1520701228175;2627;2356;207;251908096;27341382;9799830
1520701228275;2637;2364;208;251908096;27341710;9800571
1520701228376;2647;2372;210;251908096;27342038;9801312
1520701228476;2657;2381;210;251908096;27342366;9802052
1520701228576;2667;2391;210;251908096;27342694;9802791
1520701228676;2677;2401;211;251908096;27343022;9803535
1520701228777;2687;2410;212;251908096;27343396;9804330
1520701228877;2697;2418;213;251908096;27343724;9805070
1520701228977;2707;2427;214;251908096;27344052;9805813
1520701229077;2717;2437;214;251908096;27344380;9806554
1520701229178;2727;2445;216;251908096;27344800;9807395
1520701229282;2738;2454;217;251908096;27345016;9808086
1520701229385;2748;2464;217;251908096;27345344;9808826
1520701229485;2758;2473;218;251908096;27345620;9809250
1520701229586;2768;2482;218;251908096;27345784;9809621
1520701229686;2778;2492;218;251908096;27345948;9809992
1520701229787;2788;2501;220;251908096;27346276;9810736
1520701229887;2798;2510;220;251908096;27346650;9811532
1520701229987;2808;2519;221;251908096;27347030;9812591
1520701230087;2818;2528;222;251908096;27347306;9813014
1520701230187;2828;2537;222;251908096;27347634;9813757
1520701230287;2838;2546;223;251908096;27348054;9814602
1520701230387;2848;2556;224;251908096;27348382;9815344
1520701230487;2858;2565;224;251908096;27348710;9816087
1520701230587;2868;2573;226;251908096;27349202;9817149
1520701230687;2878;2582;226;251908096;27349530;9817892
1520701230788;2888;2591;227;251908096;27349858;9818686
1520701230888;2898;2600;228;251908096;27350186;9819427
1520701230988;2908;2609;229;251908096;27350560;9820219
1520701231088;2918;2618;229;251908096;27350888;9820958
1520701231188;2928;2627;231;251908096;27351216;9821698
1520701231288;2938;2636;231;251908096;27351596;9822760
1520701231388;2948;2646;232;251908096;27352042;9823351
1520701231489;2958;2654;232;251908096;27352422;9824409
1520701231589;2968;2663;234;251908096;27352698;9824833
1520701231689;2978;2672;234;251908096;27353078;9825893
1520701231790;2988;2682;234;251908096;27353518;9826688
1520701231890;2999;2692;234;251908096;27353846;9827428
1520701231990;3008;2700;236;251908096;27354174;9828171
1520701232090;3019;2709;237;251908096;27354502;9828914
1520701232191;3029;2718;238;251908096;27354876;9829709
1520701232291;3039;2727;238;251908096;27355368;9830820
1520701232392;3049;2736;239;251908096;27355696;9831564
1520701232492;3059;2745;240;251908096;27356070;9832357
1520701232592;3069;2752;242;251908096;27356444;9833149
1520701232692;3079;2760;244;251908096;27356772;9833892
1520701232793;3089;2769;245;251908096;27357100;9834631
1520701232893;3099;2778;246;251908096;27357264;9835002
1520701232993;3109;2788;246;251908096;27357592;9835745
1520701233095;3119;2796;248;251908096;27357920;9836487
1520701233195;3129;2806;248;251908096;27358294;9837281
1520701233295;3139;2815;249;251908096;27358622;9838022
1520701233397;3149;2824;250;251908096;27358950;9838761
1520701233497;3159;2834;250;251908096;27359324;9839552
1520701233597;3169;2844;250;251908096;27359698;9840345
1520701233697;3179;2853;250;251908096;27360026;9841089
1520701233798;3189;2862;251;251908096;27360354;9841830
1520701233898;3199;2872;251;251908096;27360682;9842572
1520701233999;3209;2881;252;251908096;27361062;9843634
1520701234099;3219;2891;252;251908096;27361338;9844057
1520701234199;3229;2899;253;251908096;27361718;9845117
1520701234299;3239;2908;254;251908096;27362204;9845964
1520701234400;3249;2918;254;251908096;27362532;9846706
1520701234500;3259;2927;255;251908096;27362860;9847394
1520701234600;3270;2935;256;251908096;27363234;9848237
1520701234700;3280;2943;258;251908096;27363732;9849150
1520701234800;3289;2952;259;251908096;27364060;9849890
1520701234900;3299;2962;259;251908096;27364388;9850632
1520701235000;3310;2970;260;251908096;27364716;9851372
1520701235101;3320;2980;261;251908096;27365044;9852113
1520701235203;3330;2989;262;251908096;27365536;9853226
1520701235303;3340;2998;262;251908096;27365700;9853598
1520701235403;3350;3008;262;251908096;27366028;9854338
1520701235503;3360;3018;262;251908096;27366402;9855132
1520701235603;3370;3027;263;251908096;27366730;9855873
1520701235703;3380;3036;263;251908096;27367058;9856613
1520701235803;3390;3046;264;251908096;27367268;9857036
1520701235904;3400;3055;264;251908096;27367806;9858202
1520701236004;3410;3065;264;251908096;27368134;9858945
1520701236107;3420;3074;265;251908096;27368462;9859689
1520701236207;3430;3083;266;251908096;27368790;9860431
1520701236307;3440;3093;266;251908096;27369118;9861172
1520701236408;3450;3103;266;251908096;27369446;9861914
1520701236508;3460;3112;267;251908096;27369774;9862655
1520701236608;3470;3120;268;251908096;27370148;9863448
1520701236711;3481;3129;270;251908096;27370528;9864509
1520701236811;3491;3138;270;251908096;27370856;9865250
1520701236915;3501;3146;272;251908096;27371342;9866094
1520701237015;3511;3155;273;251908096;27371716;9866887
1520701237115;3521;3164;274;251908096;27372044;9867631
1520701237216;3531;3174;274;251908096;27372372;9868373
1520701237316;3541;3183;275;251908096;27372588;9869063
1520701237416;3551;3192;275;252071936;27372916;9869803
1520701237517;3561;3202;275;252071936;27373356;9870597
1520701237617;3571;3212;276;252071936;27373684;9871337
1520701237717;3581;3220;276;252071936;27374058;9872129
1520701237817;3591;3230;277;252071936;27374386;9872870
1520701237919;3601;3238;278;252071936;27374764;9873612
1520701238019;3611;3248;278;252071936;27375216;9874469
1520701238119;3621;3256;280;252071936;27375754;9875633
1520701238219;3631;3265;281;252071936;27376132;9876373
1520701238319;3641;3274;282;252071936;27376460;9877113
1520701238419;3651;3283;282;252071936;27376788;9877851
1520701238519;3661;3292;284;252071936;27377166;9878591
1520701238619;3671;3300;284;252071936;27377494;9879334
1520701238720;3681;3310;284;252071936;27377822;9880074
1520701238820;3691;3318;286;252071936;27378314;9881186
1520701238920;3702;3328;286;252071936;27378688;9881980
1520701239020;3712;3337;287;252071936;27379016;9882720
1520701239122;3722;3346;288;252071936;27379390;9883512
1520701239222;3732;3355;289;252071936;27379718;9884249
1520701239322;3742;3364;290;252071936;27380092;9885044
1520701239422;3752;3373;290;252071936;27380420;9885789
1520701239522;3762;3382;291;252071936;27380584;9886160
1520701239624;3772;3392;292;252071936;27380912;9886900
1520701239724;3782;3400;293;252071936;27381404;9888012
1520701239824;3792;3409;294;252071936;27381732;9888754
1520701239925;3802;3418;294;252071936;27382060;9889497
1520701240025;3812;3428;294;252071936;27382434;9890291
1520701240125;3822;3436;296;252071936;27382762;9891032
1520701240225;3832;3446;296;252071936;27382972;9891455
1520701240326;3842;3455;297;252071936;27383182;9891878
1520701240426;3852;3464;298;252071936;27383510;9892620
1520701240527;3862;3473;299;252071936;27383838;9893362
1520701240627;3872;3482;300;252071936;27384166;9894105
1520701240727;3882;3491;300;252071936;27384494;9894846
1520701240827;3892;3500;301;252071936;27384822;9895587
1520701240927;3902;3508;303;252071936;27385150;9896328
1520701241027;3912;3516;305;252071936;27385478;9897068
1520701241127;3922;3524;306;252071936;27385858;9898129
1520701241227;3932;3534;307;252071936;27386344;9898976
1520701241327;3942;3543;307;252071936;27386508;9899348
1520701241427;3952;3552;308;252071936;27387124;9900576
1520701241527;3962;3560;310;252071936;27387498;9901372
1520701241628;3972;3569;310;252071936;27387826;9902113
1520701241728;3982;3578;311;252071936;27388154;9902852
1520701241828;3992;3588;312;252071936;27388482;9903592
1520701241928;4002;3597;312;252071936;27388810;9904332
1520701242028;4012;3605;314;252071936;27389138;9905075
1520701242128;4022;3614;314;252071936;27389466;9905815
1520701242230;4033;3624;315;252071936;27389892;9906927
1520701242330;4042;3632;317;252071936;27390220;9907668
1520701242430;4053;3641;318;252071936;27390496;9908091
1520701242531;4063;3648;320;252071936;27391034;9909151
1520701242631;4073;3658;320;252071936;27391296;9909997
1520701242731;4083;3667;321;252071936;27391572;9910420
1520701242832;4093;3677;321;252071936;27392064;9911479
1520701242932;4103;3686;321;252071936;27392392;9912273
1520701243033;4113;3696;322;252071936;27392720;9913017
1520701243133;4123;3704;322;252071936;27392884;9913384
1520701243233;4133;3714;323;252071936;27393212;9914126
1520701243333;4143;3723;324;252071936;27393422;9914550
1520701243434;4153;3732;324;252071936;27393750;9915291
1520701243534;4163;3741;325;252071936;27394078;9916034
1520701243638;4173;3750;326;252071936;27394452;9916830
1520701243738;4183;3759;327;252071936;27394826;9917622
1520701243839;4193;3769;328;252071936;27395318;9918732
1520701243940;4203;3778;328;252071936;27395646;9919475
1520701244040;4213;3787;329;252071936;27395810;9919847
1520701244140;4223;3796;330;252071936;27396138;9920588
1520701244240;4234;3806;330;252071936;27396466;9921330
1520701244341;4244;3814;332;252071936;27396794;9922070
1520701244441;4254;3822;333;252071936;27397168;9922864
1520701244541;4264;3832;334;252071936;27397496;9923604
1520701244642;4274;3840;335;252071936;27397824;9924347
1520701244742;4284;3848;336;252071936;27398276;9925202
1520701244842;4294;3858;337;252071936;27398650;9925995
1520701244942;4304;3867;337;252071936;27398978;9926735
1520701245042;4314;3876;338;252071936;27399142;9927104
1520701245142;4324;3885;338;252071936;27399470;9927846
1520701245247;4334;3895;339;252071936;27399798;9928589
1520701245347;4344;3904;339;252071936;27400126;9929333
1520701245447;4354;3913;340;252071936;27400500;9930125
1520701245548;4364;3921;342;252071936;27400828;9930866
1520701245648;4374;3931;342;252071936;27401156;9931608
1520701245748;4384;3940;343;252071936;27401484;9932348
1520701245848;4394;3949;344;252071936;27401904;9933193
1520701245949;4404;3958;344;252071936;27402232;9933883
1520701246049;4414;3968;345;252071936;27402396;9934305
1520701246149;4424;3977;346;252071936;27402724;9935046
1520701246249;4434;3986;346;252071936;27402888;9935416
1520701246349;4444;3996;346;252071936;27403216;9936156
1520701246449;4454;4004;348;252071936;27403544;9936899
1520701246550;4464;4013;349;252071936;27403872;9937641
1520701246650;4474;4022;350;252071936;27404246;9938381
1520701246750;4484;4030;351;252071936;27404462;9939122
1520701246851;4495;4039;352;252071936;27404902;9939915
1520701246951;4505;4048;353;252071936;27405230;9940658
1520701247051;4515;4058;353;252071936;27405486;9941133
1520701247151;4525;4066;354;252071936;27405814;9941872
1520701247252;4535;4076;354;252071936;27406142;9942614
1520701247352;4545;4085;355;252071936;27406470;9943356
1520701247452;4555;4095;355;252071936;27406798;9944046
1520701247552;4565;4103;356;252071936;27406962;9944466
1520701247652;4575;4112;357;252071936;27407290;9945206
1520701247753;4585;4122;358;252071936;27407664;9946000
1520701247853;4595;4131;358;252071936;27407992;9946742
1520701247953;4605;4140;359;252071936;27408320;9947482
1520701248053;4615;4149;360;252071936;27408772;9948340
1520701248153;4625;4158;361;252071936;27409146;9949134
1520701248253;4635;4166;363;252071936;27409474;9949876
1520701248355;4645;4176;363;252071936;27409802;9950619
1520701248455;4655;4185;364;252071936;27410018;9951308
1520701248555;4665;4194;364;252071936;27410294;9951727
1520701248655;4675;4203;365;252071936;27410622;9952466
1520701248755;4685;4212;366;252071936;27410950;9953207
1520701248855;4695;4221;366;252071936;27411160;9953629
1520701248956;4705;4230;367;252071936;27411488;9954368
1520701249056;4715;4240;367;252071936;27411816;9955109
1520701249156;4725;4248;368;252071936;27412190;9955904
1520701249256;4735;4258;369;252071936;27412564;9956699
1520701249356;4745;4267;369;252071936;27412892;9957441
1520701249456;4755;4277;369;252071936;27413220;9958182
1520701249556;4765;4287;370;252071936;27413548;9958922
1520701249656;4775;4295;371;252071936;27413764;9959612
1520701249756;4785;4304;372;252071936;27414040;9960036
1520701249856;4795;4313;373;252071936;27414368;9960779
1520701249956;4805;4322;374;252071936;27414742;9961573
1520701250057;4815;4331;374;252071936;27415070;9962316
1520701250157;4825;4340;375;252071936;27415398;9963057
1520701250257;4835;4350;375;252071936;27415726;9963798
1520701250357;4845;4358;377;252071936;27416100;9964592
1520701250458;4855;4366;378;252071936;27416310;9965015
1520701250558;4865;4376;378;252071936;27416638;9965754
1520701250658;4875;4385;379;252071936;27416966;9966494
1520701250758;4885;4395;379;252071936;27417294;9967233
1520701250858;4895;4404;380;252071936;27417622;9967975
1520701250958;4905;4413;381;252071936;27417950;9968716
1520701251058;4915;4422;381;252071936;27418324;9969509
1520701251158;4925;4432;381;252071936;27418652;9970247
1520701251258;4935;4440;383;252071936;27418980;9970987
1520701251358;4945;4449;384;252071936;27419308;9971727
1520701251458;4955;4459;384;252071936;27419760;9972581
1520701251561;4966;4467;386;252071936;27420022;9973322
1520701251662;4976;4476;386;252071936;27420298;9973744
1520701251765;4986;4486;386;252071936;27420678;9974803
1520701251865;4996;4496;387;252071936;27421118;9975592
1520701251965;5006;4504;388;252071936;27421446;9976331
1520701252065;5016;4514;388;252071936;27421610;9976701
1520701252165;5026;4523;388;252071936;27421990;9977765
1520701252265;5036;4532;389;252071936;27422476;9978606
1520701252365;5046;4540;391;252071936;27422804;9979349
1520701252465;5056;4548;393;252071936;27423132;9980090
1520701252565;5066;4558;393;252071936;27423506;9980885
1520701252665;5076;4567;394;252071936;27423834;9981627
1520701252765;5086;4576;394;252071936;27424208;9982421
1520701252866;5096;4584;396;252071936;27424536;9983163
1520701252966;5106;4593;397;252071936;27424914;9983904
1520701253067;5116;4602;398;252071936;27425078;9984275
1520701253167;5126;4611;398;252071936;27425458;9985335
1520701253267;5136;4620;400;252071936;27425948;9986129
1520701253369;5146;4629;400;252071936;27426158;9986551
1520701253470;5156;4637;402;252071936;27426650;9987662
1520701253570;5166;4646;404;252071936;27427028;9988403
1520701253671;5177;4655;404;252071936;27427402;9989194
1520701253771;5187;4665;404;252071936;27427730;9989939
1520701253871;5197;4674;405;252071936;27428104;9990733
1520701253971;5207;4684;405;252071936;27428432;9991473
1520701254072;5217;4692;406;252071936;27428760;9992213
1520701254172;5227;4701;407;252071936;27429088;9992954
1520701254272;5237;4710;408;252071936;27429416;9993695
1520701254372;5247;4719;409;252071936;27429790;9994485
1520701254472;5257;4728;410;252071936;27430118;9995176
1520701254572;5267;4737;410;252071936;27430282;9995598
1520701254672;5277;4746;411;252071936;27430774;9996711
1520701254772;5287;4754;413;252071936;27431108;9997248
1520701254872;5297;4762;415;252071936;27431436;9997990
1520701254973;5307;4772;415;252071936;27431974;9999153
1520701255073;5317;4781;415;252071936;27432302;9999896
1520701255173;5327;4790;416;252071936;27432630;10000638
1520701255273;5337;4800;416;252071936;27432958;10001380
1520701255374;5347;4808;418;252071936;27433122;10001750
1520701255474;5357;4817;418;252071936;27433660;10002913
1520701255575;5367;4826;419;252071936;27433824;10003284
1520701255675;5377;4836;420;252071936;27434152;10004027
1520701255776;5387;4845;420;252071936;27434644;10005135
1520701255877;5397;4855;420;252071936;27434906;10005876
1520701255977;5407;4864;421;252071936;27435346;10006669
1520701256077;5417;4873;422;252071936;27436108;10007460
1520701256177;5427;4882;422;252071936;27436436;10008204
1520701256277;5437;4890;424;252071936;27436764;10008943
1520701256377;5447;4900;425;252071936;27436980;10009634
1520701256477;5457;4908;426;252071936;27437256;10010056
1520701256578;5467;4918;426;252071936;27437584;10010795
1520701256679;5477;4927;427;252071936;27437958;10011589
1520701256779;5487;4935;428;252071936;27438286;10012329
1520701256879;5497;4944;430;252071936;27438660;10013124
1520701256980;5507;4953;430;252071936;27439040;10014186
1520701257080;5517;4962;432;252071936;27439480;10014926
1520701257180;5527;4971;432;252071936;27439854;10015771
1520701257280;5538;4980;433;252071936;27440182;10016513
1520701257381;5548;4989;434;252071936;27440510;10017253
1520701257481;5558;4998;434;252071936;27440726;10017941
1520701257582;5568;5008;434;252071936;27441002;10018363
1520701257682;5578;5016;436;252071936;27441330;10019103
1520701257783;5588;5026;436;252071936;27441704;10019895
1520701257883;5598;5034;438;252071936;27442032;10020638
1520701257983;5608;5044;438;252071936;27442360;10021382
1520701258084;5618;5052;439;252071936;27442858;10022292
1520701258184;5628;5062;440;252071936;27443186;10023032
1520701258284;5638;5071;440;252071936;27443396;10023453
1520701258384;5648;5080;440;252071936;27443724;10024194
1520701258485;5658;5090;440;252071936;27444216;10025253
1520701258585;5668;5098;442;252071936;27444544;10026043
1520701258685;5678;5107;443;252071936;27444872;10026783
1520701258786;5688;5116;444;252071936;27445200;10027524
1520701258886;5698;5125;445;252071936;27445574;10028319
1520701258987;5708;5134;446;252071936;27445902;10029060
1520701259087;5718;5142;447;252071936;27446230;10029800
1520701259187;5728;5152;448;252071936;27446604;10030593
1520701259287;5738;5161;448;252071936;27446984;10031654
1520701259387;5748;5171;448;252071936;27447306;10032130
1520701259487;5758;5180;449;252071936;27447634;10032871
1520701259587;5768;5189;450;252071936;27448126;10033983
1520701259688;5778;5198;450;252071936;27448454;10034724
1520701259788;5788;5206;452;252071936;27448782;10035413
1520701259888;5798;5216;453;252071936;27448946;10035836
1520701259988;5808;5224;454;252071936;27449320;10036627
1520701260088;5818;5232;455;252071936;27449648;10037315
1520701260189;5828;5242;455;252071936;27449812;10037738
1520701260289;5838;5251;456;252071936;27450186;10038532
1520701260389;5848;5260;457;252071936;27450514;10039275
1520701260489;5858;5269;458;252071936;27450940;10040390
1520701260589;5868;5278;459;252071936;27451380;10041184
1520701260689;5878;5288;459;252071936;27451708;10041922
1520701260789;5888;5297;459;252071936;27452036;10042661
1520701260890;5898;5306;460;252071936;27452364;10043401
1520701260990;5909;5315;461;252071936;27452738;10044142
1520701261090;5918;5324;462;252071936;27453066;10044933
1520701261190;5929;5332;464;252071936;27453394;10045672
1520701261291;5939;5342;464;252071936;27453722;10046415
1520701261391;5949;5351;464;252071936;27454096;10047206
1520701261494;5959;5360;465;252071936;27454548;10048064
1520701261595;5969;5370;466;252071936;27454974;10049177
1520701261695;5979;5379;466;252071936;27455302;10049918
1520701261795;5989;5387;468;252071936;27455578;10050341
1520701261896;5999;5396;469;252071936;27455906;10051082
1520701261996;6009;5405;470;252071936;27456234;10051824
1520701262096;6019;5413;472;252071936;27456772;10052989
1520701262197;6029;5423;472;252071936;27456936;10053359
1520701262297;6039;5432;472;252071936;27457264;10054099
1520701262397;6049;5441;473;252071936;27457592;10054840
1520701262497;6059;5449;474;252071936;27457808;10055528
1520701262597;6069;5459;475;252071936;27458294;10056374
1520701262697;6079;5468;476;252071936;27458622;10057117
1520701262797;6089;5477;476;252071936;27458996;10057913
1520701262897;6099;5486;477;252071936;27459324;10058654
1520701262997;6109;5494;479;252071936;27459652;10059396
1520701263097;6119;5503;480;252071936;27459980;10060141
1520701263197;6129;5512;480;252071936;27460242;10060883
1520701263298;6139;5521;481;252071936;27460518;10061305
1520701263398;6149;5530;482;252071936;27460846;10062047
1520701263499;6159;5538;484;252071936;27461174;10062793
1520701263599;6169;5548;484;252071936;27461502;10063535
1520701263699;6179;5557;485;252071936;27461876;10064327
1520701263799;6189;5566;486;252071936;27462204;10065065
1520701263899;6199;5575;486;252071936;27462578;10065860
1520701263999;6209;5584;487;252071936;27462906;10066602
1520701264100;6219;5594;487;252071936;27463234;10067340
1520701264200;6229;5603;487;252071936;27463614;10068397
1520701264300;6240;5613;487;252071936;27463890;10068821
1520701264400;6250;5622;488;252071936;27464428;10069984
1520701264500;6259;5631;489;252071936;27464756;10070723
1520701264600;6269;5640;489;252071936;27464972;10071410
1520701264700;6280;5648;492;252071936;27465412;10072198
1520701264800;6290;5656;493;252071936;27465864;10073056
1520701264900;6299;5666;494;252071936;27466192;10073797
1520701265000;6309;5674;494;252071936;27466520;10074538
1520701265100;6320;5684;495;252071936;27466894;10075330
1520701265201;6330;5692;496;252071936;27467274;10076389
1520701265301;6340;5702;497;252071936;27467550;10076812
1520701265401;6350;5711;497;252071936;27467878;10077553
1520701265502;6360;5720;498;252071936;27468252;10078348
1520701265602;6370;5729;499;252071936;27468468;10079038
1520701265702;6380;5737;500;252071936;27468744;10079461
1520701265802;6390;5747;501;252071936;27469072;10080201
1520701265902;6400;5756;502;252071936;27469446;10080993
1520701266002;6410;5766;502;252071936;27469662;10081678
1520701266102;6420;5774;502;252071936;27470102;10082470
1520701266202;6430;5783;504;252071936;27470476;10083263
1520701266302;6440;5792;504;252071936;27470804;10084006
1520701266403;6450;5801;506;252071936;27471132;10084744
1520701266503;6460;5810;506;252071936;27471460;10085489
1520701266603;6470;5820;506;252071936;27471834;10086289
1520701266704;6480;5829;507;252071936;27472162;10087031
1520701266804;6490;5839;507;252071936;27472490;10087771
1520701266904;6500;5848;508;252071936;27472818;10088509
1520701267005;6510;5857;508;252071936;27473192;10089302
1520701267105;6520;5866;510;252071936;27473520;10090044
1520701267205;6530;5876;510;252071936;27473848;10090788
1520701267305;6540;5884;511;252071936;27474222;10091582
1520701267405;6550;5893;511;252071936;27474550;10092326
1520701267505;6560;5902;512;252071936;27474878;10093068
1520701267605;6570;5911;513;252071936;27475206;10093813
1520701267706;6580;5920;514;252071936;27475534;10094557
1520701267806;6590;5929;515;252071936;27475908;10095351
1520701267906;6600;5938;516;252071936;27476450;10096462
1520701268006;6610;5947;517;252071936;27476810;10097236
1520701268107;6620;5956;518;252071936;27477262;10098094
1520701268207;6630;5964;518;252071936;27477590;10098837
1520701268307;6640;5974;518;252071936;27477918;10099577
1520701268407;6650;5983;519;252071936;27478292;10100370
1520701268507;6660;5992;520;252071936;27478508;10101060
1520701268608;6670;6001;521;252071936;27478948;10101853
1520701268708;6680;6010;522;252071936;27479276;10102595
1520701268808;6690;6019;522;252071936;27479604;10103336
1520701268911;6701;6028;524;252071936;27479814;10103758
1520701269011;6711;6037;525;252071936;27480142;10104501
1520701269111;6721;6046;525;252071936;27480470;10105242
1520701269212;6731;6056;526;252071936;27480844;10105987
1520701269312;6741;6064;527;252071936;27481172;10106730
1520701269412;6751;6072;529;252071936;27481500;10107525
1520701269512;6761;6081;529;252071936;27481710;10107947
1520701269614;6771;6090;531;252071936;27481926;10108640
1520701269714;6781;6098;532;252071936;27482254;10109386
1520701269815;6791;6108;533;252071936;27482530;10109806
1520701269918;6801;6116;534;252071936;27482910;10110865
1520701270019;6811;6125;536;252071936;27483232;10111342
1520701270123;6822;6134;536;252071936;27483560;10112083
1520701270223;6832;6144;536;252071936;27483776;10112773
1520701270323;6842;6153;537;252071936;27484098;10113248
1520701270423;6852;6162;538;252071936;27484426;10113991
1520701270524;6862;6171;539;252071936;27484754;10114733
1520701270624;6872;6180;540;252071936;27485128;10115524
1520701270724;6882;6189;541;252071936;27485456;10116268
1520701270824;6892;6198;541;252071936;27485620;10116639
1520701270924;6902;6208;542;252071936;27486112;10117702
1520701271024;6912;6216;542;252071936;27486440;10118497
1520701271124;6922;6226;542;252071936;27486768;10119239
1520701271224;6932;6235;544;252071936;27487142;10120032
1520701271324;6942;6244;544;252071936;27487470;10120720
1520701271424;6952;6253;545;252071936;27487634;10121143
1520701271525;6962;6262;546;252071936;27487922;10121629
1520701271625;6972;6269;549;252071936;27488250;10122369
1520701271725;6982;6278;550;252071936;27488624;10123164
1520701271825;6992;6287;550;252071936;27488952;10123904
1520701271925;7002;6296;552;252071936;27489116;10124274
1520701272025;7012;6304;552;252071936;27489608;10125333
1520701272126;7022;6314;553;252071936;27489772;10125755
1520701272226;7032;6323;553;252071936;27490100;10126495
1520701272327;7042;6333;554;252071936;27490474;10127289
1520701272427;7052;6342;554;252071936;27490802;10128031
1520701272527;7062;6351;555;252071936;27491176;10128827
1520701272627;7072;6360;556;252071936;27491504;10129570
1520701272727;7082;6369;556;252071936;27491714;10129993
1520701272827;7092;6378;557;252071936;27492042;10130736
1520701272927;7102;6388;557;252071936;27492370;10131478
1520701273027;7112;6398;558;252071936;27492750;10132552
1520701273127;7122;6406;559;252071936;27493026;10132983
1520701273227;7132;6414;560;252071936;27493354;10133742
1520701273331;7143;6424;561;252071936;27493682;10134499
1520701273431;7153;6433;562;252071936;27494010;10135256
1520701273531;7163;6442;563;252071936;27494384;10136068
1520701273632;7173;6450;564;252071936;27494712;10136819
1520701273732;7183;6460;564;252071936;27495086;10137625
1520701273832;7193;6469;565;252071936;27495414;10138375
1520701273932;7203;6478;566;252071936;27495624;10138802
1520701274033;7213;6487;566;252071936;27495952;10139554
1520701274133;7223;6496;567;252071936;27496280;10140312
1520701274233;7233;6505;568;252071936;27496608;10141064
1520701274334;7243;6514;569;252071936;27496936;10141818
1520701274434;7253;6523;570;252071936;27497264;10142572
1520701274537;7263;6532;571;252071936;27497690;10143701
1520701274637;7273;6540;572;252071936;27497966;10144129
1520701274738;7283;6550;572;252071936;27498340;10144935
1520701274838;7293;6560;572;252071936;27498628;10145428
1520701274939;7303;6569;573;252071936;27499002;10146232
1520701275039;7313;6578;574;252071936;27499330;10146986
1520701275139;7323;6586;575;252071936;27499658;10147741
1520701275239;7333;6596;576;252071936;27499874;10148442
1520701275339;7343;6604;577;252071936;27500314;10149247
1520701275439;7353;6613;578;252071936;27500642;10150003
1520701275539;7363;6621;580;252071936;27500970;10150701
1520701275640;7373;6630;580;252071936;27501134;10151130
1520701275743;7384;6640;581;252071936;27501508;10151936
1520701275847;7394;6650;581;252071936;27501836;10152689
1520701275947;7404;6659;582;252071936;27502210;10153484
1520701276047;7414;6669;582;252071936;27502538;10154228
1520701276148;7424;6678;583;252071936;27502800;10154970
1520701276248;7434;6687;584;252071936;27503076;10155393
1520701276348;7444;6697;584;252071936;27503404;10156135
1520701276449;7454;6707;584;252071936;27503732;10156875
1520701276549;7464;6716;584;252071936;27504060;10157568
1520701276649;7474;6725;585;252071936;27504388;10158365
1520701276751;7485;6734;586;252071936;27504716;10159106
1520701276851;7495;6743;587;252071936;27505090;10159902
1520701276951;7505;6752;588;252071936;27505418;10160646
1520701277051;7515;6760;589;252071936;27505792;10161442
1520701277151;7525;6770;589;252071936;27506120;10162186
1520701277252;7535;6778;591;252071936;27506494;10162983
1520701277353;7545;6787;592;252071936;27506822;10163729
1520701277454;7555;6796;593;252071936;27506986;10164101
1520701277554;7565;6805;593;252071936;27507314;10164844
1520701277655;7575;6814;594;252071936;27507642;10165588
1520701277755;7585;6823;596;252071936;27507970;10166332
1520701277855;7595;6831;597;252071936;27508298;10167077
1520701277956;7605;6840;598;252071936;27508672;10167875
1520701278058;7615;6848;600;252071936;27508888;10168567
1520701278158;7625;6858;600;252071936;27509288;10169107
1520701278258;7635;6868;600;252071936;27509616;10169853
1520701278360;7645;6877;601;252071936;27510108;10170972
1520701278460;7656;6886;602;252071936;27510482;10171769
1520701278561;7666;6894;603;252071936;27510646;10172141
1520701278662;7676;6903;604;252071936;27510974;10172887
1520701278762;7686;6912;605;252071936;27511302;10173633
1520701278862;7696;6920;607;252071936;27511630;10174378
1520701278962;7706;6928;608;252071936;27511958;10175122
1520701279063;7716;6937;609;252071936;27512286;10175869
1520701279163;7726;6947;609;252071936;27512660;10176666
1520701279263;7736;6956;610;252071936;27513034;10177463
1520701279364;7746;6965;610;252071936;27513250;10178156
1520701279464;7756;6974;612;252071936;27513578;10178901
1520701279564;7766;6982;614;252071936;27513900;10179377
1520701279664;7776;6990;615;252071936;27514228;10180121
1520701279764;7786;6999;616;252071936;27514556;10180866
1520701279864;7796;7008;616;252071936;27514884;10181611
1520701279964;7806;7016;618;252071936;27515212;10182356
1520701280065;7816;7025;619;252071936;27515540;10183100
1520701280165;7826;7034;620;252071936;27515868;10183845
1520701280266;7836;7043;621;252071936;27516288;10184693
1520701280366;7846;7053;621;252071936;27516616;10185438
1520701280466;7856;7062;622;252071936;27516832;10186132
1520701280566;7866;7071;623;252071936;27517108;10186559
1520701280666;7876;7080;624;252071936;27517482;10187356
1520701280766;7886;7089;624;252071936;27517810;10188101
1520701280866;7896;7098;624;252071936;27517974;10188474
1520701280966;7906;7108;625;252071936;27518302;10189219
1520701281066;7916;7116;626;252071936;27518630;10189965
1520701281166;7926;7126;626;252071936;27518958;10190706
1520701281266;7936;7136;626;252071936;27519332;10191503
1520701281366;7946;7142;629;252071936;27519496;10191875
1520701281466;7956;7152;630;252071936;27519994;10192788
1520701281566;7966;7161;630;252071936;27520322;10193532
1520701281666;7976;7170;631;252071936;27520650;10194277
1520701281770;7986;7180;632;252071936;27520978;10195023
1520701281873;7997;7189;632;252071936;27521404;10196138
1520701281973;8007;7198;633;252071936;27521732;10196884
1520701282073;8017;7207;634;252071936;27522008;10197309
1520701282173;8027;7216;634;252071936;27522336;10198054
1520701282273;8037;7226;635;252071936;27522664;10198801
1520701282373;8047;7234;636;252071936;27522992;10199545
1520701282473;8057;7243;637;252071936;27523366;10200343
1520701282573;8067;7252;638;252071936;27523740;10201140
1520701282673;8077;7262;638;252071936;27524068;10201884
1520701282774;8087;7270;639;252071936;27524396;10202629
1520701282874;8097;7280;639;252071936;27524820;10203426
1520701282975;8107;7289;640;252071936;27525194;10204172
1520701283075;8117;7297;642;252071936;27525522;10204917
1520701283175;8127;7307;642;252071936;27525850;10205662
1520701283275;8137;7316;643;252071936;27526178;10206403
1520701283375;8147;7325;643;252071936;27526506;10207149
1520701283479;8157;7334;644;252071936;27526880;10207946
1520701283579;8167;7342;646;252071936;27527254;10208744
1520701283679;8177;7351;647;252071936;27527582;10209488
1520701283779;8187;7361;647;252071936;27527746;10209860
1520701283879;8197;7369;648;252071936;27528074;10210606
1520701283979;8207;7378;649;252071936;27528448;10211403
1520701284079;8217;7387;650;252071936;27528776;10212147
1520701284179;8227;7396;651;252071936;27529104;10212893
1520701284279;8237;7405;652;252071936;27529432;10213638
1520701284379;8247;7413;654;252071936;27529760;10214383
1520701284479;8257;7422;655;252071936;27530088;10215127
1520701284579;8267;7431;655;252071936;27530416;10215870
1520701284679;8277;7440;656;252071936;27530790;10216667
1520701284779;8287;7449;657;252071936;27531164;10217462
1520701284879;8297;7458;657;252071936;27531616;10218320
1520701284979;8307;7467;658;252071936;27531944;10219063
1520701285079;8317;7476;659;252071936;27532272;10219809
1520701285179;8327;7486;659;252071936;27532646;10220606
1520701285280;8337;7495;660;252071936;27532974;10221350
1520701285380;8347;7504;660;252071936;27533302;10222092
1520701285480;8358;7514;660;252071936;27533630;10222837
1520701285580;8368;7523;662;252071936;27533958;10223580
1520701285680;8377;7532;662;252071936;27534332;10224377
1520701285780;8388;7541;663;252071936;27534660;10225120
1520701285880;8397;7550;663;252071936;27535034;10225918
1520701285980;8408;7559;664;252071936;27535526;10227035
1520701286080;8417;7567;666;252071936;27536130;10227728
1520701286180;8428;7577;666;252071936;27536406;10228153
1520701286281;8438;7586;666;252071936;27536944;10229268
1520701286381;8448;7596;667;252071936;27537108;10229692
1520701286481;8458;7604;668;252071936;27537436;10230436
1520701286581;8468;7613;669;252071936;27537764;10231181
1520701286681;8478;7622;670;252071936;27538092;10231927
1520701286781;8488;7630;672;252071936;27538630;10233094
1520701286881;8498;7639;673;252071936;27538958;10233840
1520701286981;8508;7648;673;252071936;27539332;10234636
1520701287081;8518;7657;674;252071936;27539660;10235381
1520701287181;8528;7666;675;252071936;27539988;10236125
1520701287282;8538;7675;676;252071936;27540316;10236870
1520701287382;8548;7684;677;252071936;27540690;10237666
1520701287483;8558;7694;677;252071936;27541018;10238411
1520701287583;8568;7702;678;252071936;27541346;10239155
1520701287683;8578;7711;680;252071936;27541674;10239899
1520701287783;8588;7720;680;252071936;27542002;10240642
1520701287884;8598;7729;681;252071936;27542540;10241809
1520701287984;8608;7737;683;252071936;27542868;10242552
1520701288084;8618;7746;684;252071936;27543242;10243346
1520701288184;8628;7756;684;252071936;27543694;10244207
1520701288285;8638;7765;684;252071936;27544022;10244952
1520701288385;8648;7774;685;252071936;27544350;10245696
1520701288485;8658;7782;686;252071936;27544724;10246493
1520701288586;8668;7791;688;252071936;27545052;10247238
1520701288686;8678;7799;690;252071936;27545380;10247982
1520701288787;8688;7808;691;252071936;27545708;10248728
1520701288887;8698;7817;691;252071936;27545872;10249101
1520701288987;8708;7826;692;252071936;27546246;10249898
1520701289087;8718;7835;692;252071936;27546574;10250643
1520701289188;8728;7844;693;252071936;27546902;10251388
1520701289288;8738;7854;693;252071936;27547276;10252185
1520701289388;8748;7863;694;252071936;27547604;10252927
1520701289488;8758;7871;696;252071936;27548096;10254045
1520701289588;8768;7881;696;252071936;27548470;10254842
1520701289688;8778;7890;696;252071936;27548798;10255588
1520701289788;8788;7899;697;252071936;27549126;10256333
1520701289889;8798;7908;698;252071936;27549618;10257448
1520701289989;8808;7917;699;252071936;27549946;10258192
1520701290089;8818;7926;699;252071936;27550320;10258989
1520701290189;8828;7936;700;252071936;27550648;10259732
1520701290289;8838;7944;701;252071936;27550976;10260475
1520701290389;8848;7952;703;252071936;27551350;10261271
1520701290489;8858;7962;703;252071936;27551678;10262017
1520701290590;8868;7971;704;252071936;27552006;10262763
1520701290690;8879;7980;704;252071936;27552544;10263879
1520701290790;8888;7988;706;252071936;27552872;10264670
1520701290890;8899;7998;706;252071936;27553200;10265416
1520701290990;8908;8006;707;252071936;27553528;10266162
1520701291090;8919;8015;709;252071936;27553908;10267225
1520701291190;8928;8024;709;252071936;27554394;10268075
1520701291290;8938;8033;710;252071936;27554722;10268821
1520701291390;8949;8041;712;252071936;27555050;10269566
1520701291490;8958;8050;712;252071936;27555502;10270427
1520701291591;8969;8058;714;252071936;27555830;10271170
1520701291691;8979;8068;714;252071936;27556158;10271917
1520701291791;8989;8076;716;252071936;27556532;10272716
1520701291891;8999;8086;716;252071936;27556860;10273462
1520701291992;9009;8095;716;252071936;27557188;10274154
1520701292092;9019;8104;717;252071936;27557404;10274898
1520701292192;9029;8114;718;252071936;27557844;10275697
1520701292292;9039;8123;718;252071936;27558008;10276070
1520701292393;9049;8133;718;252071936;27558382;10276864
1520701292493;9059;8141;720;252071936;27558710;10277608
1520701292593;9069;8150;721;252071936;27559038;10278352
1520701292694;9079;8158;722;252071936;27559412;10279145
1520701292794;9089;8168;723;252071936;27559740;10279891
1520701292895;9099;8178;723;252071936;27560068;10280636
1520701292995;9109;8186;724;252071936;27560442;10281435
1520701293095;9119;8195;725;252071936;27560770;10282179
1520701293195;9129;8204;726;252071936;27561098;10282871
1520701293296;9139;8213;726;252071936;27561426;10283667
1520701293396;9149;8222;727;252071936;27561754;10284411
1520701293496;9159;8230;730;252071936;27562128;10285207
1520701293596;9169;8239;730;252071936;27562456;10285952
1520701293697;9179;8248;731;252071936;27562830;10286750
1520701293797;9189;8255;734;252071936;27563046;10287440
1520701293897;9199;8264;735;252071936;27563486;10288233
1520701293997;9209;8272;736;252071936;27563814;10288977
1520701294097;9219;8281;737;252071936;27564188;10289771
1520701294197;9229;8290;738;252071936;27564516;10290513
1520701294297;9239;8299;739;252071936;27564732;10291205
1520701294397;9249;8307;740;252071936;27565060;10291948
1520701294498;9259;8316;741;252071936;27565500;10292745
1520701294599;9269;8325;742;252071936;27565710;10293170
1520701294699;9279;8334;743;252071936;27566038;10293916
1520701294799;9289;8343;744;252071936;27566366;10294660
1520701294899;9299;8353;744;252071936;27566864;10295573
1520701294999;9309;8362;745;252071936;27567192;10296318
1520701295099;9319;8370;746;252071936;27567520;10297064
1520701295199;9329;8379;747;252071936;27567894;10297861
1520701295300;9339;8389;747;252071936;27568058;10298234
1520701295400;9349;8398;748;252071936;27568386;10298976
1520701295500;9360;8405;750;252071936;27568714;10299723
1520701295600;9370;8414;752;252071936;27569042;10300470
1520701295700;9379;8423;752;252071936;27569416;10301266
1520701295800;9389;8433;752;252071936;27569744;10302009
1520701295900;9400;8442;752;252071936;27570072;10302755
1520701296000;9410;8452;753;252071936;27570446;10303552
1520701296100;9419;8461;754;252071936;27570774;10304296
1520701296200;9429;8469;755;252071936;27571102;10305041
1520701296300;9440;8478;756;252071936;27571476;10305837
1520701296400;9450;8488;756;252071936;27571804;10306581
1520701296500;9459;8496;757;252071936;27572132;10307327
1520701296600;9469;8505;758;252071936;27572460;10308071
1520701296700;9480;8514;759;252071936;27572788;10308814
1520701296800;9490;8523;760;252071936;27573162;10309611
1520701296900;9499;8532;760;252071936;27573490;10310355
1520701297000;9509;8542;761;252071936;27573818;10311100
1520701297100;9520;8550;762;252071936;27574192;10311895
1520701297201;9530;8559;763;252071936;27574520;10312637
1520701297301;9540;8569;763;252071936;27574848;10313382
1520701297401;9550;8577;764;252071936;27575058;10313806
1520701297501;9560;8587;765;252071936;27575386;10314550
1520701297601;9570;8595;766;252071936;27575714;10315296
1520701297701;9580;8604;767;252071936;27575878;10315667
1520701297801;9590;8614;767;252071936;27576042;10316039
1520701297902;9600;8624;767;252071936;27576420;10316784
1520701298002;9610;8632;769;252071936;27576794;10317580
1520701298103;9620;8642;769;252071936;27577004;10317953
1520701298203;9630;8651;769;252071936;27577456;10318813
1520701298307;9640;8660;770;252071936;27577784;10319559
1520701298407;9650;8669;771;252071936;27578158;10320357
1520701298507;9660;8678;772;252071936;27578486;10321101
1520701298608;9670;8687;773;252071936;27578814;10321844
1520701298708;9680;8696;774;252071936;27579142;10322587
1520701298808;9690;8706;774;252071936;27579358;10323275
1520701298909;9700;8715;774;252071936;27579634;10323698
1520701299009;9710;8723;776;252071936;27580008;10324495
1520701299109;9720;8732;777;252071936;27580336;10325241
1520701299209;9730;8739;780;252071936;27580664;10325985
1520701299309;9740;8748;780;252071936;27580926;10326731
1520701299409;9750;8757;782;252071936;27581254;10327475
1520701299511;9761;8766;782;252071936;27581530;10327899
1520701299611;9771;8775;783;252071936;27581904;10328696
1520701299711;9781;8784;784;252071936;27582232;10329440
1520701299812;9791;8793;785;252071936;27582396;10329812
1520701299912;9801;8802;786;252071936;27582724;10330554
1520701300012;9811;8811;786;252071936;27583104;10331619
1520701300112;9821;8820;788;252071936;27583544;10332414
1520701300213;9831;8828;789;252071936;27583806;10333159
1520701300313;9841;8838;789;252071936;27584246;10333956
1520701300414;9851;8848;789;252071936;27584456;10334381
1520701300514;9861;8857;790;252071936;27584948;10335498
1520701300615;9871;8866;790;252071936;27585164;10336193
1520701300715;9881;8875;791;252071936;27585650;10337057
1520701300816;9891;8884;792;252071936;27585978;10337815
1520701300916;9901;8894;792;252071936;27586306;10338575
1520701301016;9911;8904;792;252071936;27586634;10339332
1520701301116;9921;8912;793;252071936;27586962;10340090
1520701301217;9931;8921;794;252071936;27587126;10340468
1520701301317;9941;8930;795;252071936;27587500;10341275
1520701301417;9951;8940;795;252071936;27587828;10342033
1520701301517;9961;8948;797;252071936;27588254;10342907
1520701301617;9971;8957;798;252071936;27588654;10343713
1520701301717;9981;8965;800;252071936;27589146;10344844
1520701301817;9991;8975;800;252071936;27589356;10345273
1520701301919;10001;8984;800;252071936;27589848;10346405
1520701302019;10011;8994;800;252071936;27590176;10347158
1520701302119;10021;9003;801;252071936;27590392;10347863
1520701302219;10031;9012;802;252071936;27590720;10348619
1520701302319;10041;9020;804;252071936;27591160;10349379
1520701302419;10051;9028;805;252071936;27591370;10349859
1520701302519;10061;9037;806;252071936;27591750;10350939
1520701302620;10071;9046;807;252071936;27592078;10351693
1520701302720;10081;9055;808;252071936;27592564;10352503
1520701302820;10092;9065;808;252071936;27592892;10353309
1520701302921;10102;9074;809;252071936;27593266;10354116
1520701303021;10112;9084;809;252071936;27593430;10354492
1520701303121;10122;9092;810;252071936;27593758;10355248
1520701303227;10132;9102;810;252071936;27594086;10356003
1520701303327;10142;9111;811;252071936;27594414;10356753
1520701303428;10152;9120;812;252071936;27594742;10357506
1520701303528;10162;9130;812;252071936;27595116;10358311
1520701303628;10172;9140;812;252071936;27595444;10359063
1520701303729;10182;9149;812;252071936;27595772;10359819
1520701303829;10192;9158;814;252071936;27596146;10360627
1520701303929;10202;9167;815;252071936;27596362;10361329
1520701304029;10212;9175;816;252071936;27596684;10361810
1520701304129;10222;9183;818;252071936;27597012;10362569
1520701304229;10232;9192;818;252071936;27597340;10363323
1520701304329;10242;9201;819;252071936;27597668;10364080
1520701304430;10252;9210;820;252071936;27597996;10364836
1520701304530;10263;9220;820;252071936;27598324;10365592
1520701304630;10272;9228;822;252071936;27598698;10366345
1520701304730;10282;9237;823;252071936;27599026;10367101
1520701304831;10293;9246;824;252071936;27599242;10367857
1520701304931;10303;9254;826;252071936;27599642;10368401
1520701305032;10313;9263;826;252071936;27599806;10368776
1520701305132;10323;9272;827;252071936;27600180;10369581
1520701305233;10333;9281;828;252071936;27600508;10370336
1520701305333;10343;9290;828;252071936;27600836;10371088
1520701305433;10353;9300;828;252071936;27601164;10371844
1520701305534;10363;9310;829;252071936;27601328;10372224
1520701305634;10373;9319;829;252071936;27601656;10372980
1520701305734;10383;9328;830;252071936;27602030;10373793
1520701305835;10393;9336;831;252071936;27602358;10374550
1520701305935;10403;9346;832;252071936;27602732;10375357
1520701306035;10413;9355;833;252071936;27603060;10376113
1520701306135;10423;9364;834;252071936;27603224;10376491
1520701306236;10433;9374;834;252071936;27603598;10377299
1520701306336;10443;9382;835;252071936;27603926;10378054
1520701306436;10453;9391;836;252071936;27604254;10378807
1520701306536;10463;9399;837;252071936;27604582;10379556
1520701306636;10473;9408;839;252071936;27604910;10380293
1520701306736;10483;9417;839;252071936;27605238;10381033
1520701306836;10493;9427;839;252071936;27605612;10381772
1520701306936;10503;9436;840;252071936;27605940;10382566
1520701307036;10513;9445;841;252071936;27606314;10383358
1520701307136;10523;9454;841;252071936;27606642;10384100
1520701307237;10533;9463;842;252071936;27607022;10385165
1520701307337;10543;9473;842;252071936;27607344;10385641
1520701307439;10553;9482;843;252071936;27607672;10386382
1520701307539;10563;9492;843;252071936;27608164;10387496
1520701307639;10573;9501;844;252071936;27608328;10387867
1520701307740;10583;9510;844;252071936;27608820;10388930
1520701307840;10593;9519;845;252071936;27609148;10389724
1520701307940;10604;9528;846;252071936;27609522;10390519
1520701308040;10614;9537;847;252071936;27609850;10391258
1520701308140;10623;9546;847;252071936;27610224;10392052
1520701308240;10634;9556;848;252071936;27610564;10392860
1520701308341;10644;9565;848;252071936;27610840;10393283
1520701308441;10654;9574;849;252071936;27611168;10394028
1520701308541;10664;9583;850;252071936;27611542;10394824
1520701308641;10674;9590;852;252071936;27611870;10395567
1520701308741;10684;9600;852;252071936;27612198;10396312
1520701308841;10694;9609;854;252071936;27612526;10397055
1520701308941;10704;9618;855;252071936;27612854;10397796
1520701309042;10714;9626;856;252071936;27613182;10398540
1520701309142;10724;9633;859;252071936;27613556;10399337
1520701309242;10734;9642;860;252071936;27613884;10400028
1520701309342;10744;9650;861;252071936;27614146;10400824
1520701309442;10754;9660;862;252071936;27614586;10401617
1520701309542;10764;9668;863;252071936;27614914;10402360
1520701309642;10774;9678;863;252071936;27615288;10403154
1520701309742;10784;9687;864;252071936;27615616;10403900
1520701309842;10794;9696;864;252071936;27615944;10404643
1520701309942;10804;9705;865;252071936;27616160;10405337
1520701310042;10814;9714;866;252071936;27616436;10405760
1520701310142;10824;9722;868;252071936;27616764;10406503
1520701310242;10834;9732;868;252071936;27617138;10407297
1520701310342;10844;9740;869;252071936;27617466;10408040
1520701310442;10854;9748;870;252071936;27617840;10408834
1520701310542;10864;9758;871;252071936;27618168;10409526
1520701310643;10874;9766;873;252071936;27618496;10410319
1520701310743;10884;9775;874;252071936;27618870;10411114
1520701310843;10894;9784;874;252071936;27619198;10411856
1520701310946;10904;9794;874;252071936;27619414;10412548
1520701311046;10914;9802;876;252071936;27619690;10412973
1520701311147;10924;9812;876;252071936;27620018;10413717
1520701311247;10934;9822;876;252071936;27620234;10414407
1520701311349;10944;9830;877;252071936;27620510;10414833
1520701311449;10954;9840;878;252071936;27620884;10415626
1520701311550;10964;9849;878;252071936;27621336;10416481
1520701311650;10975;9858;879;252071936;27621664;10417225
1520701311751;10985;9867;880;252071936;27621992;10417967
1520701311851;10995;9876;881;252071936;27622320;10418709
1520701311951;11005;9885;882;252071936;27622694;10419501
1520701312051;11015;9895;882;252071936;27623022;10420246
1520701312151;11025;9904;882;252071936;27623186;10420619
1520701312251;11035;9914;882;252071936;27623514;10421363
1520701312351;11045;9923;883;252071936;27623894;10422429
1520701312451;11055;9933;883;252071936;27624302;10422854
1520701312551;11065;9941;884;252071936;27624728;10423969
1520701312651;11075;9950;885;252071936;27625050;10424444
1520701312751;11085;9960;885;252071936;27625378;10425187
1520701312852;11095;9968;886;252071936;27625706;10425931
1520701312952;11105;9977;888;252071936;27626116;10426707
1520701313052;11115;9986;888;252071936;27626490;10427503
1520701313152;11125;9996;889;252071936;27626818;10428242
1520701313252;11135;10004;890;252071936;27627146;10428986
1520701313352;11145;10012;892;252071936;27627474;10429731
1520701313453;11155;10020;894;252071936;27627802;10430476
1520701313553;11165;10030;894;252071936;27628294;10431542
1520701313653;11175;10038;896;252071936;27628504;10432017
1520701313753;11185;10045;898;252071936;27628878;10432813
1520701313853;11195;10053;900;252071936;27629370;10433929
1520701313953;11205;10063;900;252071936;27629534;10434300
1520701314054;11215;10071;902;252071936;27629862;10435046
1520701314154;11225;10080;902;252071936;27630400;10436214
1520701314254;11235;10089;903;252071936;27630616;10436902
1520701314354;11245;10098;904;252071936;27630892;10437326
1520701314454;11255;10107;905;252071936;27631384;10438441
1520701314555;11265;10116;906;252071936;27631712;10439133
1520701314655;11275;10125;907;252071936;27632040;10439932
1520701314755;11285;10133;908;252071936;27632368;10440674
1520701314855;11295;10142;909;252071936;27632742;10441470
1520701314955;11305;10152;909;252071936;27633194;10442327
1520701315055;11315;10161;910;252071936;27633522;10443072
1520701315156;11325;10170;911;252071936;27633850;10443813
1520701315256;11335;10178;912;252071936;27634178;10444558
1520701315356;11345;10188;913;252071936;27634552;10445352
1520701315456;11355;10196;914;252071936;27634880;10446098
1520701315556;11365;10206;914;252071936;27635208;10446840
1520701315656;11375;10215;914;252071936;27635536;10447583
1520701315756;11385;10224;916;252071936;27635864;10448327
1520701315857;11395;10234;916;252071936;27636192;10449070
1520701315957;11405;10244;916;252071936;27636612;10449918
1520701316057;11415;10253;916;252071936;27636776;10450290
1520701316158;11425;10262;917;252071936;27637492;10451036
1520701316258;11435;10271;918;252071936;27637820;10451779
1520701316358;11445;10281;918;252071936;27638358;10452949
1520701316459;11455;10290;918;252071936;27638574;10453639
1520701316559;11465;10299;919;252071936;27638850;10454062
1520701316659;11475;10309;919;252071936;27639342;10455178
1520701316761;11486;10318;920;252071936;27639670;10455923
1520701316861;11496;10328;920;252071936;27639998;10456616
1520701316961;11506;10336;922;252071936;27640326;10457409
1520701317061;11516;10344;923;252071936;27640654;10458153
1520701317161;11526;10354;924;252071936;27641074;10459002
1520701317261;11536;10364;924;252071936;27641238;10459374
1520701317362;11546;10373;924;252071936;27641730;10460439
1520701317462;11556;10382;924;252071936;27642104;10461286
1520701317563;11566;10391;926;252071936;27642268;10461658
1520701317663;11576;10400;926;252071936;27642484;10462347
1520701317763;11586;10409;927;252071936;27642924;10463092
1520701317863;11596;10418;928;252071936;27643252;10463886
1520701317964;11606;10428;928;252071936;27643580;10464629
1520701318064;11616;10436;930;252071936;27643908;10465374
1520701318164;11626;10445;931;252071936;27644236;10466120
1520701318265;11636;10454;931;252071936;27644780;10467086
1520701318365;11646;10464;932;252071936;27645108;10467830
1520701318465;11656;10472;933;252071936;27645436;10468575
1520701318565;11666;10482;933;252071936;27645810;10469370
1520701318666;11676;10490;935;252071936;27646138;10470116
1520701318766;11686;10500;935;252071936;27646466;10470859
1520701318866;11696;10508;936;252071936;27646794;10471601
1520701318966;11706;10518;936;252071936;27647286;10472715
1520701319067;11716;10527;937;252071936;27647614;10473460
1520701319169;11726;10535;938;252071936;27647942;10474205
1520701319269;11736;10544;940;252071936;27648270;10474948
1520701319369;11746;10552;941;252071936;27648690;10475796
1520701319470;11756;10561;942;252071936;27649018;10476541
1520701319571;11767;10570;943;252071936;27649392;10477338
1520701319671;11777;10580;943;252071936;27649720;10478084
1520701319771;11787;10589;943;252071936;27650048;10478829
1520701319871;11797;10599;944;252071936;27650376;10479572
1520701319971;11807;10608;944;252071936;27650704;10480318
1520701320071;11817;10616;946;252071936;27651084;10481383
1520701320171;11827;10626;946;252071936;27651524;10482180
1520701320272;11837;10634;947;252071936;27651852;10482925
1520701320372;11847;10644;948;252071936;27652016;10483297
1520701320472;11857;10652;949;252071936;27652344;10484041
1520701320572;11867;10662;950;252071936;27652764;10484889
1520701320672;11877;10670;950;252071936;27653092;10485631
1520701320772;11887;10679;952;252071936;27653466;10486425
1520701320872;11897;10687;954;252071936;27653794;10487168
1520701320973;11907;10696;954;252071936;27654122;10487911
1520701321073;11917;10706;954;252071936;27654450;10488655
1520701321173;11927;10714;956;252071936;27654830;10489721
1520701321273;11937;10723;957;252071936;27655106;10490145
1520701321374;11947;10732;958;252071936;27655434;10490891
1520701321475;11957;10740;959;252071936;27655814;10491957
1520701321575;11967;10750;960;252071936;27656378;10492868
1520701321675;11977;10758;962;252071936;27656640;10493613
1520701321775;11987;10767;962;252071936;27657080;10494357
1520701321875;11997;10776;963;252071936;27657454;10495204
1520701321975;12007;10785;964;252071936;27657782;10495948
1520701322075;12017;10795;964;252071936;27658110;10496691
1520701322175;12027;10804;964;252071936;27658438;10497435
1520701322275;12037;10813;965;252071936;27658766;10498180
1520701322375;12047;10822;966;252071936;27659094;10498924
1520701322476;12057;10831;966;252071936;27659422;10499668
1520701322576;12067;10840;968;252071936;27659750;10500411
1520701322676;12077;10848;969;252071936;27660124;10501206
1520701322776;12087;10856;971;252071936;27660498;10502000
1520701322877;12097;10866;971;252071936;27660826;10502741
1520701322977;12107;10875;972;252071936;27661154;10503485
1520701323077;12117;10885;972;252071936;27661528;10504280
1520701323177;12127;10895;972;252071936;27661744;10504973
1520701323277;12137;10902;974;252071936;27662072;10505719
1520701323377;12147;10912;974;252071936;27662512;10506464
1520701323477;12157;10921;975;252071936;27662728;10507209
1520701323578;12167;10930;976;252071936;27663004;10507633
1520701323678;12177;10938;978;252071936;27663332;10508375
1520701323779;12187;10948;978;252071936;27663660;10509117
1520701323879;12197;10956;980;252071936;27664244;10510337
1520701323979;12207;10965;980;252071936;27664572;10511084
1520701324079;12217;10974;981;252071936;27664900;10511777
1520701324179;12227;10984;981;252071936;27665162;10512573
1520701324280;12237;10993;982;252071936;27665438;10512998
1520701324380;12247;11002;982;252071936;27665766;10513744
1520701324480;12258;11010;984;252071936;27666094;10514487
1520701324580;12268;11020;984;252071936;27666422;10515229
1520701324680;12277;11028;986;252071936;27666750;10515974
1520701324780;12287;11036;987;252071936;27667078;10516719
1520701324880;12298;11045;988;252071936;27667406;10517465
1520701324980;12308;11053;990;252071936;27667904;10518375
1520701325080;12317;11062;991;252071936;27668232;10519116
1520701325180;12327;11071;991;252071936;27668560;10519860
1520701325280;12338;11080;993;252071936;27668934;10520651
1520701325381;12348;11089;993;252071936;27669262;10521397
1520701325481;12358;11098;994;252071936;27669590;10522142
1520701325581;12368;11108;994;252071936;27669918;10522885
1520701325681;12378;11116;995;252071936;27670350;10523629
1520701325782;12388;11124;997;252071936;27670678;10524372
1520701325882;12398;11133;998;252071936;27671006;10525116
1520701325982;12408;11142;999;252071936;27671216;10525540
1520701326082;12418;11152;999;252071936;27671590;10526336
1520701326182;12428;11160;1000;252071936;27671918;10527082
1520701326282;12438;11169;1001;252071936;27672246;10527824
1520701326382;12448;11179;1001;252071936;27672574;10528569
1520701326482;12458;11188;1002;252071936;27672948;10529366
1520701326583;12468;11195;1004;252071936;27673276;10530110
1520701326683;12478;11204;1005;252071936;27673604;10530852
1520701326783;12488;11214;1006;252071936;27673932;10531595
1520701326884;12498;11223;1006;252071936;27674260;10532286
1520701326984;12508;11232;1007;252071936;27674424;10532713
1520701327084;12518;11241;1008;252071936;27674752;10533405
1520701327184;12528;11250;1008;252071936;27675008;10533933
1520701327285;12538;11260;1009;252071936;27675500;10534998
1520701327385;12548;11269;1009;252071936;27675828;10535793
1520701327485;12558;11279;1010;252071936;27675992;10536166
1520701327585;12568;11288;1010;252071936;27676366;10536959
1520701327685;12578;11297;1011;252071936;27676694;10537698
1520701327785;12588;11306;1012;252071936;27677022;10538442
1520701327886;12598;11315;1012;252071936;27677236;10538816
1520701327986;12608;11324;1013;252071936;27677610;10539556
1520701328087;12618;11332;1015;252071936;27677938;10540300
1520701328187;12628;11341;1016;252071936;27678266;10540992
1520701328287;12638;11351;1016;252071936;27678600;10541585
1520701328387;12648;11360;1017;252071936;27678928;10542330
1520701328487;12658;11368;1018;252071936;27679256;10543074
1520701328587;12668;11376;1020;252071936;27679584;10543819
1520701328687;12678;11385;1021;252071936;27680008;10544614
1520701328788;12688;11394;1021;252071936;27680336;10545353
1520701328888;12698;11404;1022;252071936;27680664;10546094
1520701328988;12708;11414;1022;252071936;27680880;10546784
1520701329088;12718;11422;1023;252071936;27681208;10547526
1520701329189;12728;11431;1024;252071936;27681536;10548267
1520701329289;12738;11441;1024;252071936;27681864;10549010
1520701329390;12748;11450;1025;252071936;27682238;10549803
1520701329490;12758;11459;1026;252071936;27682724;10550646
1520701329590;12769;11467;1027;252071936;27683052;10551389
1520701329690;12778;11477;1027;252071936;27683216;10551761
1520701329790;12789;11486;1028;252071936;27683544;10552505
1520701329891;12799;11495;1029;252071936;27683918;10553301
1520701329991;12809;11504;1029;252071936;27684246;10554043
1520701330091;12819;11514;1029;252071936;27684574;10554786
1520701330191;12829;11523;1031;252071936;27684902;10555529
1520701330291;12839;11531;1032;252071936;27685230;10556273
1520701330391;12849;11541;1032;252071936;27685604;10557021
1520701330492;12859;11550;1033;252071936;27685978;10557869
1520701330592;12869;11560;1033;252071936;27686306;10558613
1520701330692;12879;11569;1033;252071936;27686634;10559359
1520701330792;12889;11578;1034;252071936;27686962;10560101
1520701330893;12899;11587;1035;252071936;27687336;10560895
1520701330993;12909;11597;1035;252071936;27687664;10561639
1520701331095;12919;11606;1036;252071936;27687828;10562010
1520701331195;12929;11616;1036;252071936;27688156;10562756
1520701331295;12939;11625;1036;252071936;27688484;10563498
1520701331396;12949;11634;1037;252071936;27688648;10563870
1520701331496;12959;11642;1039;252071936;27689074;10564984
1520701331598;12969;11652;1039;252071936;27689684;10565945
1520701331699;12979;11662;1039;252071936;27690012;10566690
1520701331799;12989;11671;1040;252071936;27690176;10567062
1520701331899;12999;11680;1041;252071936;27690504;10567808
1520701331999;13009;11689;1042;252071936;27690878;10568606
1520701332100;13019;11698;1042;252071936;27691206;10569351
1520701332200;13029;11707;1043;252071936;27691534;10570093
1520701332300;13040;11716;1044;252071936;27691862;10570838
1520701332400;13050;11726;1044;252071936;27692190;10571586
1520701332500;13059;11735;1044;252071936;27692354;10571958
1520701332600;13069;11744;1045;252071936;27692682;10572700
1520701332700;13080;11753;1046;252071936;27693102;10573547
1520701332801;13090;11762;1048;252071936;27693430;10574291
1520701332901;13100;11770;1049;252071936;27693758;10575038
1520701333001;13110;11780;1049;252071936;27694086;10575782
1520701333101;13120;11789;1050;252071936;27694296;10576206
1520701333202;13130;11798;1051;252071936;27694624;10576950
1520701333302;13140;11806;1052;252071936;27694952;10577697
1520701333402;13150;11816;1052;252071936;27695280;10578441
1520701333502;13160;11825;1053;252071936;27695608;10579133
1520701333603;13170;11834;1054;252071936;27695772;10579557
1520701333703;13180;11842;1055;252071936;27696192;10580404
1520701333803;13190;11852;1056;252071936;27696520;10581148
1520701333903;13200;11859;1058;252071936;27696848;10581892
1520701334003;13210;11868;1059;252071936;27697228;10582951
1520701334103;13220;11877;1060;252071936;27697504;10583375
1520701334203;13230;11887;1060;252071936;27697878;10584174
1520701334304;13240;11896;1060;252071936;27698206;10584919
1520701334404;13250;11904;1062;252071936;27698370;10585294
1520701334504;13260;11913;1063;252071936;27698698;10586037
1520701334605;13270;11922;1064;252071936;27699026;10586782
1520701334705;13280;11930;1065;252071936;27699354;10587474
1520701334805;13290;11939;1066;252071936;27699662;10588324
1520701334905;13300;11948;1068;252071936;27700102;10589069
1520701335005;13310;11956;1069;252071936;27700442;10589929
1520701335105;13320;11966;1069;252071936;27700882;10590728
1520701335205;13330;11975;1070;252071936;27701210;10591473
1520701335305;13340;11984;1070;252071936;27701538;10592220
1520701335405;13350;11994;1070;252071936;27701912;10593014
1520701335506;13360;12003;1071;252071936;27702240;10593759
1520701335606;13370;12012;1072;252071936;27702568;10594502
1520701335707;13380;12022;1072;252071936;27702896;10595250
1520701335807;13390;12031;1072;252071936;27703224;10595996
1520701335907;13400;12040;1073;252071936;27703552;10596741
1520701336008;13410;12050;1073;252071936;27703926;10597535
1520701336108;13420;12060;1073;252071936;27704300;10598328
1520701336208;13430;12069;1074;252071936;27704628;10599071
1520701336308;13440;12079;1074;252071936;27704956;10599814
1520701336409;13450;12087;1075;252071936;27705284;10600556
1520701336511;13461;12096;1076;252071936;27705710;10601674
1520701336613;13471;12105;1077;252071936;27705986;10602100
1520701336713;13481;12114;1078;252071936;27706314;10602842
1520701336813;13491;12122;1080;252071936;27706642;10603582
1520701336913;13501;12130;1082;252071936;27706970;10604325
1520701337013;13511;12139;1082;252071936;27707298;10605069
1520701337113;13521;12148;1084;252071936;27707672;10605865
1520701337213;13531;12157;1084;252071936;27708046;10606660
1520701337314;13541;12166;1086;252071936;27708374;10607405
1520701337414;13551;12175;1086;252071936;27708538;10607778
1520701337514;13561;12185;1086;252071936;27708866;10608520
1520701337615;13571;12194;1086;252071936;27709240;10609318
1520701337715;13581;12204;1087;252071936;27709456;10610010
1520701337816;13591;12212;1088;252071936;27709732;10610433
1520701337916;13601;12221;1089;252071936;27710224;10611548
1520701338016;13611;12230;1090;252071936;27710388;10611921
1520701338116;13621;12240;1090;252071936;27710716;10612663
1520701338217;13631;12249;1090;252071936;27711090;10613462
1520701338317;13641;12258;1092;252071936;27711542;10614321
1520701338417;13651;12268;1092;252071936;27711870;10615065
1520701338517;13661;12277;1092;252071936;27712198;10615810
1520701338617;13671;12285;1094;252071936;27712526;10616554
1520701338717;13681;12294;1095;252071936;27712854;10617297
1520701338817;13691;12303;1096;252071936;27713228;10618093
1520701338918;13701;12312;1096;252071936;27713556;10618836
1520701339018;13711;12321;1098;252071936;27713884;10619580
1520701339119;13721;12330;1098;252071936;27714212;10620324
1520701339219;13731;12340;1098;252071936;27714540;10621070
1520701339319;13741;12349;1099;252071936;27714868;10621814
1520701339419;13751;12358;1099;252071936;27715288;10622664
1520701339519;13761;12367;1100;252071936;27715616;10623409
1520701339619;13771;12377;1100;252071936;27715780;10623783
1520701339723;13782;12385;1103;252071936;27715996;10624474
1520701339824;13792;12393;1104;252071936;27716482;10625323
1520701339924;13802;12402;1105;252071936;27716646;10625695
1520701340025;13812;12410;1106;252071936;27716974;10626440
1520701340125;13822;12420;1107;252071936;27717302;10627180
1520701340225;13832;12429;1107;252071936;27717630;10627922
1520701340326;13842;12438;1108;252071936;27718010;10628987
1520701340426;13852;12448;1108;252071936;27718286;10629411
1520701340527;13862;12456;1110;252071936;27718706;10630256
1520701340628;13872;12465;1111;252071936;27719034;10631003
1520701340729;13882;12474;1112;252071936;27719362;10631745
1520701340829;13892;12483;1112;252071936;27719690;10632489
1520701340929;13902;12492;1113;252071936;27720064;10633231
1520701341029;13912;12502;1114;252071936;27720280;10633975
1520701341131;13923;12510;1115;252071936;27720556;10634399
1520701341231;13933;12520;1116;252071936;27720936;10635467
1520701341331;13943;12528;1116;252071936;27721212;10635891
1520701341431;13953;12537;1118;252071936;27721540;10636637
1520701341531;13963;12546;1118;252071936;27721868;10637382
1520701341631;13973;12555;1119;252071936;27722366;10638292
1520701341731;13983;12564;1120;252071936;27722530;10638662
1520701341831;13993;12573;1121;252071936;27722858;10639408
1520701341931;14003;12582;1122;252071936;27723186;10640153
1520701342034;14013;12592;1122;252071936;27723612;10641272
1520701342134;14023;12600;1123;252071936;27723940;10642019
1520701342234;14033;12609;1124;252071936;27724380;10642815
1520701342334;14043;12617;1126;252071936;27724708;10643506
1520701342434;14053;12627;1126;252071936;27725036;10644301
1520701342534;14063;12636;1126;252071936;27725364;10645043
1520701342634;14073;12646;1126;252071936;27725692;10645789
1520701342734;14083;12655;1127;252071936;27726112;10646637
1520701342834;14093;12663;1129;252071936;27726440;10647329
1520701342934;14103;12672;1129;252071936;27726654;10647751
1520701343034;14113;12682;1129;252071936;27727028;10648498
1520701343134;14123;12690;1130;252071936;27727402;10649292
1520701343237;14133;12700;1131;252071936;27727782;10650357
1520701343337;14143;12709;1132;252071936;27728058;10650780
1520701343437;14153;12718;1133;252071936;27728386;10651524
1520701343537;14163;12726;1134;252071936;27728714;10652271
1520701343637;14173;12736;1134;252071936;27729042;10653018
1520701343737;14183;12745;1135;252071936;27729206;10653390
1520701343838;14193;12753;1136;252071936;27730106;10654450
1520701343938;14203;12761;1137;253120512;27730106;10654450
