currentTs;total_time;user_time;sys_time;virtual_size;in_octets;out_octets
1520700785302;1;0;0;1400832;26401883;7768445
1520700785402;11;6;3;201318400;26401883;7768445
1520700785502;21;14;5;202891264;26401883;7768445
1520700785602;31;23;6;205238272;26401883;7768445
1520700785702;41;32;6;205238272;26401883;7768445
1520700785803;51;42;6;206090240;26401883;7768445
1520700785903;61;50;8;208232448;26401883;7768445
1520700786003;71;59;8;210112512;26401883;7768445
1520700786103;81;69;8;210112512;26401883;7768445
1520700786204;91;78;9;210112512;26401883;7768445
1520700786304;101;88;9;210112512;26401883;7768445
1520700786404;111;97;10;210112512;26401883;7768445
1520700786504;121;106;10;210112512;26401883;7768445
1520700786604;131;116;11;210112512;26401883;7768445
1520700786704;141;124;12;210112512;26401883;7768445
1520700786804;151;133;12;210112512;26401883;7768445
1520700786905;161;135;12;210112512;26401883;7768445
1520700787005;171;136;12;210112512;26401883;7768445
1520700787105;181;140;13;210112512;26401883;7768445
1520700787205;191;145;15;210112512;26401883;7768445
1520700787305;201;151;16;210112512;26401883;7768445
1520700787405;211;156;18;210112512;26401883;7768445
1520700787505;221;162;19;210112512;26401883;7768445
1520700787605;231;172;19;210112512;26401883;7768445
1520700787706;241;180;20;210264064;26401883;7768445
1520700787806;251;186;21;210341888;26401883;7768445
1520700787907;261;194;22;210341888;26401933;7768445
1520700788007;271;203;22;210341888;26401983;7768445
1520700788107;281;210;22;210341888;26401983;7768445
1520700788207;291;216;24;210341888;26401983;7768445
1520700788307;301;222;26;210341888;26401983;7768445
1520700788407;311;230;26;210341888;26401983;7768445
1520700788507;321;236;28;210341888;26401983;7768445
1520700788608;331;243;29;210341888;26401983;7768445
1520700788708;341;250;30;239841280;26401983;7768445
1520700788808;351;258;30;239841280;26401983;7768445
1520700788908;361;266;31;239841280;26401983;7768445
1520700789008;371;272;32;239960064;26401983;7768445
1520700789108;381;281;32;241664000;26401983;7768445
1520700789208;391;287;33;242712576;26401983;7768445
1520700789308;401;296;34;242847744;26401983;7768445
1520700789408;411;306;34;242847744;26401983;7768445
1520700789508;421;315;35;242847744;26401983;7768445
1520700789608;431;325;35;242847744;26401983;7768445
1520700789708;441;333;36;242847744;26401983;7768445
1520700789808;451;342;37;242847744;26401983;7768445
1520700789908;461;350;38;242847744;26402099;7768557
1520700790008;471;358;39;242847744;26402388;7768843
1520700790108;481;367;39;242847744;26402780;7768981
1520700790208;491;377;39;243896320;26402780;7768981
1520700790309;501;386;40;243896320;26402780;7768981
1520700790409;511;394;42;243896320;26402780;7768981
1520700790509;521;403;42;243896320;26402780;7768981
1520700790609;531;412;43;243896320;26402780;7768981
1520700790710;541;421;44;243896320;26402780;7768981
1520700790810;552;431;44;243896320;26402780;7768981
1520700790910;561;440;44;243896320;26402780;7768981
1520700791010;572;449;45;243896320;26402780;7768981
1520700791111;582;459;45;244944896;26402780;7768981
1520700791211;592;468;46;244944896;26402826;7769033
1520700791311;602;478;46;245272576;26402826;7769033
1520700791412;612;487;47;245272576;26402826;7769033
1520700791512;622;495;47;245272576;26402826;7769033
1520700791612;632;505;48;245272576;26402826;7769033
1520700791712;642;512;48;245272576;26402826;7769033
1520700791813;652;521;49;245272576;26402826;7769033
1520700791913;662;530;50;245272576;26402826;7769033
1520700792013;672;540;50;245272576;26402826;7769033
1520700792113;682;548;50;245272576;26403218;7769171
1520700792213;692;558;51;245272576;26403218;7769171
1520700792314;702;566;52;245272576;26403218;7769171
1520700792414;712;573;54;247369728;26403218;7769171
1520700792515;722;578;55;247369728;26403218;7769171
1520700792615;732;584;56;247369728;26403218;7769171
1520700792716;742;588;58;247468032;26403218;7769171
1520700792816;752;595;58;247468032;26403218;7769171
1520700792916;762;602;59;247468032;26403218;7769171
1520700793016;772;611;60;247468032;26403218;7769171
1520700793116;782;618;61;247468032;26403264;7769223
1520700793217;792;628;62;247795712;26403264;7769223
1520700793317;802;637;62;247795712;26403264;7769223
1520700793417;812;645;63;247795712;26403264;7769223
1520700793517;822;655;63;247795712;26403264;7769223
1520700793617;832;663;64;247795712;26403264;7769223
1520700793717;842;671;65;248844288;26403264;7769223
1520700793817;852;679;66;249171968;26403264;7769223
1520700793918;862;689;67;249192448;26403264;7769223
1520700794018;872;696;68;249323520;26403264;7769223
1520700794119;882;705;68;249323520;26403264;7769223
1520700794219;892;714;69;249323520;26403310;7769275
1520700794319;902;722;69;249417728;26403310;7769275
1520700794419;912;732;70;249548800;26403310;7769275
1520700794520;922;740;70;249548800;26403310;7769275
1520700794620;932;749;70;249548800;26403310;7769275
1520700794720;943;758;71;249548800;26403310;7769275
1520700794820;953;766;71;249548800;26403310;7769275
1520700794921;963;776;72;249548800;26403310;7769275
1520700795021;973;786;72;250597376;26403310;7769275
1520700795121;983;795;72;250597376;26403310;7769275
1520700795222;993;802;73;250597376;26403356;7769327
1520700795322;1003;812;74;250597376;26403356;7769327
1520700795423;1013;820;76;250597376;26403596;7769555
1520700795523;1023;829;76;250597376;26403596;7769555
1520700795623;1033;838;76;250597376;26403596;7769555
1520700795723;1043;848;76;250597376;26403596;7769555
1520700795824;1053;858;76;250597376;26403596;7769555
1520700795924;1063;866;77;250597376;26404412;7769923
1520700796024;1073;876;77;250597376;26404412;7769923
1520700796125;1083;886;78;250597376;26404412;7769923
1520700796225;1093;894;79;250597376;26404412;7769923
1520700796325;1103;903;80;250597376;26404412;7769923
1520700796425;1113;912;81;250597376;26404412;7769923
1520700796525;1123;921;81;250597376;26404412;7769923
1520700796625;1133;930;81;250597376;26404749;7770126
1520700796726;1143;938;82;250597376;26404749;7770126
1520700796826;1153;947;83;250597376;26404865;7770238
1520700796927;1163;956;84;250597376;26405215;7770366
1520700797027;1173;965;85;250597376;26405261;7770418
1520700797127;1183;973;86;250597376;26405261;7770418
1520700797227;1193;981;87;250597376;26405541;7770906
1520700797327;1203;990;88;250597376;26406055;7771412
1520700797429;1213;999;89;250597376;26406547;7772531
1520700797529;1223;1008;90;250597376;26406711;7772902
1520700797630;1233;1017;91;250597376;26406921;7773322
1520700797730;1244;1026;92;250597376;26407295;7774111
1520700797831;1254;1036;92;250597376;26407459;7774482
1520700797931;1264;1045;92;250597376;26407623;7774851
1520700798031;1274;1053;94;250597376;26407997;7775643
1520700798131;1284;1063;94;250597376;26408161;7776012
1520700798231;1294;1072;94;250597376;26408325;7776382
1520700798334;1304;1082;95;250597376;26408653;7777122
1520700798434;1314;1090;96;250597376;26408817;7777492
1520700798534;1324;1098;98;250597376;26408981;7777862
1520700798634;1334;1108;98;250597376;26409309;7778601
1520700798734;1344;1116;100;250597376;26409473;7778972
1520700798834;1354;1125;100;250597376;26409807;7779510
1520700798934;1364;1135;100;250732544;26410069;7780250
1520700799034;1374;1144;100;250732544;26410233;7780621
1520700799134;1384;1154;100;250732544;26410509;7781044
1520700799239;1394;1163;102;250732544;26410771;7781785
1520700799339;1404;1172;103;250732544;26411047;7782206
1520700799439;1414;1180;104;250732544;26411211;7782575
1520700799540;1424;1190;104;250732544;26411375;7782945
1520700799640;1434;1200;104;250732544;26411703;7783686
1520700799740;1444;1208;105;250732544;26411867;7784057
1520700799840;1455;1217;107;250732544;26412241;7784848
1520700799941;1465;1225;108;250732544;26412451;7785271
1520700800041;1475;1233;110;250732544;26412779;7786010
1520700800141;1485;1242;111;250732544;26413107;7786752
1520700800241;1495;1252;111;250732544;26413271;7787123
1520700800342;1505;1260;112;250732544;26413645;7787916
1520700800442;1515;1269;113;250732544;26413973;7788656
1520700800542;1525;1278;114;250732544;26414137;7789026
1520700800642;1535;1288;114;250732544;26414465;7789767
1520700800743;1545;1297;114;250732544;26414629;7790137
1520700800843;1555;1306;115;250732544;26414957;7790877
1520700800944;1565;1316;116;250732544;26415167;7791298
1520700801044;1575;1324;117;250732544;26415541;7792090
1520700801145;1585;1334;117;250732544;26415869;7792830
1520700801245;1595;1342;118;250732544;26416033;7793201
1520700801345;1605;1350;120;250732544;26416361;7793942
1520700801445;1615;1359;121;250732544;26416735;7794735
1520700801545;1625;1368;122;250732544;26417063;7795477
1520700801645;1635;1378;122;250732544;26417227;7795846
1520700801746;1645;1386;123;250732544;26417443;7796535
1520700801846;1655;1396;124;250732544;26417719;7796957
1520700801947;1665;1404;125;250732544;26418047;7797698
1520700802047;1675;1413;125;250732544;26418421;7798492
1520700802147;1685;1422;126;250732544;26418755;7799032
1520700802247;1695;1430;128;250732544;26418971;7799720
1520700802348;1705;1439;129;250732544;26419299;7800464
1520700802448;1715;1448;130;250732544;26419575;7800888
1520700802548;1725;1458;130;250732544;26419949;7801682
1520700802648;1735;1467;130;250732544;26420277;7802424
1520700802749;1745;1476;132;250732544;26420605;7803115
1520700802851;1756;1485;132;250732544;26420769;7803538
1520700802951;1766;1494;133;250732544;26421147;7804280
1520700803051;1776;1502;134;250732544;26421571;7805022
1520700803152;1786;1511;135;250732544;26421899;7805761
1520700803252;1796;1520;136;250732544;26422155;7806236
1520700803352;1806;1529;137;250732544;26422483;7806977
1520700803452;1816;1538;138;250732544;26422811;7807718
1520700803553;1826;1547;139;250732544;26423139;7808459
1520700803653;1836;1555;140;250732544;26423401;7809201
1520700803755;1846;1565;140;250732544;26423677;7809624
1520700803855;1856;1573;142;250732544;26424057;7810684
1520700803955;1866;1582;142;250732544;26424497;7811425
1520700804055;1876;1592;143;250732544;26424661;7811848
1520700804155;1886;1601;143;250732544;26424877;7812537
1520700804255;1896;1610;144;250732544;26425153;7812960
1520700804355;1906;1620;144;250732544;26425573;7813806
1520700804456;1916;1628;146;250732544;26425901;7814547
1520700804556;1926;1638;146;250732544;26426229;7815291
1520700804656;1936;1646;147;250732544;26426557;7816033
1520700804756;1946;1656;148;250732544;26426931;7816828
1520700804856;1956;1664;149;250732544;26427259;7817568
1520700804956;1966;1673;150;250732544;26427587;7818309
1520700805056;1976;1682;150;250732544;26427751;7818680
1520700805157;1986;1691;151;250732544;26428079;7819422
1520700805257;1996;1700;152;250732544;26428407;7820164
1520700805357;2006;1708;153;250732544;26428735;7820903
1520700805457;2016;1718;153;250732544;26429279;7821865
1520700805558;2026;1728;154;250732544;26429607;7822607
1520700805658;2036;1736;154;250732544;26430159;7822978
1520700805758;2046;1746;155;250732544;26430539;7824038
1520700805858;2056;1755;156;250732544;26430867;7824778
1520700805958;2066;1764;156;250732544;26431189;7825253
1520700806058;2076;1774;156;250732544;26431517;7825996
1520700806158;2086;1783;156;250732544;26431845;7826738
1520700806258;2096;1792;157;250732544;26432173;7827480
1520700806359;2106;1801;158;250732544;26432337;7827851
1520700806459;2116;1809;160;250732544;26432665;7828541
1520700806560;2126;1818;161;250732544;26433085;7829387
1520700806660;2136;1827;162;250732544;26433301;7830127
1520700806760;2146;1836;162;250732544;26433741;7830919
1520700806860;2157;1845;163;250732544;26434069;7831659
1520700806961;2167;1854;164;250732544;26434285;7832349
1520700807061;2177;1863;164;250732544;26434607;7832824
1520700807161;2187;1871;166;250732544;26434935;7833564
1520700807261;2197;1880;167;250732544;26435099;7833935
1520700807361;2207;1888;168;250732544;26435427;7834676
1520700807467;2217;1898;169;250732544;26435755;7835417
1520700807567;2227;1907;170;250732544;26436083;7836157
1520700807667;2237;1916;170;250732544;26436503;7837002
1520700807768;2247;1926;171;250732544;26436831;7837745
1520700807868;2257;1936;171;250732544;26437211;7838806
1520700807968;2267;1944;172;250732544;26437487;7839229
1520700808069;2277;1953;173;250732544;26437867;7840291
1520700808170;2287;1961;175;250732544;26438353;7841138
1520700808271;2298;1971;175;250732544;26438517;7841509
1520700808371;2308;1980;175;250732544;26438845;7842250
1520700808472;2318;1989;176;250875904;26439009;7842621
1520700808572;2328;1998;177;250875904;26439337;7843362
1520700808672;2338;2007;178;250875904;26439665;7844105
1520700808772;2348;2016;179;250875904;26440085;7844951
1520700808873;2358;2024;180;250875904;26440537;7845808
1520700808973;2368;2034;180;250875904;26440865;7846549
1520700809073;2378;2042;181;250875904;26441193;7847290
1520700809175;2388;2052;181;250875904;26441685;7848404
1520700809275;2398;2061;183;250875904;26441901;7849092
1520700809375;2408;2070;183;250875904;26442387;7849881
1520700809476;2418;2080;184;250875904;26442715;7850675
1520700809577;2428;2088;184;250875904;26442879;7851045
1520700809677;2438;2098;185;250875904;26443207;7851787
1520700809778;2448;2107;186;250875904;26443581;7852579
1520700809878;2458;2116;186;250875904;26443791;7853001
1520700809978;2468;2125;187;250875904;26444119;7853742
1520700810078;2478;2134;188;250875904;26444447;7854484
1520700810179;2488;2143;189;250875904;26444939;7855545
1520700810279;2498;2151;190;250875904;26445155;7856285
1520700810379;2508;2160;191;250875904;26445641;7857078
1520700810479;2518;2168;192;250875904;26445969;7857872
1520700810580;2528;2178;193;250875904;26446297;7858561
1520700810680;2538;2187;194;250875904;26446625;7859353
1520700810780;2548;2196;194;250875904;26446953;7860095
1520700810880;2559;2206;194;250875904;26447327;7860887
1520700810983;2569;2215;195;250875904;26447701;7861676
1520700811083;2579;2224;195;250875904;26448029;7862418
1520700811184;2589;2234;196;250875904;26448357;7863160
1520700811284;2599;2242;197;250875904;26448685;7863902
1520700811384;2609;2251;198;250875904;26448901;7864592
1520700811484;2619;2260;199;250875904;26449387;7865438
1520700811584;2629;2268;200;250875904;26449551;7865809
1520700811684;2639;2278;200;250875904;26449715;7866181
1520700811784;2649;2287;201;250875904;26450043;7866920
1520700811884;2659;2296;202;250875904;26450417;7867712
1520700811984;2669;2304;203;250875904;26450791;7868507
1520700812084;2679;2313;204;250875904;26451119;7869248
1520700812185;2689;2322;205;250875904;26451623;7870421
1520700812286;2699;2331;206;250875904;26452063;7871213
1520700812387;2709;2340;207;250875904;26452391;7871954
1520700812487;2719;2348;208;250875904;26452765;7872748
1520700812587;2729;2357;209;250875904;26453093;7873488
1520700812687;2739;2366;210;250875904;26453421;7874232
1520700812787;2749;2376;210;250875904;26453801;7875292
1520700812887;2759;2384;212;250875904;26454241;7876085
1520700812987;2769;2393;212;250875904;26454457;7876774
1520700813087;2779;2403;212;250875904;26454779;7877248
1520700813187;2789;2411;214;250875904;26455153;7878041
1520700813287;2799;2420;214;250875904;26455481;7878780
1520700813388;2809;2428;216;250875904;26455809;7879525
1520700813488;2819;2438;216;250875904;26456137;7880266
1520700813588;2829;2446;218;250875904;26456511;7881059
1520700813689;2839;2456;218;250875904;26456839;7881750
1520700813789;2849;2464;219;250875904;26457003;7882172
1520700813889;2859;2473;220;250875904;26457331;7882909
1520700813989;2869;2481;222;250875904;26457711;7883969
1520700814089;2879;2490;223;250875904;26457987;7884392
1520700814191;2890;2498;224;250875904;26458197;7884816
1520700814291;2900;2506;226;250875904;26458525;7885558
1520700814392;2910;2515;227;250875904;26458899;7886354
1520700814492;2920;2522;229;250875904;26459227;7887098
1520700814592;2930;2532;230;250875904;26459555;7887841
1520700814693;2940;2541;230;250875904;26459883;7888580
1520700814793;2950;2550;232;250875904;26460257;7889375
1520700814893;2960;2559;232;250875904;26460585;7890116
1520700814993;2970;2568;232;250875904;26460801;7890806
1520700815093;2980;2578;233;250875904;26461241;7891601
1520700815193;2990;2586;234;250875904;26461615;7892396
1520700815293;3000;2595;235;250875904;26461943;7893138
1520700815394;3010;2604;236;250875904;26462317;7893933
1520700815494;3020;2613;236;250875904;26462769;7894789
1520700815594;3030;2622;237;250875904;26463229;7895532
1520700815695;3040;2632;237;250875904;26463557;7896271
1520700815796;3050;2642;237;250875904;26463931;7897062
1520700815896;3060;2650;238;250875904;26464423;7898175
1520700815996;3070;2660;238;250875904;26464751;7898917
1520700816096;3080;2669;239;250875904;26465079;7899656
1520700816197;3090;2678;240;250875904;26465407;7900399
1520700816297;3100;2688;240;250875904;26465735;7901142
1520700816397;3110;2696;242;250875904;26466109;7901935
1520700816498;3120;2704;243;250875904;26466489;7902994
1520700816600;3131;2713;244;250875904;26466929;7903789
1520700816700;3141;2722;245;250875904;26467303;7904584
1520700816800;3150;2730;246;250875904;26467631;7905327
1520700816903;3161;2739;247;250875904;26467847;7906016
1520700817003;3171;2748;248;250875904;26468221;7906810
1520700817103;3181;2757;249;250875904;26468661;7907604
1520700817203;3191;2766;250;250875904;26468989;7908345
1520700817303;3201;2776;250;250875904;26469317;7909088
1520700817406;3211;2785;250;250875904;26469697;7910145
1520700817507;3221;2794;251;250875904;26470019;7910620
1520700817607;3231;2803;252;250875904;26470347;7911363
1520700817707;3241;2812;253;250875904;26470675;7912105
1520700817807;3251;2821;254;250875904;26471049;7912899
1520700817908;3261;2831;254;250875904;26471263;7913270
1520700818008;3271;2841;254;250875904;26471591;7914010
1520700818108;3281;2850;254;250875904;26472061;7914800
1520700818208;3291;2859;254;250875904;26472389;7915540
1520700818309;3301;2869;255;250875904;26472881;7916655
1520700818409;3311;2878;256;250875904;26473209;7917396
1520700818510;3321;2887;256;250875904;26473537;7918138
1520700818610;3332;2896;257;250875904;26473911;7918933
1520700818711;3342;2906;257;250875904;26474239;7919675
1520700818811;3352;2914;258;250875904;26474691;7920532
1520700818912;3362;2924;258;250875904;26475019;7921275
1520700819012;3372;2933;259;250875904;26475347;7922017
1520700819112;3382;2942;260;250875904;26475675;7922758
1520700819212;3392;2951;260;250875904;26476049;7923550
1520700819313;3402;2960;262;250875904;26476377;7924291
1520700819413;3412;2969;262;250875904;26476757;7925352
1520700819513;3422;2979;262;250875904;26477197;7926146
1520700819613;3432;2987;264;250875904;26477525;7926886
1520700819713;3442;2996;264;250875904;26477899;7927679
1520700819813;3452;3005;266;250875904;26478227;7928421
1520700819913;3462;3012;268;250875904;26478601;7929216
1520700820015;3472;3022;268;250875904;26479093;7930327
1520700820115;3482;3030;270;250875904;26479257;7930698
1520700820215;3492;3040;270;250875904;26479585;7931439
1520700820315;3502;3048;271;250875904;26480123;7932602
1520700820415;3512;3058;271;250875904;26480451;7933346
1520700820515;3522;3067;272;250875904;26480779;7934088
1520700820615;3532;3076;272;250875904;26481159;7935151
1520700820715;3542;3084;274;250875904;26481599;7935945
1520700820815;3552;3093;275;250875904;26481973;7936738
1520700820915;3562;3102;276;250875904;26482301;7937480
1520700821016;3572;3110;277;250875904;26482675;7938273
1520700821116;3582;3120;277;250875904;26483003;7939014
1520700821216;3592;3128;278;250875904;26483331;7939757
1520700821316;3602;3137;280;250875904;26483711;7940816
1520700821417;3612;3145;281;250875904;26484197;7941660
1520700821517;3622;3154;282;250875904;26484525;7942401
1520700821617;3632;3164;282;250875904;26484905;7943463
1520700821717;3642;3174;282;250875904;26485233;7944206
1520700821817;3652;3183;282;250875904;26485673;7944997
1520700821917;3662;3192;283;250875904;26485883;7945421
1520700822017;3672;3201;284;250875904;26486211;7946163
1520700822117;3682;3210;285;250875904;26486637;7947271
1520700822218;3692;3219;286;250875904;26487037;7947811
1520700822318;3702;3228;286;250875904;26487365;7948552
1520700822419;3712;3237;287;250875904;26487693;7949294
1520700822519;3722;3245;288;250875904;26488021;7950035
1520700822619;3732;3253;290;250875904;26488283;7950776
1520700822719;3742;3261;292;250875904;26488611;7951517
1520700822820;3752;3270;293;250875904;26488887;7951939
1520700822922;3763;3280;293;250875904;26489267;7952996
1520700823022;3773;3289;293;250875904;26489543;7953417
1520700823122;3783;3298;294;250875904;26489969;7954528
1520700823227;3793;3308;294;250875904;26490409;7955321
1520700823327;3803;3318;294;250875904;26490671;7956061
1520700823428;3813;3327;295;250875904;26491111;7956856
1520700823528;3823;3336;295;250875904;26491439;7957598
1520700823628;3833;3346;296;250875904;26491767;7958338
1520700823728;3843;3354;298;250875904;26492141;7959130
1520700823831;3854;3363;298;251039744;26492357;7959815
1520700823931;3864;3373;298;251039744;26492633;7960240
1520700824032;3874;3382;299;251039744;26492849;7960931
1520700824132;3884;3391;300;251039744;26493171;7961407
1520700824232;3894;3399;302;251039744;26493499;7962149
1520700824332;3904;3408;302;251039744;26493827;7962890
1520700824432;3914;3416;304;251039744;26494253;7964001
1520700824532;3924;3425;305;251039744;26494693;7964796
1520700824632;3934;3434;305;251039744;26495021;7965538
1520700824732;3944;3442;307;251039744;26495349;7966279
1520700824833;3954;3450;310;251039744;26495723;7967073
1520700824933;3964;3459;310;251039744;26496051;7967817
1520700825033;3974;3467;312;251039744;26496379;7968557
1520700825135;3984;3476;312;251039744;26496707;7969300
1520700825235;3994;3486;313;251039744;26497081;7970094
1520700825336;4004;3495;313;251039744;26497409;7970836
1520700825436;4014;3503;314;251039744;26497789;7971894
1520700825536;4024;3512;316;251039744;26498353;7972802
1520700825636;4034;3520;317;251039744;26498681;7973546
1520700825737;4044;3529;318;251039744;26499009;7974286
1520700825837;4054;3539;318;251039744;26499337;7975030
1520700825937;4064;3548;318;251039744;26499763;7976142
1520700826037;4074;3556;320;251039744;26500203;7976938
1520700826137;4084;3566;320;251039744;26500531;7977679
1520700826237;4094;3575;321;251039744;26500859;7978418
1520700826338;4104;3583;323;251039744;26501069;7978840
1520700826438;4114;3591;324;251039744;26501397;7979581
1520700826539;4124;3600;325;251039744;26501777;7980641
1520700826639;4134;3608;327;251039744;26502263;7981485
1520700826739;4144;3618;327;251039744;26502591;7982228
1520700826839;4154;3626;328;251039744;26502919;7982968
1520700826939;4164;3636;328;251039744;26503247;7983709
1520700827039;4174;3645;329;251039744;26503621;7984501
1520700827139;4184;3654;329;251039744;26503785;7984873
1520700827239;4194;3663;331;251039744;26504165;7985934
1520700827339;4204;3671;332;251039744;26504605;7986728
1520700827439;4214;3680;333;251039744;26504815;7987149
1520700827539;4224;3689;334;251039744;26505143;7987891
1520700827639;4234;3699;334;251039744;26505471;7988635
1520700827739;4244;3708;334;251039744;26505799;7989372
1520700827840;4254;3718;334;251039744;26506225;7990487
1520700827940;4264;3727;335;251039744;26506665;7991280
1520700828040;4274;3734;338;251039744;26506993;7992024
1520700828140;4285;3743;338;251039744;26507321;7992765
1520700828241;4295;3753;338;251039744;26507695;7993558
1520700828341;4305;3762;339;251039744;26508023;7994298
1520700828441;4315;3772;339;251039744;26508351;7995041
1520700828541;4325;3781;339;251039744;26508561;7995465
1520700828642;4335;3790;340;251039744;26508941;7996527
1520700828742;4345;3799;341;251039744;26509381;7997318
1520700828843;4355;3808;342;251039744;26509833;7998176
1520700828943;4365;3816;343;251039744;26510161;7998917
1520700829043;4375;3826;343;251039744;26510489;7999658
1520700829143;4385;3835;344;251039744;26510817;8000399
1520700829243;4395;3844;344;251039744;26511145;8001138
1520700829343;4405;3853;346;251039744;26511519;8001931
1520700829443;4415;3862;346;251039744;26511847;8002670
1520700829544;4425;3872;346;251039744;26512227;8003733
1520700829646;4435;3879;349;251039744;26512601;8004529
1520700829746;4445;3888;350;251039744;26513041;8005321
1520700829846;4455;3898;350;251039744;26513369;8006060
1520700829946;4465;3906;351;251039744;26513743;8006856
1520700830046;4475;3915;352;251039744;26514123;8007914
1520700830146;4485;3924;352;251039744;26514451;8008655
1520700830246;4495;3932;354;251039744;26514891;8009449
1520700830346;4505;3942;354;251039744;26515219;8010188
1520700830446;4515;3951;355;251039744;26515593;8010982
1520700830546;4525;3961;355;251039744;26515921;8011722
1520700830646;4535;3969;356;251039744;26516249;8012465
1520700830747;4545;3978;357;251039744;26516577;8013207
1520700830847;4555;3988;357;251039744;26516951;8013999
1520700830947;4565;3996;358;251039744;26517279;8014688
1520700831047;4575;4006;358;251039744;26517443;8015112
1520700831148;4585;4014;360;251039744;26517817;8015904
1520700831248;4595;4022;361;251039744;26518145;8016647
1520700831348;4605;4032;362;251039744;26518473;8017386
1520700831448;4615;4040;363;251039744;26518637;8017757
1520700831549;4625;4050;364;251039744;26518965;8018499
1520700831649;4635;4058;364;251039744;26519503;8019664
1520700831749;4645;4067;366;251039744;26519719;8020349
1520700831850;4655;4077;366;251039744;26519995;8020772
1520700831950;4665;4086;366;251039744;26520369;8021566
1520700832051;4676;4095;367;251039744;26520697;8022308
1520700832151;4686;4104;368;251039744;26521195;8023216
1520700832251;4696;4112;370;251039744;26521523;8023958
1520700832351;4706;4121;370;251039744;26521851;8024700
1520700832452;4716;4131;370;251039744;26522179;8025442
1520700832552;4726;4140;371;251039744;26522507;8026185
1520700832652;4736;4149;372;251039744;26522881;8026978
1520700832752;4746;4158;372;251039744;26523209;8027717
1520700832853;4756;4166;374;251039744;26523537;8028454
1520700832953;4766;4175;375;251039744;26523961;8029247
1520700833053;4776;4184;376;251039744;26524385;8029986
1520700833153;4786;4194;376;251039744;26524713;8030727
1520700833254;4796;4203;376;251039744;26524975;8031470
1520700833354;4806;4212;377;251039744;26525251;8031893
1520700833455;4816;4220;379;251039744;26525579;8032636
1520700833555;4826;4229;380;251039744;26525907;8033376
1520700833655;4836;4238;381;251039744;26526235;8034118
1520700833755;4846;4246;383;251039744;26526609;8034911
1520700833855;4856;4254;384;251039744;26526773;8035282
1520700833955;4866;4263;385;251039744;26527153;8036345
1520700834055;4876;4272;385;251039744;26527475;8036819
1520700834155;4886;4281;386;251039744;26527691;8037509
1520700834255;4896;4290;387;251039744;26528019;8038251
1520700834355;4906;4299;388;251039744;26528393;8039045
1520700834455;4916;4307;390;251039744;26528833;8039838
1520700834556;4926;4316;390;251039744;26528997;8040210
1520700834656;4936;4326;390;251039744;26529325;8040951
1520700834756;4946;4336;390;251039744;26529653;8041689
1520700834856;4956;4344;391;251039744;26530027;8042481
1520700834957;4966;4354;392;251039744;26530355;8043224
1520700835057;4976;4362;393;251039744;26530571;8043910
1520700835157;4986;4372;393;251039744;26530893;8044386
1520700835259;4996;4381;394;251039744;26531385;8045498
1520700835359;5006;4390;394;251039744;26531713;8046235
1520700835459;5016;4400;395;251039744;26532041;8046975
1520700835559;5026;4408;396;251039744;26532375;8047513
1520700835659;5036;4418;396;251039744;26533091;8048251
1520700835759;5046;4426;398;251039744;26533419;8048992
1520700835859;5056;4434;400;251039744;26533747;8049734
1520700835963;5067;4442;401;251039744;26534075;8050473
1520700836063;5077;4449;404;251039744;26534449;8051262
1520700836163;5087;4459;404;251039744;26534823;8052053
1520700836264;5097;4468;405;251039744;26535151;8052795
1520700836364;5107;4477;405;251039744;26535367;8053487
1520700836464;5117;4486;406;251039744;26535695;8054224
1520700836567;5127;4495;407;251039744;26536181;8055071
1520700836667;5137;4503;409;251039744;26536509;8055812
1520700836767;5147;4513;409;251039744;26536673;8056182
1520700836868;5157;4522;410;251039744;26537165;8057245
1520700836968;5167;4531;411;251039744;26537493;8058039
1520700837071;5178;4540;412;251039744;26537703;8058462
1520700837171;5188;4548;414;251039744;26538077;8059257
1520700837271;5198;4556;415;251039744;26538405;8059997
1520700837371;5208;4564;417;251039744;26538621;8060686
1520700837472;5218;4572;418;251039744;26539061;8061479
1520700837575;5228;4582;419;251039744;26539225;8061851
1520700837675;5238;4591;420;251039744;26539553;8062592
1520700837775;5248;4600;420;251039744;26539927;8063384
1520700837875;5258;4608;422;251039744;26540255;8064125
1520700837975;5268;4618;422;251039744;26540419;8064494
1520700838075;5278;4627;423;251039744;26540747;8065235
1520700838175;5288;4635;424;251039744;26541121;8066030
1520700838275;5298;4644;425;251039744;26541495;8066824
1520700838375;5308;4654;425;251039744;26541823;8067564
1520700838475;5318;4662;426;251039744;26542151;8068306
1520700838576;5328;4670;428;251039744;26542479;8069046
1520700838676;5338;4679;429;251039744;26542807;8069787
1520700838776;5348;4688;430;251039744;26543023;8070474
1520700838879;5358;4698;430;251039744;26543633;8071384
1520700838979;5368;4707;430;251039744;26543797;8071807
1520700839079;5378;4716;431;251039744;26544125;8072549
1520700839180;5388;4726;432;251039744;26544453;8073291
1520700839280;5398;4735;432;251039744;26544827;8074083
1520700839380;5408;4744;433;251039744;26545201;8074875
1520700839480;5419;4753;434;251039744;26545529;8075618
1520700839581;5429;4762;435;251039744;26545857;8076360
1520700839681;5439;4770;436;251039744;26546185;8077102
1520700839781;5449;4779;437;251039744;26546513;8077843
1520700839881;5459;4789;437;251039744;26546729;8078531
1520700839982;5469;4798;438;251039744;26547051;8079006
1520700840083;5479;4805;441;251039744;26547543;8080066
1520700840183;5489;4814;441;251039744;26547871;8080857
1520700840283;5499;4823;442;251039744;26548199;8081598
1520700840383;5509;4832;443;251039744;26548415;8082287
1520700840483;5519;4842;443;251039744;26548789;8083078
1520700840583;5529;4851;444;251039744;26549111;8083555
1520700840683;5539;4860;444;251039744;26549439;8084297
1520700840784;5549;4869;445;251039744;26549767;8085038
1520700840884;5559;4877;446;251039744;26550095;8085778
1520700840984;5569;4886;447;251039744;26550423;8086517
1520700841084;5579;4896;447;251039744;26550751;8087259
1520700841185;5589;4904;448;251039744;26551125;8088051
1520700841285;5599;4912;450;251039744;26551453;8088742
1520700841385;5609;4922;451;251039744;26551781;8089538
1520700841486;5619;4931;451;251039744;26551991;8089960
1520700841586;5629;4939;453;251039744;26552365;8090752
1520700841687;5639;4948;454;251039744;26552693;8091493
1520700841787;5649;4957;454;251039744;26553021;8092235
1520700841887;5659;4966;455;251039744;26553349;8092975
1520700841987;5669;4975;456;251039744;26553677;8093715
1520700842087;5679;4984;457;251039744;26554005;8094455
1520700842187;5689;4993;457;251039744;26554503;8095364
1520700842287;5699;5002;458;251039744;26554831;8096053
1520700842388;5709;5012;458;251039744;26554995;8096476
1520700842488;5719;5021;459;251039744;26555323;8097220
1520700842591;5730;5030;460;251039744;26555533;8097642
1520700842691;5740;5039;461;251039744;26556071;8098806
1520700842791;5750;5048;462;251039744;26556399;8099494
1520700842891;5760;5056;463;251039744;26556563;8099916
1520700842991;5770;5065;464;251039744;26556891;8100655
1520700843092;5780;5074;464;251039744;26557219;8101396
1520700843192;5790;5083;466;251039744;26557547;8102135
1520700843292;5800;5092;466;251039744;26557875;8102876
1520700843392;5810;5101;467;251039744;26558249;8103668
1520700843492;5820;5110;468;251039744;26558577;8104411
1520700843592;5830;5120;468;251039744;26558741;8104782
1520700843693;5840;5129;468;251039744;26558905;8105151
1520700843793;5850;5138;469;251039744;26559279;8105945
1520700843893;5860;5147;470;251039744;26559653;8106739
1520700843994;5870;5156;471;251039744;26559981;8107480
1520700844094;5880;5165;471;251039744;26560309;8108222
1520700844195;5890;5174;472;251039744;26560637;8108963
1520700844295;5900;5183;473;251039744;26560965;8109705
1520700844395;5910;5192;474;251039744;26561339;8110498
1520700844495;5920;5201;475;251039744;26561667;8111239
1520700844595;5930;5210;475;251039744;26561883;8111928
1520700844697;5940;5218;478;251039744;26562323;8112718
1520700844798;5950;5226;478;251039744;26562697;8113512
1520700844898;5960;5234;480;251039744;26563071;8114306
1520700844999;5970;5244;481;251039744;26563399;8115049
1520700845099;5980;5253;481;251039744;26563727;8115791
1520700845199;5990;5262;482;251039744;26564055;8116535
1520700845300;6000;5271;483;251039744;26564383;8117275
1520700845402;6011;5281;483;251039744;26564599;8117962
1520700845503;6021;5290;484;251039744;26564973;8118752
1520700845603;6031;5298;485;251039744;26565373;8119291
1520700845704;6041;5306;488;251039744;26565701;8120032
1520700845804;6051;5314;488;251039744;26566029;8120771
1520700845904;6061;5324;489;251039744;26566357;8121510
1520700846004;6071;5332;491;251039744;26566731;8122305
1520700846105;6081;5341;492;251039744;26567105;8123096
1520700846205;6091;5349;493;251039744;26567433;8123838
1520700846305;6101;5358;494;251039744;26567761;8124580
1520700846405;6111;5368;494;251039744;26568141;8125640
1520700846505;6121;5377;494;251039744;26568417;8126063
1520700846605;6131;5386;495;251039744;26568745;8126804
1520700846705;6141;5395;496;251039744;26569119;8127598
1520700846806;6151;5403;498;251039744;26569447;8128340
1520700846906;6161;5412;498;251039744;26569827;8129401
1520700847007;6171;5420;500;251039744;26570103;8129821
1520700847107;6181;5429;501;251039744;26570477;8130614
1520700847208;6191;5438;502;251039744;26570851;8131406
1520700847308;6201;5447;502;251039744;26571179;8132148
1520700847408;6211;5455;504;251039744;26571507;8132891
1520700847508;6221;5464;505;251039744;26571835;8133635
1520700847609;6231;5472;506;251039744;26572215;8134696
1520700847709;6241;5482;506;251039744;26572543;8135438
1520700847809;6251;5490;508;251039744;26573029;8136235
1520700847910;6261;5499;509;251039744;26573295;8136975
1520700848010;6272;5508;510;251039744;26573571;8137396
1520700848111;6282;5518;510;251039744;26573995;8138140
1520700848211;6292;5527;510;251039744;26574369;8138936
1520700848311;6302;5535;512;251039744;26574743;8139731
1520700848412;6312;5545;512;251039744;26575071;8140470
1520700848512;6322;5554;512;251039744;26575399;8141210
1520700848612;6332;5563;514;251039744;26575727;8141953
1520700848712;6342;5571;516;251039744;26576055;8142693
1520700848813;6352;5579;517;251039744;26576383;8143432
1520700848913;6362;5588;518;251039744;26576835;8144287
1520700849013;6372;5597;518;251039744;26577163;8145031
1520700849115;6382;5606;519;251039744;26577655;8146140
1520700849215;6392;5616;520;251039744;26577871;8146826
1520700849315;6402;5624;521;251039744;26578357;8147617
1520700849416;6412;5632;522;251039744;26578731;8148406
1520700849516;6422;5641;524;251039744;26578895;8148830
1520700849616;6432;5650;524;251039744;26579223;8149571
1520700849716;6442;5660;524;251039744;26579551;8150312
1520700849816;6452;5670;524;251039744;26579879;8151052
1520700849916;6462;5678;525;251039744;26580207;8151793
1520700850016;6472;5688;526;251039744;26580535;8152534
1520700850116;6482;5698;526;251039744;26580909;8153327
1520700850216;6492;5706;527;251039744;26581237;8154070
1520700850316;6502;5715;528;251039744;26581565;8154812
1520700850416;6512;5724;528;251039744;26581945;8155871
1520700850517;6522;5734;529;251039744;26582267;8156345
1520700850617;6532;5743;529;251039744;26582641;8157136
1520700850717;6542;5752;529;251039744;26582969;8157875
1520700850818;6552;5762;529;251039744;26583133;8158244
1520700850918;6562;5772;530;251039744;26583461;8158985
1520700851019;6572;5780;531;251039744;26583789;8159728
1520700851119;6582;5790;531;251039744;26584117;8160466
1520700851219;6592;5799;532;251039744;26584491;8161263
1520700851319;6602;5808;532;251039744;26584819;8162011
1520700851419;6612;5816;534;251039744;26585147;8162753
1520700851519;6622;5826;534;251039744;26585475;8163493
1520700851619;6632;5835;534;251039744;26585849;8164283
1520700851722;6643;5844;536;251039744;26586223;8165076
1520700851822;6653;5854;536;251039744;26586551;8165818
1520700851922;6663;5862;537;251039744;26586767;8166510
1520700852022;6673;5871;538;251039744;26587207;8167252
1520700852122;6683;5879;540;251039744;26587371;8167675
1520700852222;6693;5888;540;251039744;26587823;8168534
1520700852322;6703;5897;541;251039744;26588151;8169277
1520700852422;6713;5906;542;251039744;26588479;8170025
1520700852522;6723;5915;543;251039744;26588807;8170767
1520700852622;6733;5923;544;251039744;26589135;8171507
1520700852723;6743;5933;544;251039744;26589509;8172300
1520700852823;6753;5941;546;251039744;26589883;8173094
1520700852923;6763;5950;547;251039744;26590047;8173464
1520700853023;6773;5959;548;251039744;26590375;8174206
1520700853123;6783;5968;548;251039744;26590539;8174579
1520700853223;6793;5977;549;251039744;26590867;8175319
1520700853327;6803;5986;550;251039744;26591195;8176060
1520700853427;6813;5994;552;251039744;26591569;8176802
1520700853527;6823;6003;552;251039744;26591733;8177224
1520700853628;6833;6012;553;251039744;26592113;8178285
1520700853728;6843;6022;553;251039744;26592389;8178708
1520700853828;6853;6032;553;251039744;26592927;8179873
1520700853928;6863;6039;556;251039744;26593137;8180295
1520700854029;6873;6048;556;251039744;26593465;8181036
1520700854129;6883;6057;557;251039744;26593793;8181781
1520700854235;6894;6066;559;251039744;26594121;8182524
1520700854335;6904;6075;560;251039744;26594449;8183267
1520700854435;6914;6084;560;251039744;26594777;8184009
1520700854536;6924;6092;562;251039744;26595151;8184807
1520700854636;6934;6102;562;251039744;26595479;8185548
1520700854736;6944;6111;562;251039744;26595807;8186289
1520700854836;6954;6119;564;251039744;26596135;8187032
1520700854936;6964;6128;565;251039744;26596509;8187825
1520700855036;6974;6136;566;251039744;26596883;8188619
1520700855136;6984;6146;566;251039744;26597263;8189681
1520700855236;6994;6155;567;251039744;26597539;8190105
1520700855338;7004;6165;567;251039744;26597867;8190845
1520700855439;7014;6174;568;251039744;26598195;8191585
1520700855539;7024;6183;569;251039744;26598405;8192010
1520700855643;7035;6192;570;251039744;26598909;8193188
1520700855743;7045;6200;572;251039744;26599185;8193612
1520700855843;7055;6210;572;251039744;26599349;8193983
1520700855943;7065;6218;573;251039744;26599723;8194777
1520700856043;7075;6227;574;251039744;26600051;8195520
1520700856143;7085;6236;574;251039744;26600261;8195942
1520700856243;7095;6246;574;251039744;26600589;8196682
1520700856344;7105;6256;574;251039744;26600917;8197423
1520700856444;7115;6264;576;251039744;26601245;8198163
1520700856544;7125;6274;576;251039744;26601573;8198906
1520700856644;7135;6282;578;251039744;26601947;8199646
1520700856745;7145;6291;578;251039744;26602111;8200068
1520700856845;7155;6301;578;251039744;26602439;8200810
1520700856945;7165;6310;579;251039744;26602649;8201231
1520700857045;7175;6319;580;251039744;26602977;8201971
1520700857146;7185;6328;580;251039744;26603351;8202764
1520700857246;7195;6338;581;251039744;26603679;8203506
1520700857346;7205;6347;581;251039744;26604007;8204249
1520700857446;7215;6357;581;251039744;26604171;8204621
1520700857546;7225;6365;582;251039744;26604499;8205364
1520700857646;7235;6374;584;251039744;26604873;8206159
1520700857747;7245;6383;584;251039744;26605201;8206900
1520700857851;7256;6393;584;251039744;26605529;8207643
1520700857951;7266;6401;586;251039744;26605857;8208398
1520700858052;7276;6410;587;251039744;26606231;8209210
1520700858152;7286;6418;588;251039744;26606559;8209967
1520700858252;7296;6428;589;251039744;26606933;8210776
1520700858352;7306;6436;590;251039744;26607097;8211154
1520700858452;7316;6445;591;251039744;26607425;8211914
1520700858552;7326;6454;591;251039744;26607753;8212665
1520700858652;7336;6464;592;251039744;26608081;8213419
1520700858752;7346;6472;593;251039744;26608343;8214169
1520700858852;7356;6482;593;251039744;26608619;8214596
1520700858952;7366;6491;594;251039744;26609071;8215464
1520700859052;7376;6500;594;251039744;26609235;8215843
1520700859153;7386;6510;594;251039744;26609609;8216651
1520700859253;7396;6519;595;251039744;26609937;8217403
1520700859354;7406;6528;596;251039744;26610311;8218210
1520700859454;7416;6537;596;251039744;26610639;8218963
1520700859554;7426;6547;596;251039744;26610967;8219715
1520700859654;7436;6556;597;251039744;26611295;8220468
1520700859755;7446;6564;599;251039744;26611623;8221222
1520700859855;7456;6573;600;251039744;26611951;8221974
1520700859955;7466;6582;600;251039744;26612115;8222350
1520700860056;7476;6590;602;251039744;26612489;8223158
1520700860156;7486;6599;602;251039744;26612817;8223911
1520700860258;7496;6608;603;251039744;26613355;8225093
1520700860358;7506;6616;604;251039744;26613683;8225849
1520700860458;7516;6626;605;251039744;26614057;8226599
1520700860558;7526;6635;606;251039744;26614221;8227028
1520700860658;7536;6644;606;251039744;26614549;8227782
1520700860759;7546;6653;607;251039744;26614877;8228535
1520700860859;7556;6662;608;251039744;26615205;8229278
1520700860959;7566;6671;609;251039744;26615533;8230022
1520700861059;7576;6680;610;251039744;26615907;8230816
1520700861163;7587;6689;610;251039744;26616235;8231558
1520700861263;7597;6698;612;251039744;26616615;8232617
1520700861363;7607;6707;612;251039744;26616937;8233093
1520700861463;7617;6716;612;251039744;26617265;8233839
1520700861563;7627;6726;613;251039744;26617639;8234635
1520700861663;7637;6733;615;251039744;26617967;8235377
1520700861763;7647;6742;616;251039744;26618131;8235748
1520700861863;7657;6751;616;251039744;26618459;8236492
1520700861963;7667;6760;617;251039744;26618787;8237236
1520700862063;7677;6769;618;251039744;26619115;8237980
1520700862163;7687;6778;619;251039744;26619489;8238777
1520700862264;7697;6788;619;251039744;26619777;8239266
1520700862364;7707;6796;620;251039744;26620105;8240011
1520700862464;7717;6806;620;251039744;26620531;8241125
1520700862565;7727;6814;622;251039744;26620807;8241550
1520700862665;7737;6823;623;251039744;26621181;8242346
1520700862765;7747;6831;624;251039744;26621509;8243091
1520700862865;7757;6839;626;251039744;26621775;8243785
1520700862966;7767;6848;627;251039744;26622051;8244209
1520700863066;7777;6856;628;251039744;26622425;8244953
1520700863167;7787;6866;629;251039744;26622803;8245647
1520700863267;7797;6874;630;251039744;26623131;8246445
1520700863367;7807;6883;631;251039744;26623393;8247191
1520700863467;7817;6892;632;251039744;26623669;8247615
1520700863567;7827;6900;633;251039744;26624043;8248412
1520700863667;7837;6909;634;251039744;26624535;8249479
1520700863767;7847;6918;635;251039744;26624909;8250328
1520700863867;7857;6927;635;251039744;26625073;8250699
1520700863967;7867;6936;636;251039744;26625401;8251446
1520700864067;7877;6946;636;251039744;26625781;8252512
1520700864167;7887;6955;637;251039744;26626057;8252936
1520700864270;7897;6963;638;251039744;26626437;8254002
1520700864374;7908;6973;639;251039744;26626765;8254747
1520700864474;7918;6982;640;251039744;26627093;8255490
1520700864574;7928;6992;640;251039744;26627415;8255967
1520700864674;7938;7001;640;251039744;26627743;8256712
1520700864779;7948;7011;641;251039744;26628117;8257509
1520700864879;7958;7020;641;251039744;26628445;8258254
1520700864979;7968;7027;644;251039744;26628871;8259370
1520700865079;7978;7036;644;251039744;26629147;8259795
1520700865180;7989;7046;645;251039744;26629475;8260539
1520700865281;7999;7054;646;251039744;26629639;8260911
1520700865381;8009;7063;647;251039744;26629967;8261657
1520700865483;8019;7072;648;251039744;26630295;8262405
1520700865583;8029;7082;648;251039744;26630793;8263318
1520700865684;8039;7090;649;251039744;26631509;8264063
1520700865785;8049;7100;650;251039744;26631883;8264861
1520700865885;8059;7108;651;251039744;26632047;8265233
1520700865985;8069;7117;652;251039744;26632421;8266031
1520700866085;8079;7126;653;251039744;26632749;8266772
1520700866186;8089;7135;654;251039744;26633077;8267517
1520700866286;8099;7143;655;251039744;26633241;8267889
1520700866387;8109;7151;657;251039744;26633569;8268634
1520700866487;8119;7160;658;251039744;26633897;8269378
1520700866591;8130;7169;659;251039744;26634225;8270123
1520700866691;8140;7178;659;251039744;26634553;8270869
1520700866791;8150;7188;660;251039744;26634927;8271665
1520700866891;8160;7196;661;251039744;26635301;8272461
1520700866991;8170;7205;662;251039744;26635629;8273207
1520700867091;8180;7215;662;251039744;26635891;8273952
1520700867191;8190;7224;662;251039744;26636167;8274378
1520700867292;8200;7234;663;251039744;26636495;8275123
1520700867392;8210;7242;664;251039744;26636875;8276189
1520700867492;8220;7251;665;251039744;26637151;8276614
1520700867592;8230;7260;665;251039744;26637479;8277358
1520700867693;8240;7270;666;251039744;26637807;8278103
1520700867793;8250;7279;666;251039744;26638135;8278847
1520700867893;8260;7288;667;251039744;26638345;8279272
1520700867993;8270;7297;668;251039744;26638719;8280070
1520700868093;8280;7306;669;251039744;26639047;8280815
1520700868193;8290;7314;670;251039744;26639421;8281612
1520700868294;8300;7324;670;251039744;26639749;8282353
1520700868394;8310;7333;671;251039744;26639913;8282726
1520700868495;8320;7342;672;251039744;26640241;8283471
1520700868595;8330;7352;672;251039744;26640569;8284217
1520700868695;8340;7360;673;251039744;26640897;8284961
1520700868795;8350;7370;673;251039744;26641225;8285706
1520700868895;8360;7378;675;251039744;26641553;8286452
1520700868995;8370;7387;676;251039744;26642005;8287313
1520700869095;8380;7396;676;251039744;26642333;8288057
1520700869196;8390;7405;677;251039744;26642707;8288855
1520700869296;8400;7413;678;251039744;26643035;8289600
1520700869396;8410;7422;679;251039744;26643245;8290024
1520700869496;8420;7432;679;251039744;26643573;8290768
1520700869596;8430;7441;680;251039744;26644065;8291832
1520700869696;8440;7451;680;251039744;26644393;8292629
1520700869796;8450;7460;681;251039744;26644721;8293372
1520700869896;8460;7468;682;251039744;26645049;8294114
1520700869996;8470;7477;683;251039744;26645213;8294486
1520700870096;8480;7486;684;251039744;26645587;8295282
1520700870197;8490;7495;684;251039744;26645915;8296028
1520700870297;8500;7504;685;251039744;26646289;8296824
1520700870399;8510;7514;685;251039744;26646617;8297568
1520700870499;8520;7524;685;251039744;26646991;8298362
1520700870599;8530;7532;686;251039744;26647319;8299107
1520700870700;8540;7541;688;251039744;26647483;8299478
1520700870800;8550;7550;688;251039744;26647811;8300223
1520700870900;8561;7558;690;251039744;26648191;8301287
1520700871000;8571;7566;692;251039744;26648467;8301712
1520700871101;8581;7575;693;251039744;26648847;8302777
1520700871201;8591;7583;694;251039744;26649333;8303626
1520700871301;8601;7592;696;251039744;26649661;8304370
1520700871402;8611;7601;696;251039744;26650035;8305166
1520700871502;8621;7609;698;251039744;26650363;8305910
1520700871603;8631;7619;698;251039744;26650737;8306707
1520700871703;8641;7628;698;251039744;26651065;8307453
1520700871803;8651;7637;700;251039744;26651393;8308198
1520700871903;8661;7646;700;251039744;26651609;8308888
1520700872004;8671;7656;700;251039744;26652049;8309686
1520700872104;8681;7665;701;251039744;26652377;8310430
1520700872204;8691;7675;701;251039744;26652705;8311175
1520700872305;8701;7684;701;251039744;26653157;8312035
1520700872405;8711;7693;702;251039744;26653485;8312780
1520700872505;8721;7702;703;251039744;26653813;8313524
1520700872605;8731;7711;704;251039744;26654187;8314321
1520700872706;8741;7720;705;251039744;26654515;8315065
1520700872806;8751;7728;706;251039744;26654889;8315861
1520700872906;8761;7738;706;251039744;26655217;8316604
1520700873008;8771;7746;707;251039744;26655709;8317719
1520700873109;8781;7756;708;251039744;26656037;8318462
1520700873209;8791;7765;708;251039744;26656365;8319204
1520700873309;8801;7774;709;251039744;26656529;8319577
1520700873409;8811;7783;710;251039744;26656903;8320373
1520700873510;8821;7792;710;251039744;26657231;8321118
1520700873610;8831;7802;711;251039744;26657559;8321863
1520700873710;8842;7810;712;251039744;26657933;8322659
1520700873810;8851;7818;713;251039744;26658313;8323724
1520700873910;8862;7827;714;251039744;26658687;8324522
1520700874011;8872;7835;716;251039744;26659127;8325319
1520700874111;8882;7844;717;251039744;26659455;8326064
1520700874211;8892;7854;717;251039744;26659783;8326810
1520700874311;8902;7862;718;251039744;26660111;8327554
1520700874411;8912;7872;718;251039744;26660439;8328297
1520700874511;8922;7882;718;251039744;26660813;8329094
1520700874614;8932;7891;719;251039744;26661193;8330159
1520700874714;8942;7900;719;251039744;26661633;8330958
1520700874816;8952;7909;720;251039744;26662007;8331754
1520700874916;8962;7918;721;251039744;26662335;8332499
1520700875016;8972;7927;722;251039744;26662597;8333242
1520700875116;8982;7936;722;251039744;26663037;8334038
1520700875216;8992;7945;723;251039744;26663365;8334783
1520700875316;9002;7954;724;251039744;26663693;8335526
1520700875416;9012;7963;724;251039744;26664021;8336269
1520700875516;9022;7972;725;251039744;26664349;8337013
1520700875616;9032;7982;725;251039744;26664723;8337811
1520700875717;9042;7991;726;251039744;26665227;8338994
1520700875819;9052;8000;727;251039744;26665503;8339417
1520700875923;9063;8010;728;251039744;26665877;8340210
1520700876023;9073;8017;730;251039744;26666415;8341378
1520700876123;9083;8026;731;251039744;26666743;8342124
1520700876223;9093;8035;731;251039744;26667071;8342866
1520700876323;9103;8043;733;251039744;26667399;8343612
1520700876425;9113;8053;733;251039744;26667727;8344358
1520700876525;9123;8062;734;251039744;26668055;8345104
1520700876625;9133;8072;734;251039744;26668271;8345797
1520700876726;9143;8080;735;251039744;26668757;8346645
1520700876826;9153;8089;736;251039744;26669085;8347389
1520700876927;9163;8098;737;251039744;26669413;8348137
1520700877027;9173;8107;738;251039744;26669741;8348883
1520700877127;9183;8115;738;251039744;26670115;8349680
1520700877227;9193;8124;739;251039744;26670489;8350476
1520700877328;9203;8133;740;251039744;26670817;8351543
1520700877428;9213;8142;741;251039744;26671145;8351968
1520700877528;9223;8150;742;251039744;26671473;8352710
1520700877629;9233;8160;742;251039744;26671801;8353454
1520700877729;9243;8169;744;251039744;26672129;8354198
1520700877831;9254;8178;744;251039744;26672503;8354991
1520700877931;9264;8186;746;251039744;26672881;8355737
1520700878031;9274;8195;747;251039744;26673209;8356482
1520700878132;9284;8204;747;251039744;26673633;8357177
1520700878232;9294;8213;748;251039744;26673843;8357654
1520700878332;9304;8222;749;251039744;26674217;8358449
1520700878433;9314;8230;750;251039744;26674545;8359192
1520700878533;9324;8240;751;251039744;26675037;8360309
1520700878633;9334;8248;752;251039744;26675365;8361053
1520700878733;9344;8257;753;251039744;26675693;8361798
1520700878834;9354;8266;754;251039744;26676067;8362596
1520700878934;9364;8274;755;251039744;26676395;8363338
1520700879034;9374;8283;756;251039744;26676847;8364195
1520700879134;9384;8292;756;251039744;26677175;8364939
1520700879234;9394;8302;756;251039744;26677503;8365681
1520700879334;9404;8311;757;251039744;26677877;8366475
1520700879435;9414;8321;757;251039744;26678251;8367271
1520700879535;9424;8330;758;251039744;26678579;8368014
1520700879635;9434;8339;759;251039744;26678907;8368759
1520700879735;9444;8348;759;251039744;26679235;8369505
1520700879835;9454;8357;760;251039744;26679563;8370250
1520700879936;9464;8366;760;251039744;26679891;8370994
1520700880036;9474;8376;761;251039744;26680219;8371739
1520700880136;9484;8385;762;251039744;26680593;8372538
1520700880236;9494;8394;762;251039744;26680921;8373283
1520700880337;9504;8402;764;251039744;26681413;8374348
1520700880437;9514;8412;764;251039744;26681787;8375196
1520700880537;9524;8420;765;251039744;26682161;8375995
1520700880638;9534;8429;766;251039744;26682489;8376739
1520700880738;9544;8438;767;251039744;26682817;8377483
1520700880838;9554;8447;768;251039744;26683145;8378228
1520700880938;9564;8456;768;251039744;26683473;8378975
1520700881042;9575;8465;770;251039744;26683965;8380090
1520700881142;9585;8474;770;251039744;26684293;8380835
1520700881242;9595;8482;771;251039744;26684503;8381260
1520700881342;9605;8490;774;251039744;26684831;8382004
1520700881447;9615;8499;775;251039744;26685159;8382748
1520700881547;9625;8508;776;251039744;26685533;8383545
1520700881647;9635;8516;777;251039744;26685907;8384342
1520700881747;9645;8525;778;251039744;26686235;8385084
1520700881847;9655;8534;779;251039744;26686563;8385829
1520700881947;9665;8542;780;251039744;26686891;8386574
1520700882047;9675;8551;781;251039744;26687219;8387317
1520700882148;9685;8560;782;251039744;26687547;8388059
1520700882248;9695;8569;782;251039744;26687875;8388803
1520700882348;9705;8578;784;251039744;26688327;8389664
1520700882448;9715;8588;784;251039744;26688655;8390408
1520700882549;9725;8597;784;251039744;26688983;8391154
1520700882649;9735;8605;786;251039744;26689311;8391897
1520700882749;9745;8614;786;251039744;26689685;8392694
1520700882850;9755;8624;787;251039744;26690059;8393490
1520700882950;9766;8632;788;251039744;26690387;8394235
1520700883050;9775;8642;788;251039744;26690715;8394928
1520700883151;9786;8651;789;251039744;26690879;8395353
1520700883251;9796;8660;790;251039744;26691207;8396099
1520700883351;9806;8668;791;251039744;26691535;8396843
1520700883451;9816;8678;791;251039744;26691909;8397638
1520700883551;9826;8687;792;251039744;26692237;8398381
1520700883651;9836;8696;792;251039744;26692565;8399121
1520700883751;9846;8706;793;251039744;26692893;8399864
1520700883852;9856;8714;794;251039744;26693313;8400715
1520700883952;9866;8722;796;251039744;26693805;8401779
1520700884052;9876;8731;796;251039744;26693969;8402205
1520700884153;9886;8740;797;251039744;26694297;8402950
1520700884255;9896;8749;798;251039744;26694625;8403693
1520700884355;9906;8759;798;251039744;26695117;8404757
1520700884456;9916;8767;799;251039744;26695445;8405502
1520700884556;9926;8776;800;251039744;26695707;8406296
1520700884656;9936;8786;800;251039744;26695983;8406720
1520700884757;9946;8794;802;251039744;26696475;8407838
1520700884858;9956;8803;803;251039744;26696849;8408633
1520700884958;9966;8812;803;251039744;26697059;8409057
1520700885059;9976;8821;804;251039744;26697551;8410175
1520700885159;9986;8830;804;251039744;26697879;8410919
1520700885259;9996;8840;805;251039744;26698207;8411666
1520700885359;10006;8848;806;251039744;26698371;8412039
1520700885459;10016;8857;806;251039744;26698535;8412418
1520700885559;10026;8866;807;251039744;26698863;8413177
1520700885659;10036;8874;809;251039744;26699315;8414052
1520700885760;10046;8882;810;251039744;26699643;8414812
1520700885860;10056;8891;812;251039744;26699807;8415190
1520700885960;10067;8899;813;251039744;26700135;8415948
1520700886060;10077;8908;814;251039744;26700509;8416756
1520700886161;10087;8917;814;251039744;26700883;8417562
1520700886261;10097;8927;815;251039744;26701047;8417943
1520700886361;10107;8935;816;251039744;26701375;8418701
1520700886461;10117;8944;816;251039744;26701703;8419455
1520700886561;10127;8954;817;251039744;26702031;8420209
1520700886661;10137;8963;817;251039744;26702359;8420963
1520700886761;10147;8972;818;251039744;26702733;8421771
1520700886862;10157;8982;818;251039744;26703061;8422472
1520700886962;10167;8990;820;251039744;26703389;8423280
1520700887062;10177;9000;820;251039744;26703717;8424034
1520700887162;10187;9009;820;251039744;26704091;8424844
1520700887262;10197;9018;821;251039744;26704353;8425601
1520700887362;10207;9028;821;251039744;26704629;8426031
1520700887463;10217;9036;822;251039744;26704957;8426785
1520700887563;10227;9045;823;251039744;26705285;8427539
1520700887663;10237;9054;824;251039744;26705613;8428297
1520700887763;10247;9063;825;251039744;26705941;8429051
1520700887864;10257;9072;826;251039744;26706315;8429858
1520700887964;10267;9081;826;251039744;26706643;8430612
1520700888064;10277;9091;826;251039744;26706859;8431317
1520700888164;10287;9100;827;251039744;26707135;8431745
1520700888265;10297;9110;827;251039744;26707509;8432547
1520700888365;10307;9120;827;251039744;26707883;8433352
1520700888465;10317;9129;827;251039744;26708047;8433729
1520700888565;10327;9136;830;251039744;26708375;8434483
1520700888666;10337;9146;830;251039744;26708703;8435235
1520700888766;10347;9155;831;251039744;26709031;8435991
1520700888867;10357;9164;831;251039744;26709359;8436748
1520700888967;10367;9174;831;251039744;26709733;8437552
1520700889067;10377;9182;833;251039744;26710185;8438427
1520700889167;10387;9191;834;251039744;26710513;8439181
1520700889267;10397;9200;835;251039744;26710841;8439938
1520700889367;10407;9209;835;251039744;26711215;8440746
1520700889467;10417;9217;836;251039744;26711589;8441554
1520700889567;10427;9227;837;251039744;26711917;8442307
1520700889667;10437;9236;837;251039744;26712245;8443063
1520700889767;10447;9246;837;251039744;26712573;8443819
1520700889867;10457;9255;837;251039744;26712737;8444195
1520700889967;10467;9265;837;251039744;26713065;8444947
1520700890067;10477;9275;837;251039744;26713275;8445375
1520700890168;10487;9284;838;251039744;26713603;8446130
1520700890268;10497;9294;838;251039744;26714095;8447260
1520700890368;10507;9303;838;251039744;26714423;8447966
1520700890468;10517;9312;839;251039744;26714797;8448826
1520700890568;10527;9321;840;251039744;26715059;8449587
1520700890668;10537;9331;840;251039744;26715335;8450018
1520700890768;10547;9340;841;251039744;26715663;8450775
1520700890869;10557;9349;842;251039744;26715991;8451526
1520700890969;10567;9358;842;251039744;26716319;8452285
1520700891069;10577;9366;844;251039744;26716647;8453041
1520700891169;10587;9375;845;251039744;26717073;8454173
1520700891270;10597;9384;846;251039744;26717513;8454925
1520700891370;10608;9392;847;251039744;26717841;8455718
1520700891471;10618;9401;848;251039744;26718169;8456456
1520700891571;10628;9409;850;251039744;26718543;8457248
1520700891671;10638;9417;851;251039744;26718917;8458042
1520700891771;10648;9426;852;251039744;26719245;8458729
1520700891871;10658;9435;853;251039744;26719573;8459524
1520700891972;10668;9444;854;251039744;26719901;8460265
1520700892072;10678;9453;854;251039744;26720229;8461011
1520700892172;10688;9462;856;251039744;26720557;8461754
1520700892272;10698;9470;857;251039744;26720773;8462443
1520700892372;10708;9478;858;251039744;26721219;8463035
1520700892472;10718;9488;859;251039744;26721547;8463777
1520700892572;10728;9497;859;251039744;26721875;8464520
1520700892672;10738;9505;860;251039744;26722203;8465263
1520700892773;10748;9514;861;251039744;26722577;8466057
1520700892873;10758;9523;862;251039744;26723001;8466850
1520700892973;10768;9532;863;251039744;26723329;8467592
1520700893073;10778;9541;863;251039744;26723703;8468333
1520700893174;10788;9550;864;251039744;26724031;8469077
1520700893274;10798;9559;865;251039744;26724359;8469822
1520700893374;10808;9567;867;251039744;26724687;8470566
1520700893474;10818;9576;867;251039744;26725061;8471361
1520700893575;10828;9585;868;251039744;26725553;8472424
1520700893675;10838;9594;869;251039744;26725717;8472849
1520700893775;10848;9604;869;251039744;26726045;8473590
1520700893875;10858;9612;870;251039744;26726419;8474386
1520700893975;10868;9622;870;251039744;26726793;8475183
1520700894075;10878;9631;871;251039744;26727121;8475926
1520700894176;10888;9639;872;251039744;26727449;8476670
1520700894276;10898;9648;873;251039744;26727777;8477411
1520700894376;10908;9658;874;251039744;26728105;8478154
1520700894476;10918;9667;874;251039744;26728433;8478896
1520700894577;10928;9674;876;251039744;26728807;8479694
1520700894677;10938;9683;878;251039744;26729135;8480437
1520700894777;10948;9692;878;251039744;26729463;8481183
1520700894877;10958;9702;879;251039744;26729791;8481927
1520700894977;10968;9710;880;251039744;26730165;8482721
1520700895077;10978;9719;881;251039744;26730539;8483514
1520700895177;10988;9728;882;251039744;26730867;8484258
1520700895278;10998;9737;882;251039744;26731195;8484999
1520700895378;11008;9746;883;251039744;26731523;8485744
1520700895479;11018;9754;885;251039744;26731851;8486485
1520700895579;11028;9763;886;251039744;26732179;8487226
1520700895679;11038;9770;887;251039744;26733065;8488139
1520700895780;11048;9779;888;251039744;26733393;8488883
1520700895880;11058;9787;890;251039744;26733721;8489627
1520700895980;11069;9796;891;251039744;26734049;8490369
1520700896080;11079;9803;893;251039744;26734423;8491164
1520700896180;11088;9812;894;251039744;26734797;8491957
1520700896280;11098;9819;897;251039744;26735125;8492700
1520700896380;11109;9829;897;251039744;26735453;8493443
1520700896481;11119;9837;898;251039744;26735833;8494503
1520700896581;11129;9847;898;251039744;26736109;8494925
1520700896681;11139;9856;899;251039744;26736601;8495988
1520700896782;11149;9864;900;251039744;26736811;8496465
1520700896882;11159;9874;900;251039744;26737303;8497581
1520700896982;11169;9883;901;251039744;26737467;8497954
1520700897083;11179;9891;903;251039744;26737959;8499020
1520700897183;11189;9901;903;251039744;26738221;8499815
1520700897283;11199;9910;903;251039744;26738543;8500290
1520700897383;11209;9919;904;251039744;26738871;8501033
1520700897483;11219;9928;905;251039744;26739199;8501777
1520700897583;11229;9937;906;251039744;26739527;8502521
1520700897684;11239;9946;907;251039744;26739855;8503265
1520700897784;11249;9954;908;251039744;26740183;8504004
1520700897887;11259;9964;908;251039744;26740511;8504748
1520700897987;11269;9973;909;251039744;26740885;8505545
1520700898087;11279;9982;910;251039744;26741213;8506290
1520700898191;11290;9990;911;251039744;26741705;8507408
1520700898291;11300;10000;912;251039744;26741967;8508152
1520700898393;11310;10008;914;251039744;26742295;8508895
1520700898493;11320;10018;914;251039744;26742617;8509371
1520700898595;11330;10026;915;251039744;26742945;8510114
1520700898698;11340;10035;916;251039744;26743325;8511180
1520700898799;11350;10045;916;251039744;26743601;8511605
1520700898899;11360;10055;916;251039744;26743929;8512346
1520700898999;11370;10064;916;251039744;26744257;8513088
1520700899099;11380;10074;916;251039744;26744709;8513947
1520700899200;11390;10083;916;251039744;26745037;8514691
1520700899300;11400;10092;917;251039744;26745365;8515437
1520700899402;11411;10102;917;251039744;26745739;8516234
1520700899503;11421;10111;918;251039744;26746067;8516974
1520700899603;11431;10120;919;251039744;26746277;8517400
1520700899703;11441;10128;920;251039744;26746605;8518141
1520700899803;11451;10138;921;251039744;26746933;8518886
1520700899904;11461;10146;921;251039744;26747261;8519627
1520700900004;11471;10156;922;251039744;26747589;8520372
1520700900104;11481;10166;922;251039744;26747917;8521114
1520700900205;11491;10175;922;251039744;26748291;8521912
1520700900305;11501;10184;922;251039744;26748619;8522654
1520700900405;11511;10194;923;251039744;26748993;8523449
1520700900505;11521;10202;924;251039744;26749321;8524193
1520700900606;11531;10210;926;251039744;26749649;8524936
1520700900706;11541;10220;926;251039744;26750023;8525732
1520700900807;11551;10229;927;251039744;26750351;8526477
1520700900907;11561;10237;928;251039744;26750679;8527171
1520700901008;11571;10246;929;251039744;26750843;8527593
1520700901108;11581;10255;930;251039744;26751171;8528339
1520700901208;11591;10265;930;251039744;26751499;8529081
1520700901309;11601;10274;931;251039744;26751873;8529876
1520700901409;11611;10284;931;251039744;26752037;8530247
1520700901509;11621;10293;931;251039744;26752365;8530992
1520700901613;11632;10302;932;251039744;26752791;8532110
1520700901713;11642;10310;934;251039744;26753119;8532852
1520700901814;11652;10320;934;251039744;26753441;8533327
1520700901914;11662;10328;936;251039744;26753769;8534071
1520700902014;11672;10336;937;251039744;26754097;8534816
1520700902115;11682;10346;937;251039744;26754425;8535561
1520700902215;11692;10356;937;251039744;26754589;8535934
1520700902315;11702;10365;938;251039744;26754917;8536678
1520700902415;11712;10374;939;251039744;26755369;8537536
1520700902515;11722;10382;940;251039744;26755697;8538277
1520700902615;11732;10391;941;251039744;26756025;8539022
1520700902715;11742;10400;941;251039744;26756399;8539816
1520700902818;11752;10410;941;251039744;26756615;8540507
1520700902919;11762;10418;943;251039744;26757101;8541356
1520700903019;11772;10427;944;251039744;26757429;8542102
1520700903119;11782;10435;945;251039744;26757757;8542848
1520700903219;11792;10444;946;251039744;26758085;8543592
1520700903319;11802;10452;948;251039744;26758413;8544337
1520700903419;11812;10461;949;251039744;26758741;8545080
1520700903519;11822;10470;950;251039744;26759115;8545878
1520700903619;11832;10478;951;251039744;26759443;8546621
1520700903719;11842;10488;951;251039744;26759771;8547363
1520700903819;11852;10497;952;251039744;26760145;8548156
1520700903919;11862;10507;952;251039744;26760309;8548529
1520700904020;11872;10516;952;251039744;26760683;8549326
1520700904120;11882;10525;953;251039744;26761011;8550071
1520700904220;11892;10535;953;251039744;26761339;8550814
1520700904320;11903;10544;954;251039744;26761667;8551558
1520700904421;11913;10553;954;251039744;26761995;8552303
1520700904521;11923;10562;955;251039744;26762323;8553048
1520700904621;11933;10572;955;251039744;26762697;8553846
1520700904722;11943;10581;956;251039744;26762861;8554218
1520700904822;11953;10590;957;251039744;26763189;8554961
1520700904922;11963;10598;958;251039744;26763563;8555759
1520700905022;11973;10607;958;251039744;26763727;8556132
1520700905122;11983;10616;960;251039744;26764101;8556928
1520700905222;11993;10624;961;251039744;26764429;8557675
1520700905322;12003;10633;962;251039744;26764757;8558419
1520700905423;12013;10642;962;251039744;26765085;8559163
1520700905523;12023;10650;964;251039744;26765413;8559907
1520700905624;12033;10659;965;251039744;26765741;8560651
1520700905724;12043;10668;966;251039744;26766193;8561509
1520700905827;12053;10677;967;251039744;26766409;8562199
1520700905927;12063;10686;968;251039744;26766685;8562623
1520700906028;12073;10694;969;251039744;26767059;8563417
1520700906128;12083;10703;970;251039744;26767387;8564161
1520700906228;12093;10713;970;251039744;26767715;8564906
1520700906328;12103;10721;972;251039744;26768089;8565703
1520700906428;12113;10729;974;251039744;26768417;8566448
1520700906528;12123;10738;974;251039744;26768745;8567193
1520700906629;12133;10747;975;251039744;26769073;8567939
1520700906729;12143;10756;975;251039744;26769401;8568682
1520700906829;12153;10766;976;251039744;26769775;8569479
1520700906929;12163;10774;977;251039744;26770103;8570223
1520700907029;12173;10782;979;251039744;26770431;8570966
1520700907129;12183;10792;979;251039744;26770759;8571710
1520700907229;12193;10801;979;251039744;26771133;8572505
1520700907329;12203;10810;980;251039744;26771297;8572878
1520700907429;12213;10819;981;251039744;26771723;8573994
1520700907529;12223;10828;982;251039744;26771999;8574419
1520700907629;12233;10838;982;251039744;26772327;8575161
1520700907730;12243;10846;982;251039744;26772655;8575905
1520700907830;12253;10856;982;251039744;26772983;8576647
1520700907934;12264;10865;983;251039744;26773341;8577392
1520700908034;12274;10875;983;251039744;26773617;8577814
1520700908135;12284;10884;984;251039744;26773945;8578555
1520700908236;12294;10892;986;251039744;26774483;8579723
1520700908336;12304;10901;987;251039744;26774811;8580468
1520700908436;12314;10910;988;251039744;26775185;8581263
1520700908536;12324;10918;989;251039744;26775513;8582010
1520700908637;12334;10928;990;251039744;26775841;8582755
1520700908737;12344;10936;990;251039744;26776169;8583499
1520700908837;12354;10945;991;251039744;26776497;8584241
1520700908937;12364;10955;992;251039744;26776825;8584983
1520700909037;12374;10963;993;251039744;26777323;8585896
1520700909137;12384;10973;993;251039744;26777487;8586267
1520700909237;12394;10982;994;251039744;26777979;8587385
1520700909338;12404;10990;995;251039744;26778353;8588184
1520700909438;12414;11000;996;251039744;26778681;8588876
1520700909538;12424;11007;997;251039744;26779055;8589674
1520700909639;12434;11016;998;251039744;26779383;8590417
1520700909739;12444;11024;1000;251039744;26779711;8591211
1520700909839;12454;11033;1001;251039744;26780039;8591956
1520700909939;12464;11041;1002;251039744;26780367;8592701
1520700910039;12474;11049;1004;251039744;26780531;8593073
1520700910139;12484;11058;1005;251039744;26780859;8593818
1520700910239;12494;11067;1006;251039744;26781233;8594612
1520700910339;12504;11076;1006;251039744;26781449;8595302
1520700910440;12514;11086;1007;251039744;26781935;8596147
1520700910540;12525;11095;1007;251039744;26782263;8596889
1520700910640;12535;11104;1008;251039744;26782637;8597687
1520700910741;12545;11112;1009;251039744;26782965;8598432
1520700910841;12555;11122;1010;251039744;26783345;8599175
1520700910941;12565;11130;1011;251039744;26783725;8599920
1520700911041;12575;11139;1012;251039744;26784053;8600662
1520700911141;12585;11147;1014;251039744;26784381;8601406
1520700911241;12595;11155;1015;251039744;26784873;8602521
1520700911341;12605;11163;1017;251039744;26785247;8603318
1520700911442;12615;11172;1018;251039744;26785575;8604011
1520700911542;12625;11181;1019;251039744;26785949;8604806
1520700911642;12635;11190;1020;251039744;26786113;8605232
1520700911743;12645;11198;1021;251039744;26786487;8606028
1520700911843;12655;11207;1022;251039744;26786815;8606770
1520700911943;12665;11217;1022;251039744;26787143;8607513
1520700912047;12675;11226;1023;251039744;26787523;8608579
1520700912147;12685;11235;1024;251039744;26787799;8609003
1520700912248;12695;11244;1024;251039744;26788127;8609747
1520700912348;12705;11254;1024;251039744;26788455;8610492
1520700912448;12715;11263;1025;251039744;26788907;8611352
1520700912548;12725;11272;1026;251039744;26789235;8612096
1520700912651;12736;11282;1026;251039744;26789609;8612889
1520700912751;12746;11290;1027;251039744;26789937;8613628
1520700912851;12756;11299;1028;251039744;26790311;8614424
1520700912952;12766;11307;1030;251039744;26790639;8615171
1520700913052;12776;11316;1030;251039744;26790967;8615911
1520700913152;12786;11326;1030;251039744;26791131;8616282
1520700913252;12796;11335;1031;251039744;26791623;8617347
1520700913352;12806;11344;1032;251039744;26791787;8617773
1520700913452;12816;11354;1032;251039744;26792115;8618516
1520700913552;12826;11362;1033;251039744;26792489;8619312
1520700913655;12836;11372;1034;251039744;26792817;8620057
1520700913757;12846;11380;1036;251039744;26793309;8621167
1520700913857;12856;11389;1036;251039744;26793683;8621960
1520700913957;12866;11398;1037;251039744;26794011;8622702
1520700914057;12876;11406;1038;251039744;26794385;8623496
1520700914159;12886;11416;1039;251039744;26794549;8623866
1520700914259;12896;11425;1040;251039744;26794845;8624237
1520700914359;12906;11433;1041;251039744;26795173;8624980
1520700914460;12916;11442;1042;251039744;26795501;8625721
1520700914560;12926;11451;1043;251039744;26795829;8626460
1520700914660;12936;11459;1044;251039744;26796039;8626884
1520700914760;12947;11467;1046;251039744;26796367;8627627
1520700914861;12957;11476;1047;251039744;26796695;8628371
1520700914961;12967;11485;1048;251039744;26797069;8629167
1520700915061;12977;11492;1050;251039744;26797279;8629591
1520700915161;12987;11502;1050;251039744;26797607;8630333
1520700915261;12997;11511;1051;251039744;26797935;8631076
1520700915361;13007;11519;1052;251039744;26798263;8631818
1520700915461;13017;11528;1053;251039744;26798591;8632566
1520700915561;13027;11538;1054;251039744;26798807;8633259
1520700915661;13037;11547;1054;251039744;26799293;8634107
1520700915761;13047;11555;1056;251039744;26799745;8634968
1520700915861;13057;11564;1057;251039744;26800073;8635712
1520700915962;13067;11573;1058;251039744;26800401;8636454
1520700916062;13077;11582;1058;251039744;26800565;8636825
1520700916163;13087;11590;1059;251039744;26800939;8637621
1520700916263;13097;11599;1060;251039744;26801313;8638418
1520700916363;13107;11607;1062;251039744;26801641;8639161
1520700916463;13117;11616;1063;251039744;26801969;8639904
1520700916563;13127;11624;1064;251039744;26802185;8640594
1520700916663;13137;11634;1064;251039744;26802461;8641018
1520700916763;13147;11643;1066;251039744;26802789;8641759
1520700916863;13157;11652;1066;251039744;26803163;8642556
1520700916963;13167;11661;1067;251039744;26803327;8642928
1520700917063;13177;11670;1068;251039744;26803655;8643674
1520700917163;13187;11678;1069;251039744;26803983;8644420
1520700917263;13197;11687;1070;251039744;26804357;8645217
1520700917363;13207;11696;1070;251039744;26804731;8646011
1520700917463;13217;11706;1070;251039744;26805059;8646756
1520700917564;13227;11716;1071;251039744;26805387;8647504
1520700917664;13237;11725;1071;251039744;26805551;8647876
1520700917764;13247;11734;1072;251039744;26805931;8648937
1520700917864;13257;11743;1073;251039744;26806207;8649361
1520700917965;13267;11752;1074;251039744;26806581;8650157
1520700918065;13277;11760;1075;251039744;26806909;8650904
1520700918165;13287;11769;1076;251039744;26807237;8651648
1520700918265;13297;11778;1076;251039744;26807565;8652391
1520700918365;13307;11788;1076;251039744;26807939;8653189
1520700918465;13317;11796;1077;251039744;26808313;8653987
1520700918565;13327;11806;1078;251039744;26808477;8654359
1520700918665;13337;11815;1078;251039744;26808805;8655103
1520700918765;13347;11824;1079;251039744;26809133;8655848
1520700918865;13357;11831;1082;251039744;26809461;8656589
1520700918965;13367;11840;1083;251039744;26809789;8657335
1520700919066;13377;11849;1083;251039744;26810287;8658244
1520700919167;13387;11857;1085;251039744;26810615;8658985
1520700919267;13397;11866;1086;251039744;26810831;8659680
1520700919367;13407;11875;1086;251039744;26811271;8660425
1520700919468;13417;11885;1086;251039744;26811435;8660849
1520700919568;13427;11894;1087;251039744;26811809;8661648
1520700919668;13437;11904;1087;251039744;26812183;8662443
1520700919768;13447;11914;1087;251039744;26812511;8663188
1520700919869;13457;11922;1088;251039744;26812839;8663932
1520700919969;13467;11931;1089;251039744;26813167;8664679
1520700920069;13477;11940;1090;251039744;26813331;8665051
1520700920171;13488;11949;1090;251039744;26813823;8666168
1520700920271;13498;11957;1092;251039744;26814085;8666914
1520700920371;13508;11966;1093;251039744;26814413;8667660
1520700920473;13518;11976;1093;251039744;26814741;8668405
1520700920574;13528;11985;1094;251039744;26815069;8669149
1520700920674;13538;11994;1094;251039744;26815489;8669996
1520700920775;13548;12003;1095;251039744;26815929;8670743
1520700920875;13558;12012;1096;251039744;26816145;8671489
1520700920975;13568;12022;1096;251039744;26816421;8671914
1520700921076;13578;12030;1098;251039744;26816749;8672659
1520700921176;13588;12039;1099;251039744;26817077;8673401
1520700921276;13598;12047;1100;251039744;26817241;8673772
1520700921376;13608;12056;1101;251039744;26817615;8674565
1520700921476;13618;12066;1101;251039744;26817943;8675307
1520700921576;13628;12073;1103;251039744;26818323;8676370
1520700921676;13638;12082;1104;251039744;26818599;8676796
1520700921777;13648;12091;1105;251039744;26819019;8677644
1520700921877;13658;12100;1106;251039744;26819347;8678389
1520700921977;13668;12110;1106;251039744;26819675;8679131
1520700922077;13678;12118;1107;251039744;26819891;8679819
1520700922178;13688;12127;1108;251039744;26820331;8680615
1520700922278;13698;12135;1110;251039744;26820659;8681358
1520700922382;13709;12144;1110;251039744;26820823;8681731
1520700922483;13719;12153;1112;251039744;26821275;8682590
1520700922583;13729;12162;1112;251039744;26821603;8683335
1520700922684;13739;12172;1112;251039744;26821931;8684079
1520700922784;13749;12181;1113;251039744;26822259;8684823
1520700922885;13759;12190;1114;251039744;26822775;8685673
1520700922985;13769;12199;1115;251039744;26823103;8686415
1520700923086;13779;12208;1115;251039744;26823431;8687159
1520700923186;13789;12217;1116;251039744;26823759;8687903
1520700923286;13799;12226;1116;251039744;26824087;8688645
1520700923386;13809;12236;1116;251039744;26824303;8689340
1520700923486;13819;12245;1117;251039744;26824579;8689763
1520700923586;13829;12255;1117;251039744;26825005;8690879
1520700923688;13839;12264;1118;251039744;26825281;8691303
1520700923788;13849;12273;1119;251039744;26825609;8692048
1520700923888;13859;12282;1119;251039744;26825937;8692794
1520700923988;13869;12291;1120;251039744;26826409;8693959
1520700924089;13879;12300;1120;251039744;26826685;8694383
1520700924189;13889;12310;1121;251039744;26827013;8695127
1520700924289;13899;12319;1121;251039744;26827341;8695871
1520700924390;13909;12328;1122;251039744;26827669;8696616
1520700924490;13920;12337;1123;251039744;26827997;8697360
1520700924590;13930;12346;1124;251039744;26828325;8698104
1520700924691;13940;12355;1124;251039744;26828535;8698530
1520700924791;13950;12365;1125;251039744;26828863;8699275
1520700924891;13960;12373;1126;251039744;26829191;8700020
1520700924991;13970;12382;1126;251039744;26829519;8700764
1520700925092;13980;12391;1127;251039744;26829775;8701241
1520700925192;13990;12400;1128;251039744;26830103;8701985
1520700925292;14000;12409;1129;251039744;26830431;8702729
1520700925392;14010;12418;1130;251039744;26830759;8703470
1520700925492;14020;12427;1130;251039744;26831087;8704212
1520700925592;14030;12435;1132;251039744;26831415;8704957
1520700925692;14040;12444;1133;251039744;26832177;8705752
1520700925793;14050;12454;1133;251039744;26832629;8706612
1520700925893;14060;12463;1134;251039744;26832793;8706985
1520700925993;14070;12472;1134;251039744;26833121;8707727
1520700926093;14080;12480;1136;251039744;26833449;8708471
1520700926193;14090;12490;1136;251039744;26833869;8709317
1520700926293;14100;12498;1137;251039744;26834197;8710061
1520700926393;14110;12507;1138;251039744;26834525;8710807
1520700926493;14120;12516;1139;251039744;26834853;8711553
1520700926593;14130;12525;1140;251039744;26835181;8712298
1520700926693;14140;12534;1141;251039744;26835509;8713043
1520700926794;14150;12541;1143;251039744;26835883;8713840
1520700926894;14160;12550;1144;251039744;26836047;8714210
1520700926995;14170;12559;1145;251039744;26836375;8714952
1520700927095;14180;12568;1146;251039744;26836703;8715698
1520700927195;14190;12577;1146;251039744;26837083;8716765
1520700927296;14200;12585;1148;251039744;26837359;8717190
1520700927396;14210;12594;1149;251039744;26837779;8718041
1520700927496;14220;12602;1150;251039744;26838107;8718785
1520700927596;14230;12611;1151;251039744;26838435;8719528
1520700927697;14240;12620;1152;251039744;26838763;8720271
1520700927797;14250;12628;1154;251039744;26839091;8721013
1520700927897;14260;12638;1154;251039744;26839419;8721759
1520700927997;14270;12647;1154;251039744;26839793;8722555
1520700928098;14280;12656;1155;251039744;26840121;8723299
1520700928198;14290;12666;1156;251039744;26840449;8724042
1520700928299;14300;12675;1156;251039744;26840777;8724787
1520700928399;14310;12683;1157;251039744;26841105;8725530
1520700928499;14320;12693;1158;251039744;26841525;8726379
1520700928599;14330;12702;1158;251039744;26841853;8727121
1520700928699;14340;12712;1158;251039744;26842233;8728189
1520700928799;14350;12721;1159;251039744;26842673;8728988
1520700928899;14360;12729;1160;251039744;26843125;8729848
1520700929000;14370;12736;1161;251039744;26843645;8730316
1520700929100;14381;12744;1162;252088320;26843645;8730316
