1520694694158,4.527798,4.514160,0.013638,1
1520694694168,4.525013,4.510269,0.014744,1
1520694694178,4.522362,4.516258,0.006104,1
1520694694188,4.524307,4.515400,0.008907,1
1520694694198,4.523373,4.513893,0.009480,1
1520694694208,4.500103,4.463329,0.036774,1
1520694694218,4.523582,4.514580,0.009003,1
1520694694228,4.523716,4.513741,0.009975,1
1520694694238,4.520931,4.513359,0.007572,1
1520694694248,4.524899,4.515324,0.009575,1
1520694694258,4.522591,4.510498,0.012093,1
1520694694268,4.521866,4.513874,0.007992,1
1520694694279,4.521809,4.512691,0.009117,1
1520694694289,4.522781,4.513798,0.008984,1
1520694694299,4.522648,4.516754,0.005894,1
1520694694309,4.425640,4.415169,0.010471,1
1520694694319,4.523869,4.513130,0.010738,1
1520694694329,4.521046,4.511166,0.009880,1
1520694694339,4.521828,4.513531,0.008297,1
1520694694349,4.524384,4.514847,0.009537,1
1520694694359,4.472065,4.465809,0.006256,1
1520694694370,4.520226,4.516220,0.004005,1
1520694694380,4.522572,4.516373,0.006199,1
1520694694390,4.523182,4.516277,0.006905,1
1520694694400,4.526501,4.512634,0.013866,1
1520694694410,4.508724,4.501972,0.006752,1
1520694694420,4.521847,4.511871,0.009975,1
1520694694430,4.521046,4.516220,0.004826,1
1520694694440,4.524040,4.514313,0.009727,1
1520694694450,4.527683,4.516411,0.011272,1
1520694694461,4.525242,4.513493,0.011749,1
1520694694471,4.524670,4.514904,0.009766,1
1520694694481,4.524822,4.512939,0.011883,1
1520694694491,4.523468,4.513874,0.009594,1
1520694694501,4.522858,4.514103,0.008755,1
1520694694511,4.509964,4.492664,0.017300,1
1520694694521,4.525394,4.514122,0.011272,1
1520694694531,4.525547,4.515533,0.010014,1
1520694694541,4.272041,4.254780,0.017262,1
1520694694551,4.313259,4.298763,0.014496,1
1520694694561,4.261284,4.235783,0.025501,1
1520694694571,4.292850,4.264812,0.028038,1
1520694694581,4.299698,4.272499,0.027199,1
1520694694591,4.319038,4.302692,0.016346,1
1520694694601,4.286938,4.263325,0.023613,0
1520694694611,4.304276,4.280815,0.023460,0
1520694694621,4.286480,4.262791,0.023689,0
1520694694631,4.284878,4.265766,0.019112,0
1520694694641,4.272728,4.245529,0.027199,0
1520694694651,4.298439,4.273014,0.025425,0
1520694694661,4.296036,4.275589,0.020447,0
1520694694671,4.317093,4.287796,0.029297,0
1520694694681,4.310532,4.290657,0.019875,0
1520694694692,4.340401,4.328251,0.012150,0
1520694694702,4.278183,4.253235,0.024948,1
1520694694712,4.283581,4.271240,0.012341,1
1520694694722,4.285221,4.263363,0.021858,1
1520694694732,4.288921,4.261131,0.027790,1
1520694694742,4.314518,4.290524,0.023994,1
1520694694752,4.271526,4.244614,0.026913,1
1520694694762,4.270725,4.247608,0.023117,1
1520694694772,4.222660,4.193344,0.029316,1
1520694694783,4.243393,4.218407,0.024986,1
1520694694793,4.197292,4.172039,0.025253,1
1520694694803,4.280910,4.255371,0.025539,0
1520694694813,4.197807,4.166813,0.030994,0
1520694694823,4.260025,4.234924,0.025101,0
1520694694833,4.206009,4.184647,0.021362,0
1520694694843,4.203644,4.175453,0.028191,0
1520694694853,4.208794,4.178963,0.029831,0
1520694694863,4.204617,4.172668,0.031948,0
1520694694873,4.200020,4.172077,0.027943,0
1520694694883,4.211063,4.176540,0.034523,0
1520694694893,4.201946,4.172173,0.029774,0
1520694694903,4.283199,4.259396,0.023804,1
1520694694913,4.205303,4.177094,0.028210,1
1520694694924,4.280415,4.253750,0.026665,1
1520694694934,4.213238,4.175358,0.037880,1
1520694694944,4.280834,4.250832,0.030003,1
1520694694954,4.200630,4.171104,0.029526,1
1520694694964,4.279594,4.254189,0.025406,1
1520694694974,4.198341,4.174023,0.024319,1
1520694694984,4.214191,4.192181,0.022011,1
1520694694994,4.223995,4.192066,0.031929,1
1520694695004,4.204521,4.172211,0.032310,0
1520694695015,4.301090,4.274902,0.026188,0
1520694695025,4.196663,4.167538,0.029125,0
1520694695035,4.257030,4.230213,0.026817,0
1520694695045,4.198780,4.173813,0.024967,0
1520694695055,4.235764,4.208183,0.027580,0
1520694695065,4.202385,4.166737,0.035648,0
1520694695075,4.284248,4.262714,0.021534,0
1520694695085,4.197712,4.174080,0.023632,0
1520694695095,4.283428,4.261150,0.022278,0
1520694695106,4.198322,4.173660,0.024662,1
1520694695116,4.192715,4.171429,0.021286,1
1520694695126,4.203758,4.172077,0.031681,1
1520694695136,4.202766,4.168243,0.034523,1
1520694695146,4.239502,4.202843,0.036659,1
1520694695156,4.198360,4.164448,0.033913,1
1520694695166,4.217396,4.184952,0.032444,1
1520694695176,4.198055,4.177284,0.020771,1
1520694695186,4.210854,4.186974,0.023880,1
1520694695196,4.200172,4.184513,0.015659,1
1520694695206,4.203434,4.166927,0.036507,0
1520694695216,4.205914,4.176025,0.029888,0
1520694695226,4.192486,4.182854,0.009632,0
1520694695236,4.206181,4.173775,0.032406,0
1520694695246,4.199047,4.167252,0.031796,0
1520694695256,4.299755,4.269047,0.030708,0
1520694695266,4.196110,4.171963,0.024147,0
1520694695276,4.287472,4.258118,0.029354,0
1520694695287,4.213848,4.178333,0.035515,0
1520694695297,4.274883,4.259300,0.015583,0
1520694695307,4.217110,4.191380,0.025730,1
1520694695317,4.199524,4.172363,0.027161,1
1520694695327,4.201088,4.171963,0.029125,1
1520694695337,4.195957,4.172840,0.023117,1
1520694695347,4.233704,4.204388,0.029316,1
1520694695357,4.196434,4.170399,0.026035,1
1520694695367,4.294090,4.267807,0.026283,1
1520694695378,4.204674,4.171276,0.033398,1
1520694695388,4.290676,4.272747,0.017929,1
1520694695398,4.278545,4.263020,0.015526,1
1520694695408,4.196815,4.173031,0.023785,0
1520694695418,4.208202,4.183731,0.024471,0
1520694695428,4.196968,4.169254,0.027714,0
1520694695438,4.239140,4.210014,0.029125,0
1520694695448,4.202003,4.172363,0.029640,0
1520694695458,4.245586,4.201946,0.043640,0
1520694695468,4.195786,4.168530,0.027256,0
1520694695478,4.289303,4.262238,0.027065,0
1520694695488,4.198399,4.172287,0.026112,0
1520694695498,4.306908,4.281483,0.025425,0
1520694695508,4.209557,4.178982,0.030575,1
1520694695518,4.219666,4.182358,0.037308,1
1520694695528,4.296284,4.265251,0.031033,1
1520694695538,4.217796,4.178123,0.039673,1
1520694695548,4.296398,4.258251,0.038147,1
1520694695558,4.238243,4.209480,0.028763,1
1520694695568,4.279041,4.249573,0.029469,1
1520694695578,4.197578,4.169006,0.028572,1
1520694695588,4.281406,4.255562,0.025845,1
1520694695598,4.207973,4.203033,0.004940,1
1520694695609,4.196930,4.169521,0.027409,0
1520694695619,4.214268,4.195957,0.018311,0
1520694695629,4.204521,4.167404,0.037117,0
1520694695639,4.214268,4.182339,0.031929,0
1520694695649,4.200764,4.170475,0.030289,0
1520694695659,4.266567,4.227619,0.038948,0
1520694695669,4.197884,4.167976,0.029907,0
1520694695679,4.227333,4.197865,0.029469,0
1520694695689,4.208221,4.170895,0.037327,0
1520694695700,4.270725,4.248142,0.022583,0
1520694695710,4.198246,4.173794,0.024452,1
1520694695720,4.200001,4.166260,0.033741,1
1520694695730,4.202080,4.173813,0.028267,1
1520694695740,4.224567,4.189625,0.034943,1
1520694695750,4.211845,4.187145,0.024700,1
1520694695760,4.200439,4.168949,0.031490,1
1520694695770,4.215374,4.193802,0.021572,1
1520694695780,4.216366,4.191742,0.024624,1
1520694695791,4.257812,4.216213,0.041599,1
1520694695801,4.204865,4.178391,0.026474,1
1520694695811,4.210682,4.176388,0.034294,0
1520694695821,4.215355,4.175510,0.039845,0
1520694695831,4.210758,4.179935,0.030823,0
1520694695841,4.217815,4.191628,0.026188,0
1520694695851,4.208527,4.184303,0.024223,0
1520694695861,4.210739,4.185982,0.024757,0
1520694695871,4.204350,4.172382,0.031967,0
1520694695881,4.207458,4.174366,0.033092,0
1520694695891,4.204903,4.175758,0.029144,0
1520694695901,4.301949,4.283733,0.018215,0
1520694695911,4.212379,4.182549,0.029831,1
1520694695921,4.215279,4.193745,0.021534,1
1520694695932,4.208317,4.180698,0.027618,1
1520694695942,4.212761,4.201279,0.011482,1
1520694695952,4.198284,4.168072,0.030212,1
1520694695962,4.206886,4.172993,0.033894,1
1520694695972,4.197388,4.176044,0.021343,1
1520694695982,4.230080,4.198017,0.032063,1
1520694695992,4.200478,4.172077,0.028400,1
1520694696002,4.269905,4.246731,0.023174,0
1520694696012,4.197598,4.176846,0.020752,0
1520694696023,4.253006,4.228020,0.024986,0
1520694696033,4.196091,4.169807,0.026283,0
1520694696043,4.219818,4.173145,0.046673,0
1520694696053,4.195137,4.173927,0.021210,0
1520694696063,4.226799,4.215393,0.011406,0
1520694696073,4.208584,4.176559,0.032024,0
1520694696083,4.206467,4.176025,0.030441,0
1520694696093,4.214344,4.175568,0.038776,0
1520694696103,4.200935,4.180012,0.020924,1
1520694696114,4.289780,4.260979,0.028801,1
1520694696124,4.196758,4.172344,0.024414,1
1520694696134,4.283009,4.259682,0.023327,1
1520694696144,4.196186,4.171753,0.024433,1
1520694696154,4.290009,4.267941,0.022068,1
1520694696164,4.199562,4.173737,0.025826,1
1520694696174,4.246273,4.226475,0.019798,1
1520694696184,4.194279,4.169540,0.024738,1
1520694696194,4.269085,4.243870,0.025215,1
1520694696205,4.214497,4.187050,0.027447,0
1520694696215,4.202099,4.182396,0.019703,0
1520694696225,4.234238,4.200802,0.033436,0
1520694696235,4.197330,4.169235,0.028095,0
1520694696245,4.213219,4.182987,0.030231,0
1520694696255,4.211235,4.177284,0.033951,0
1520694696265,4.289436,4.273415,0.016022,0
1520694696275,4.212017,4.172363,0.039654,0
1520694696285,4.275303,4.251575,0.023727,0
1520694696296,4.200878,4.174938,0.025940,0
1520694696306,4.192562,4.165192,0.027370,1
1520694696316,4.212303,4.180546,0.031757,1
1520694696326,4.197159,4.159832,0.037327,1
1520694696336,4.200649,4.175472,0.025177,1
1520694696346,4.192677,4.167538,0.025139,1
1520694696356,4.241295,4.211884,0.029411,1
1520694696366,4.207230,4.171143,0.036087,1
1520694696376,4.224548,4.188614,0.035934,1
1520694696386,4.232044,4.188881,0.043163,1
1520694696396,4.277897,4.261112,0.016785,1
1520694696406,4.211292,4.180088,0.031204,0
1520694696416,4.198112,4.172497,0.025616,0
1520694696426,4.227333,4.193039,0.034294,0
1520694696437,4.203053,4.167061,0.035992,0
1520694696447,4.219379,4.188423,0.030956,0
1520694696457,4.199352,4.175663,0.023689,0
1520694696467,4.205456,4.179230,0.026226,0
1520694696477,4.199409,4.165363,0.034046,0
1520694696487,4.243259,4.209766,0.033493,0
1520694696497,4.202499,4.170399,0.032101,0
1520694696507,4.231319,4.205742,0.025578,1
1520694696517,4.200096,4.169254,0.030842,1
1520694696528,4.200325,4.173756,0.026569,1
1520694696538,4.196453,4.170494,0.025959,1
1520694696548,4.195442,4.167557,0.027885,1
1520694696558,4.202709,4.172630,0.030079,1
1520694696568,4.248295,4.220428,0.027866,1
1520694696578,4.200554,4.170189,0.030365,1
1520694696588,4.198799,4.172287,0.026512,1
1520694696598,4.199905,4.171162,0.028744,1
1520694696608,4.204140,4.170475,0.033665,0
1520694696618,4.284248,4.259377,0.024872,0
1520694696628,4.198761,4.170322,0.028439,0
1520694696638,4.197445,4.169540,0.027905,0
1520694696648,4.197655,4.174805,0.022850,0
1520694696658,4.222393,4.206581,0.015812,0
1520694696668,4.205608,4.181767,0.023842,0
1520694696678,4.207153,4.172268,0.034885,0
1520694696688,4.218445,4.175243,0.043201,0
1520694696698,4.197483,4.168129,0.029354,0
1520694696708,4.282207,4.261608,0.020599,1
1520694696718,4.239597,4.207592,0.032005,1
1520694696728,4.202423,4.170723,0.031700,1
1520694696738,4.231510,4.198132,0.033379,1
1520694696748,4.196377,4.172688,0.023689,1
1520694696759,4.295063,4.251995,0.043068,1
1520694696769,4.204979,4.173698,0.031281,1
1520694696779,4.240456,4.217987,0.022469,1
1520694696789,4.204540,4.174633,0.029907,1
1520694696799,4.303780,4.271412,0.032368,1
1520694696809,4.239750,4.205627,0.034122,0
1520694696819,4.227409,4.196625,0.030785,0
1520694696829,4.227886,4.218578,0.009308,0
1520694696839,4.216385,4.187641,0.028744,0
1520694696850,4.234848,4.210663,0.024185,0
1520694696860,4.209843,4.177761,0.032082,0
1520694696870,4.231052,4.200630,0.030422,0
1520694696880,4.201355,4.171104,0.030251,0
1520694696890,4.239845,4.222584,0.017262,0
1520694696900,4.254627,4.224205,0.030422,0
1520694696910,4.263973,4.244862,0.019112,1
1520694696920,4.240932,4.222832,0.018101,1
1520694696930,4.297543,4.267406,0.030136,1
1520694696941,4.233627,4.198837,0.034790,1
1520694696951,4.297066,4.268856,0.028210,1
1520694696961,4.222221,4.215031,0.007191,1
1520694696971,4.287491,4.260483,0.027008,1
1520694696981,4.244595,4.198914,0.045681,1
1520694696991,4.281845,4.254589,0.027256,1
1520694697001,4.259930,4.244442,0.015488,1
1520694697011,4.224949,4.193401,0.031548,0
1520694697021,4.215832,4.189377,0.026455,0
1520694697031,4.203587,4.178467,0.025120,0
1520694697041,4.249325,4.219971,0.029354,0
1520694697051,4.204273,4.175758,0.028515,0
1520694697061,4.245071,4.213200,0.031872,0
1520694697071,4.198685,4.171448,0.027237,0
1520694697081,4.273567,4.259815,0.013752,0
1520694697091,4.208965,4.175873,0.033092,0
1520694697101,4.306087,4.277706,0.028381,0
1520694697111,4.222755,4.210262,0.012493,1
1520694697122,4.193687,4.169350,0.024338,1
1520694697132,4.206829,4.179516,0.027313,1
1520694697142,4.201984,4.169674,0.032310,1
1520694697152,4.207211,4.175491,0.031719,1
1520694697162,4.226608,4.188232,0.038376,1
1520694697172,4.234886,4.204369,0.030518,1
1520694697182,4.198475,4.167252,0.031223,1
1520694697192,4.214535,4.193687,0.020847,1
1520694697202,4.283581,4.269962,0.013618,1
1520694697213,4.247627,4.223595,0.024033,0
1520694697223,4.206543,4.175625,0.030918,0
1520694697233,4.195251,4.165268,0.029984,0
1520694697243,4.198666,4.169788,0.028877,0
1520694697253,4.199581,4.169483,0.030098,0
1520694697263,4.215336,4.186077,0.029259,0
1520694697273,4.200325,4.171009,0.029316,0
1520694697283,4.210472,4.182434,0.028038,0
1520694697293,4.196167,4.173508,0.022659,0
1520694697303,4.309921,4.289513,0.020409,0
1520694697313,4.212646,4.176102,0.036545,1
1520694697323,4.200001,4.177246,0.022755,1
1520694697333,4.238148,4.200401,0.037746,1
1520694697343,4.201107,4.168701,0.032406,1
1520694697354,4.218349,4.183807,0.034542,1
1520694697364,4.205894,4.175911,0.029984,1
1520694697374,4.216919,4.178829,0.038090,1
1520694697384,4.195652,4.171047,0.024605,1
1520694697394,4.254665,4.210300,0.044365,1
1520694697404,4.206409,4.177856,0.028553,1
1520694697414,4.198551,4.169064,0.029488,0
1520694697424,4.229908,4.196911,0.032997,0
1520694697434,4.198265,4.168758,0.029507,0
1520694697445,4.227448,4.193668,0.033779,0
1520694697455,4.200745,4.195499,0.005245,0
1520694697465,4.208622,4.182072,0.026550,0
1520694697475,4.204216,4.168835,0.035381,0
1520694697485,4.213657,4.177837,0.035820,0
1520694697495,4.202080,4.173050,0.029030,0
1520694697505,4.227123,4.202824,0.024300,1
1520694697515,4.206676,4.182148,0.024529,1
1520694697525,4.197884,4.164104,0.033779,1
1520694697535,4.207211,4.179821,0.027390,1
1520694697545,4.193916,4.182148,0.011768,1
1520694697555,4.280052,4.242878,0.037174,1
1520694697565,4.196491,4.171791,0.024700,1
1520694697575,4.286175,4.238281,0.047894,1
1520694697585,4.198341,4.168739,0.029602,1
1520694697595,4.284859,4.256516,0.028343,1
1520694697605,4.197903,4.174824,0.023079,0
1520694697615,4.206238,4.175053,0.031185,0
1520694697625,4.229717,4.195042,0.034676,0
1520694697635,4.208870,4.181538,0.027332,0
1520694697645,4.277420,4.255638,0.021782,0
1520694697655,4.204884,4.180145,0.024738,0
1520694697665,4.280758,4.258251,0.022507,0
1520694697676,4.197884,4.173813,0.024071,0
1520694697686,4.287891,4.255924,0.031967,0
1520694697696,4.202175,4.169083,0.033092,0
1520694697706,4.200001,4.173374,0.026627,1
1520694697716,4.217110,4.195251,0.021858,1
1520694697726,4.197636,4.179821,0.017815,1
1520694697736,4.282608,4.263916,0.018692,1
1520694697746,4.207649,4.183979,0.023670,1
1520694697756,4.286175,4.260387,0.025787,1
1520694697767,4.210606,4.179688,0.030918,1
1520694697777,4.297733,4.265728,0.032005,1
1520694697787,4.214153,4.174767,0.039387,1
1520694697797,4.286556,4.267006,0.019550,1
1520694697807,4.202023,4.177570,0.024452,0
1520694697817,4.217148,4.181042,0.036106,0
1520694697827,4.275112,4.256744,0.018368,0
1520694697837,4.200039,4.169350,0.030689,0
1520694697847,4.277096,4.257221,0.019875,0
1520694697857,4.205818,4.174099,0.031719,0
1520694697867,4.210854,4.183121,0.027733,0
1520694697877,4.222145,4.179821,0.042324,0
1520694697887,4.205742,4.201546,0.004196,0
1520694697897,4.199371,4.172764,0.026608,0
1520694697908,4.202423,4.177322,0.025101,1
1520694697918,4.296875,4.270039,0.026836,1
1520694697928,4.213581,4.181252,0.032330,1
1520694697938,4.208889,4.182167,0.026722,1
1520694697948,4.214897,4.180813,0.034084,1
1520694697958,4.265556,4.243450,0.022106,1
1520694697968,4.205589,4.177628,0.027962,1
1520694697978,4.277534,4.244537,0.032997,1
1520694697988,4.197540,4.177113,0.020428,1
1520694697999,4.291897,4.276505,0.015392,1
1520694698009,4.201584,4.170494,0.031090,0
1520694698019,4.258919,4.225616,0.033302,0
1520694698029,4.212856,4.181385,0.031471,0
1520694698039,4.215450,4.179230,0.036221,0
1520694698049,4.259510,4.239941,0.019569,0
1520694698059,4.213104,4.185925,0.027180,0
1520694698069,4.262390,4.234791,0.027599,0
1520694698079,4.219379,4.174538,0.044842,0
1520694698090,4.265957,4.236774,0.029182,0
1520694698100,4.202595,4.173641,0.028954,0
1520694698110,4.214115,4.176331,0.037785,1
1520694698120,4.230461,4.202042,0.028419,1
1520694698130,4.213829,4.185753,0.028076,1
1520694698140,4.285641,4.266930,0.018711,1
1520694698150,4.205284,4.180164,0.025120,1
1520694698160,4.281082,4.255180,0.025902,1
1520694698170,4.200974,4.192886,0.008087,1
1520694698181,4.284286,4.258041,0.026245,1
1520694698191,4.211235,4.206886,0.004349,1
1520694698201,4.290428,4.268932,0.021496,1
1520694698211,4.219475,4.185066,0.034409,0
1520694698221,4.206848,4.179878,0.026970,0
1520694698231,4.288654,4.262600,0.026054,0
1520694698241,4.218845,4.185715,0.033131,0
1520694698251,4.292431,4.270611,0.021820,0
1520694698261,4.212589,4.181271,0.031319,0
1520694698272,4.307537,4.252872,0.054665,0
1520694698282,4.213562,4.194527,0.019035,0
1520694698292,4.251022,4.221478,0.029545,0
1520694698302,4.208908,4.180202,0.028706,0
1520694698312,4.261608,4.240856,0.020752,1
1520694698322,4.212952,4.184895,0.028057,1
1520694698332,4.220619,4.212818,0.007801,1
1520694698342,4.291401,4.268990,0.022411,1
1520694698352,4.225368,4.188862,0.036507,1
1520694698362,4.292583,4.274063,0.018520,1
1520694698372,4.194221,4.174995,0.019226,1
1520694698382,4.262390,4.242268,0.020123,1
1520694698392,4.202652,4.165306,0.037346,1
1520694698402,4.269447,4.246731,0.022717,1
1520694698412,4.292946,4.264793,0.028152,0
1520694698422,4.203854,4.170647,0.033207,0
1520694698432,4.251690,4.223614,0.028076,0
1520694698442,4.200764,4.181175,0.019588,0
1520694698452,4.267368,4.237652,0.029716,0
1520694698462,4.200649,4.172821,0.027828,0
1520694698472,4.198418,4.169598,0.028820,0
1520694698482,4.199848,4.175186,0.024662,0
1520694698492,4.198971,4.169979,0.028992,0
1520694698503,4.215088,4.180279,0.034809,0
1520694698513,4.207306,4.179821,0.027485,1
1520694698523,4.286137,4.263325,0.022812,1
1520694698533,4.205952,4.177933,0.028019,1
1520694698543,4.281197,4.260521,0.020676,1
1520694698553,4.201546,4.174309,0.027237,1
1520694698563,4.199696,4.175091,0.024605,1
1520694698573,4.198246,4.172096,0.026150,1
1520694698583,4.230328,4.197197,0.033131,1
1520694698594,4.198513,4.171505,0.027008,1
1520694698604,4.267406,4.247093,0.020313,1
1520694698614,4.219704,4.187260,0.032444,0
1520694698624,4.193878,4.165668,0.028210,0
1520694698634,4.292755,4.272022,0.020733,0
1520694698644,4.195862,4.167500,0.028362,0
1520694698654,4.267559,4.243965,0.023594,0
1520694698664,4.191360,4.169235,0.022125,0
1520694698674,4.274387,4.255791,0.018597,0
1520694698684,4.201870,4.174061,0.027809,0
1520694698694,4.204540,4.175529,0.029011,0
1520694698704,4.271755,4.248352,0.023403,0
1520694698714,4.208794,4.172077,0.036716,1
1520694698724,4.284019,4.260330,0.023689,1
1520694698735,4.209423,4.177589,0.031834,1
1520694698745,4.282551,4.255981,0.026569,1
1520694698755,4.202499,4.173717,0.028782,1
1520694698765,4.284401,4.255657,0.028744,1
1520694698775,4.196796,4.170208,0.026588,1
1520694698785,4.247341,4.228191,0.019150,1
1520694698795,4.212646,4.174576,0.038071,1
1520694698805,4.287167,4.265308,0.021858,1
1520694698815,4.215775,4.187241,0.028534,0
1520694698826,4.198341,4.172001,0.026340,0
1520694698836,4.236336,4.207191,0.029144,0
1520694698846,4.208870,4.183617,0.025253,0
1520694698856,4.259949,4.234066,0.025883,0
1520694698866,4.214058,4.184361,0.029697,0
1520694698876,4.273071,4.249916,0.023155,0
1520694698886,4.196510,4.171867,0.024643,0
1520694698896,4.276581,4.255257,0.021324,0
1520694698906,4.204884,4.183884,0.021000,1
1520694698917,4.202652,4.170036,0.032616,1
1520694698927,4.281235,4.254875,0.026360,1
1520694698937,4.266434,4.244022,0.022411,1
1520694698947,4.201050,4.172497,0.028553,1
1520694698957,4.247437,4.225883,0.021553,1
1520694698967,4.229259,4.196491,0.032768,1
1520694698977,4.211178,4.171906,0.039272,1
1520694698987,4.216080,4.179592,0.036488,1
1520694698997,4.206295,4.173183,0.033112,1
1520694699008,4.262867,4.228210,0.034657,0
1520694699018,4.207249,4.177723,0.029526,0
1520694699028,4.287910,4.261360,0.026550,0
1520694699038,4.200935,4.164124,0.036812,0
1520694699048,4.283752,4.255314,0.028439,0
1520694699058,4.207630,4.182110,0.025520,0
1520694699068,4.202785,4.176769,0.026016,0
1520694699078,4.207706,4.174995,0.032711,0
1520694699088,4.208393,4.172440,0.035954,0
1520694699099,4.238186,4.203625,0.034561,0
1520694699109,4.199352,4.165764,0.033588,1
1520694699119,4.279556,4.261761,0.017796,1
1520694699129,4.200630,4.173050,0.027580,1
1520694699139,4.248314,4.226913,0.021400,1
1520694699149,4.220600,4.192429,0.028172,1
1520694699159,4.206753,4.185162,0.021591,1
1520694699169,4.211388,4.183617,0.027771,1
1520694699179,4.206982,4.169979,0.037003,1
1520694699189,4.198856,4.173126,0.025730,1
1520694699199,4.214478,4.178562,0.035915,1
1520694699209,4.258728,4.230824,0.027905,0
1520694699219,4.201641,4.181519,0.020123,0
1520694699229,4.202385,4.171638,0.030746,0
1520694699239,4.238853,4.214630,0.024223,0
1520694699249,4.202824,4.172974,0.029850,0
1520694699259,4.240570,4.207249,0.033321,0
1520694699269,4.197025,4.169559,0.027466,0
1520694699279,4.258347,4.227276,0.031071,0
1520694699289,4.198189,4.174633,0.023556,0
1520694699299,4.255047,4.229984,0.025063,0
1520694699309,4.218521,4.195633,0.022888,1
1520694699319,4.198875,4.169712,0.029163,1
1520694699330,4.292984,4.261818,0.031166,1
1520694699340,4.206734,4.172001,0.034733,1
1520694699350,4.278908,4.248352,0.030556,1
1520694699360,4.198494,4.167480,0.031013,1
1520694699370,4.213123,4.177341,0.035782,1
1520694699380,4.214058,4.188023,0.026035,1
1520694699390,4.200745,4.170132,0.030613,1
1520694699400,4.215260,4.186592,0.028667,1
1520694699410,4.233437,4.215355,0.018082,0
1520694699421,4.227276,4.200306,0.026970,0
1520694699431,4.205627,4.176769,0.028858,0
1520694699441,4.203224,4.166946,0.036278,0
1520694699451,4.209919,4.179935,0.029984,0
1520694699461,4.198284,4.171066,0.027218,0
1520694699471,4.285011,4.261703,0.023308,0
1520694699481,4.202843,4.170418,0.032425,0
1520694699491,4.285870,4.255199,0.030670,0
1520694699501,4.197388,4.171772,0.025616,0
1520694699512,4.199657,4.178391,0.021267,1
1520694699522,4.215240,4.184494,0.030746,1
1520694699532,4.197330,4.172993,0.024338,1
1520694699542,4.288616,4.273510,0.015106,1
1520694699552,4.199562,4.169159,0.030403,1
1520694699562,4.240704,4.226322,0.014381,1
1520694699572,4.210472,4.179859,0.030613,1
1520694699582,4.214554,4.181709,0.032845,1
1520694699592,4.211731,4.176369,0.035362,1
1520694699602,4.211369,4.189453,0.021915,1
1520694699612,4.272995,4.250965,0.022030,0
1520694699622,4.202919,4.175930,0.026989,0
1520694699632,4.196053,4.169998,0.026054,0
1520694699642,4.250107,4.213715,0.036392,0
1520694699652,4.197330,4.171562,0.025768,0
1520694699662,4.293842,4.273796,0.020046,0
1520694699672,4.198017,4.176846,0.021172,0
1520694699682,4.291801,4.266529,0.025272,0
1520694699692,4.198055,4.170456,0.027599,0
1520694699702,4.236164,4.225178,0.010986,0
1520694699712,4.235592,4.234314,0.001278,1
1520694699722,4.198818,4.176655,0.022163,1
1520694699732,4.285870,4.253998,0.031872,1
1520694699743,4.211140,4.178238,0.032902,1
1520694699753,4.221668,4.195747,0.025921,1
1520694699763,4.203129,4.172401,0.030727,1
1520694699773,4.193554,4.190311,0.003242,1
1520694699783,4.198036,4.170876,0.027161,1
1520694699793,4.208469,4.175701,0.032768,1
1520694699803,4.224129,4.194450,0.029678,1
1520694699813,4.198742,4.166756,0.031986,0
1520694699823,4.207897,4.171791,0.036106,0
1520694699834,4.201813,4.170265,0.031548,0
1520694699844,4.196625,4.177113,0.019512,0
1520694699854,4.211693,4.181786,0.029907,0
1520694699864,4.197445,4.168568,0.028877,0
1520694699874,4.231987,4.194813,0.037174,0
1520694699884,4.199142,4.168587,0.030556,0
1520694699894,4.284210,4.257946,0.026264,0
1520694699904,4.204998,4.169292,0.035706,0
1520694699914,4.198017,4.184494,0.013523,1
1520694699925,4.213104,4.179688,0.033417,1
1520694699935,4.289093,4.245129,0.043964,1
1520694699945,4.194927,4.180355,0.014572,1
1520694699955,4.202976,4.196014,0.006962,1
1520694699965,4.202976,4.183598,0.019379,1
1520694699975,4.212990,4.174366,0.038624,1
1520694699985,4.201374,4.175453,0.025921,1
1520694699995,4.210377,4.178982,0.031395,1
1520694700005,4.203320,4.177761,0.025558,1
1520694700016,4.288597,4.258423,0.030174,0
1520694700026,4.194794,4.166336,0.028458,0
1520694700036,4.249058,4.226837,0.022221,0
1520694700046,4.198074,4.174118,0.023956,0
1520694700056,4.204617,4.168053,0.036564,0
1520694700066,4.293423,4.280205,0.013218,0
1520694700076,4.205036,4.184742,0.020294,0
1520694700086,4.288120,4.266911,0.021210,0
1520694700096,4.212055,4.175777,0.036278,0
1520694700106,4.299107,4.280052,0.019054,0
1520694700116,4.265385,4.235687,0.029697,1
1520694700126,4.206276,4.168758,0.037518,1
1520694700136,4.281845,4.254017,0.027828,1
1520694700146,4.244442,4.196110,0.048332,1
1520694700156,4.208050,4.178352,0.029697,1
1520694700166,4.214993,4.179630,0.035362,1
1520694700176,4.216824,4.177856,0.038967,1
1520694700186,4.205894,4.175148,0.030746,1
1520694700196,4.199924,4.173164,0.026760,1
1520694700206,4.284954,4.263592,0.021362,1
1520694700216,4.204063,4.173088,0.030975,0
1520694700226,4.195766,4.173260,0.022507,0
1520694700236,4.216995,4.184208,0.032787,0
1520694700247,4.205875,4.177113,0.028763,0
1520694700257,4.221058,4.192486,0.028572,0
1520694700267,4.203777,4.177818,0.025959,0
1520694700277,4.228859,4.199982,0.028877,0
1520694700287,4.203968,4.168854,0.035114,0
1520694700297,4.275017,4.247894,0.027122,0
1520694700307,4.281292,4.261398,0.019894,0
1520694700317,4.200211,4.176598,0.023613,1
1520694700327,4.236832,4.209194,0.027637,1
1520694700338,4.200058,4.169559,0.030499,1
1520694700348,4.282017,4.258442,0.023575,1
1520694700358,4.200363,4.166317,0.034046,1
1520694700368,4.282379,4.251919,0.030460,1
1520694700378,4.224472,4.188156,0.036316,1
1520694700388,4.200516,4.170799,0.029716,1
1520694700398,4.212608,4.203281,0.009327,1
1520694700408,4.239540,4.211159,0.028381,1
1520694700418,4.234810,4.218998,0.015812,0
1520694700428,4.200954,4.172459,0.028496,0
1520694700438,4.206448,4.172745,0.033703,0
1520694700448,4.288788,4.274921,0.013866,0
1520694700458,4.207649,4.171162,0.036488,0
1520694700468,4.279366,4.260387,0.018978,0
1520694700478,4.196739,4.174004,0.022736,0
1520694700488,4.197521,4.172516,0.025005,0
1520694700498,4.200268,4.176922,0.023346,0
1520694700508,4.237957,4.207420,0.030537,0
1520694700518,4.288216,4.260731,0.027485,1
1520694700528,4.200459,4.174404,0.026054,1
1520694700538,4.202118,4.171486,0.030632,1
1520694700548,4.200535,4.179993,0.020542,1
1520694700558,4.235592,4.191437,0.044155,1
1520694700569,4.207630,4.175396,0.032234,1
1520694700579,4.202824,4.182911,0.019913,1
1520694700589,4.213600,4.181538,0.032063,1
1520694700599,4.197216,4.170723,0.026493,1
1520694700609,4.288273,4.269085,0.019188,0
1520694700619,4.255104,4.246082,0.009022,0
1520694700629,4.213505,4.179859,0.033646,0
1520694700639,4.287090,4.257240,0.029850,0
1520694700649,4.227924,4.184265,0.043659,0
1520694700660,4.279575,4.255676,0.023899,0
1520694700670,4.210701,4.179745,0.030956,0
1520694700680,4.264221,4.233532,0.030689,0
1520694700690,4.208546,4.182014,0.026531,0
1520694700700,4.229164,4.214115,0.015049,0
1520694700710,4.286842,4.271488,0.015354,1
1520694700720,4.199619,4.171391,0.028229,1
1520694700730,4.261570,4.237995,0.023575,1
1520694700740,4.244061,4.215794,0.028267,1
1520694700751,4.222183,4.212608,0.009575,1
1520694700761,4.246731,4.226017,0.020714,1
1520694700771,4.219112,4.183998,0.035114,1
1520694700781,4.243870,4.220638,0.023232,1
1520694700791,4.216118,4.186344,0.029774,1
1520694700801,4.274864,4.258308,0.016556,1
1520694700811,4.227772,4.189854,0.037918,0
1520694700821,4.198666,4.170895,0.027771,0
1520694700831,4.232292,4.199886,0.032406,0
1520694700841,4.196434,4.170818,0.025616,0
1520694700851,4.219131,4.202251,0.016880,0
1520694700861,4.201870,4.170113,0.031757,0
1520694700871,4.219379,4.190178,0.029202,0
1520694700881,4.199753,4.171543,0.028210,0
1520694700891,4.206047,4.173450,0.032597,0
1520694700901,4.207497,4.178581,0.028915,0
1520694700911,4.207382,4.179192,0.028191,1
1520694700921,4.270115,4.248695,0.021420,1
1520694700932,4.199505,4.164829,0.034676,1
1520694700942,4.277382,4.258976,0.018406,1
1520694700952,4.197960,4.171848,0.026112,1
1520694700962,4.285927,4.267063,0.018864,1
1520694700972,4.209194,4.170532,0.038662,1
1520694700982,4.226551,4.218330,0.008221,1
1520694700992,4.212513,4.175663,0.036850,1
1520694701002,4.211864,4.202385,0.009480,1
1520694701012,4.244366,4.213963,0.030403,0
1520694701023,4.212303,4.177055,0.035248,0
1520694701033,4.295044,4.273071,0.021973,0
1520694701043,4.212036,4.177895,0.034142,0
1520694701053,4.277134,4.252090,0.025043,0
1520694701063,4.199314,4.174461,0.024853,0
1520694701073,4.209518,4.177246,0.032272,0
1520694701083,4.213047,4.179306,0.033741,0
1520694701093,4.202690,4.168682,0.034008,0
1520694701103,4.210567,4.179134,0.031433,0
1520694701113,4.200783,4.169788,0.030994,1
1520694701123,4.206371,4.179668,0.026703,1
1520694701133,4.211445,4.186077,0.025368,1
1520694701143,4.215469,4.186363,0.029106,1
1520694701153,4.221897,4.196358,0.025539,1
1520694701164,4.195633,4.170914,0.024719,1
1520694701174,4.218521,4.195137,0.023384,1
1520694701184,4.197655,4.173279,0.024376,1
1520694701194,4.242439,4.203167,0.039272,1
1520694701204,4.203835,4.170551,0.033283,1
1520694701214,4.199715,4.175892,0.023823,0
1520694701224,4.219627,4.195461,0.024166,0
1520694701234,4.197102,4.173832,0.023270,0
1520694701244,4.290371,4.266815,0.023556,0
1520694701255,4.214668,4.185028,0.029640,0
1520694701265,4.286003,4.255352,0.030651,0
1520694701275,4.203434,4.175549,0.027885,0
1520694701285,4.274845,4.251175,0.023670,0
1520694701295,4.202995,4.177113,0.025883,0
1520694701305,4.196835,4.167175,0.029659,0
1520694701315,4.292583,4.273205,0.019379,1
1520694701325,4.219360,4.185467,0.033894,1
1520694701335,4.275951,4.255638,0.020313,1
1520694701345,4.199886,4.171181,0.028706,1
1520694701355,4.200668,4.180698,0.019970,1
1520694701365,4.205322,4.175987,0.029335,1
1520694701375,4.197865,4.172916,0.024948,1
1520694701385,4.280033,4.251308,0.028725,1
1520694701396,4.202137,4.172955,0.029182,1
1520694701406,4.197273,4.166355,0.030918,1
1520694701416,4.255600,4.245949,0.009651,0
1520694701426,4.205475,4.200706,0.004768,0
1520694701436,4.290600,4.269047,0.021553,0
1520694701446,4.208927,4.178162,0.030766,0
1520694701456,4.199848,4.172268,0.027580,0
1520694701466,4.206619,4.173813,0.032806,0
1520694701476,4.196968,4.178772,0.018196,0
1520694701487,4.214077,4.185448,0.028629,0
1520694701497,4.212399,4.174500,0.037899,0
1520694701507,4.289322,4.244270,0.045052,0
1520694701517,4.202976,4.170189,0.032787,1
1520694701527,4.228592,4.212742,0.015850,1
1520694701537,4.207153,4.182453,0.024700,1
1520694701547,4.202785,4.176331,0.026455,1
1520694701557,4.230881,4.201660,0.029221,1
1520694701567,4.200859,4.169903,0.030956,1
1520694701578,4.245892,4.215717,0.030174,1
1520694701588,4.197121,4.175835,0.021286,1
1520694701598,4.289970,4.268093,0.021877,1
1520694701608,4.233837,4.209633,0.024204,1
1520694701618,4.234562,4.192982,0.041580,0
1520694701628,4.252224,4.217529,0.034695,0
1520694701638,4.200630,4.165115,0.035515,0
1520694701648,4.290314,4.268093,0.022221,0
1520694701658,4.226189,4.212780,0.013409,0
1520694701668,4.284515,4.257908,0.026608,0
1520694701678,4.199123,4.175968,0.023155,0
1520694701688,4.198952,4.177322,0.021629,0
1520694701698,4.200172,4.176025,0.024147,0
1520694701708,4.230404,4.208508,0.021896,0
1520694701719,4.286251,4.262905,0.023346,1
1520694701729,4.196014,4.172363,0.023651,1
1520694701739,4.286690,4.259109,0.027580,1
1520694701749,4.210300,4.177971,0.032330,1
1520694701759,4.207554,4.178600,0.028954,1
1520694701769,4.288368,4.266396,0.021973,1
1520694701779,4.201031,4.172077,0.028954,1
1520694701789,4.284077,4.255219,0.028858,1
1520694701799,4.194717,4.171124,0.023594,1
1520694701810,4.201756,4.169369,0.032387,0
1520694701820,4.211407,4.180946,0.030460,0
1520694701830,4.207363,4.171925,0.035439,0
1520694701840,4.233704,4.202023,0.031681,0
1520694701850,4.210720,4.193592,0.017128,0
1520694701860,4.242783,4.212132,0.030651,0
1520694701870,4.210281,4.176712,0.033569,0
1520694701880,4.213181,4.201622,0.011559,0
1520694701890,4.217014,4.200439,0.016575,0
1520694701901,4.200096,4.174385,0.025711,0
1520694701911,4.246883,4.209080,0.037804,1
1520694701921,4.206314,4.177589,0.028725,1
1520694701931,4.299374,4.276314,0.023060,1
1520694701941,4.208107,4.179211,0.028896,1
1520694701951,4.214859,4.183521,0.031338,1
1520694701961,4.207439,4.175854,0.031586,1
1520694701971,4.291821,4.264107,0.027714,1
1520694701981,4.207726,4.175014,0.032711,1
1520694701992,4.294701,4.268074,0.026627,1
1520694702002,4.208279,4.183388,0.024891,1
1520694702012,4.213867,4.177971,0.035896,0
1520694702022,4.213886,4.189262,0.024624,0
1520694702032,4.206429,4.174824,0.031605,0
1520694702042,4.300385,4.279099,0.021286,0
1520694702052,4.215164,4.188938,0.026226,0
1520694702062,4.258862,4.235706,0.023155,0
1520694702072,4.218845,4.188747,0.030098,0
1520694702083,4.219379,4.188633,0.030746,0
1520694702093,4.215488,4.188347,0.027142,0
1520694702103,4.215069,4.182167,0.032902,0
1520694702113,4.246063,4.222717,0.023346,1
1520694702123,4.205303,4.175606,0.029697,1
1520694702133,4.241619,4.221592,0.020027,1
1520694702143,4.202557,4.179974,0.022583,1
1520694702153,4.201565,4.171333,0.030231,1
1520694702163,4.236603,4.217377,0.019226,1
1520694702173,4.253483,4.217873,0.035610,1
1520694702183,4.238071,4.207802,0.030270,1
1520694702193,4.203205,4.170799,0.032406,1
1520694702203,4.244766,4.212856,0.031910,1
1520694702213,4.204350,4.173870,0.030479,0
1520694702224,4.200249,4.172211,0.028038,0
1520694702234,4.203453,4.172497,0.030956,0
1520694702244,4.198570,4.174252,0.024319,0
1520694702254,4.208431,4.207897,0.000534,0
1520694702264,4.197617,4.165859,0.031757,0
1520694702274,4.277859,4.261761,0.016098,0
1520694702284,4.198246,4.168034,0.030212,0
1520694702294,4.286022,4.256401,0.029621,0
1520694702304,4.201946,4.169426,0.032520,0
1520694702315,4.207382,4.181767,0.025616,1
1520694702325,4.213715,4.175014,0.038700,1
1520694702335,4.206142,4.174805,0.031338,1
1520694702345,4.224739,4.190254,0.034485,1
1520694702355,4.204178,4.177952,0.026226,1
1520694702365,4.249287,4.225922,0.023365,1
1520694702375,4.211636,4.175968,0.035667,1
1520694702385,4.217243,4.191380,0.025864,1
1520694702395,4.201889,4.178295,0.023594,1
1520694702405,4.207973,4.178219,0.029755,1
1520694702415,4.240017,4.216938,0.023079,0
1520694702425,4.218712,4.189587,0.029125,0
1520694702435,4.215221,4.178581,0.036640,0
1520694702445,4.223175,4.194031,0.029144,0
1520694702455,4.215469,4.186764,0.028706,0
1520694702465,4.266014,4.238052,0.027962,0
1520694702475,4.200916,4.179459,0.021458,0
1520694702485,4.215622,4.191208,0.024414,0
1520694702495,4.199982,4.168587,0.031395,0
1520694702505,4.207230,4.173393,0.033836,0
1520694702515,4.286556,4.252262,0.034294,1
1520694702525,4.199200,4.170303,0.028896,1
1520694702535,4.197769,4.171791,0.025978,1
1520694702546,4.197941,4.173126,0.024815,1
1520694702556,4.203377,4.179325,0.024052,1
1520694702566,4.206772,4.176464,0.030308,1
1520694702576,4.206333,4.173565,0.032768,1
1520694702586,4.223499,4.188366,0.035133,1
1520694702596,4.200306,4.174194,0.026112,1
1520694702606,4.283409,4.255981,0.027428,1
1520694702616,4.201946,4.175682,0.026264,0
1520694702626,4.209061,4.178047,0.031013,0
1520694702637,4.215660,4.181328,0.034332,0
1520694702647,4.210033,4.176178,0.033855,0
1520694702657,4.225311,4.196377,0.028934,0
1520694702667,4.204216,4.169750,0.034466,0
1520694702677,4.288521,4.269905,0.018616,0
1520694702687,4.209785,4.174786,0.035000,0
1520694702697,4.248314,4.224796,0.023518,0
1520694702707,4.197922,4.176960,0.020962,0
1520694702717,4.197674,4.170933,0.026741,1
1520694702727,4.262676,4.225407,0.037270,1
1520694702737,4.207878,4.174938,0.032940,1
1520694702747,4.199314,4.177151,0.022163,1
1520694702757,4.211025,4.181232,0.029793,1
1520694702767,4.205437,4.172230,0.033207,1
1520694702777,4.284058,4.251499,0.032558,1
1520694702787,4.205685,4.172153,0.033531,1
1520694702797,4.274063,4.244785,0.029278,1
1520694702807,4.200554,4.170971,0.029583,1
1520694702818,4.204121,4.168453,0.035667,0
1520694702828,4.216995,4.190807,0.026188,0
1520694702838,4.200459,4.172401,0.028057,0
1520694702848,4.293709,4.274521,0.019188,0
1520694702858,4.222546,4.186211,0.036335,0
1520694702868,4.200745,4.169464,0.031281,0
1520694702878,4.209461,4.180145,0.029316,0
1520694702888,4.197731,4.174023,0.023708,0
1520694702898,4.246120,4.221706,0.024414,0
1520694702908,4.205742,4.169846,0.035896,0
1520694702918,4.196472,4.182777,0.013695,1
1520694702928,4.196796,4.168377,0.028419,1
1520694702938,4.191914,4.170609,0.021305,1
1520694702948,4.210491,4.178047,0.032444,1
1520694702959,4.211407,4.175091,0.036316,1
1520694702969,4.196110,4.171429,0.024681,1
1520694702979,4.200459,4.170284,0.030174,1
1520694702989,4.199772,4.174862,0.024910,1
1520694702999,4.203053,4.180584,0.022469,1
1520694703009,4.314137,4.293251,0.020885,1
1520694703019,4.213123,4.191074,0.022049,0
1520694703029,4.220276,4.183750,0.036526,0
1520694703039,4.209957,4.179688,0.030270,0
1520694703050,4.197674,4.171715,0.025959,0
1520694703060,4.223652,4.194450,0.029202,0
1520694703070,4.200916,4.173012,0.027905,0
1520694703080,4.257736,4.221973,0.035763,0
1520694703090,4.213448,4.184818,0.028629,0
1520694703100,4.256954,4.234829,0.022125,0
1520694703110,4.255314,4.224205,0.031109,0
1520694703120,4.199715,4.173107,0.026608,1
1520694703130,4.254894,4.221649,0.033245,1
1520694703141,4.197559,4.170361,0.027199,1
1520694703151,4.303970,4.285774,0.018196,1
1520694703161,4.202061,4.169788,0.032272,1
1520694703171,4.199715,4.175434,0.024281,1
1520694703181,4.199829,4.176998,0.022831,1
1520694703191,4.204655,4.192123,0.012531,1
1520694703201,4.274101,4.256725,0.017376,1
1520694703211,4.212856,4.193954,0.018902,0
1520694703221,4.199791,4.173794,0.025997,0
1520694703231,4.220352,4.184017,0.036335,0
1520694703241,4.215527,4.181480,0.034046,0
1520694703251,4.297447,4.273262,0.024185,0
1520694703261,4.204998,4.179363,0.025635,0
1520694703271,4.278870,4.257145,0.021725,0
1520694703281,4.199467,4.175167,0.024300,0
1520694703291,4.198093,4.176083,0.022011,0
1520694703301,4.201088,4.170780,0.030308,0
1520694703311,4.207401,4.189510,0.017891,1
1520694703321,4.283657,4.263973,0.019684,1
1520694703331,4.201832,4.194794,0.007038,1
1520694703341,4.198570,4.170055,0.028515,1
1520694703351,4.203930,4.171257,0.032673,1
1520694703361,4.197731,4.179916,0.017815,1
1520694703372,4.221458,4.179916,0.041542,1
1520694703382,4.200230,4.172039,0.028191,1
1520694703392,4.215679,4.182301,0.033379,1
1520694703402,4.217949,4.194221,0.023727,1
1520694703412,4.199200,4.179382,0.019817,0
1520694703422,4.239292,4.220924,0.018368,0
1520694703432,4.198322,4.169521,0.028801,0
1520694703442,4.293118,4.264069,0.029049,0
1520694703452,4.206753,4.174252,0.032501,0
1520694703463,4.252605,4.230118,0.022488,0
1520694703473,4.212360,4.177208,0.035152,0
1520694703483,4.209023,4.176598,0.032425,0
1520694703493,4.205418,4.172726,0.032692,0
1520694703503,4.200802,4.170723,0.030079,0
1520694703513,4.253368,4.234581,0.018787,1
1520694703523,4.208069,4.181557,0.026512,1
1520694703533,4.209518,4.177380,0.032139,1
1520694703543,4.198818,4.176540,0.022278,1
1520694703553,4.202156,4.172325,0.029831,1
1520694703563,4.283199,4.254971,0.028229,1
1520694703573,4.209194,4.184971,0.024223,1
1520694703583,4.278698,4.251328,0.027370,1
1520694703593,4.199123,4.171810,0.027313,1
1520694703603,4.200611,4.168415,0.032196,1
1520694703613,4.226456,4.202766,0.023689,0
1520694703623,4.202824,4.173241,0.029583,0
1520694703633,4.283562,4.256191,0.027370,0
1520694703643,4.200325,4.171543,0.028782,0
1520694703653,4.203568,4.171524,0.032043,0
1520694703663,4.208813,4.173946,0.034866,0
1520694703673,4.205303,4.169655,0.035648,0
1520694703683,4.211159,4.183140,0.028019,0
1520694703694,4.199409,4.170818,0.028591,0
1520694703704,4.220867,4.191494,0.029373,0
1520694703714,4.199104,4.171143,0.027962,1
1520694703724,4.260578,4.235382,0.025196,1
1520694703734,4.210205,4.185429,0.024776,1
1520694703744,4.201298,4.169483,0.031815,1
1520694703754,4.250507,4.220715,0.029793,1
1520694703764,4.199066,4.168949,0.030117,1
1520694703774,4.278564,4.257050,0.021515,1
1520694703785,4.196568,4.170399,0.026169,1
1520694703795,4.279823,4.258976,0.020847,1
1520694703805,4.196949,4.165859,0.031090,1
1520694703815,4.202080,4.172859,0.029221,0
1520694703825,4.206276,4.175701,0.030575,0
1520694703835,4.208298,4.177475,0.030823,0
1520694703845,4.276428,4.255104,0.021324,0
1520694703855,4.198494,4.173889,0.024605,0
1520694703865,4.251671,4.224529,0.027142,0
1520694703876,4.200001,4.173069,0.026932,0
1520694703886,4.198933,4.174023,0.024910,0
1520694703896,4.205914,4.167995,0.037918,0
1520694703906,4.227276,4.194202,0.033073,0
1520694703916,4.301796,4.253864,0.047932,1
1520694703926,4.199638,4.170761,0.028877,1
1520694703936,4.212856,4.175510,0.037346,1
1520694703946,4.214630,4.180679,0.033951,1
1520694703956,4.202938,4.172535,0.030403,1
1520694703967,4.293289,4.260349,0.032940,1
1520694703977,4.286633,4.265423,0.021210,1
1520694703987,4.198589,4.177608,0.020981,1
1520694703997,4.269733,4.243336,0.026398,1
1520694704007,4.205761,4.179401,0.026360,1
1520694704017,4.208488,4.174118,0.034370,0
1520694704027,4.282055,4.262848,0.019207,0
1520694704037,4.204330,4.175282,0.029049,0
1520694704047,4.235325,4.218674,0.016651,0
1520694704057,4.195633,4.168186,0.027447,0
1520694704067,4.202690,4.169407,0.033283,0
1520694704077,4.219532,4.196320,0.023212,0
1520694704087,4.210644,4.183426,0.027218,0
1520694704097,4.239864,4.208794,0.031071,0
1520694704108,4.198742,4.169998,0.028744,0
1520694704118,4.261532,4.228344,0.033188,1
1520694704128,4.196472,4.176235,0.020237,1
1520694704138,4.215527,4.182358,0.033169,1
1520694704148,4.202251,4.177704,0.024548,1
1520694704158,4.203911,4.167404,0.036507,1
1520694704168,4.239922,4.209385,0.030537,1
1520694704178,4.206181,4.169693,0.036488,1
1520694704188,4.284420,4.257889,0.026531,1
1520694704199,4.205952,4.177074,0.028877,1
1520694704209,4.276867,4.257526,0.019341,1
1520694704219,4.221535,4.187508,0.034027,0
1520694704229,4.195824,4.173164,0.022659,0
1520694704239,4.226723,4.198170,0.028553,0
1520694704249,4.208450,4.169445,0.039005,0
1520694704259,4.279804,4.253235,0.026569,0
1520694704269,4.197369,4.167290,0.030079,0
1520694704279,4.203835,4.174614,0.029221,0
1520694704290,4.204865,4.171410,0.033455,0
1520694704300,4.198017,4.164600,0.033417,0
1520694704310,4.195843,4.172649,0.023193,0
1520694704320,4.210644,4.169006,0.041637,1
1520694704330,4.294567,4.263382,0.031185,1
1520694704340,4.200230,4.176559,0.023670,1
1520694704350,4.193497,4.184055,0.009441,1
1520694704360,4.198971,4.165516,0.033455,1
1520694704370,4.208755,4.175816,0.032940,1
1520694704381,4.211464,4.172840,0.038624,1
1520694704391,4.207611,4.191208,0.016403,1
1520694704401,4.202442,4.193249,0.009193,1
1520694704411,4.198284,4.174271,0.024014,1
1520694704421,4.286022,4.254856,0.031166,0
1520694704431,4.211998,4.185429,0.026569,0
1520694704441,4.207439,4.171295,0.036144,0
1520694704451,4.231815,4.194050,0.037766,0
1520694704461,4.198227,4.174938,0.023289,0
1520694704471,4.305954,4.283142,0.022812,0
1520694704481,4.204445,4.179478,0.024967,0
1520694704491,4.210281,4.175816,0.034466,0
1520694704501,4.207439,4.178181,0.029259,0
1520694704511,4.196854,4.168987,0.027866,0
1520694704522,4.287491,4.260712,0.026779,1
1520694704532,4.198399,4.200058,-0.001659,1
1520694704542,4.273186,4.240284,0.032902,1
1520694704552,4.205399,4.180050,0.025349,1
1520694704562,4.261417,4.238644,0.022774,1
1520694704572,4.242516,4.208565,0.033951,1
1520694704582,4.204922,4.174690,0.030231,1
1520694704592,4.235229,4.200344,0.034885,1
1520694704602,4.208984,4.183464,0.025520,1
1520694704613,4.302769,4.286957,0.015812,1
1520694704623,4.209824,4.180012,0.029812,0
1520694704633,4.210873,4.176979,0.033894,0
1520694704643,4.214439,4.181385,0.033054,0
1520694704653,4.202080,4.173508,0.028572,0
1520694704663,4.280930,4.246578,0.034351,0
1520694704673,4.205551,4.178867,0.026684,0
1520694704683,4.285297,4.249401,0.035896,0
1520694704693,4.196777,4.170551,0.026226,0
1520694704704,4.278069,4.256382,0.021687,0
1520694704714,4.260731,4.225502,0.035229,0
1520694704724,4.207497,4.180241,0.027256,1
1520694704734,4.295540,4.270496,0.025043,1
1520694704744,4.249058,4.220753,0.028305,1
1520694704754,4.208126,4.176788,0.031338,1
1520694704764,4.225674,4.193497,0.032177,1
1520694704774,4.202061,4.173527,0.028534,1
1520694704784,4.279861,4.245205,0.034657,1
1520694704795,4.210033,4.175453,0.034580,1
1520694704805,4.292469,4.274025,0.018444,1
1520694704815,4.213142,4.186420,0.026722,0
1520694704825,4.210453,4.173832,0.036621,0
1520694704835,4.211369,4.174004,0.037365,0
1520694704845,4.205246,4.177303,0.027943,0
1520694704855,4.291534,4.274483,0.017052,0
1520694704865,4.205570,4.174576,0.030994,0
1520694704875,4.290733,4.260960,0.029774,0
1520694704886,4.201965,4.171886,0.030079,0
1520694704896,4.279270,4.250908,0.028362,0
1520694704906,4.200401,4.172802,0.027599,0
1520694704916,4.205532,4.171238,0.034294,1
1520694704926,4.230480,4.199791,0.030689,1
1520694704936,4.217567,4.182205,0.035362,1
1520694704946,4.272213,4.256535,0.015678,1
1520694704956,4.224091,4.194145,0.029945,1
1520694704966,4.214554,4.190254,0.024300,1
1520694704976,4.304943,4.283028,0.021915,1
1520694704986,4.275475,4.256401,0.019073,1
1520694704996,4.197311,4.169044,0.028267,1
1520694705006,4.247684,4.221287,0.026398,1
1520694705016,4.226189,4.207497,0.018692,0
1520694705027,4.210529,4.178772,0.031757,0
1520694705037,4.299774,4.275112,0.024662,0
1520694705047,4.206581,4.181042,0.025539,0
1520694705057,4.301090,4.274426,0.026665,0
1520694705067,4.252319,4.227428,0.024891,0
1520694705077,4.197292,4.170494,0.026798,0
1520694705087,4.208088,4.176292,0.031796,0
1520694705097,4.202194,4.173222,0.028973,0
1520694705107,4.207535,4.182701,0.024834,0
1520694705118,4.197121,4.178162,0.018959,1
1520694705128,4.281712,4.255695,0.026016,1
1520694705138,4.196815,4.170399,0.026417,1
1520694705148,4.264317,4.237995,0.026321,1
1520694705158,4.204979,4.179211,0.025768,1
1520694705168,4.195824,4.173241,0.022583,1
1520694705178,4.215736,4.188423,0.027313,1
1520694705188,4.202175,4.165554,0.036621,1
1520694705198,4.227886,4.199543,0.028343,1
1520694705209,4.197388,4.164562,0.032825,1
1520694705219,4.269352,4.239750,0.029602,0
1520694705229,4.208107,4.172363,0.035744,0
1520694705239,4.200897,4.168377,0.032520,0
1520694705249,4.204521,4.176464,0.028057,0
1520694705259,4.201565,4.177990,0.023575,0
1520694705269,4.228592,4.195213,0.033379,0
1520694705279,4.201603,4.178238,0.023365,0
1520694705289,4.281940,4.257298,0.024643,0
1520694705299,4.197960,4.173374,0.024586,0
1520694705309,4.204006,4.171009,0.032997,0
1520694705319,4.250221,4.222603,0.027618,1
1520694705329,4.204674,4.170036,0.034637,1
1520694705339,4.279861,4.255466,0.024395,1
1520694705350,4.201412,4.172268,0.029144,1
1520694705360,4.274330,4.254036,0.020294,1
1520694705370,4.197674,4.171619,0.026054,1
1520694705380,4.248810,4.224796,0.024014,1
1520694705390,4.205036,4.178772,0.026264,1
1520694705400,4.197159,4.171371,0.025787,1
1520694705410,4.229584,4.203148,0.026436,1
1520694705420,4.195843,4.167309,0.028534,0
1520694705430,4.209900,4.173622,0.036278,0
1520694705441,4.205418,4.175720,0.029697,0
1520694705451,4.198761,4.168911,0.029850,0
1520694705461,4.197025,4.175930,0.021095,0
1520694705471,4.210758,4.174194,0.036564,0
1520694705481,4.210453,4.175224,0.035229,0
1520694705491,4.199429,4.177208,0.022221,0
1520694705501,4.221554,4.191265,0.030289,0
1520694705511,4.199791,4.177151,0.022640,0
1520694705521,4.199142,4.171104,0.028038,1
1520694705532,4.288979,4.269199,0.019779,1
1520694705542,4.212322,4.172363,0.039959,1
1520694705552,4.279861,4.256859,0.023003,1
1520694705562,4.240398,4.210186,0.030212,1
1520694705572,4.276619,4.247093,0.029526,1
1520694705582,4.200497,4.171600,0.028896,1
1520694705592,4.200382,4.171772,0.028610,1
1520694705602,4.223785,4.190712,0.033073,1
1520694705612,4.269085,4.254627,0.014458,1
1520694705622,4.238758,4.216671,0.022087,0
1520694705632,4.210052,4.180660,0.029392,0
1520694705642,4.198837,4.171944,0.026894,0
1520694705652,4.226208,4.194260,0.031948,0
1520694705662,4.205532,4.178638,0.026894,0
1520694705672,4.277287,4.251881,0.025406,0
1520694705682,4.206581,4.176197,0.030384,0
1520694705692,4.224243,4.189186,0.035057,0
1520694705702,4.212589,4.180737,0.031853,0
1520694705713,4.281540,4.263477,0.018063,0
1520694705723,4.292755,4.266529,0.026226,1
1520694705733,4.202137,4.167099,0.035038,1
1520694705743,4.275188,4.244175,0.031013,1
1520694705753,4.196148,4.172897,0.023251,1
1520694705763,4.201908,4.171391,0.030518,1
1520694705773,4.209328,4.187565,0.021763,1
1520694705783,4.207077,4.178391,0.028687,1
1520694705793,4.237347,4.207649,0.029697,1
1520694705803,4.209919,4.173317,0.036602,1
1520694705813,4.291229,4.264793,0.026436,1
1520694705823,4.223537,4.192581,0.030956,0
1520694705833,4.200020,4.175987,0.024033,0
1520694705843,4.265690,4.226303,0.039387,0
1520694705853,4.198723,4.173603,0.025120,0
1520694705863,4.220448,4.200363,0.020084,0
1520694705873,4.201450,4.176407,0.025043,0
1520694705883,4.197845,4.173889,0.023956,0
1520694705893,4.200459,4.170589,0.029869,0
1520694705903,4.206963,4.175453,0.031509,0
1520694705913,4.310741,4.289036,0.021706,0
1520694705923,4.203472,4.177933,0.025539,1
1520694705933,4.201508,4.168797,0.032711,1
1520694705944,4.202862,4.175987,0.026875,1
1520694705954,4.202785,4.169483,0.033302,1
1520694705964,4.205971,4.179325,0.026646,1
1520694705974,4.219456,4.184475,0.034981,1
1520694705984,4.255333,4.234772,0.020561,1
1520694705994,4.200401,4.173069,0.027332,1
1520694706004,4.204006,4.175549,0.028458,1
1520694706014,4.239807,4.230824,0.008984,1
1520694706024,4.291782,4.263611,0.028172,0
1520694706035,4.212341,4.177628,0.034714,0
1520694706045,4.274578,4.248924,0.025654,0
1520694706055,4.210720,4.181557,0.029163,0
1520694706065,4.242802,4.225140,0.017662,0
1520694706075,4.205856,4.173527,0.032330,0
1520694706085,4.203167,4.173527,0.029640,0
1520694706095,4.246750,4.214954,0.031796,0
1520694706105,4.203434,4.166965,0.036469,0
1520694706115,4.255009,4.222374,0.032635,1
1520694706125,4.199905,4.173775,0.026131,1
1520694706135,4.234810,4.202652,0.032158,1
1520694706145,4.255276,4.223518,0.031757,1
1520694706155,4.217377,4.188328,0.029049,1
1520694706165,4.301491,4.267826,0.033665,1
1520694706176,4.212685,4.180813,0.031872,1
1520694706186,4.290333,4.262218,0.028114,1
1520694706196,4.206009,4.180393,0.025616,1
1520694706206,4.277401,4.250641,0.026760,1
1520694706216,4.215832,4.191952,0.023880,0
1520694706226,4.197617,4.175377,0.022240,0
1520694706236,4.298038,4.278984,0.019054,0
1520694706246,4.196510,4.197273,-0.000763,0
1520694706256,4.278584,4.268303,0.010281,0
1520694706267,4.244442,4.226665,0.017776,0
1520694706277,4.283504,4.254799,0.028706,0
1520694706287,4.212704,4.193001,0.019703,0
1520694706297,4.212685,4.197350,0.015335,0
1520694706307,4.207211,4.178848,0.028362,0
1520694706317,4.196701,4.167156,0.029545,1
1520694706327,4.253216,4.233570,0.019646,1
1520694706337,4.198818,4.175892,0.022926,1
1520694706347,4.212322,4.174252,0.038071,1
1520694706358,4.211445,4.179783,0.031662,1
1520694706368,4.198322,4.168282,0.030041,1
1520694706378,4.200211,4.170170,0.030041,1
1520694706388,4.199371,4.176102,0.023270,1
1520694706398,4.216118,4.191818,0.024300,1
1520694706408,4.199028,4.168472,0.030556,1
1520694706418,4.206924,4.172916,0.034008,0
1520694706428,4.201660,4.175854,0.025806,0
1520694706438,4.209194,4.178715,0.030479,0
1520694706448,4.211388,4.185963,0.025425,0
1520694706458,4.201088,4.169388,0.031700,0
1520694706468,4.277573,4.257050,0.020523,0
1520694706478,4.229088,4.212627,0.016460,0
1520694706488,4.261856,4.241314,0.020542,0
1520694706499,4.204655,4.176540,0.028114,0
1520694706509,4.224014,4.199753,0.024261,0
1520694706519,4.319172,4.295254,0.023918,1
1520694706529,4.203815,4.170799,0.033016,1
1520694706539,4.247131,4.229889,0.017242,1
1520694706549,4.203606,4.169979,0.033627,1
1520694706559,4.195747,4.170685,0.025063,1
1520694706569,4.199181,4.175816,0.023365,1
1520694706579,4.193325,4.171276,0.022049,1
1520694706590,4.243927,4.205647,0.038280,1
1520694706600,4.201298,4.171963,0.029335,1
1520694706610,4.271049,4.232845,0.038204,1
1520694706620,4.198971,4.173126,0.025845,0
1520694706630,4.200592,4.172573,0.028019,0
1520694706640,4.269276,4.233990,0.035286,0
1520694706650,4.196262,4.173107,0.023155,0
1520694706660,4.288540,4.256115,0.032425,0
1520694706670,4.232407,4.195919,0.036488,0
1520694706680,4.199371,4.172726,0.026646,0
1520694706690,4.247589,4.219608,0.027981,0
1520694706700,4.196777,4.176006,0.020771,0
1520694706710,4.287300,4.264011,0.023289,0
1520694706720,4.206982,4.177055,0.029926,1
1520694706730,4.203033,4.178791,0.024242,1
1520694706740,4.287224,4.265308,0.021915,1
1520694706750,4.241657,4.228954,0.012703,1
1520694706760,4.201145,4.183540,0.017605,1
1520694706771,4.204044,4.176846,0.027199,1
1520694706781,4.199829,4.168930,0.030899,1
1520694706791,4.201756,4.174519,0.027237,1
1520694706801,4.205418,4.175148,0.030270,1
1520694706811,4.214878,4.189644,0.025234,1
1520694706821,4.205704,4.176922,0.028782,0
1520694706831,4.204922,4.177837,0.027084,0
1520694706841,4.212208,4.183445,0.028763,0
1520694706851,4.201984,4.168873,0.033112,0
1520694706862,4.216652,4.190655,0.025997,0
1520694706872,4.187050,4.156952,0.030098,0
1520694706882,4.132061,4.097691,0.034370,0
1520694706892,4.227161,4.195518,0.031643,0
1520694706902,4.202042,4.173164,0.028877,0
1520694706912,4.249287,4.229259,0.020027,0
1520694706922,4.213676,4.182262,0.031414,1
1520694706932,4.197083,4.182434,0.014648,1
1520694706942,4.283810,4.261894,0.021915,1
1520694706953,4.200249,4.170055,0.030193,1
1520694706963,4.286556,4.258308,0.028248,1
1520694706973,4.197350,4.170818,0.026531,1
1520694706983,4.271946,4.247246,0.024700,1
1520694706993,4.289265,4.241791,0.047474,1
1520694707003,4.295387,4.284878,0.010509,1
1520694707013,4.202404,4.172459,0.029945,1
1520694707023,4.197788,4.175892,0.021896,0
1520694707033,4.209423,4.182167,0.027256,0
1520694707043,4.201069,4.176903,0.024166,0
1520694707053,4.291611,4.269238,0.022373,0
1520694707063,4.204483,4.177189,0.027294,0
1520694707073,4.288902,4.261341,0.027561,0
1520694707083,4.197903,4.169350,0.028553,0
1520694707094,4.281616,4.255753,0.025864,0
1520694707104,4.197826,4.174614,0.023212,0
1520694707114,4.248066,4.224434,0.023632,0
1520694707124,4.233875,4.196281,0.037594,1
1520694707134,4.220581,4.185085,0.035496,1
1520694707144,4.264832,4.242954,0.021877,1
1520694707154,4.208088,4.170036,0.038052,1
1520694707164,4.250526,4.226131,0.024395,1
1520694707174,4.207478,4.179192,0.028286,1
1520694707185,4.248867,4.223919,0.024948,1
1520694707195,4.207630,4.174442,0.033188,1
1520694707205,4.200249,4.173164,0.027084,1
1520694707215,4.263172,4.228535,0.034637,1
1520694707225,4.199200,4.169636,0.029564,0
1520694707235,4.228287,4.205856,0.022430,0
1520694707245,4.198360,4.172707,0.025654,0
1520694707255,4.202137,4.171391,0.030746,0
1520694707265,4.201183,4.174271,0.026913,0
1520694707275,4.208069,4.176521,0.031548,0
1520694707285,4.248276,4.213314,0.034962,0
1520694707295,4.206467,4.171867,0.034599,0
1520694707305,4.281483,4.258137,0.023346,0
1520694707315,4.257545,4.219837,0.037708,0
1520694707326,4.207592,4.173012,0.034580,1
1520694707336,4.204826,4.174213,0.030613,1
1520694707346,4.196873,4.172249,0.024624,1
1520694707356,4.224148,4.194088,0.030060,1
1520694707366,4.196110,4.170399,0.025711,1
1520694707376,4.281311,4.249630,0.031681,1
1520694707386,4.200344,4.178810,0.021534,1
1520694707396,4.273949,4.251652,0.022297,1
1520694707406,4.219837,4.189472,0.030365,1
1520694707417,4.221287,4.195118,0.026169,1
1520694707427,4.292755,4.272861,0.019894,0
1520694707437,4.211483,4.177704,0.033779,0
1520694707447,4.281616,4.255695,0.025921,0
1520694707457,4.204140,4.176636,0.027504,0
1520694707467,4.201469,4.172535,0.028934,0
1520694707477,4.204769,4.174080,0.030689,0
1520694707487,4.201565,4.183540,0.018024,0
1520694707497,4.269161,4.241905,0.027256,0
1520694707507,4.223785,4.192276,0.031509,0
1520694707517,4.217167,4.189034,0.028133,0
1520694707527,4.223824,4.192505,0.031319,1
1520694707537,4.204082,4.175968,0.028114,1
1520694707547,4.282246,4.262619,0.019627,1
1520694707557,4.208336,4.179459,0.028877,1
1520694707567,4.206543,4.171696,0.034847,1
1520694707577,4.201527,4.168663,0.032864,1
1520694707587,4.200077,4.169903,0.030174,1
1520694707597,4.235439,4.205036,0.030403,1
1520694707607,4.204865,4.176102,0.028763,1
1520694707617,4.215431,4.188213,0.027218,1
1520694707627,4.201679,4.169979,0.031700,0
1520694707637,4.196682,4.167271,0.029411,0
1520694707647,4.282055,4.259872,0.022182,0
1520694707657,4.199657,4.169693,0.029964,0
1520694707667,4.197826,4.169044,0.028782,0
1520694707677,4.201775,4.169941,0.031834,0
1520694707687,4.192505,4.179134,0.013371,0
1520694707697,4.265575,4.228077,0.037498,0
1520694707707,4.204712,4.180183,0.024529,0
1520694707717,4.219437,4.191494,0.027943,0
1520694707727,4.210300,4.191074,0.019226,1
1520694707738,4.197426,4.176598,0.020828,1
1520694707748,4.246674,4.219475,0.027199,1
1520694707758,4.200706,4.168987,0.031719,1
1520694707768,4.275875,4.253521,0.022354,1
1520694707778,4.207726,4.184017,0.023708,1
1520694707788,4.203911,4.175797,0.028114,1
1520694707798,4.268188,4.239635,0.028553,1
1520694707808,4.201736,4.174404,0.027332,1
1520694707818,4.290886,4.268456,0.022430,0
1520694707829,4.197693,4.167728,0.029964,0
1520694707839,4.284172,4.251461,0.032711,0
1520694707849,4.196987,4.171371,0.025616,0
1520694707859,4.253368,4.236298,0.017071,0
1520694707869,4.205418,4.181061,0.024357,0
1520694707879,4.206295,4.175110,0.031185,0
1520694707889,4.215775,4.186764,0.029011,0
1520694707899,4.211597,4.173946,0.037651,0
1520694707909,4.262600,4.224186,0.038414,0
1520694707920,4.201660,4.175282,0.026379,1
1520694707930,4.200840,4.176998,0.023842,1
1520694707940,4.248333,4.204655,0.043678,1
1520694707950,4.207821,4.173584,0.034237,1
1520694707960,4.208546,4.182796,0.025749,1
1520694707970,4.200554,4.181404,0.019150,1
1520694707980,4.278870,4.260616,0.018253,1
1520694707990,4.203014,4.202099,0.000916,1
1520694708000,4.278049,4.237595,0.040455,1
1520694708010,4.232025,4.215641,0.016384,1
1520694708020,4.198704,4.172630,0.026073,0
1520694708030,4.200420,4.173126,0.027294,0
1520694708040,4.240227,4.208565,0.031662,0
1520694708050,4.296455,4.264908,0.031548,0
1520694708060,4.219723,4.186478,0.033245,0
1520694708070,4.199219,4.180431,0.018787,0
1520694708080,4.210625,4.184418,0.026207,0
1520694708090,4.201450,4.176407,0.025043,0
1520694708100,4.205151,4.182549,0.022602,0
1520694708110,4.207153,4.175968,0.031185,0
1520694708120,4.195309,4.172726,0.022583,1
1520694708130,4.254265,4.214039,0.040226,1
1520694708140,4.247761,4.209881,0.037880,1
1520694708151,4.235706,4.210052,0.025654,1
1520694708161,4.207458,4.172325,0.035133,1
1520694708171,4.243469,4.218712,0.024757,1
1520694708181,4.199085,4.170418,0.028667,1
1520694708191,4.295082,4.270325,0.024757,1
1520694708201,4.200726,4.167156,0.033569,1
1520694708211,4.199390,4.185638,0.013752,1
1520694708221,4.252834,4.229717,0.023117,0
1520694708231,4.199200,4.170036,0.029163,0
1520694708242,4.281902,4.262867,0.019035,0
1520694708252,4.202518,4.168644,0.033875,0
1520694708262,4.275837,4.249306,0.026531,0
1520694708272,4.199753,4.179249,0.020504,0
1520694708282,4.275303,4.251480,0.023823,0
1520694708292,4.198742,4.171295,0.027447,0
1520694708302,4.196053,4.176750,0.019302,0
1520694708312,4.204121,4.173927,0.030193,0
1520694708322,4.221821,4.188766,0.033054,1
1520694708333,4.270916,4.248314,0.022602,1
1520694708343,4.210205,4.177704,0.032501,1
1520694708353,4.248772,4.232750,0.016022,1
1520694708363,4.198151,4.171295,0.026855,1
1520694708373,4.239082,4.221554,0.017529,1
1520694708383,4.218330,4.183025,0.035305,1
1520694708393,4.199142,4.170418,0.028725,1
1520694708403,4.207859,4.185257,0.022602,1
1520694708413,4.196548,4.172192,0.024357,1
1520694708423,4.235783,4.209995,0.025787,0
1520694708433,4.215527,4.186726,0.028801,0
1520694708443,4.206810,4.173527,0.033283,0
1520694708453,4.237938,4.208012,0.029926,0
1520694708463,4.200134,4.169788,0.030346,0
1520694708473,4.279709,4.255085,0.024624,0
1520694708483,4.256153,4.221878,0.034275,0
1520694708493,4.270649,4.244652,0.025997,0
1520694708503,4.216785,4.183617,0.033169,0
1520694708513,4.208183,4.202251,0.005932,0
1520694708523,4.280033,4.252586,0.027447,1
1520694708533,4.201298,4.165192,0.036106,1
1520694708543,4.199123,4.186077,0.013046,1
1520694708553,4.203377,4.171314,0.032063,1
1520694708563,4.201279,4.173813,0.027466,1
1520694708573,4.291153,4.279194,0.011959,1
1520694708583,4.198437,4.169922,0.028515,1
1520694708593,4.288082,4.262028,0.026054,1
1520694708603,4.195480,4.168262,0.027218,1
1520694708613,4.227276,4.193439,0.033836,1
1520694708623,4.296646,4.246845,0.049801,0
1520694708633,4.200172,4.168491,0.031681,0
1520694708643,4.276619,4.254570,0.022049,0
1520694708653,4.198074,4.172516,0.025558,0
1520694708663,4.204865,4.172096,0.032768,0
1520694708673,4.204540,4.171047,0.033493,0
1520694708683,4.197979,4.169521,0.028458,0
1520694708693,4.205513,4.171257,0.034256,0
1520694708703,4.204960,4.175205,0.029755,0
1520694708713,4.291630,4.267979,0.023651,0
1520694708723,4.204121,4.174843,0.029278,1
1520694708733,4.195423,4.170856,0.024567,1
1520694708744,4.214249,4.180984,0.033264,1
1520694708754,4.196033,4.168530,0.027504,1
1520694708764,4.279480,4.236298,0.043182,1
1520694708774,4.213371,4.188862,0.024509,1
1520694708784,4.288502,4.265385,0.023117,1
1520694708794,4.201107,4.168491,0.032616,1
1520694708804,4.243240,4.220219,0.023022,1
1520694708814,4.235706,4.215794,0.019913,1
1520694708824,4.203987,4.170876,0.033112,0
1520694708835,4.279480,4.260845,0.018635,0
1520694708845,4.197941,4.169827,0.028114,0
1520694708855,4.269352,4.252892,0.016460,0
1520694708865,4.198303,4.170609,0.027695,0
1520694708875,4.265022,4.243011,0.022011,0
1520694708885,4.208164,4.172421,0.035744,0
1520694708895,4.204254,4.174347,0.029907,0
1520694708905,4.206581,4.177456,0.029125,0
1520694708915,4.200497,4.174671,0.025826,0
1520694708925,4.277763,4.250927,0.026836,1
1520694708935,4.209023,4.178143,0.030880,1
1520694708945,4.196072,4.165630,0.030441,1
1520694708955,4.228840,4.197521,0.031319,1
1520694708965,4.204025,4.170628,0.033398,1
1520694708975,4.277821,4.253902,0.023918,1
1520694708985,4.194031,4.170418,0.023613,1
1520694708995,4.279022,4.251633,0.027390,1
1520694709005,4.198265,4.167118,0.031147,1
1520694709015,4.199543,4.168167,0.031376,1
1520694709025,4.290218,4.239693,0.050526,0
1520694709035,4.198170,4.172440,0.025730,0
1520694709045,4.216518,4.181805,0.034714,0
1520694709055,4.205952,4.172401,0.033550,0
1520694709066,4.228821,4.197884,0.030937,0
1520694709076,4.206181,4.178944,0.027237,0
1520694709086,4.287853,4.267178,0.020676,0
1520694709096,4.202690,4.170494,0.032196,0
1520694709106,4.281273,4.259071,0.022202,0
1520694709116,4.197922,4.171467,0.026455,0
1520694709126,4.194469,4.182606,0.011864,1
1520694709136,4.287777,4.266243,0.021534,1
1520694709146,4.210606,4.186611,0.023994,1
1520694709157,4.269409,4.249363,0.020046,1
1520694709167,4.208412,4.176331,0.032082,1
1520694709177,4.090595,4.072552,0.018044,1
1520694709187,4.190636,4.144344,0.046291,1
1520694709197,4.201660,4.165630,0.036030,1
1520694709207,4.248505,4.227810,0.020695,1
1520694709217,4.196701,4.168816,0.027885,1
1520694709227,4.198151,4.168701,0.029449,0
1520694709237,4.284306,4.267597,0.016708,0
1520694709247,4.197330,4.169655,0.027676,0
1520694709257,4.195576,4.170303,0.025272,0
1520694709267,4.205875,4.176121,0.029755,0
1520694709277,4.203968,4.175434,0.028534,0
1520694709287,4.195385,4.170399,0.024986,0
1520694709298,4.198513,4.173832,0.024681,0
1520694709308,4.197903,4.171562,0.026340,0
1520694709318,4.200630,4.188786,0.011845,0
1520694709328,4.281197,4.252758,0.028439,1
1520694709338,4.200821,4.177170,0.023651,1
1520694709348,4.194717,4.167824,0.026894,1
1520694709358,4.201965,4.173126,0.028839,1
1520694709368,4.194984,4.167824,0.027161,1
1520694709378,4.218140,4.191055,0.027084,1
1520694709389,4.199295,4.176178,0.023117,1
1520694709399,4.218674,4.185734,0.032940,1
1520694709409,4.196262,4.172115,0.024147,1
1520694709419,4.310665,4.284058,0.026608,1
1520694709429,4.203796,4.173069,0.030727,0
1520694709439,4.217701,4.179230,0.038471,0
1520694709449,4.286709,4.270840,0.015869,0
1520694709459,4.197159,4.169960,0.027199,0
1520694709469,4.279079,4.265232,0.013847,0
1520694709480,4.199753,4.170055,0.029697,0
1520694709490,4.276352,4.261360,0.014992,0
1520694709500,4.194946,4.176903,0.018044,0
1520694709510,4.272938,4.246082,0.026855,0
1520694709520,4.278336,4.235859,0.042477,0
1520694709530,4.196682,4.168053,0.028629,1
1520694709540,4.266338,4.236355,0.029984,1
1520694709550,4.220886,4.180260,0.040627,1
1520694709560,4.219589,4.192677,0.026913,1
1520694709571,4.200001,4.187145,0.012856,1
1520694709581,4.195633,4.167366,0.028267,1
1520694709591,4.263363,4.226723,0.036640,1
1520694709601,4.191971,4.163418,0.028553,1
1520694709611,4.205532,4.179592,0.025940,1
1520694709621,4.298306,4.270573,0.027733,1
1520694709631,4.213619,4.194260,0.019360,0
1520694709641,4.225426,4.195576,0.029850,0
1520694709651,4.211121,4.180870,0.030251,0
1520694709662,4.226284,4.192753,0.033531,0
1520694709672,4.208088,4.184532,0.023556,0
1520694709682,4.240208,4.213524,0.026684,0
1520694709692,4.208927,4.177265,0.031662,0
1520694709702,4.297657,4.250603,0.047054,0
1520694709712,4.197483,4.171829,0.025654,0
1520694709722,4.207039,4.177494,0.029545,1
1520694709732,4.253597,4.219742,0.033855,1
1520694709742,4.213047,4.176693,0.036354,1
1520694709752,4.254322,4.224186,0.030136,1
1520694709762,4.205379,4.173260,0.032120,1
1520694709772,4.197426,4.169559,0.027866,1
1520694709782,4.221783,4.195690,0.026093,1
1520694709792,4.202557,4.166451,0.036106,1
1520694709802,4.278984,4.259834,0.019150,1
1520694709812,4.194431,4.164944,0.029488,1
1520694709822,4.233246,4.215317,0.017929,0
1520694709832,4.241505,4.199753,0.041752,0
1520694709842,4.205093,4.176407,0.028687,0
1520694709852,4.271069,4.246635,0.024433,0
1520694709862,4.199486,4.170666,0.028820,0
1520694709872,4.267063,4.244404,0.022659,0
1520694709882,4.207783,4.176273,0.031509,0
1520694709893,4.233131,4.219837,0.013294,0
1520694709903,4.202023,4.168320,0.033703,0
1520694709913,4.203873,4.169846,0.034027,0
1520694709923,4.253178,4.219856,0.033321,1
1520694709933,4.198914,4.169865,0.029049,1
1520694709943,4.206028,4.199944,0.006084,1
1520694709953,4.203033,4.170246,0.032787,1
1520694709963,4.196911,4.170341,0.026569,1
1520694709973,4.202290,4.186096,0.016193,1
1520694709984,4.203968,4.172039,0.031929,1
1520694709994,4.201927,4.173946,0.027981,1
1520694710004,4.198494,4.173889,0.024605,1
1520694710014,4.223709,4.193363,0.030346,1
1520694710024,4.304981,4.282951,0.022030,0
1520694710034,4.249439,4.222813,0.026627,0
1520694710044,4.202175,4.168053,0.034122,0
1520694710054,4.281464,4.256172,0.025291,0
1520694710064,4.203739,4.177055,0.026684,0
1520694710074,4.279385,4.246674,0.032711,0
1520694710084,4.207783,4.174328,0.033455,0
1520694710094,4.205818,4.180565,0.025253,0
1520694710104,4.212704,4.184380,0.028324,0
1520694710114,4.212036,4.179783,0.032253,0
1520694710124,4.201202,4.169502,0.031700,1
1520694710134,4.207916,4.177227,0.030689,1
1520694710144,4.205379,4.174519,0.030861,1
1520694710154,4.234371,4.203300,0.031071,1
1520694710164,4.204216,4.177380,0.026836,1
1520694710174,4.283409,4.257450,0.025959,1
1520694710184,4.210072,4.182816,0.027256,1
1520694710194,4.278545,4.250355,0.028191,1
1520694710204,4.199238,4.168816,0.030422,1
1520694710215,4.269485,4.248066,0.021420,1
1520694710225,4.208088,4.177551,0.030537,0
1520694710235,4.202518,4.168434,0.034084,0
1520694710245,4.297066,4.269772,0.027294,0
1520694710255,4.199505,4.167442,0.032063,0
1520694710265,4.210243,4.203320,0.006924,0
1520694710275,4.202404,4.183598,0.018806,0
1520694710285,4.197807,4.169292,0.028515,0
1520694710295,4.202213,4.177933,0.024281,0
1520694710306,4.209709,4.172688,0.037022,0
1520694710316,4.199314,4.171486,0.027828,0
1520694710326,4.209957,4.187794,0.022163,1
1520694710336,4.275818,4.249306,0.026512,1
1520694710346,4.206867,4.177284,0.029583,1
1520694710356,4.207973,4.173107,0.034866,1
1520694710366,4.201279,4.182453,0.018826,1
1520694710376,4.196644,4.175968,0.020676,1
1520694710386,4.214611,4.182224,0.032387,1
1520694710396,4.202061,4.167500,0.034561,1
1520694710406,4.284229,4.275265,0.008965,1
1520694710416,4.204006,4.168415,0.035591,1
1520694710426,4.224072,4.196510,0.027561,0
1520694710436,4.220257,4.193745,0.026512,0
1520694710446,4.223099,4.196701,0.026398,0
1520694710456,4.279060,4.255352,0.023708,0
1520694710466,4.232349,4.193382,0.038967,0
1520694710476,4.277973,4.254704,0.023270,0
1520694710487,4.203835,4.169483,0.034351,0
1520694710497,4.280758,4.255791,0.024967,0
1520694710507,4.199715,4.177132,0.022583,0
1520694710517,4.278412,4.258175,0.020237,0
1520694710527,4.213257,4.174061,0.039196,1
1520694710537,4.201260,4.168854,0.032406,1
1520694710547,4.269447,4.246922,0.022526,1
1520694710557,4.205208,4.167690,0.037518,1
1520694710567,4.246826,4.227848,0.018978,1
1520694710578,4.196815,4.170399,0.026417,1
1520694710588,4.212475,4.207764,0.004711,1
1520694710598,4.200821,4.171677,0.029144,1
1520694710608,4.199467,4.175129,0.024338,1
1520694710618,4.208794,4.182358,0.026436,1
1520694710628,4.197674,4.169731,0.027943,0
1520694710638,4.196777,4.167080,0.029697,0
1520694710648,4.209156,4.180546,0.028610,0
1520694710658,4.198837,4.167671,0.031166,0
1520694710668,4.205780,4.176388,0.029392,0
1520694710678,4.201374,4.179115,0.022259,0
1520694710688,4.277573,4.256344,0.021229,0
1520694710698,4.211140,4.183197,0.027943,0
1520694710708,4.279308,4.249115,0.030193,0
1520694710718,4.254894,4.232006,0.022888,0
1520694710728,4.211235,4.182777,0.028458,1
1520694710738,4.291515,4.258862,0.032654,1
1520694710748,4.206772,4.182644,0.024128,1
1520694710758,4.211121,4.181461,0.029659,1
1520694710768,4.208164,4.176273,0.031891,1
1520694710778,4.197826,4.168110,0.029716,1
1520694710788,4.207897,4.184799,0.023098,1
1520694710798,4.210072,4.180756,0.029316,1
1520694710809,4.215450,4.183979,0.031471,1
1520694710819,4.198837,4.172363,0.026474,1
1520694710829,4.252720,4.236393,0.016327,0
1520694710839,4.231987,4.217739,0.014248,0
1520694710849,4.244308,4.200859,0.043449,0
1520694710859,4.239330,4.209175,0.030155,0
1520694710869,4.195518,4.170685,0.024834,0
1520694710879,4.258137,4.226074,0.032063,0
1520694710889,4.190578,4.171543,0.019035,0
1520694710900,4.296532,4.264622,0.031910,0
1520694710910,4.198990,4.164562,0.034428,0
1520694710920,4.284744,4.266415,0.018330,0
1520694710930,4.263420,4.237251,0.026169,1
1520694710940,4.193840,4.167023,0.026817,1
1520694710950,4.269352,4.241142,0.028210,1
1520694710960,4.197979,4.162121,0.035858,1
1520694710970,4.256458,4.233799,0.022659,1
1520694710980,4.205475,4.175568,0.029907,1
1520694710991,4.209423,4.202061,0.007362,1
1520694711001,4.202461,4.170399,0.032063,1
1520694711011,4.197731,4.170532,0.027199,1
1520694711021,4.282093,4.261150,0.020943,1
1520694711031,4.205132,4.173717,0.031414,0
1520694711041,4.209690,4.180260,0.029430,0
1520694711051,4.201107,4.174080,0.027027,0
1520694711061,4.270287,4.227314,0.042973,0
1520694711071,4.204559,4.177151,0.027409,0
1520694711081,4.293823,4.269714,0.024109,0
1520694711091,4.207458,4.180679,0.026779,0
1520694711101,4.226685,4.191895,0.034790,0
1520694711111,4.208012,4.181404,0.026608,0
1520694711121,4.227009,4.211197,0.015812,0
1520694711132,4.269218,4.248466,0.020752,1
1520694711142,4.199276,4.171486,0.027790,1
1520694711152,4.200554,4.168568,0.031986,1
1520694711162,4.220600,4.181957,0.038643,1
1520694711172,4.207115,4.172802,0.034313,1
1520694711182,4.230709,4.192524,0.038185,1
1520694711192,4.199600,4.176979,0.022621,1
1520694711202,4.238892,4.206390,0.032501,1
1520694711212,4.200745,4.166965,0.033779,1
1520694711223,4.298916,4.268036,0.030880,1
1520694711233,4.197273,4.172783,0.024490,0
1520694711243,4.209614,4.170170,0.039444,0
1520694711253,4.207687,4.180794,0.026894,0
1520694711263,4.201202,4.170017,0.031185,0
1520694711273,4.198895,4.167805,0.031090,0
1520694711283,4.200764,4.177647,0.023117,0
1520694711293,4.199162,4.168968,0.030193,0
1520694711303,4.205399,4.174862,0.030537,0
1520694711314,4.206028,4.176884,0.029144,0
1520694711324,4.303646,4.275455,0.028191,0
1520694711334,4.211884,4.182987,0.028896,1
1520694711344,4.261932,4.238644,0.023289,1
1520694711354,4.205189,4.179420,0.025768,1
1520694711364,4.204311,4.171238,0.033073,1
1520694711374,4.210110,4.180241,0.029869,1
1520694711384,4.198875,4.172382,0.026493,1
1520694711394,4.277859,4.252262,0.025597,1
1520694711404,4.201889,4.179096,0.022793,1
1520694711414,4.246101,4.212112,0.033989,1
1520694711424,4.297714,4.275818,0.021896,1
1520694711434,4.241447,4.199715,0.041733,0
1520694711444,4.247074,4.228325,0.018749,0
1520694711454,4.212933,4.180431,0.032501,0
1520694711464,4.197941,4.173241,0.024700,0
1520694711474,4.242630,4.207325,0.035305,0
1520694711484,4.211426,4.182148,0.029278,0
1520694711495,4.225540,4.193115,0.032425,0
1520694711505,4.205627,4.179859,0.025768,0
1520694711515,4.234314,4.201317,0.032997,0
1520694711525,4.195881,4.175148,0.020733,1
1520694711535,4.223938,4.192677,0.031261,1
1520694711545,4.226074,4.194355,0.031719,1
1520694711555,4.201984,4.172745,0.029240,1
1520694711565,4.251595,4.214573,0.037022,1
1520694711575,4.203396,4.175606,0.027790,1
1520694711585,4.290543,4.271069,0.019474,1
1520694711595,4.202919,4.173775,0.029144,1
1520694711605,4.256172,4.224052,0.032120,1
1520694711615,4.201374,4.177475,0.023899,1
1520694711625,4.203911,4.168358,0.035553,0
1520694711636,4.248180,4.212513,0.035667,0
1520694711646,4.198761,4.169044,0.029716,0
1520694711656,4.198303,4.203930,-0.005627,0
1520694711666,4.211655,4.177876,0.033779,0
1520694711676,4.196358,4.174519,0.021839,0
1520694711686,4.215908,4.196930,0.018978,0
1520694711696,4.203148,4.168568,0.034580,0
1520694711706,4.254875,4.215298,0.039577,0
1520694711716,4.193649,4.168186,0.025463,0
1520694711727,4.254551,4.237213,0.017338,1
1520694711737,4.222260,4.188461,0.033798,1
1520694711747,4.194298,4.169312,0.024986,1
1520694711757,4.287090,4.266758,0.020332,1
1520694711767,4.197445,4.165325,0.032120,1
1520694711777,4.234028,4.219151,0.014877,1
1520694711787,4.199791,4.172859,0.026932,1
1520694711797,4.207363,4.188538,0.018826,1
1520694711807,4.200745,4.172039,0.028706,1
1520694711818,4.202309,4.168777,0.033531,1
1520694711828,4.256248,4.226379,0.029869,0
1520694711838,4.202309,4.202213,0.000095,0
1520694711848,4.275608,4.250565,0.025043,0
1520694711858,4.213028,4.175701,0.037327,0
1520694711868,4.197941,4.167328,0.030613,0
1520694711878,4.205723,4.178772,0.026951,0
1520694711888,4.199791,4.168701,0.031090,0
1520694711898,4.227257,4.193954,0.033302,0
1520694711908,4.197769,4.172440,0.025330,0
1520694711918,4.285145,4.256725,0.028419,0
1520694711928,4.200554,4.167786,0.032768,1
1520694711938,4.211712,4.181786,0.029926,1
1520694711948,4.217434,4.188004,0.029430,1
1520694711959,4.207611,4.178524,0.029087,1
1520694711969,4.298172,4.268475,0.029697,1
1520694711979,4.197559,4.167500,0.030060,1
1520694711989,4.276581,4.259300,0.017281,1
1520694711999,4.185352,4.152107,0.033245,1
1520694712009,4.194088,4.165268,0.028820,1
1520694712019,4.285984,4.268036,0.017948,1
1520694712029,4.209480,4.171734,0.037746,0
1520694712039,4.219913,4.187984,0.031929,0
1520694712050,4.207420,4.182205,0.025215,0
1520694712060,4.285030,4.265213,0.019817,0
1520694712070,4.233570,4.210434,0.023136,0
1520694712080,4.284687,4.262657,0.022030,0
1520694712090,4.209404,4.175701,0.033703,0
1520694712100,4.206982,4.174995,0.031986,0
1520694712110,4.208889,4.180298,0.028591,0
1520694712120,4.202423,4.176636,0.025787,0
1520694712130,4.289799,4.265919,0.023880,1
1520694712141,4.200115,4.178162,0.021954,1
1520694712151,4.262295,4.228649,0.033646,1
1520694712161,4.196873,4.168243,0.028629,1
1520694712171,4.226875,4.207287,0.019588,1
1520694712181,4.197369,4.181843,0.015526,1
1520694712191,4.198112,4.179840,0.018272,1
1520694712201,4.211140,4.181519,0.029621,1
1520694712211,4.198036,4.173183,0.024853,1
1520694712221,4.222679,4.193439,0.029240,1
1520694712231,4.207420,4.176235,0.031185,0
1520694712241,4.201889,4.180965,0.020924,0
1520694712251,4.251862,4.218349,0.033512,0
1520694712261,4.205227,4.173126,0.032101,0
1520694712271,4.295177,4.273148,0.022030,0
1520694712281,4.249897,4.228401,0.021496,0
1520694712291,4.272594,4.241486,0.031109,0
1520694712301,4.224644,4.187737,0.036907,0
1520694712311,4.214249,4.206219,0.008030,0
1520694712321,4.210815,4.183140,0.027676,0
1520694712331,4.215794,4.176960,0.038834,1
1520694712341,4.267139,4.238129,0.029011,1
1520694712351,4.205074,4.173813,0.031261,1
1520694712361,4.197941,4.166050,0.031891,1
1520694712372,4.206791,4.173069,0.033722,1
1520694712382,4.205055,4.167290,0.037766,1
1520694712392,4.206905,4.174767,0.032139,1
1520694712402,4.208183,4.211559,-0.003376,1
1520694712412,4.273453,4.251328,0.022125,1
1520694712422,4.201355,4.175816,0.025539,1
1520694712432,4.203091,4.168396,0.034695,0
1520694712442,4.228325,4.204559,0.023766,0
1520694712452,4.205475,4.178829,0.026646,0
1520694712463,4.288387,4.269218,0.019169,0
1520694712473,4.201870,4.175835,0.026035,0
1520694712483,4.283066,4.250679,0.032387,0
1520694712493,4.201317,4.172001,0.029316,0
1520694712503,4.270916,4.251595,0.019321,0
1520694712513,4.200172,4.172611,0.027561,0
1520694712523,4.203281,4.171944,0.031338,0
1520694712533,4.298210,4.277229,0.020981,1
1520694712543,4.197407,4.173450,0.023956,1
1520694712554,4.265270,4.245663,0.019608,1
1520694712564,4.199753,4.169846,0.029907,1
1520694712574,4.261303,4.227676,0.033627,1
1520694712584,4.197922,4.168472,0.029449,1
1520694712594,4.236183,4.205017,0.031166,1
1520694712604,4.516964,4.506493,0.010471,1
1520694712614,4.520950,4.513264,0.007687,1
1520694712624,4.289379,4.264545,0.024834,1
1520694712634,4.390373,4.372044,0.018330,0
1520694712645,4.527855,4.521275,0.006580,0
1520694712655,4.532967,4.519730,0.013237,0
1520694712665,4.522934,4.519253,0.003681,0
1520694712675,4.525146,4.521866,0.003281,0
1520694712685,4.528465,4.511166,0.017300,0
1520694712695,4.531078,4.514294,0.016785,0
1520694712705,4.520874,4.509850,0.011024,0
1520694712715,4.521637,4.515438,0.006199,0
1520694712725,4.480324,4.479542,0.000782,0
1520694712735,4.519482,4.513493,0.005989,1
1520694712745,4.526596,4.524937,0.001659,1
1520694712755,4.535675,4.517460,0.018215,1
1520694712765,4.515705,4.509525,0.006180,1
1520694712775,4.519558,4.510765,0.008793,1
1520694712785,4.518528,4.508724,0.009804,1
1520694712795,4.523525,4.512367,0.011158,1
1520694712805,4.517345,4.514694,0.002651,1
1520694712815,4.527569,4.515858,0.011711,1
1520694712825,4.494362,4.486885,0.007477,1
1520694712835,4.486523,4.476662,0.009861,0
1520694712845,4.496994,4.493084,0.003910,0
1520694712855,4.481468,4.474773,0.006695,0
1520694712865,4.472351,4.460411,0.011940,0
1520694712876,4.440880,4.436798,0.004082,0
1520694712886,4.365311,4.347687,0.017624,0
1520694712896,4.389305,4.358311,0.030994,0
1520694712906,4.397583,4.375782,0.021801,0
1520694712916,4.424496,4.404621,0.019875,0
1520694712926,4.481373,4.472828,0.008545,0
1520694712936,4.525070,4.511757,0.013313,1
1520694712946,4.403801,4.379654,0.024147,1
1520694712956,4.523602,4.519749,0.003853,1
1520694712967,4.522667,4.511242,0.011425,1
1520694712977,4.527512,4.519272,0.008240,1
1520694712987,4.496384,4.490566,0.005817,1
1520694712997,4.527740,4.515667,0.012074,1
1520694713007,4.528656,4.519119,0.009537,1
1520694713017,4.526157,4.511852,0.014305,1
1520694713027,4.472618,4.462929,0.009689,0
1520694713037,4.518299,4.510059,0.008240,0
1520694713047,4.500141,4.485130,0.015011,0
1520694713057,4.394550,4.364338,0.030212,0
1520694713067,4.386482,4.398346,-0.011864,0
1520694713077,4.358788,4.337273,0.021515,0
1520694713087,4.368763,4.350433,0.018330,0
1520694713097,4.379139,4.347477,0.031662,0
1520694713108,4.376869,4.350853,0.026016,0
1520694713118,4.394932,4.364605,0.030327,0
1520694713128,4.493961,4.494362,-0.000401,1
1520694713138,4.508553,4.494324,0.014229,1
1520694713148,4.503841,4.493256,0.010586,1
1520694713158,4.431038,4.405479,0.025558,1
1520694713168,4.322586,4.298706,0.023880,1
1520694713178,4.307747,4.288578,0.019169,1
1520694713188,4.522934,4.514084,0.008850,1
1520694713199,4.523201,4.511509,0.011692,1
1520694713209,4.524117,4.511013,0.013103,1
1520694713219,4.521255,4.516048,0.005207,1
1520694713229,4.320278,4.303970,0.016308,1
1520694713239,4.278984,4.250221,0.028763,1
1520694713249,4.526558,4.517460,0.009098,1
1520694713259,4.532795,4.519482,0.013313,1
1520694713269,4.524498,4.510956,0.013542,1
1520694713279,4.526844,4.510803,0.016041,1
1520694713289,4.526272,4.514790,0.011482,1
1520694713299,4.522152,4.509850,0.012302,1
1520694713309,4.521370,4.514523,0.006847,1
1520694713319,4.527893,4.516888,0.011005,1
1520694713329,4.530869,4.517078,0.013790,1
1520694713340,4.530277,4.518280,0.011997,1
1520694713350,4.525700,4.521103,0.004597,1
1520694713360,4.524136,4.513855,0.010281,1
1520694713370,4.524803,4.515266,0.009537,1
1520694713380,4.523773,4.512920,0.010853,1
1520694713390,4.524059,4.514275,0.009785,1
1520694713400,4.517975,4.515152,0.002823,1
1520694713410,4.521580,4.516144,0.005436,1
1520694713420,4.528313,4.512806,0.015507,1
1520694713430,4.520760,4.515190,0.005569,1
1520694713440,4.523468,4.514027,0.009441,1
1520694713450,4.527035,4.516544,0.010490,1
1520694713460,4.526577,4.519463,0.007114,1
1520694713470,4.528065,4.517517,0.010548,1
1520694713480,4.527836,4.521770,0.006065,1
1520694713490,4.527664,4.476376,0.051289,1
1520694713500,4.527168,4.514713,0.012455,1
1520694713510,4.524746,4.514046,0.010700,1
1520694713520,4.527664,4.512463,0.015202,1
1520694713530,4.523697,4.518986,0.004711,1
1520694713540,4.529591,4.513588,0.016003,1
1520694713550,4.523792,4.514847,0.008945,1
1520694713560,4.521008,4.512844,0.008163,1
1520694713570,4.519138,4.514961,0.004177,1
1520694713580,4.525452,4.512291,0.013161,1
1520694713590,4.525452,4.512196,0.013256,1
1520694713600,4.524899,4.512806,0.012093,1
1520694713611,4.525280,4.513493,0.011787,1
1520694713621,4.522991,4.515686,0.007305,1
1520694713631,4.521160,4.517097,0.004063,1
1520694713641,4.528980,4.512653,0.016327,1
1520694713651,4.522228,4.514675,0.007553,1
1520694713661,4.526329,4.512177,0.014153,1
1520694713671,4.521637,4.509983,0.011654,1
1520694713681,4.523621,4.514122,0.009499,1
1520694713691,4.523888,4.517670,0.006218,1
1520694713702,4.523335,4.510384,0.012951,1
1520694713712,4.524403,4.514370,0.010033,1
1520694713722,4.522266,4.512653,0.009613,1
1520694713732,4.521999,4.511471,0.010529,1
1520694713742,4.519005,4.518929,0.000076,1
1520694713752,4.522381,4.513531,0.008850,1
1520694713762,4.521217,4.518280,0.002937,1
1520694713772,4.524555,4.515686,0.008869,1
1520694713782,4.523067,4.513264,0.009804,1
1520694713792,4.520969,4.511070,0.009899,1
1520694713802,4.524155,4.510231,0.013924,1
1520694713812,4.525738,4.512196,0.013542,1
1520694713822,4.517288,4.505043,0.012245,1
1520694713832,4.521236,4.511223,0.010014,1
1520694713842,4.518394,4.508724,0.009670,1
1520694713852,4.526997,4.507484,0.019512,1
1520694713862,4.521217,4.513283,0.007935,1
1520694713872,4.518242,4.510174,0.008068,1
1520694713882,4.523392,4.524078,-0.000687,1
1520694713892,4.523144,4.519558,0.003586,1
1520694713902,4.529762,4.520092,0.009670,1
1520694713912,4.525833,4.519901,0.005932,1
1520694713922,4.524879,4.509258,0.015621,1
1520694713933,4.520092,4.515076,0.005016,1
1520694713943,4.467983,4.462643,0.005341,1
1520694713953,4.522152,4.515572,0.006580,1
1520694713963,4.524517,4.517708,0.006809,1
1520694713973,4.528637,4.515877,0.012760,1
1520694713983,4.521599,4.515724,0.005875,1
1520694713993,4.519863,4.517231,0.002632,1
1520694714003,4.495125,4.488010,0.007114,1
1520694714013,4.523907,4.519634,0.004272,1
1520694714024,4.521790,4.515686,0.006104,1
1520694714034,4.521275,4.512978,0.008297,1
1520694714044,4.526825,4.515591,0.011234,1
1520694714054,4.523754,4.515171,0.008583,1
1520694714064,4.521885,4.515457,0.006428,1
1520694714074,4.523907,4.514141,0.009766,1
1520694714084,4.519100,4.510040,0.009060,1
