1520694959864,4.528503,4.524384,0.004120,1
1520694959874,4.532433,4.514103,0.018330,1
1520694959884,4.527721,4.515228,0.012493,1
1520694959894,4.525452,4.515991,0.009460,1
1520694959904,4.528446,4.517555,0.010891,1
1520694959914,4.522877,4.515038,0.007839,1
1520694959924,4.529972,4.515514,0.014458,1
1520694959934,4.527760,4.514351,0.013409,1
1520694959944,4.529457,4.489269,0.040188,1
1520694959955,4.496422,4.495373,0.001049,1
1520694959965,4.525967,4.516296,0.009670,1
1520694959975,4.527168,4.518223,0.008945,1
1520694959985,4.527817,4.516487,0.011330,1
1520694959995,4.527073,4.516163,0.010910,1
1520694960005,4.527054,4.518394,0.008659,1
1520694960015,4.515152,4.506397,0.008755,1
1520694960025,4.525452,4.517841,0.007610,1
1520694960035,4.527073,4.515648,0.011425,1
1520694960045,4.441833,4.436607,0.005226,1
1520694960055,4.532089,4.514771,0.017319,1
1520694960065,4.527874,4.514599,0.013275,1
1520694960075,4.525490,4.516678,0.008812,1
1520694960085,4.528484,4.516163,0.012321,1
1520694960095,4.529686,4.517002,0.012684,1
1520694960105,4.526272,4.514103,0.012169,1
1520694960115,4.527817,4.514160,0.013657,1
1520694960125,4.531841,4.515743,0.016098,1
1520694960135,4.526653,4.515438,0.011215,1
1520694960145,4.527225,4.515095,0.012131,1
1520694960155,4.525814,4.517593,0.008221,1
1520694960165,4.526596,4.518375,0.008221,1
1520694960175,4.527779,4.516716,0.011063,1
1520694960186,4.531956,4.517784,0.014172,1
1520694960196,4.528542,4.515972,0.012569,1
1520694960206,4.531269,4.518223,0.013046,1
1520694960216,4.530220,4.518013,0.012207,1
1520694960226,4.526577,4.518089,0.008488,1
1520694960236,4.526005,4.519939,0.006065,1
1520694960246,4.419956,4.396610,0.023346,1
1520694960256,4.529228,4.516220,0.013008,1
1520694960266,4.524918,4.518986,0.005932,1
1520694960277,4.527893,4.515762,0.012131,1
1520694960287,4.526825,4.518299,0.008526,1
1520694960297,4.525185,4.516811,0.008373,1
1520694960307,4.529114,4.515972,0.013142,1
1520694960317,4.530087,4.517632,0.012455,1
1520694960327,4.527321,4.520512,0.006809,1
1520694960337,4.527168,4.515820,0.011349,1
1520694960347,4.486046,4.472923,0.013123,1
1520694960357,4.528141,4.518776,0.009365,1
1520694960367,4.525185,4.519539,0.005646,1
1520694960377,4.531021,4.516582,0.014439,1
1520694960387,4.526653,4.515533,0.011120,1
1520694960397,4.526653,4.515152,0.011501,1
1520694960407,4.526386,4.519005,0.007381,1
1520694960418,4.527588,4.516506,0.011082,1
1520694960428,4.526749,4.520416,0.006332,1
1520694960438,4.527607,4.516830,0.010777,1
1520694960448,4.521408,4.509087,0.012321,1
1520694960458,4.527302,4.518852,0.008450,1
1520694960468,4.518147,4.511757,0.006390,1
1520694960478,4.527340,4.517994,0.009346,1
1520694960488,4.526215,4.515896,0.010319,1
1520694960498,4.503517,4.492321,0.011196,1
1520694960509,4.521008,4.515820,0.005188,1
1520694960519,4.525204,4.514217,0.010986,1
1520694960529,4.520416,4.514904,0.005512,1
1520694960539,4.520168,4.514446,0.005722,1
1520694960549,4.521542,4.513187,0.008354,1
1520694960559,4.521942,4.515629,0.006313,1
1520694960569,4.524326,4.513130,0.011196,1
1520694960579,4.530411,4.517612,0.012798,1
1520694960589,4.527035,4.514084,0.012951,1
1520694960600,4.529228,4.515514,0.013714,1
1520694960610,4.526291,4.522934,0.003357,1
1520694960620,4.527016,4.518375,0.008640,1
1520694960630,4.526367,4.516373,0.009995,1
1520694960640,4.527321,4.519634,0.007687,1
1520694960650,4.525013,4.519062,0.005951,1
1520694960660,4.529648,4.517841,0.011806,1
1520694960670,4.526596,4.519215,0.007381,1
1520694960680,4.525490,4.518433,0.007057,1
1520694960690,4.534340,4.517746,0.016594,1
1520694960700,4.529171,4.516106,0.013065,1
1520694960710,4.526653,4.516850,0.009804,1
1520694960720,4.532394,4.517212,0.015182,1
1520694960730,4.526672,4.515934,0.010738,1
1520694960740,4.527779,4.517841,0.009937,1
1520694960750,4.522972,4.511852,0.011120,1
1520694960760,4.313450,4.278622,0.034828,1
1520694960770,4.302673,4.269066,0.033607,1
1520694960780,4.301167,4.272346,0.028820,1
1520694960790,4.251537,4.250755,0.000782,1
1520694960800,4.322414,4.300594,0.021820,1
1520694960810,4.330177,4.306183,0.023994,1
1520694960820,4.292068,4.267387,0.024681,1
1520694960830,4.307499,4.295235,0.012264,0
1520694960840,4.295235,4.270153,0.025082,0
1520694960850,4.300919,4.278641,0.022278,0
1520694960860,4.286957,4.264030,0.022926,0
1520694960871,4.292736,4.264774,0.027962,0
1520694960881,4.299221,4.278545,0.020676,0
1520694960891,4.311695,4.288883,0.022812,0
1520694960901,4.300690,4.277897,0.022793,0
1520694960911,4.332504,4.305706,0.026798,0
1520694960921,4.373913,4.379120,-0.005207,0
1520694960931,4.249859,4.218445,0.031414,1
1520694960941,4.302120,4.276161,0.025959,1
1520694960951,4.301758,4.268608,0.033150,1
1520694960962,4.296951,4.269619,0.027332,1
1520694960972,4.332886,4.308224,0.024662,1
1520694960982,4.296074,4.268646,0.027428,1
1520694960992,4.323196,4.301968,0.021229,1
1520694961002,4.302025,4.282551,0.019474,1
1520694961012,4.210014,4.174671,0.035343,1
1520694961022,4.227657,4.190407,0.037251,1
1520694961032,4.249611,4.217567,0.032043,0
1520694961042,4.231777,4.189987,0.041790,0
1520694961052,4.300461,4.277859,0.022602,0
1520694961062,4.226227,4.196529,0.029697,0
1520694961072,4.267178,4.238796,0.028381,0
1520694961082,4.219398,4.190712,0.028687,0
1520694961092,4.267559,4.245491,0.022068,0
1520694961102,4.232826,4.196415,0.036411,0
1520694961112,4.209995,4.176922,0.033073,0
1520694961122,4.283161,4.262753,0.020409,0
1520694961132,4.224644,4.188976,0.035667,1
1520694961142,4.210682,4.187069,0.023613,1
1520694961152,4.297047,4.269981,0.027065,1
1520694961162,4.217262,4.193745,0.023518,1
1520694961172,4.299049,4.274445,0.024605,1
1520694961182,4.206524,4.179249,0.027275,1
1520694961193,4.294949,4.273205,0.021744,1
1520694961203,4.208221,4.177322,0.030899,1
1520694961213,4.260139,4.227505,0.032635,1
1520694961223,4.211502,4.183693,0.027809,1
1520694961233,4.246063,4.226398,0.019665,0
1520694961243,4.228477,4.195900,0.032578,0
1520694961253,4.209461,4.174633,0.034828,0
1520694961263,4.224205,4.194870,0.029335,0
1520694961273,4.206333,4.174728,0.031605,0
1520694961284,4.217319,4.190826,0.026493,0
1520694961294,4.223232,4.189987,0.033245,0
1520694961304,4.211864,4.188004,0.023861,0
1520694961314,4.205799,4.177761,0.028038,0
1520694961324,4.223175,4.186211,0.036964,0
1520694961334,4.236279,4.200954,0.035324,1
1520694961344,4.210758,4.178886,0.031872,1
1520694961354,4.213257,4.177418,0.035839,1
1520694961364,4.209919,4.178219,0.031700,1
1520694961374,4.211254,4.177303,0.033951,1
1520694961384,4.209976,4.176769,0.033207,1
1520694961394,4.224968,4.188499,0.036469,1
1520694961404,4.206600,4.187870,0.018730,1
1520694961414,4.213638,4.179249,0.034389,1
1520694961424,4.206867,4.176884,0.029984,1
1520694961434,4.216690,4.181747,0.034943,0
1520694961444,4.207306,4.187603,0.019703,0
1520694961454,4.210854,4.177856,0.032997,0
1520694961464,4.211769,4.177837,0.033932,0
1520694961474,4.210148,4.180794,0.029354,0
1520694961484,4.220390,4.188690,0.031700,0
1520694961494,4.204235,4.182644,0.021591,0
1520694961504,4.231262,4.203987,0.027275,0
1520694961515,4.212074,4.173965,0.038109,0
1520694961525,4.244423,4.219913,0.024509,0
1520694961535,4.200687,4.174480,0.026207,1
1520694961545,4.201088,4.174957,0.026131,1
1520694961555,4.205170,4.172573,0.032597,1
1520694961565,4.202137,4.178009,0.024128,1
1520694961575,4.219761,4.186954,0.032806,1
1520694961585,4.203358,4.171066,0.032291,1
1520694961595,4.233170,4.207153,0.026016,1
1520694961606,4.216957,4.187508,0.029449,1
1520694961616,4.226322,4.192181,0.034142,1
1520694961626,4.212132,4.181671,0.030460,1
1520694961636,4.258060,4.230938,0.027122,0
1520694961646,4.209080,4.185619,0.023460,0
1520694961656,4.207382,4.180870,0.026512,0
1520694961666,4.215717,4.186115,0.029602,0
1520694961676,4.205132,4.176960,0.028172,0
1520694961686,4.211178,4.178772,0.032406,0
1520694961696,4.204998,4.182205,0.022793,0
1520694961706,4.259777,4.216881,0.042896,0
1520694961716,4.211159,4.182129,0.029030,0
1520694961726,4.271317,4.242172,0.029144,0
1520694961736,4.217567,4.187794,0.029774,1
1520694961747,4.243183,4.209633,0.033550,1
1520694961757,4.218235,4.186859,0.031376,1
1520694961767,4.218349,4.189796,0.028553,1
1520694961777,4.210052,4.175930,0.034122,1
1520694961788,4.229736,4.198666,0.031071,1
1520694961798,4.210777,4.182892,0.027885,1
1520694961808,4.256935,4.228592,0.028343,1
1520694961818,4.209919,4.179211,0.030708,1
1520694961828,4.233418,4.198990,0.034428,1
1520694961838,4.291534,4.264412,0.027122,0
1520694961848,4.210358,4.180145,0.030212,0
1520694961858,4.292469,4.278126,0.014343,0
1520694961868,4.250336,4.233284,0.017052,0
1520694961878,4.308052,4.270916,0.037136,0
1520694961888,4.209805,4.177361,0.032444,0
1520694961898,4.252148,4.230003,0.022144,0
1520694961908,4.212608,4.178429,0.034180,0
1520694961918,4.272804,4.252377,0.020428,0
1520694961929,4.237175,4.202595,0.034580,0
1520694961939,4.215069,4.182930,0.032139,1
1520694961949,4.243927,4.212570,0.031357,1
1520694961959,4.207001,4.178066,0.028934,1
1520694961969,4.279346,4.231777,0.047569,1
1520694961979,4.219055,4.181404,0.037651,1
1520694961989,4.212399,4.209251,0.003147,1
1520694961999,4.213524,4.181728,0.031796,1
1520694962009,4.263859,4.234161,0.029697,1
1520694962020,4.214306,4.182796,0.031509,1
1520694962030,4.232082,4.196186,0.035896,0
1520694962040,4.309025,4.280834,0.028191,0
1520694962050,4.216499,4.176865,0.039635,0
1520694962060,4.307976,4.275513,0.032463,0
1520694962070,4.228077,4.187050,0.041027,0
1520694962080,4.262409,4.233685,0.028725,0
1520694962090,4.224663,4.191704,0.032959,0
1520694962100,4.273872,4.254398,0.019474,0
1520694962111,4.215202,4.184818,0.030384,0
1520694962121,4.277344,4.254303,0.023041,0
1520694962131,4.231758,4.206448,0.025311,1
1520694962141,4.292450,4.273052,0.019398,1
1520694962151,4.274788,4.246120,0.028667,1
1520694962161,4.214649,4.200115,0.014534,1
1520694962171,4.209824,4.180984,0.028839,1
1520694962181,4.267406,4.236889,0.030518,1
1520694962191,4.209843,4.186325,0.023518,1
1520694962201,4.269161,4.243298,0.025864,1
1520694962211,4.213066,4.177074,0.035992,1
1520694962221,4.209118,4.175129,0.033989,1
1520694962231,4.298115,4.269638,0.028477,0
1520694962241,4.239464,4.223747,0.015717,0
1520694962251,4.258823,4.231701,0.027122,0
1520694962261,4.209175,4.180813,0.028362,0
1520694962271,4.249668,4.226322,0.023346,0
1520694962281,4.206314,4.176865,0.029449,0
1520694962291,4.272823,4.250374,0.022449,0
1520694962301,4.208107,4.183483,0.024624,0
1520694962311,4.204140,4.172306,0.031834,0
1520694962321,4.214745,4.177055,0.037689,0
1520694962331,4.218407,4.188519,0.029888,1
1520694962341,4.249554,4.221992,0.027561,1
1520694962351,4.205742,4.174862,0.030880,1
1520694962361,4.233799,4.209003,0.024796,1
1520694962371,4.207535,4.177418,0.030117,1
1520694962381,4.262753,4.240093,0.022659,1
1520694962391,4.208641,4.183693,0.024948,1
1520694962401,4.209442,4.175034,0.034409,1
1520694962411,4.210148,4.185238,0.024910,1
1520694962421,4.210491,4.186325,0.024166,1
1520694962432,4.306450,4.273510,0.032940,0
1520694962442,4.214268,4.181843,0.032425,0
1520694962452,4.301891,4.284611,0.017281,0
1520694962462,4.210567,4.184284,0.026283,0
1520694962472,4.288845,4.262524,0.026321,0
1520694962482,4.214840,4.184265,0.030575,0
1520694962492,4.265480,4.243031,0.022449,0
1520694962502,4.211712,4.182262,0.029449,0
1520694962512,4.281769,4.251232,0.030537,0
1520694962523,4.207573,4.180641,0.026932,0
1520694962533,4.204960,4.173241,0.031719,1
1520694962543,4.288292,4.241219,0.047073,1
1520694962553,4.204426,4.181175,0.023251,1
1520694962563,4.291191,4.267597,0.023594,1
1520694962573,4.199486,4.169254,0.030231,1
1520694962583,4.272442,4.249840,0.022602,1
1520694962593,4.199505,4.173565,0.025940,1
1520694962603,4.282227,4.251328,0.030899,1
1520694962613,4.216557,4.185257,0.031300,1
1520694962623,4.205933,4.176140,0.029793,1
1520694962633,4.299335,4.274254,0.025082,0
1520694962643,4.213676,4.177227,0.036449,0
1520694962653,4.294453,4.273090,0.021362,0
1520694962663,4.217434,4.182358,0.035076,0
1520694962673,4.263401,4.241486,0.021915,0
1520694962683,4.206429,4.179401,0.027027,0
1520694962693,4.274559,4.255772,0.018787,0
1520694962703,4.220047,4.184628,0.035419,0
1520694962713,4.202518,4.174747,0.027771,0
1520694962723,4.206047,4.180489,0.025558,0
1520694962733,4.211311,4.177246,0.034065,1
1520694962743,4.302273,4.276085,0.026188,1
1520694962753,4.236717,4.229336,0.007381,1
1520694962763,4.259758,4.234695,0.025063,1
1520694962773,4.206257,4.174614,0.031643,1
1520694962783,4.281731,4.256344,0.025387,1
1520694962794,4.222946,4.186268,0.036678,1
1520694962804,4.285583,4.267406,0.018177,1
1520694962814,4.210529,4.186592,0.023937,1
1520694962824,4.296322,4.268665,0.027657,1
1520694962834,4.233074,4.195042,0.038033,0
1520694962844,4.217834,4.180832,0.037003,0
1520694962854,4.302025,4.269981,0.032043,0
1520694962864,4.207134,4.182930,0.024204,0
1520694962874,4.279194,4.244347,0.034847,0
1520694962884,4.209137,4.181023,0.028114,0
1520694962894,4.301434,4.283485,0.017948,0
1520694962904,4.265976,4.226151,0.039825,0
1520694962914,4.305210,4.276524,0.028687,0
1520694962924,4.230080,4.198132,0.031948,0
1520694962935,4.212513,4.182873,0.029640,1
1520694962945,4.290543,4.266529,0.024014,1
1520694962955,4.232445,4.191494,0.040951,1
1520694962965,4.265404,4.243374,0.022030,1
1520694962975,4.216003,4.185562,0.030441,1
1520694962985,4.210777,4.181499,0.029278,1
1520694962995,4.223270,4.191818,0.031452,1
1520694963005,4.213581,4.179630,0.033951,1
1520694963015,4.226437,4.220371,0.006065,1
1520694963026,4.256954,4.239883,0.017071,1
1520694963036,4.291515,4.269352,0.022163,0
1520694963046,4.230099,4.203568,0.026531,0
1520694963056,4.269447,4.252281,0.017166,0
1520694963066,4.227161,4.199295,0.027866,0
1520694963076,4.211731,4.187069,0.024662,0
1520694963086,4.230785,4.202366,0.028419,0
1520694963096,4.212856,4.181252,0.031605,0
1520694963106,4.214153,4.181118,0.033035,0
1520694963117,4.203815,4.179955,0.023861,0
1520694963127,4.149857,4.119205,0.030651,0
1520694963137,4.239826,4.223518,0.016308,1
1520694963147,4.303608,4.280567,0.023041,1
1520694963157,4.253540,4.231129,0.022411,1
1520694963167,4.214497,4.181995,0.032501,1
1520694963177,4.210873,4.178753,0.032120,1
1520694963187,4.255676,4.226036,0.029640,1
1520694963197,4.205399,4.178696,0.026703,1
1520694963207,4.271622,4.245663,0.025959,1
1520694963217,4.208965,4.180336,0.028629,1
1520694963227,4.212837,4.182873,0.029964,1
1520694963237,4.280396,4.241581,0.038815,0
1520694963247,4.231586,4.196777,0.034809,0
1520694963258,4.285450,4.263401,0.022049,0
1520694963268,4.205189,4.176750,0.028439,0
1520694963278,4.288502,4.258823,0.029678,0
1520694963288,4.215889,4.181290,0.034599,0
1520694963298,4.291840,4.262142,0.029697,0
1520694963308,4.205456,4.177818,0.027637,0
1520694963318,4.263821,4.240532,0.023289,0
1520694963328,4.211235,4.177780,0.033455,0
1520694963338,4.210396,4.181919,0.028477,1
1520694963349,4.258404,4.232368,0.026035,1
1520694963359,4.207306,4.178753,0.028553,1
1520694963369,4.259567,4.227467,0.032101,1
1520694963379,4.206257,4.178333,0.027924,1
1520694963389,4.293156,4.255981,0.037174,1
1520694963399,4.212608,4.173737,0.038872,1
1520694963409,4.284840,4.256783,0.028057,1
1520694963419,4.208202,4.177780,0.030422,1
1520694963429,4.306259,4.284859,0.021400,1
1520694963439,4.210682,4.179726,0.030956,0
1520694963449,4.211826,4.180832,0.030994,0
1520694963459,4.296913,4.262962,0.033951,0
1520694963469,4.206352,4.173641,0.032711,0
1520694963479,4.290142,4.266663,0.023479,0
1520694963489,4.207649,4.175911,0.031738,0
1520694963499,4.264069,4.239693,0.024376,0
1520694963509,4.207115,4.175816,0.031300,0
1520694963519,4.275684,4.251785,0.023899,0
1520694963529,4.263897,4.243240,0.020657,0
1520694963539,4.239349,4.205208,0.034142,1
1520694963549,4.261780,4.234238,0.027542,1
1520694963559,4.215698,4.181995,0.033703,1
1520694963569,4.247742,4.232006,0.015736,1
1520694963580,4.206944,4.175110,0.031834,1
1520694963590,4.260540,4.230232,0.030308,1
1520694963600,4.202957,4.174767,0.028191,1
1520694963610,4.254456,4.232731,0.021725,1
1520694963620,4.205856,4.174347,0.031509,1
1520694963630,4.267349,4.240227,0.027122,1
1520694963640,4.294071,4.275513,0.018559,0
1520694963650,4.207439,4.180222,0.027218,0
1520694963660,4.277458,4.252319,0.025139,0
1520694963671,4.209480,4.182205,0.027275,0
1520694963681,4.284515,4.254856,0.029659,0
1520694963691,4.210072,4.177475,0.032597,0
1520694963701,4.291553,4.266796,0.024757,0
1520694963711,4.211712,4.179001,0.032711,0
1520694963721,4.207115,4.174042,0.033073,0
1520694963731,4.298859,4.249840,0.049019,0
1520694963741,4.231091,4.197388,0.033703,1
1520694963751,4.291115,4.263916,0.027199,1
1520694963762,4.237232,4.196129,0.041103,1
1520694963772,4.288979,4.265537,0.023441,1
1520694963782,4.212151,4.184132,0.028019,1
1520694963792,4.291573,4.269047,0.022526,1
1520694963802,4.203949,4.190750,0.013199,1
1520694963812,4.268208,4.251862,0.016346,1
1520694963822,4.217491,4.180393,0.037098,1
1520694963832,4.208279,4.176674,0.031605,0
1520694963842,4.220657,4.192963,0.027695,0
1520694963853,4.207096,4.173698,0.033398,0
1520694963863,4.248848,4.218941,0.029907,0
1520694963873,4.214268,4.176750,0.037518,0
1520694963883,4.229469,4.202290,0.027180,0
1520694963893,4.238815,4.195366,0.043449,0
1520694963903,4.291000,4.261055,0.029945,0
1520694963913,4.206448,4.173622,0.032825,0
1520694963923,4.292412,4.264355,0.028057,0
1520694963933,4.211025,4.174461,0.036564,1
1520694963944,4.210625,4.176159,0.034466,1
1520694963954,4.237995,4.202099,0.035896,1
1520694963964,4.206142,4.179153,0.026989,1
1520694963974,4.255981,4.214706,0.041275,1
1520694963984,4.209709,4.180813,0.028896,1
1520694963994,4.286079,4.259834,0.026245,1
1520694964004,4.208565,4.176159,0.032406,1
1520694964014,4.289684,4.262009,0.027676,1
1520694964024,4.206638,4.173908,0.032730,1
1520694964034,4.209213,4.179840,0.029373,0
1520694964044,4.249840,4.220066,0.029774,0
1520694964054,4.213867,4.177036,0.036831,0
1520694964064,4.301624,4.272594,0.029030,0
1520694964074,4.216862,4.188499,0.028362,0
1520694964085,4.288788,4.262409,0.026379,0
1520694964095,4.203815,4.171410,0.032406,0
1520694964105,4.293251,4.263821,0.029430,0
1520694964115,4.214687,4.181747,0.032940,0
1520694964125,4.303150,4.271088,0.032063,0
1520694964135,4.239368,4.213009,0.026360,1
1520694964145,4.220715,4.188614,0.032101,1
1520694964155,4.204674,4.180641,0.024033,1
1520694964165,4.208450,4.189339,0.019112,1
1520694964176,4.212570,4.176159,0.036411,1
1520694964186,4.218521,4.183617,0.034904,1
1520694964196,4.213200,4.195843,0.017357,1
1520694964206,4.214325,4.186058,0.028267,1
1520694964216,4.217834,4.180851,0.036983,1
1520694964226,4.218578,4.189663,0.028915,1
1520694964236,4.294300,4.268990,0.025311,0
1520694964246,4.208775,4.185715,0.023060,0
1520694964256,4.289227,4.270515,0.018711,0
1520694964266,4.231586,4.197426,0.034161,0
1520694964276,4.218941,4.191189,0.027752,0
1520694964286,4.300003,4.275532,0.024471,0
1520694964296,4.217358,4.207726,0.009632,0
1520694964306,4.306221,4.284935,0.021286,0
1520694964316,4.215584,4.180222,0.035362,0
1520694964326,4.288826,4.255466,0.033360,0
1520694964336,4.209595,4.181671,0.027924,1
1520694964346,4.209518,4.175301,0.034218,1
1520694964356,4.277191,4.250889,0.026302,1
1520694964366,4.236069,4.202709,0.033360,1
1520694964376,4.291515,4.270039,0.021477,1
1520694964386,4.215107,4.182568,0.032539,1
1520694964396,4.292831,4.266319,0.026512,1
1520694964407,4.213390,4.180508,0.032883,1
1520694964417,4.307346,4.258480,0.048866,1
1520694964427,4.207630,4.180660,0.026970,1
1520694964437,4.257183,4.236202,0.020981,0
1520694964447,4.247990,4.212799,0.035191,0
1520694964457,4.267998,4.246750,0.021248,0
1520694964467,4.259453,4.226990,0.032463,0
1520694964477,4.221058,4.185162,0.035896,0
1520694964487,4.243469,4.210358,0.033112,0
1520694964498,4.220390,4.190006,0.030384,0
1520694964508,4.241295,4.207592,0.033703,0
1520694964518,4.207687,4.175529,0.032158,0
1520694964528,4.226665,4.186459,0.040207,0
1520694964538,4.213257,4.184856,0.028400,1
1520694964548,4.260616,4.212570,0.048046,1
1520694964558,4.224834,4.188023,0.036812,1
1520694964568,4.218006,4.178581,0.039425,1
1520694964578,4.245605,4.215889,0.029716,1
1520694964588,4.206848,4.176350,0.030499,1
1520694964598,4.281578,4.261818,0.019760,1
1520694964608,4.197998,4.172115,0.025883,1
1520694964618,4.286766,4.257412,0.029354,1
1520694964628,4.199505,4.176769,0.022736,1
1520694964639,4.202824,4.175320,0.027504,0
1520694964649,4.210911,4.178715,0.032196,0
1520694964659,4.201832,4.173470,0.028362,0
1520694964669,4.222088,4.190941,0.031147,0
1520694964679,4.216938,4.180450,0.036488,0
1520694964689,4.289284,4.265232,0.024052,0
1520694964699,4.203548,4.176197,0.027351,0
1520694964709,4.297905,4.256725,0.041180,0
1520694964719,4.208317,4.176598,0.031719,0
1520694964729,4.264545,4.244118,0.020428,0
1520694964739,4.234104,4.195766,0.038338,1
1520694964749,4.211102,4.180241,0.030861,1
1520694964759,4.263783,4.230423,0.033360,1
1520694964769,4.222012,4.189034,0.032978,1
1520694964779,4.269295,4.247055,0.022240,1
1520694964789,4.210205,4.178734,0.031471,1
1520694964799,4.284477,4.249020,0.035458,1
1520694964809,4.210835,4.206161,0.004673,1
1520694964820,4.292202,4.260921,0.031281,1
1520694964830,4.213734,4.182110,0.031624,1
1520694964840,4.204960,4.178829,0.026131,0
1520694964850,4.208660,4.181385,0.027275,0
1520694964860,4.204521,4.174480,0.030041,0
1520694964870,4.285545,4.267998,0.017548,0
1520694964880,4.201984,4.172745,0.029240,0
1520694964890,4.288692,4.266624,0.022068,0
1520694964900,4.211426,4.174862,0.036564,0
1520694964911,4.302673,4.278660,0.024014,0
1520694964921,4.201260,4.179001,0.022259,0
1520694964931,4.258785,4.227619,0.031166,0
1520694964941,4.209824,4.190178,0.019646,1
1520694964951,4.210663,4.185009,0.025654,1
1520694964961,4.260197,4.223633,0.036564,1
1520694964971,4.206543,4.176273,0.030270,1
1520694964981,4.280224,4.254837,0.025387,1
1520694964991,4.212837,4.178619,0.034218,1
1520694965001,4.285965,4.265823,0.020142,1
1520694965011,4.209270,4.180088,0.029182,1
1520694965021,4.206028,4.175510,0.030518,1
1520694965031,4.207268,4.182568,0.024700,1
1520694965041,4.243965,4.225903,0.018063,0
1520694965052,4.245663,4.216537,0.029125,0
1520694965062,4.209709,4.178677,0.031033,0
1520694965072,4.296284,4.277477,0.018806,0
1520694965082,4.213886,4.178295,0.035591,0
1520694965092,4.304409,4.277534,0.026875,0
1520694965102,4.212742,4.186287,0.026455,0
1520694965112,4.278393,4.257278,0.021114,0
1520694965122,4.211807,4.182529,0.029278,0
1520694965132,4.301815,4.278927,0.022888,0
1520694965143,4.217205,4.189224,0.027981,1
1520694965153,4.209785,4.177799,0.031986,1
1520694965163,4.206982,4.174328,0.032654,1
1520694965173,4.269238,4.243031,0.026207,1
1520694965183,4.209270,4.175816,0.033455,1
1520694965193,4.211082,4.181137,0.029945,1
1520694965203,4.215851,4.193459,0.022392,1
1520694965213,4.210968,4.188652,0.022316,1
1520694965223,4.215527,4.189453,0.026073,1
1520694965234,4.298592,4.269962,0.028629,1
1520694965244,4.298382,4.270439,0.027943,0
1520694965254,4.209995,4.175491,0.034504,0
1520694965264,4.280758,4.262772,0.017986,0
1520694965274,4.211674,4.178886,0.032787,0
1520694965284,4.214344,4.184628,0.029716,0
1520694965294,4.226131,4.201603,0.024529,0
1520694965304,4.212818,4.176521,0.036297,0
1520694965314,4.213715,4.182358,0.031357,0
1520694965324,4.205437,4.174843,0.030594,0
1520694965334,4.266758,4.232674,0.034084,0
1520694965344,4.214725,4.175053,0.039673,1
1520694965354,4.236012,4.207973,0.028038,1
1520694965364,4.219666,4.184628,0.035038,1
1520694965375,4.212704,4.180374,0.032330,1
1520694965385,4.214706,4.188805,0.025902,1
1520694965395,4.208241,4.182053,0.026188,1
1520694965405,4.212570,4.184284,0.028286,1
1520694965415,4.213123,4.182720,0.030403,1
1520694965425,4.245491,4.226761,0.018730,1
1520694965435,4.238968,4.204082,0.034885,1
1520694965445,4.271278,4.248238,0.023041,0
1520694965455,4.242916,4.227333,0.015583,0
1520694965466,4.232674,4.188061,0.044613,0
1520694965476,4.207115,4.182014,0.025101,0
1520694965486,4.220428,4.184685,0.035744,0
1520694965496,4.213333,4.184589,0.028744,0
1520694965506,4.205799,4.183083,0.022717,0
1520694965516,4.225731,4.202194,0.023537,0
1520694965526,4.225121,4.187222,0.037899,0
1520694965536,4.272823,4.247704,0.025120,1
1520694965546,4.209881,4.181805,0.028076,1
1520694965556,4.209442,4.186630,0.022812,1
1520694965566,4.243813,4.213009,0.030804,1
1520694965576,4.212341,4.179726,0.032616,1
1520694965586,4.328022,4.300098,0.027924,1
1520694965596,4.211845,4.176674,0.035172,1
1520694965606,4.250450,4.204216,0.046234,1
1520694965616,4.221630,4.192066,0.029564,1
1520694965626,4.219322,4.183064,0.036259,1
1520694965636,4.298916,4.277000,0.021915,0
1520694965647,4.219856,4.184189,0.035667,0
1520694965657,4.284172,4.258137,0.026035,0
1520694965667,4.212322,4.181767,0.030556,0
1520694965677,4.212704,4.175262,0.037441,0
1520694965687,4.212151,4.177742,0.034409,0
1520694965697,4.241276,4.221191,0.020084,0
1520694965707,4.279289,4.251347,0.027943,0
1520694965717,4.221630,4.196625,0.025005,0
1520694965727,4.256992,4.228802,0.028191,0
1520694965737,4.258099,4.228077,0.030022,1
1520694965747,4.211807,4.174900,0.036907,1
1520694965757,4.234886,4.201298,0.033588,1
1520694965767,4.209785,4.180622,0.029163,1
1520694965777,4.291553,4.273548,0.018005,1
1520694965788,4.205933,4.186077,0.019855,1
1520694965798,4.292812,4.263706,0.029106,1
1520694965808,4.206963,4.175797,0.031166,1
1520694965818,4.289227,4.260902,0.028324,1
1520694965828,4.235420,4.220810,0.014610,1
1520694965838,4.238491,4.207363,0.031128,0
1520694965848,4.291267,4.265785,0.025482,0
1520694965858,4.210224,4.181004,0.029221,0
1520694965868,4.272251,4.253330,0.018921,0
1520694965879,4.204063,4.189739,0.014324,0
1520694965889,4.252567,4.224453,0.028114,0
1520694965899,4.207478,4.175568,0.031910,0
1520694965909,4.207058,4.189301,0.017757,0
1520694965919,4.202442,4.180660,0.021782,0
1520694965929,4.201412,4.172649,0.028763,0
1520694965939,4.263229,4.240665,0.022564,1
1520694965949,4.207516,4.181156,0.026360,1
1520694965959,4.210339,4.176216,0.034122,1
1520694965970,4.217415,4.208832,0.008583,1
1520694965980,4.205723,4.177189,0.028534,1
1520694965990,4.226475,4.190865,0.035610,1
1520694966000,4.210720,4.177608,0.033112,1
1520694966010,4.225044,4.190331,0.034714,1
1520694966020,4.214287,4.178123,0.036163,1
1520694966030,4.292965,4.275856,0.017109,1
1520694966040,4.209347,4.181080,0.028267,0
1520694966050,4.217300,4.184685,0.032616,0
1520694966060,4.248276,4.219074,0.029202,0
1520694966070,4.211578,4.185085,0.026493,0
1520694966080,4.275494,4.253292,0.022202,0
1520694966090,4.208298,4.185677,0.022621,0
1520694966100,4.271355,4.251461,0.019894,0
1520694966110,4.216213,4.193439,0.022774,0
1520694966120,4.214439,4.180317,0.034122,0
1520694966130,4.210510,4.192543,0.017967,0
1520694966140,4.203796,4.179802,0.023994,1
1520694966150,4.287777,4.265862,0.021915,1
1520694966160,4.276791,4.249249,0.027542,1
1520694966170,4.217110,4.185886,0.031223,1
1520694966180,4.209652,4.186020,0.023632,1
1520694966190,4.275284,4.249992,0.025291,1
1520694966201,4.215164,4.182625,0.032539,1
1520694966211,4.266376,4.238873,0.027504,1
1520694966221,4.212914,4.181519,0.031395,1
1520694966231,4.256516,4.237900,0.018616,1
1520694966241,4.288387,4.268055,0.020332,0
1520694966251,4.208755,4.176464,0.032291,0
1520694966261,4.289665,4.266014,0.023651,0
1520694966271,4.207649,4.185658,0.021992,0
1520694966281,4.235058,4.210415,0.024643,0
1520694966292,4.216442,4.185734,0.030708,0
1520694966302,4.215832,4.187489,0.028343,0
1520694966312,4.209709,4.181747,0.027962,0
1520694966322,4.219494,4.183731,0.035763,0
1520694966332,4.219475,4.183731,0.035744,0
1520694966342,4.227772,4.195557,0.032215,1
1520694966352,4.213257,4.176083,0.037174,1
1520694966362,4.220791,4.189606,0.031185,1
1520694966372,4.208603,4.178600,0.030003,1
1520694966382,4.253235,4.215984,0.037251,1
1520694966392,4.209690,4.179153,0.030537,1
1520694966402,4.288597,4.265556,0.023041,1
1520694966412,4.217262,4.180965,0.036297,1
1520694966422,4.282284,4.258404,0.023880,1
1520694966432,4.216251,4.189091,0.027161,1
1520694966442,4.222050,4.210491,0.011559,0
1520694966452,4.290180,4.263916,0.026264,0
1520694966462,4.212742,4.184246,0.028496,0
1520694966472,4.265652,4.244423,0.021229,0
1520694966482,4.225712,4.189091,0.036621,0
1520694966492,4.208641,4.180984,0.027657,0
1520694966502,4.218159,4.202137,0.016022,0
1520694966512,4.208069,4.175835,0.032234,0
1520694966523,4.226933,4.188728,0.038204,0
1520694966533,4.204769,4.186363,0.018406,0
1520694966543,4.277725,4.262867,0.014858,1
1520694966553,4.208260,4.184361,0.023899,1
1520694966563,4.208279,4.194412,0.013866,1
1520694966573,4.232616,4.195919,0.036697,1
1520694966583,4.207344,4.177475,0.029869,1
1520694966593,4.264717,4.243965,0.020752,1
1520694966603,4.208546,4.180946,0.027599,1
1520694966613,4.206200,4.181900,0.024300,1
1520694966623,4.216900,4.179726,0.037174,1
1520694966633,4.210262,4.181519,0.028744,1
1520694966643,4.291611,4.260197,0.031414,0
1520694966653,4.217548,4.195709,0.021839,0
1520694966663,4.208145,4.179573,0.028572,0
1520694966673,4.216423,4.178333,0.038090,0
1520694966683,4.205704,4.181671,0.024033,0
1520694966693,4.265003,4.231377,0.033627,0
1520694966704,4.202156,4.174557,0.027599,0
1520694966714,4.264202,4.228611,0.035591,0
1520694966724,4.208736,4.177094,0.031643,0
1520694966734,4.291897,4.272404,0.019493,0
1520694966744,4.215012,4.182796,0.032215,1
1520694966754,4.225941,4.186039,0.039902,1
1520694966764,4.268169,4.235649,0.032520,1
1520694966774,4.214611,4.188557,0.026054,1
1520694966784,4.295063,4.263821,0.031242,1
1520694966795,4.216061,4.180222,0.035839,1
1520694966805,4.288826,4.264908,0.023918,1
1520694966815,4.214325,4.181309,0.033016,1
1520694966825,4.285107,4.257965,0.027142,1
1520694966835,4.267998,4.259605,0.008392,1
1520694966845,4.231663,4.201660,0.030003,0
1520694966855,4.221611,4.193802,0.027809,0
1520694966865,4.226570,4.199276,0.027294,0
1520694966875,4.236755,4.194050,0.042706,0
1520694966885,4.237118,4.212265,0.024853,0
1520694966895,4.212303,4.185333,0.026970,0
1520694966905,4.296646,4.282169,0.014477,0
1520694966915,4.211540,4.180470,0.031071,0
1520694966925,4.305973,4.276638,0.029335,0
1520694966935,4.206715,4.181519,0.025196,0
1520694966945,4.205513,4.176598,0.028915,1
1520694966955,4.285603,4.262981,0.022621,1
1520694966965,4.220676,4.195004,0.025673,1
1520694966975,4.226913,4.202003,0.024910,1
1520694966985,4.224339,4.193554,0.030785,1
1520694966995,4.209366,4.187241,0.022125,1
1520694967005,4.255085,4.212761,0.042324,1
1520694967015,4.207039,4.176407,0.030632,1
1520694967026,4.239483,4.212818,0.026665,1
1520694967036,4.276466,4.236965,0.039501,1
1520694967046,4.247589,4.232979,0.014610,0
1520694967056,4.213104,4.179916,0.033188,0
1520694967066,4.215717,4.179535,0.036182,0
1520694967076,4.277287,4.248772,0.028515,0
1520694967086,4.230156,4.190788,0.039368,0
1520694967096,4.297829,4.264565,0.033264,0
1520694967106,4.208374,4.183464,0.024910,0
1520694967117,4.297829,4.263973,0.033855,0
1520694967127,4.207611,4.178772,0.028839,0
1520694967137,4.245167,4.234314,0.010853,0
1520694967147,4.212437,4.182911,0.029526,1
1520694967157,4.215374,4.183655,0.031719,1
1520694967167,4.304428,4.276180,0.028248,1
1520694967177,4.223671,4.197292,0.026379,1
1520694967187,4.213257,4.185314,0.027943,1
1520694967197,4.208965,4.197578,0.011387,1
1520694967207,4.218140,4.193611,0.024529,1
1520694967217,4.223289,4.190979,0.032310,1
1520694967227,4.302483,4.278889,0.023594,1
1520694967237,4.255085,4.224453,0.030632,1
1520694967247,4.224892,4.186726,0.038166,0
1520694967258,4.224014,4.188862,0.035152,0
1520694967268,4.210014,4.181805,0.028210,0
1520694967278,4.223080,4.196930,0.026150,0
1520694967288,4.207134,4.176750,0.030384,0
1520694967298,4.242325,4.212017,0.030308,0
1520694967308,4.216270,4.186954,0.029316,0
1520694967318,4.286308,4.255810,0.030499,0
1520694967328,4.209576,4.178276,0.031300,0
1520694967338,4.215946,4.182224,0.033722,1
1520694967349,4.225025,4.196911,0.028114,1
1520694967359,4.207306,4.180813,0.026493,1
1520694967369,4.235229,4.201279,0.033951,1
1520694967379,4.207954,4.175186,0.032768,1
1520694967389,4.302731,4.273701,0.029030,1
1520694967399,4.222050,4.188080,0.033970,1
1520694967409,4.208298,4.180679,0.027618,1
1520694967419,4.221020,4.185848,0.035172,1
1520694967429,4.223690,4.206409,0.017281,1
1520694967440,4.296398,4.273663,0.022736,0
1520694967450,4.218292,4.196949,0.021343,0
1520694967460,4.290905,4.270630,0.020275,0
1520694967470,4.215012,4.188137,0.026875,0
1520694967480,4.225941,4.201660,0.024281,0
1520694967490,4.230328,4.204636,0.025692,0
1520694967500,4.206524,4.193172,0.013351,0
1520694967510,4.225063,4.204998,0.020065,0
1520694967520,4.213676,4.175568,0.038109,0
1520694967530,4.226646,4.194317,0.032330,0
1520694967540,4.212341,4.179955,0.032387,1
1520694967550,4.216347,4.182053,0.034294,1
1520694967560,4.216232,4.187241,0.028992,1
1520694967570,4.207458,4.188328,0.019131,1
1520694967580,4.289360,4.267273,0.022087,1
1520694967590,4.218845,4.180679,0.038166,1
1520694967600,4.237785,4.202690,0.035095,1
1520694967610,4.217567,4.180813,0.036755,1
1520694967621,4.205742,4.179363,0.026379,1
1520694967631,4.215870,4.184856,0.031013,1
1520694967641,4.206448,4.179459,0.026989,0
1520694967651,4.222069,4.209862,0.012207,0
1520694967661,4.226112,4.192352,0.033760,0
1520694967671,4.215145,4.182415,0.032730,0
1520694967681,4.249573,4.219475,0.030098,0
1520694967691,4.204426,4.176483,0.027943,0
1520694967701,4.295120,4.267311,0.027809,0
1520694967711,4.209404,4.188843,0.020561,0
1520694967721,4.208927,4.179745,0.029182,0
1520694967731,4.210014,4.184036,0.025978,0
1520694967741,4.207230,4.192562,0.014668,1
1520694967751,4.291992,4.265709,0.026283,1
1520694967761,4.223576,4.196815,0.026760,1
1520694967771,4.222794,4.193077,0.029716,1
1520694967781,4.227276,4.193420,0.033855,1
1520694967791,4.221325,4.188709,0.032616,1
1520694967801,4.238853,4.203835,0.035019,1
1520694967811,4.209576,4.177322,0.032253,1
1520694967821,4.297466,4.272671,0.024796,1
1520694967831,4.209518,4.176788,0.032730,1
1520694967841,4.249115,4.223709,0.025406,0
1520694967852,4.213028,4.185467,0.027561,0
1520694967862,4.243965,4.227180,0.016785,0
1520694967872,4.249249,4.220905,0.028343,0
1520694967882,4.233189,4.198952,0.034237,0
1520694967892,4.290543,4.265862,0.024681,0
1520694967902,4.219875,4.182129,0.037746,0
1520694967912,4.241924,4.224167,0.017757,0
1520694967922,4.218559,4.198360,0.020199,0
1520694967932,4.212265,4.185982,0.026283,0
1520694967943,4.283333,4.247456,0.035877,1
1520694967953,4.210701,4.181404,0.029297,1
1520694967963,4.300938,4.271946,0.028992,1
1520694967973,4.217014,4.179020,0.037994,1
1520694967983,4.239311,4.203911,0.035400,1
1520694967993,4.299431,4.276829,0.022602,1
1520694968003,4.209442,4.176788,0.032654,1
1520694968013,4.295883,4.267426,0.028458,1
1520694968023,4.212666,4.184570,0.028095,1
1520694968033,4.290104,4.262276,0.027828,1
1520694968043,4.279766,4.248524,0.031242,0
1520694968053,4.206333,4.182377,0.023956,0
1520694968063,4.300156,4.278469,0.021687,0
1520694968073,4.230537,4.194508,0.036030,0
1520694968084,4.278755,4.250965,0.027790,0
1520694968094,4.219894,4.188366,0.031528,0
1520694968104,4.268360,4.236259,0.032101,0
1520694968114,4.216595,4.185181,0.031414,0
1520694968124,4.256096,4.232635,0.023460,0
1520694968134,4.243145,4.201317,0.041828,0
1520694968144,4.212723,4.178829,0.033894,1
1520694968154,4.277802,4.254894,0.022907,1
1520694968164,4.218235,4.179840,0.038395,1
1520694968175,4.254169,4.221096,0.033073,1
1520694968185,4.291363,4.255352,0.036011,1
1520694968195,4.243469,4.211235,0.032234,1
1520694968205,4.215050,4.183750,0.031300,1
1520694968215,4.309559,4.280052,0.029507,1
1520694968225,4.215012,4.185162,0.029850,1
1520694968235,4.268417,4.239311,0.029106,1
1520694968245,4.231224,4.201221,0.030003,0
1520694968255,4.214458,4.177437,0.037022,0
1520694968265,4.312763,4.286709,0.026054,0
1520694968275,4.209003,4.183521,0.025482,0
1520694968285,4.219551,4.206562,0.012989,0
1520694968295,4.214954,4.189968,0.024986,0
1520694968305,4.227352,4.192867,0.034485,0
1520694968315,4.253559,4.217014,0.036545,0
1520694968325,4.221725,4.187183,0.034542,0
1520694968335,4.262543,4.228573,0.033970,0
1520694968345,4.209785,4.217262,-0.007477,1
1520694968355,4.207993,4.179726,0.028267,1
1520694968365,4.226608,4.192696,0.033913,1
1520694968375,4.206009,4.181271,0.024738,1
1520694968385,4.274750,4.235573,0.039177,1
1520694968395,4.208927,4.179001,0.029926,1
1520694968406,4.290943,4.270382,0.020561,1
1520694968416,4.207764,4.180298,0.027466,1
1520694968426,4.288387,4.269085,0.019302,1
1520694968436,4.213581,4.181137,0.032444,1
1520694968446,4.211025,4.182224,0.028801,0
1520694968456,4.274044,4.240894,0.033150,0
1520694968466,4.271832,4.242382,0.029449,0
1520694968476,4.292221,4.264469,0.027752,0
1520694968486,4.219265,4.191933,0.027332,0
1520694968497,4.282990,4.260578,0.022411,0
1520694968507,4.215279,4.183445,0.031834,0
1520694968517,4.269123,4.249725,0.019398,0
1520694968527,4.207630,4.174404,0.033226,0
1520694968537,4.285202,4.241600,0.043602,0
1520694968547,4.292793,4.262695,0.030098,1
1520694968557,4.215508,4.188919,0.026588,1
1520694968567,4.281521,4.254684,0.026836,1
1520694968577,4.237823,4.195366,0.042458,1
1520694968588,4.240475,4.214611,0.025864,1
1520694968598,4.219894,4.187241,0.032654,1
1520694968608,4.212799,4.176064,0.036736,1
1520694968618,4.217548,4.187889,0.029659,1
1520694968628,4.203186,4.180336,0.022850,1
1520694968638,4.308376,4.255486,0.052891,1
1520694968648,4.209366,4.183025,0.026340,0
1520694968658,4.289513,4.260502,0.029011,0
1520694968668,4.256477,4.227982,0.028496,0
1520694968679,4.219246,4.193993,0.025253,0
1520694968689,4.293900,4.271679,0.022221,0
1520694968699,4.211140,4.178982,0.032158,0
1520694968709,4.278774,4.261303,0.017471,0
1520694968719,4.213905,4.190502,0.023403,0
1520694968729,4.206848,4.181252,0.025597,0
1520694968739,4.297009,4.272289,0.024719,0
1520694968749,4.212189,4.176483,0.035706,1
1520694968759,4.261169,4.231510,0.029659,1
1520694968769,4.223442,4.192505,0.030937,1
1520694968779,4.228287,4.201488,0.026798,1
1520694968789,4.268150,4.225540,0.042610,1
1520694968799,4.208012,4.179420,0.028591,1
1520694968809,4.300404,4.274731,0.025673,1
1520694968819,4.213371,4.189739,0.023632,1
1520694968829,4.235058,4.221840,0.013218,1
1520694968839,4.230061,4.195957,0.034103,1
1520694968849,4.217033,4.206238,0.010796,0
1520694968859,4.277992,4.237671,0.040321,0
1520694968869,4.210587,4.177685,0.032902,0
1520694968879,4.219341,4.184055,0.035286,0
1520694968889,4.213123,4.175510,0.037613,0
1520694968899,4.214458,4.181480,0.032978,0
1520694968910,4.232006,4.205589,0.026417,0
1520694968920,4.210205,4.194717,0.015488,0
1520694968930,4.217987,4.193859,0.024128,0
1520694968940,4.205074,4.171448,0.033627,1
1520694968950,4.263268,4.230652,0.032616,1
1520694968960,4.216232,4.181404,0.034828,1
1520694968970,4.214172,4.193726,0.020447,1
1520694968980,4.293480,4.267235,0.026245,1
1520694968990,4.212093,4.176807,0.035286,1
1520694969001,4.282303,4.254398,0.027905,1
1520694969011,4.211483,4.180393,0.031090,1
1520694969021,4.267731,4.239311,0.028419,1
1520694969031,4.217396,4.175415,0.041981,1
1520694969041,4.241104,4.207611,0.033493,0
1520694969051,4.272575,4.242477,0.030098,0
1520694969061,4.211254,4.179878,0.031376,0
1520694969071,4.217224,4.187126,0.030098,0
1520694969081,4.247131,4.224682,0.022449,0
1520694969092,4.210300,4.177189,0.033112,0
1520694969102,4.230881,4.194965,0.035915,0
1520694969112,4.208527,4.183788,0.024738,0
1520694969122,4.229469,4.192581,0.036888,0
1520694969132,4.209251,4.181595,0.027657,0
1520694969142,4.227467,4.221001,0.006466,1
1520694969152,4.223137,4.194927,0.028210,1
1520694969162,4.219112,4.184761,0.034351,1
1520694969172,4.224396,4.195671,0.028725,1
1520694969182,4.216824,4.195023,0.021801,1
1520694969192,4.213219,4.178600,0.034618,1
1520694969202,4.210720,4.182167,0.028553,1
1520694969212,4.235210,4.232807,0.002403,1
1520694969222,4.259014,4.233837,0.025177,1
1520694969233,4.289703,4.253960,0.035744,1
1520694969243,4.242134,4.208851,0.033283,0
1520694969253,4.225407,4.201431,0.023975,0
1520694969263,4.233646,4.207916,0.025730,0
1520694969273,4.239464,4.198818,0.040646,0
1520694969283,4.246845,4.217339,0.029507,0
1520694969293,4.209995,4.174309,0.035686,0
1520694969303,4.293156,4.264297,0.028858,0
1520694969313,4.234867,4.199944,0.034924,0
1520694969324,4.287663,4.264088,0.023575,0
1520694969334,4.219093,4.189892,0.029202,0
1520694969344,4.226437,4.181614,0.044823,1
1520694969354,4.254017,4.232197,0.021820,1
1520694969364,4.261379,4.221859,0.039520,1
1520694969374,4.284496,4.263382,0.021114,1
1520694969384,4.258785,4.231853,0.026932,1
1520694969394,4.210453,4.193764,0.016689,1
1520694969404,4.226437,4.199753,0.026684,1
1520694969415,4.219799,4.188042,0.031757,1
1520694969425,4.244728,4.207802,0.036926,1
1520694969435,4.218731,4.182682,0.036049,1
1520694969445,4.252911,4.230824,0.022087,0
1520694969455,4.222393,4.185314,0.037079,0
1520694969465,4.211330,4.177208,0.034122,0
1520694969475,4.227314,4.206371,0.020943,0
1520694969485,4.216537,4.183178,0.033360,0
1520694969495,4.267159,4.229660,0.037498,0
1520694969506,4.213963,4.182854,0.031109,0
1520694969516,4.289303,4.267254,0.022049,0
1520694969526,4.209213,4.186478,0.022736,0
1520694969536,4.289093,4.266510,0.022583,0
1520694969546,4.221306,4.192429,0.028877,1
1520694969556,4.210052,4.178696,0.031357,1
1520694969566,4.248009,4.221897,0.026112,1
1520694969576,4.208279,4.176445,0.031834,1
1520694969586,4.293842,4.267807,0.026035,1
1520694969597,4.215469,4.180565,0.034904,1
1520694969607,4.285564,4.261837,0.023727,1
1520694969617,4.209614,4.178867,0.030746,1
1520694969627,4.266720,4.237137,0.029583,1
1520694969637,4.226761,4.201221,0.025539,1
1520694969647,4.208145,4.174137,0.034008,0
1520694969657,4.280910,4.260178,0.020733,0
1520694969667,4.217033,4.185753,0.031281,0
1520694969677,4.274521,4.246883,0.027637,0
1520694969687,4.213161,4.177036,0.036125,0
1520694969697,4.208050,4.177647,0.030403,0
1520694969707,4.288635,4.261379,0.027256,0
1520694969717,4.205799,4.176369,0.029430,0
1520694969727,4.267063,4.242496,0.024567,0
1520694969738,4.215202,4.182320,0.032883,0
1520694969748,4.211979,4.186325,0.025654,1
1520694969758,4.244843,4.216385,0.028458,1
1520694969768,4.214611,4.180298,0.034313,1
1520694969778,4.297581,4.280090,0.017490,1
1520694969788,4.211330,4.177742,0.033588,1
1520694969798,4.210339,4.177456,0.032883,1
1520694969808,4.212551,4.179764,0.032787,1
1520694969818,4.206371,4.179420,0.026951,1
1520694969829,4.208775,4.185753,0.023022,1
1520694969839,4.298038,4.268284,0.029755,1
1520694969849,4.305515,4.268475,0.037041,0
1520694969859,4.207191,4.179859,0.027332,0
1520694969869,4.297276,4.270153,0.027122,0
1520694969879,4.211369,4.175491,0.035877,0
1520694969889,4.205112,4.174557,0.030556,0
1520694969899,4.223976,4.193935,0.030041,0
1520694969909,4.233322,4.189625,0.043697,0
1520694969919,4.227600,4.194241,0.033360,0
1520694969929,4.206352,4.174290,0.032063,0
1520694969939,4.300041,4.249477,0.050564,0
1520694969949,4.215717,4.184856,0.030861,1
1520694969959,4.208450,4.176712,0.031738,1
1520694969969,4.293938,4.265842,0.028095,1
1520694969979,4.210911,4.178982,0.031929,1
1520694969989,4.264259,4.232121,0.032139,1
1520694969999,4.218979,4.193497,0.025482,1
1520694970009,4.213448,4.183006,0.030441,1
1520694970019,4.232635,4.197025,0.035610,1
1520694970029,4.207344,4.178581,0.028763,1
1520694970039,4.303894,4.256535,0.047359,1
1520694970049,4.261303,4.240398,0.020905,0
1520694970060,4.254570,4.231682,0.022888,0
1520694970070,4.242592,4.205475,0.037117,0
1520694970080,4.212437,4.177589,0.034847,0
1520694970090,4.220715,4.183350,0.037365,0
1520694970100,4.210758,4.178524,0.032234,0
1520694970110,4.304008,4.253292,0.050716,0
1520694970120,4.210014,4.182701,0.027313,0
1520694970130,4.291973,4.266186,0.025787,0
1520694970140,4.238548,4.207516,0.031033,0
1520694970151,4.211025,4.178162,0.032864,1
1520694970161,4.213123,4.180489,0.032635,1
1520694970171,4.209156,4.183426,0.025730,1
1520694970181,4.227695,4.215260,0.012436,1
1520694970191,4.217911,4.199238,0.018673,1
1520694970201,4.277859,4.240837,0.037022,1
1520694970211,4.206867,4.180031,0.026836,1
1520694970221,4.235039,4.196320,0.038719,1
1520694970231,4.215927,4.186993,0.028934,1
1520694970242,4.298553,4.269409,0.029144,0
1520694970252,4.214249,4.188137,0.026112,0
1520694970262,4.218521,4.191628,0.026894,0
1520694970272,4.209461,4.181461,0.028000,0
1520694970282,4.208755,4.178200,0.030556,0
1520694970292,4.258022,4.232941,0.025082,0
1520694970302,4.216957,4.183769,0.033188,0
1520694970312,4.297371,4.265442,0.031929,0
1520694970322,4.214020,4.192524,0.021496,0
1520694970333,4.292068,4.264870,0.027199,0
1520694970343,4.220524,4.181004,0.039520,1
1520694970353,4.208527,4.177895,0.030632,1
1520694970363,4.211788,4.187317,0.024471,1
1520694970373,4.216614,4.184418,0.032196,1
1520694970383,4.295063,4.272461,0.022602,1
1520694970393,4.206352,4.182262,0.024090,1
1520694970403,4.291630,4.264412,0.027218,1
1520694970413,4.244385,4.207211,0.037174,1
1520694970424,4.282188,4.259052,0.023136,1
1520694970434,4.210625,4.184456,0.026169,1
1520694970444,4.212437,4.177170,0.035267,0
1520694970454,4.225979,4.198990,0.026989,0
1520694970464,4.213352,4.175911,0.037441,0
1520694970474,4.274597,4.254379,0.020218,0
1520694970484,4.215412,4.184246,0.031166,0
1520694970494,4.254646,4.225712,0.028934,0
1520694970504,4.210491,4.179649,0.030842,0
1520694970515,4.209805,4.188557,0.021248,0
1520694970525,4.208527,4.194527,0.014000,0
1520694970535,4.212551,4.176464,0.036087,0
1520694970545,4.305496,4.261398,0.044098,1
1520694970555,4.208412,4.190121,0.018291,1
1520694970565,4.242287,4.210587,0.031700,1
1520694970575,4.215164,4.181080,0.034084,1
1520694970585,4.210320,4.177742,0.032578,1
1520694970595,4.212780,4.176998,0.035782,1
1520694970605,4.229450,4.199734,0.029716,1
1520694970615,4.287415,4.263515,0.023899,1
1520694970625,4.209538,4.179840,0.029697,1
1520694970635,4.286461,4.255695,0.030766,1
1520694970645,4.249439,4.212112,0.037327,0
1520694970655,4.240074,4.223747,0.016327,0
1520694970665,4.313812,4.293461,0.020351,0
1520694970675,4.240341,4.209595,0.030746,0
1520694970685,4.300480,4.287510,0.012970,0
1520694970695,4.218388,4.188957,0.029430,0
1520694970705,4.211578,4.178143,0.033436,0
1520694970715,4.220104,4.192543,0.027561,0
1520694970725,4.208050,4.182777,0.025272,0
1520694970735,4.296398,4.256077,0.040321,0
1520694970746,4.235535,4.200630,0.034904,1
1520694970756,4.217529,4.180489,0.037041,1
1520694970766,4.224682,4.197445,0.027237,1
1520694970776,4.207478,4.180660,0.026817,1
1520694970786,4.222012,4.185123,0.036888,1
1520694970796,4.204674,4.184341,0.020332,1
1520694970806,4.287777,4.268436,0.019341,1
1520694970816,4.207649,4.178848,0.028801,1
1520694970826,4.263268,4.236927,0.026340,1
1520694970837,4.213753,4.184799,0.028954,1
1520694970847,4.210262,4.179764,0.030499,0
1520694970857,4.246902,4.209099,0.037804,0
1520694970867,4.209347,4.171848,0.037498,0
1520694970877,4.298592,4.269066,0.029526,0
1520694970887,4.207287,4.176693,0.030594,0
1520694970897,4.208889,4.185123,0.023766,0
1520694970907,4.214344,4.183903,0.030441,0
1520694970917,4.238911,4.191513,0.047398,0
1520694970927,4.221592,4.182587,0.039005,0
1520694970937,4.212570,4.179955,0.032616,0
1520694970947,4.209194,4.187603,0.021591,1
1520694970957,4.239216,4.211502,0.027714,1
1520694970967,4.206924,4.179783,0.027142,1
1520694970977,4.240608,4.214230,0.026379,1
1520694970987,4.213753,4.186993,0.026760,1
1520694970997,4.219074,4.183025,0.036049,1
1520694971007,4.215755,4.191456,0.024300,1
1520694971017,4.223442,4.191532,0.031910,1
1520694971027,4.254627,4.226494,0.028133,1
1520694971037,4.210911,4.189014,0.021896,1
1520694971047,4.246025,4.216938,0.029087,0
1520694971057,4.271183,4.237518,0.033665,0
1520694971068,4.210243,4.182186,0.028057,0
1520694971078,4.226456,4.191189,0.035267,0
1520694971088,4.206581,4.183578,0.023003,0
1520694971098,4.221878,4.193535,0.028343,0
1520694971108,4.209290,4.187527,0.021763,0
1520694971118,4.289627,4.260311,0.029316,0
1520694971128,4.207020,4.179058,0.027962,0
1520694971138,4.290905,4.260063,0.030842,0
1520694971148,4.214172,4.188843,0.025330,1
1520694971159,4.214077,4.179764,0.034313,1
1520694971169,4.224033,4.192772,0.031261,1
1520694971179,4.211369,4.182911,0.028458,1
1520694971189,4.252434,4.219513,0.032921,1
1520694971199,4.269905,4.243336,0.026569,1
1520694971209,4.221840,4.195404,0.026436,1
1520694971219,4.210854,4.179611,0.031242,1
1520694971229,4.257107,4.234161,0.022945,1
1520694971239,4.218941,4.197178,0.021763,1
1520694971249,4.230881,4.196224,0.034657,0
1520694971259,4.236298,4.209328,0.026970,0
1520694971269,4.211884,4.188709,0.023174,0
1520694971279,4.264812,4.233246,0.031567,0
1520694971289,4.221382,4.203968,0.017414,0
1520694971300,4.286385,4.241657,0.044727,0
1520694971310,4.212952,4.186878,0.026073,0
1520694971320,4.290047,4.264069,0.025978,0
1520694971330,4.220886,4.189701,0.031185,0
1520694971340,4.300575,4.256020,0.044556,0
1520694971350,4.270668,4.239674,0.030994,1
1520694971360,4.209061,4.181385,0.027676,1
1520694971370,4.289551,4.249344,0.040207,1
1520694971380,4.209442,4.180222,0.029221,1
1520694971390,4.250546,4.234371,0.016174,1
1520694971400,4.207134,4.184380,0.022755,1
1520694971410,4.209690,4.179535,0.030155,1
1520694971420,4.216480,4.181404,0.035076,1
1520694971430,4.208069,4.179611,0.028458,1
1520694971440,4.255581,4.228401,0.027180,1
1520694971450,4.216690,4.182262,0.034428,0
1520694971460,4.207954,4.184017,0.023937,0
1520694971470,4.215622,4.179592,0.036030,0
1520694971480,4.209709,4.180813,0.028896,0
1520694971490,4.255352,4.228497,0.026855,0
1520694971500,4.221592,4.186726,0.034866,0
1520694971510,4.300537,4.273815,0.026722,0
1520694971520,4.207878,4.177036,0.030842,0
1520694971530,4.217434,4.185581,0.031853,0
1520694971540,4.210777,4.185562,0.025215,0
1520694971550,4.220734,4.183788,0.036945,1
1520694971560,4.303322,4.273968,0.029354,1
1520694971571,4.211845,4.186745,0.025101,1
1520694971581,4.289913,4.266167,0.023746,1
1520694971591,4.207535,4.180202,0.027332,1
1520694971601,4.289455,4.276333,0.013123,1
1520694971611,4.226551,4.191036,0.035515,1
1520694971621,4.225712,4.194851,0.030861,1
1520694971631,4.217205,4.194698,0.022507,1
1520694971641,4.296417,4.271812,0.024605,1
1520694971651,4.271317,4.258118,0.013199,0
1520694971662,4.225063,4.192696,0.032368,0
1520694971672,4.208069,4.200134,0.007935,0
1520694971682,4.232845,4.188786,0.044060,0
1520694971692,4.209137,4.184189,0.024948,0
1520694971702,4.214897,4.190941,0.023956,0
1520694971712,4.241123,4.206028,0.035095,0
1520694971722,4.300175,4.271488,0.028687,0
1520694971732,4.219990,4.189911,0.030079,0
1520694971742,4.309044,4.278698,0.030346,0
1520694971753,4.263096,4.224300,0.038795,1
1520694971763,4.234676,4.199810,0.034866,1
1520694971773,4.269409,4.229908,0.039501,1
1520694971783,4.226837,4.191875,0.034962,1
1520694971793,4.289532,4.272652,0.016880,1
1520694971803,4.219303,4.185123,0.034180,1
1520694971813,4.210091,4.181633,0.028458,1
1520694971823,4.210987,4.180813,0.030174,1
1520694971833,4.243317,4.222641,0.020676,1
1520694971843,4.290295,4.265270,0.025024,0
1520694971853,4.211178,4.178829,0.032349,0
1520694971863,4.209919,4.176826,0.033092,0
1520694971873,4.212704,4.179611,0.033092,0
1520694971883,4.203529,4.176941,0.026588,0
1520694971894,4.218693,4.191093,0.027599,0
1520694971904,4.206142,4.177189,0.028954,0
1520694971914,4.275970,4.235134,0.040836,0
1520694971924,4.206238,4.177399,0.028839,0
1520694971934,4.305344,4.272461,0.032883,0
1520694971944,4.228821,4.190922,0.037899,1
1520694971954,4.227352,4.201050,0.026302,1
1520694971964,4.292698,4.269772,0.022926,1
1520694971974,4.246655,4.211941,0.034714,1
1520694971985,4.263840,4.237919,0.025921,1
1520694971995,4.211788,4.187489,0.024300,1
1520694972005,4.218864,4.188919,0.029945,1
1520694972015,4.216900,4.190769,0.026131,1
1520694972025,4.235249,4.206257,0.028992,1
1520694972035,4.256706,4.223671,0.033035,1
1520694972045,4.208755,4.178352,0.030403,0
1520694972055,4.211254,4.180565,0.030689,0
1520694972065,4.248295,4.202023,0.046272,0
1520694972075,4.210415,4.181252,0.029163,0
1520694972085,4.267979,4.234409,0.033569,0
1520694972095,4.211788,4.176083,0.035706,0
1520694972105,4.293423,4.266701,0.026722,0
1520694972115,4.206886,4.183884,0.023003,0
1520694972125,4.206867,4.179306,0.027561,0
1520694972135,4.208241,4.179745,0.028496,0
1520694972145,4.213219,4.175587,0.037632,1
1520694972155,4.310722,4.270115,0.040607,1
1520694972165,4.215603,4.189548,0.026054,1
1520694972175,4.249439,4.214821,0.034618,1
1520694972185,4.223900,4.183216,0.040684,1
1520694972195,4.208775,4.178944,0.029831,1
1520694972205,4.297733,4.276924,0.020809,1
1520694972216,4.242687,4.209099,0.033588,1
1520694972226,4.212227,4.186516,0.025711,1
1520694972236,4.281731,4.259720,0.022011,1
1520694972246,4.229641,4.195557,0.034084,0
1520694972256,4.212379,4.190521,0.021858,0
1520694972266,4.295368,4.269733,0.025635,0
1520694972276,4.218578,4.188919,0.029659,0
1520694972286,4.287319,4.260178,0.027142,0
1520694972296,4.206715,4.177742,0.028973,0
1520694972307,4.270725,4.241772,0.028954,0
1520694972317,4.211502,4.180012,0.031490,0
1520694972327,4.207172,4.181328,0.025845,0
1520694972337,4.214916,4.202633,0.012283,0
1520694972347,4.207115,4.182377,0.024738,1
1520694972357,4.257050,4.232159,0.024891,1
1520694972367,4.209137,4.176941,0.032196,1
1520694972377,4.206734,4.184971,0.021763,1
1520694972387,4.212742,4.184170,0.028572,1
1520694972398,4.217625,4.178524,0.039101,1
1520694972408,4.218674,4.181290,0.037384,1
1520694972418,4.209709,4.180412,0.029297,1
1520694972428,4.224987,4.194698,0.030289,1
1520694972438,4.208279,4.180794,0.027485,1
1520694972448,4.212284,4.181767,0.030518,0
1520694972458,4.223442,4.190502,0.032940,0
1520694972468,4.211464,4.174557,0.036907,0
1520694972478,4.229546,4.197578,0.031967,0
1520694972488,4.208717,4.175587,0.033131,0
1520694972498,4.288120,4.264965,0.023155,0
1520694972508,4.208717,4.184380,0.024338,0
1520694972518,4.278202,4.255581,0.022621,0
1520694972528,4.208908,4.181328,0.027580,0
1520694972538,4.215469,4.183140,0.032330,0
1520694972548,4.291763,4.266300,0.025463,1
1520694972558,4.218006,4.184437,0.033569,1
1520694972568,4.278793,4.256172,0.022621,1
1520694972578,4.210167,4.179649,0.030518,1
1520694972588,4.210472,4.179230,0.031242,1
1520694972598,4.216805,4.188919,0.027885,1
1520694972608,4.207287,4.173298,0.033989,1
1520694972618,4.227219,4.195709,0.031509,1
1520694972629,4.209709,4.175014,0.034695,1
1520694972639,4.277401,4.262333,0.015068,1
1520694972649,4.206867,4.182930,0.023937,0
1520694972659,4.205685,4.180908,0.024776,0
1520694972669,4.221191,4.190445,0.030746,0
1520694972679,4.227371,4.185123,0.042248,0
1520694972689,4.304066,4.282608,0.021458,0
1520694972699,4.214458,4.183884,0.030575,0
1520694972709,4.293327,4.274769,0.018559,0
1520694972720,4.225006,4.186459,0.038548,0
1520694972730,4.263916,4.238548,0.025368,0
1520694972740,4.213524,4.178581,0.034943,0
1520694972750,4.217606,4.195976,0.021629,1
1520694972760,4.284840,4.262314,0.022526,1
1520694972770,4.221210,4.195690,0.025520,1
1520694972780,4.211731,4.193115,0.018616,1
1520694972790,4.216290,4.186020,0.030270,1
1520694972800,4.211731,4.180737,0.030994,1
1520694972810,4.217834,4.188881,0.028954,1
1520694972820,4.253254,4.225368,0.027885,1
1520694972830,4.302216,4.266491,0.035725,1
1520694972840,4.227123,4.201603,0.025520,1
1520694972850,4.215546,4.187527,0.028019,0
1520694972860,4.294434,4.267101,0.027332,0
1520694972870,4.217567,4.180126,0.037441,0
1520694972880,4.288940,4.256268,0.032673,0
1520694972890,4.209080,4.184895,0.024185,0
1520694972900,4.206696,4.176350,0.030346,0
1520694972910,4.291706,4.269581,0.022125,0
1520694972920,4.234428,4.212227,0.022202,0
1520694972930,4.279213,4.256248,0.022964,0
1520694972940,4.213963,4.180679,0.033283,0
1520694972951,4.215431,4.184837,0.030594,1
1520694972961,4.276638,4.244900,0.031738,1
1520694972971,4.213886,4.183502,0.030384,1
1520694972981,4.294453,4.270439,0.024014,1
1520694972991,4.209824,4.180431,0.029392,1
1520694973001,4.211750,4.175644,0.036106,1
1520694973011,4.223747,4.195004,0.028744,1
1520694973021,4.214382,4.186192,0.028191,1
1520694973031,4.253483,4.220505,0.032978,1
1520694973042,4.233379,4.193611,0.039768,1
1520694973052,4.216213,4.180908,0.035305,0
1520694973062,4.212303,4.181271,0.031033,0
1520694973072,4.216824,4.174862,0.041962,0
1520694973082,4.215240,4.187050,0.028191,0
1520694973092,4.214878,4.182281,0.032597,0
1520694973102,4.289379,4.271564,0.017815,0
1520694973112,4.206390,4.183826,0.022564,0
1520694973122,4.288216,4.264584,0.023632,0
1520694973133,4.211578,4.175873,0.035706,0
1520694973143,4.287949,4.265423,0.022526,0
1520694973153,4.211502,4.181557,0.029945,1
1520694973163,4.215908,4.177876,0.038033,1
1520694973173,4.243259,4.203815,0.039444,1
1520694973183,4.213963,4.179974,0.033989,1
1520694973193,4.285145,4.255867,0.029278,1
1520694973203,4.209499,4.187717,0.021782,1
1520694973213,4.301586,4.277649,0.023937,1
1520694973223,4.209938,4.174709,0.035229,1
1520694973233,4.293976,4.266167,0.027809,1
1520694973243,4.255257,4.224815,0.030441,1
1520694973253,4.207001,4.175053,0.031948,0
1520694973263,4.226971,4.195137,0.031834,0
1520694973274,4.232693,4.196854,0.035839,0
1520694973284,4.236031,4.204426,0.031605,0
1520694973294,4.212513,4.200325,0.012188,0
1520694973304,4.246330,4.212627,0.033703,0
1520694973314,4.207687,4.178944,0.028744,0
1520694973324,4.274426,4.254093,0.020332,0
1520694973334,4.220963,4.182281,0.038681,0
1520694973344,4.229851,4.197311,0.032539,0
1520694973354,4.257870,4.226665,0.031204,1
1520694973364,4.211025,4.186039,0.024986,1
1520694973374,4.270916,4.251842,0.019073,1
1520694973384,4.208050,4.178162,0.029888,1
1520694973394,4.226227,4.208298,0.017929,1
1520694973404,4.213371,4.179420,0.033951,1
1520694973414,4.214325,4.182205,0.032120,1
1520694973424,4.231586,4.193287,0.038300,1
1520694973434,4.205132,4.196873,0.008259,1
1520694973444,4.283524,4.266186,0.017338,1
1520694973455,4.211483,4.183388,0.028095,0
1520694973465,4.208927,4.177589,0.031338,0
1520694973475,4.208984,4.179592,0.029392,0
1520694973485,4.235687,4.196205,0.039482,0
1520694973495,4.213543,4.185276,0.028267,0
1520694973505,4.207668,4.182072,0.025597,0
1520694973515,4.266281,4.226742,0.039539,0
1520694973525,4.210873,4.174957,0.035915,0
1520694973535,4.293613,4.260750,0.032864,0
1520694973546,4.233074,4.199772,0.033302,1
1520694973556,4.208603,4.175797,0.032806,1
1520694973566,4.220257,4.195976,0.024281,1
1520694973576,4.207668,4.179153,0.028515,1
1520694973586,4.228172,4.197845,0.030327,1
1520694973596,4.206982,4.174347,0.032635,1
1520694973606,4.284248,4.252605,0.031643,1
1520694973616,4.203815,4.179783,0.024033,1
1520694973626,4.237614,4.208164,0.029449,1
1520694973636,4.205513,4.178867,0.026646,1
1520694973646,4.220867,4.190083,0.030785,0
1520694973656,4.276333,4.251194,0.025139,0
1520694973666,4.218216,4.182854,0.035362,0
1520694973676,4.261169,4.236374,0.024796,0
1520694973686,4.232521,4.192181,0.040340,0
1520694973696,4.205627,4.185104,0.020523,0
1520694973706,4.222450,4.193802,0.028648,0
1520694973716,4.209270,4.176693,0.032578,0
1520694973726,4.301758,4.284706,0.017052,0
1520694973736,4.208469,4.174519,0.033951,0
1520694973746,4.216633,4.188747,0.027885,1
1520694973756,4.238224,4.232693,0.005531,1
1520694973766,4.208221,4.179134,0.029087,1
1520694973777,4.245071,4.216232,0.028839,1
1520694973787,4.210911,4.186134,0.024776,1
1520694973797,4.280338,4.253159,0.027180,1
1520694973807,4.207439,4.178524,0.028915,1
1520694973817,4.271584,4.245167,0.026417,1
1520694973827,4.222469,4.188805,0.033665,1
1520694973837,4.208412,4.178524,0.029888,1
1520694973847,4.271183,4.250851,0.020332,0
1520694973857,4.217911,4.185944,0.031967,0
1520694973868,4.211674,4.181080,0.030594,0
1520694973878,4.236450,4.212341,0.024109,0
1520694973888,4.215031,4.177074,0.037956,0
1520694973898,4.288864,4.263344,0.025520,0
1520694973908,4.211559,4.178162,0.033398,0
1520694973918,4.217949,4.192200,0.025749,0
1520694973928,4.230022,4.195118,0.034904,0
1520694973938,4.221344,4.195538,0.025806,0
1520694973948,4.294796,4.272823,0.021973,1
1520694973958,4.209461,4.179955,0.029507,1
1520694973968,4.223824,4.189854,0.033970,1
1520694973978,4.255466,4.222565,0.032902,1
1520694973988,4.222164,4.191017,0.031147,1
1520694973998,4.272766,4.237766,0.035000,1
1520694974009,4.218864,4.183636,0.035229,1
1520694974019,4.282799,4.244804,0.037994,1
1520694974029,4.215488,4.187489,0.028000,1
1520694974039,4.309654,4.295769,0.013885,1
1520694974049,4.231071,4.203358,0.027714,0
1520694974059,4.250088,4.227867,0.022221,0
1520694974069,4.301548,4.269848,0.031700,0
1520694974079,4.252758,4.214935,0.037823,0
1520694974089,4.292030,4.268246,0.023785,0
1520694974100,4.227772,4.194927,0.032845,0
1520694974110,4.286842,4.262943,0.023899,0
1520694974120,4.231930,4.197178,0.034752,0
1520694974130,4.212646,4.179020,0.033627,0
1520694974140,4.214001,4.193554,0.020447,0
1520694974150,4.218216,4.193287,0.024929,1
1520694974160,4.284687,4.261494,0.023193,1
1520694974170,4.210777,4.181385,0.029392,1
1520694974180,4.261742,4.242153,0.019588,1
1520694974191,4.265194,4.224758,0.040436,1
1520694974201,4.229507,4.200191,0.029316,1
1520694974211,4.236774,4.198647,0.038128,1
1520694974221,4.243946,4.228191,0.015755,1
1520694974231,4.214306,4.193993,0.020313,1
1520694974241,4.271870,4.246082,0.025787,1
1520694974251,4.226170,4.193172,0.032997,0
1520694974261,4.210854,4.180450,0.030403,0
1520694974271,4.311943,4.282932,0.029011,0
1520694974282,4.219093,4.189205,0.029888,0
1520694974292,4.250355,4.235592,0.014763,0
1520694974302,4.218979,4.187164,0.031815,0
1520694974312,4.248886,4.224854,0.024033,0
1520694974322,4.264545,4.222908,0.041637,0
1520694974332,4.205799,4.174652,0.031147,0
1520694974342,4.248047,4.211159,0.036888,0
1520694974352,4.216747,4.180584,0.036163,1
1520694974362,4.216156,4.182587,0.033569,1
1520694974373,4.226894,4.187374,0.039520,1
1520694974383,4.216747,4.192295,0.024452,1
1520694974393,4.213486,4.180412,0.033073,1
1520694974403,4.208050,4.181366,0.026684,1
1520694974413,4.232101,4.197979,0.034122,1
1520694974423,4.212856,4.178162,0.034695,1
1520694974433,4.289036,4.261417,0.027618,1
1520694974443,4.209042,4.179745,0.029297,1
1520694974453,4.243774,4.203529,0.040245,0
1520694974463,4.218292,4.191532,0.026760,0
1520694974473,4.208012,4.176636,0.031376,0
1520694974483,4.292946,4.260998,0.031948,0
1520694974493,4.207363,4.204617,0.002747,0
1520694974503,4.288101,4.260139,0.027962,0
1520694974513,4.210320,4.181824,0.028496,0
1520694974523,4.209671,4.174004,0.035667,0
1520694974533,4.211655,4.179211,0.032444,0
1520694974543,4.208908,4.180393,0.028515,0
1520694974553,4.292278,4.271145,0.021133,1
1520694974563,4.213505,4.176445,0.037060,1
1520694974573,4.207325,4.173431,0.033894,1
1520694974583,4.213810,4.179325,0.034485,1
1520694974593,4.208241,4.178848,0.029392,1
1520694974604,4.211235,4.185410,0.025826,1
1520694974614,4.213543,4.176540,0.037003,1
1520694974624,4.220963,4.180145,0.040817,1
1520694974634,4.242840,4.229584,0.013256,1
1520694974644,4.229507,4.195232,0.034275,1
1520694974654,4.226246,4.198608,0.027637,0
1520694974664,4.207954,4.191284,0.016670,0
1520694974674,4.219666,4.186001,0.033665,0
1520694974684,4.223671,4.180222,0.043449,0
1520694974695,4.229813,4.195824,0.033989,0
1520694974705,4.209747,4.176941,0.032806,0
1520694974715,4.231606,4.202232,0.029373,0
1520694974725,4.245663,4.215546,0.030117,0
1520694974735,4.292870,4.264946,0.027924,0
1520694974745,4.210377,4.182434,0.027943,0
1520694974755,4.207993,4.174843,0.033150,1
1520694974765,4.265213,4.239788,0.025425,1
1520694974775,4.207859,4.175758,0.032101,1
1520694974785,4.294224,4.267731,0.026493,1
1520694974795,4.209518,4.181805,0.027714,1
1520694974805,4.202271,4.188957,0.013313,1
1520694974815,4.209061,4.175014,0.034046,1
1520694974825,4.215584,4.179897,0.035686,1
1520694974836,4.216671,4.185448,0.031223,1
1520694974846,4.267807,4.249802,0.018005,1
1520694974856,4.276962,4.253960,0.023003,0
1520694974866,4.207554,4.171352,0.036201,0
1520694974876,4.263344,4.236546,0.026798,0
1520694974886,4.215984,4.193649,0.022335,0
1520694974896,4.200764,4.174938,0.025826,0
1520694974906,4.229832,4.198895,0.030937,0
1520694974916,4.212074,4.176006,0.036068,0
1520694974927,4.223423,4.197197,0.026226,0
1520694974937,4.207058,4.177475,0.029583,0
1520694974947,4.260979,4.222031,0.038948,0
1520694974957,4.252491,4.235249,0.017242,1
1520694974967,4.209156,4.175758,0.033398,1
1520694974977,4.302120,4.279423,0.022697,1
1520694974987,4.214172,4.178581,0.035591,1
1520694974997,4.289494,4.258633,0.030861,1
1520694975007,4.210510,4.176331,0.034180,1
1520694975018,4.283791,4.258194,0.025597,1
1520694975028,4.206982,4.180832,0.026150,1
1520694975038,4.250584,4.234486,0.016098,1
1520694975048,4.230671,4.195595,0.035076,0
1520694975058,4.211941,4.179306,0.032635,0
1520694975068,4.279823,4.253960,0.025864,0
1520694975078,4.212837,4.179707,0.033131,0
1520694975088,4.256687,4.234715,0.021973,0
1520694975098,4.222660,4.184113,0.038548,0
1520694975108,4.254684,4.230900,0.023785,0
1520694975118,4.225197,4.193573,0.031624,0
1520694975128,4.208641,4.178104,0.030537,0
1520694975138,4.229507,4.206543,0.022964,0
1520694975148,4.209347,4.186478,0.022869,1
1520694975159,4.134884,4.096031,0.038853,1
1520694975169,4.238358,4.214134,0.024223,1
1520694975179,4.207458,4.177914,0.029545,1
1520694975189,4.295502,4.266357,0.029144,1
1520694975199,4.207993,4.174271,0.033722,1
1520694975209,4.265232,4.229412,0.035820,1
1520694975219,4.207897,4.176197,0.031700,1
1520694975229,4.272919,4.245739,0.027180,1
1520694975239,4.210377,4.203396,0.006981,1
1520694975249,4.211464,4.181519,0.029945,0
1520694975259,4.213123,4.181805,0.031319,0
1520694975269,4.211750,4.176979,0.034771,0
1520694975279,4.220619,4.188461,0.032158,0
1520694975289,4.215469,4.190807,0.024662,0
1520694975299,4.299469,4.280891,0.018578,0
1520694975309,4.217930,4.187450,0.030479,0
1520694975319,4.297905,4.270649,0.027256,0
1520694975329,4.226360,4.192867,0.033493,0
1520694975340,4.292793,4.258308,0.034485,0
1520694975350,4.248734,4.212341,0.036392,1
1520694975360,4.214497,4.185486,0.029011,1
1520694975370,4.261322,4.223099,0.038223,1
1520694975380,4.213524,4.181747,0.031776,1
1520694975390,4.262638,4.247169,0.015469,1
1520694975400,4.230576,4.204140,0.026436,1
1520694975410,4.251118,4.211807,0.039310,1
1520694975420,4.217396,4.192276,0.025120,1
1520694975431,4.236069,4.217091,0.018978,1
1520694975441,4.230442,4.196262,0.034180,1
1520694975451,4.220467,4.185982,0.034485,0
1520694975461,4.303951,4.282646,0.021305,0
1520694975471,4.218559,4.183884,0.034676,0
1520694975481,4.257336,4.229622,0.027714,0
1520694975491,4.218369,4.213219,0.005150,0
1520694975501,4.253731,4.230251,0.023479,0
1520694975511,4.265041,4.222622,0.042419,0
1520694975521,4.231586,4.198189,0.033398,0
1520694975531,4.219151,4.191151,0.028000,0
1520694975541,4.228287,4.194736,0.033550,0
1520694975551,4.258728,4.234276,0.024452,1
1520694975561,4.223461,4.186954,0.036507,1
1520694975571,4.206028,4.173756,0.032272,1
1520694975581,4.216499,4.182663,0.033836,1
1520694975591,4.203377,4.180603,0.022774,1
1520694975601,4.241524,4.212379,0.029144,1
1520694975611,4.206486,4.174271,0.032215,1
1520694975621,4.282608,4.256878,0.025730,1
1520694975631,4.206238,4.174366,0.031872,1
1520694975641,4.247818,4.226151,0.021667,1
1520694975651,4.239845,4.212132,0.027714,0
1520694975661,4.207916,4.184513,0.023403,0
1520694975671,4.275475,4.247456,0.028019,0
1520694975681,4.206600,4.185467,0.021133,0
1520694975691,4.226913,4.205894,0.021019,0
1520694975701,4.235458,4.189243,0.046215,0
1520694975711,4.207268,4.181919,0.025349,0
1520694975721,4.225903,4.192162,0.033741,0
1520694975731,4.207039,4.178371,0.028667,0
1520694975741,4.303970,4.276848,0.027122,0
1520694975752,4.213085,4.178314,0.034771,1
1520694975762,4.206810,4.184628,0.022182,1
1520694975772,4.209538,4.179039,0.030499,1
1520694975782,4.207287,4.177189,0.030098,1
1520694975792,4.210606,4.197369,0.013237,1
1520694975802,4.219666,4.181576,0.038090,1
1520694975812,4.260273,4.228554,0.031719,1
1520694975822,4.207153,4.174099,0.033054,1
1520694975832,4.280605,4.254341,0.026264,1
1520694975843,4.205875,4.174461,0.031414,1
1520694975853,4.202881,4.185257,0.017624,0
1520694975863,4.225330,4.193134,0.032196,0
1520694975873,4.246521,4.197044,0.049477,0
1520694975883,4.244442,4.212017,0.032425,0
1520694975893,4.202957,4.174118,0.028839,0
1520694975903,4.276981,4.249477,0.027504,0
1520694975913,4.217567,4.183636,0.033932,0
1520694975923,4.271393,4.246387,0.025005,0
1520694975933,4.223652,4.187126,0.036526,0
1520694975943,4.206467,4.181461,0.025005,0
1520694975953,4.272137,4.246273,0.025864,1
1520694975963,4.210072,4.181519,0.028553,1
1520694975973,4.213409,4.181519,0.031891,1
1520694975983,4.236240,4.205399,0.030842,1
1520694975993,4.206791,4.180927,0.025864,1
1520694976003,4.283848,4.241982,0.041866,1
1520694976013,4.260693,4.230080,0.030613,1
1520694976023,4.302006,4.270821,0.031185,1
1520694976033,4.207115,4.178753,0.028362,1
1520694976043,4.210300,4.178314,0.031986,1
1520694976053,4.314480,4.282799,0.031681,0
1520694976063,4.207287,4.173813,0.033474,0
1520694976074,4.290543,4.265900,0.024643,0
1520694976084,4.221172,4.189472,0.031700,0
1520694976094,4.279518,4.253101,0.026417,0
1520694976104,4.209938,4.181404,0.028534,0
1520694976114,4.282532,4.256363,0.026169,0
1520694976124,4.209805,4.181557,0.028248,0
1520694976134,4.206600,4.189091,0.017509,0
1520694976144,4.214497,4.185734,0.028763,0
1520694976154,4.211731,4.175758,0.035973,1
1520694976165,4.282932,4.254265,0.028667,1
1520694976175,4.220238,4.182835,0.037403,1
1520694976185,4.239807,4.217644,0.022163,1
1520694976195,4.210167,4.175949,0.034218,1
1520694976205,4.214039,4.179153,0.034885,1
1520694976215,4.214478,4.186268,0.028210,1
1520694976225,4.209232,4.178562,0.030670,1
1520694976235,4.218712,4.192772,0.025940,1
1520694976245,4.266605,4.231987,0.034618,1
1520694976256,4.221897,4.189930,0.031967,0
1520694976266,4.211617,4.177570,0.034046,0
1520694976276,4.241505,4.200897,0.040607,0
1520694976286,4.215183,4.183292,0.031891,0
1520694976296,4.272423,4.240894,0.031528,0
1520694976306,4.218960,4.191475,0.027485,0
1520694976316,4.268875,4.251137,0.017738,0
1520694976326,4.212112,4.189682,0.022430,0
1520694976336,4.271297,4.243507,0.027790,0
1520694976346,4.210835,4.177189,0.033646,0
1520694976356,4.214115,4.180717,0.033398,1
1520694976366,4.291973,4.266891,0.025082,1
1520694976376,4.224510,4.190674,0.033836,1
1520694976386,4.215679,4.189491,0.026188,1
1520694976396,4.226246,4.195328,0.030918,1
1520694976406,4.214802,4.203129,0.011673,1
1520694976416,4.245415,4.237709,0.007706,1
1520694976426,4.250755,4.234982,0.015774,1
1520694976436,4.291039,4.247265,0.043774,1
1520694976446,4.230766,4.198532,0.032234,1
1520694976456,4.209995,4.183197,0.026798,0
1520694976466,4.246407,4.220715,0.025692,0
1520694976476,4.214191,4.182949,0.031242,0
1520694976487,4.307823,4.283085,0.024738,0
1520694976497,4.204731,4.175358,0.029373,0
1520694976507,4.301987,4.271564,0.030422,0
1520694976517,4.236221,4.200249,0.035973,0
1520694976527,4.293289,4.262295,0.030994,0
1520694976537,4.210434,4.176483,0.033951,0
1520694976547,4.299126,4.272652,0.026474,0
1520694976557,4.299049,4.263287,0.035763,1
1520694976567,4.208298,4.177990,0.030308,1
1520694976577,4.284325,4.260883,0.023441,1
1520694976587,4.208813,4.175797,0.033016,1
1520694976597,4.205780,4.174976,0.030804,1
1520694976607,4.210148,4.179859,0.030289,1
1520694976617,4.207973,4.177666,0.030308,1
1520694976627,4.226055,4.198265,0.027790,1
1520694976637,4.204350,4.173260,0.031090,1
1520694976647,4.308109,4.287491,0.020618,1
1520694976657,4.264164,4.240437,0.023727,0
1520694976667,4.209442,4.174919,0.034523,0
1520694976677,4.224739,4.195404,0.029335,0
1520694976687,4.207420,4.180279,0.027142,0
1520694976697,4.250622,4.236698,0.013924,0
1520694976707,4.205494,4.180603,0.024891,0
1520694976718,4.267139,4.230957,0.036182,0
1520694976728,4.212837,4.177761,0.035076,0
1520694976738,4.297409,4.274006,0.023403,0
1520694976748,4.228897,4.198570,0.030327,0
1520694976758,4.218807,4.180298,0.038509,1
1520694976768,4.306450,4.250698,0.055752,1
1520694976778,4.212036,4.179935,0.032101,1
1520694976788,4.292068,4.265251,0.026817,1
1520694976798,4.213238,4.179478,0.033760,1
1520694976808,4.281216,4.262409,0.018806,1
1520694976818,4.210701,4.179153,0.031548,1
1520694976828,4.219418,4.176159,0.043259,1
1520694976838,4.208393,4.187145,0.021248,1
1520694976848,4.228325,4.201050,0.027275,1
1520694976858,4.217415,4.183407,0.034008,0
1520694976868,4.215317,4.182854,0.032463,0
1520694976878,4.207478,4.173717,0.033760,0
1520694976888,4.227448,4.190445,0.037003,0
1520694976898,4.210091,4.176464,0.033627,0
1520694976908,4.292622,4.264336,0.028286,0
1520694976918,4.217987,4.178486,0.039501,0
1520694976928,4.294605,4.260826,0.033779,0
1520694976938,4.207020,4.178448,0.028572,0
1520694976949,4.234142,4.196949,0.037193,0
1520694976959,4.246788,4.220142,0.026646,1
1520694976969,4.211483,4.174843,0.036640,1
1520694976979,4.297409,4.279175,0.018234,1
1520694976989,4.220619,4.187126,0.033493,1
1520694976999,4.234791,4.203663,0.031128,1
1520694977009,4.210930,4.178963,0.031967,1
1520694977019,4.230652,4.197178,0.033474,1
1520694977029,4.250889,4.212189,0.038700,1
1520694977040,4.208488,4.183998,0.024490,1
1520694977050,4.270439,4.239101,0.031338,0
1520694977060,4.209118,4.190464,0.018654,0
1520694977070,4.290543,4.264202,0.026340,0
1520694977080,4.207287,4.178028,0.029259,0
1520694977090,4.218388,4.177265,0.041122,0
1520694977100,4.213066,4.176617,0.036449,0
1520694977110,4.214363,4.175396,0.038967,0
1520694977120,4.213867,4.180450,0.033417,0
1520694977131,4.210758,4.176540,0.034218,0
1520694977141,4.207802,4.183407,0.024395,0
1520694977151,4.207554,4.186573,0.020981,1
1520694977161,4.292011,4.264698,0.027313,1
1520694977172,4.213142,4.178829,0.034313,1
1520694977182,4.261971,4.237709,0.024261,1
1520694977192,4.208603,4.178581,0.030022,1
1520694977202,4.210262,4.177780,0.032482,1
1520694977212,4.209499,4.174976,0.034523,1
1520694977222,4.212208,4.183464,0.028744,1
1520694977232,4.216785,4.192162,0.024624,1
1520694977242,4.208660,4.189892,0.018768,1
1520694977252,4.208469,4.174194,0.034275,0
1520694977262,4.211884,4.178200,0.033684,0
1520694977272,4.284019,4.258137,0.025883,0
1520694977282,4.217129,4.184437,0.032692,0
1520694977292,4.274178,4.248161,0.026016,0
1520694977302,4.213867,4.186630,0.027237,0
1520694977313,4.260521,4.242001,0.018520,0
1520694977323,4.219551,4.182129,0.037422,0
1520694977333,4.237347,4.215851,0.021496,0
1520694977343,4.216576,4.179268,0.037308,0
1520694977353,4.218616,4.189739,0.028877,1
1520694977363,4.257812,4.230633,0.027180,1
1520694977373,4.207993,4.178505,0.029488,1
1520694977383,4.250298,4.234734,0.015564,1
1520694977393,4.219303,4.183617,0.035686,1
1520694977404,4.210968,4.186611,0.024357,1
1520694977414,4.220390,4.183979,0.036411,1
1520694977424,4.213295,4.180851,0.032444,1
1520694977434,4.215221,4.195728,0.019493,1
1520694977444,4.213276,4.183407,0.029869,1
1520694977454,4.221230,4.196415,0.024815,0
1520694977464,4.290810,4.259663,0.031147,0
1520694977474,4.238644,4.205647,0.032997,0
1520694977484,4.302254,4.276676,0.025578,0
1520694977495,4.214935,4.179306,0.035629,0
1520694977505,4.281216,4.253998,0.027218,0
1520694977515,4.211006,4.179173,0.031834,0
1520694977525,4.282055,4.250584,0.031471,0
1520694977535,4.220104,4.188690,0.031414,0
1520694977545,4.240246,4.227467,0.012779,0
1520694977555,4.303360,4.270782,0.032578,1
1520694977565,4.241447,4.216747,0.024700,1
1520694977575,4.267826,4.237957,0.029869,1
1520694977585,4.228458,4.193058,0.035400,1
1520694977595,4.204750,4.173698,0.031052,1
1520694977605,4.211617,4.185848,0.025768,1
1520694977615,4.207287,4.172630,0.034657,1
1520694977625,4.288616,4.261856,0.026760,1
1520694977635,4.206200,4.197254,0.008945,1
1520694977645,4.210110,4.180603,0.029507,1
1520694977655,4.251289,4.218922,0.032368,0
1520694977665,4.242706,4.207020,0.035686,0
1520694977675,4.297543,4.267349,0.030193,0
1520694977685,4.214592,4.184628,0.029964,0
1520694977695,4.203720,4.183807,0.019913,0
1520694977705,4.237709,4.220963,0.016747,0
1520694977715,4.205837,4.177456,0.028381,0
1520694977726,4.217625,4.190350,0.027275,0
1520694977736,4.211483,4.178219,0.033264,0
1520694977746,4.216347,4.187164,0.029182,0
1520694977756,4.241314,4.230690,0.010624,1
1520694977766,4.260998,4.234028,0.026970,1
1520694977776,4.212418,4.184017,0.028400,1
1520694977786,4.210758,4.188385,0.022373,1
1520694977796,4.221306,4.193707,0.027599,1
1520694977806,4.213409,4.176941,0.036469,1
1520694977817,4.289932,4.262333,0.027599,1
1520694977827,4.205856,4.182816,0.023041,1
1520694977837,4.279060,4.253979,0.025082,1
1520694977847,4.211121,4.180756,0.030365,1
1520694977857,4.229889,4.199657,0.030231,0
1520694977867,4.279671,4.245930,0.033741,0
1520694977877,4.218597,4.185696,0.032902,0
1520694977887,4.218044,4.185238,0.032806,0
1520694977897,4.223156,4.195023,0.028133,0
1520694977907,4.207783,4.179478,0.028305,0
1520694977917,4.287281,4.264927,0.022354,0
1520694977927,4.205055,4.178963,0.026093,0
1520694977937,4.295788,4.278679,0.017109,0
1520694977947,4.213085,4.179306,0.033779,0
1520694977957,4.245968,4.230270,0.015697,1
1520694977967,4.254627,4.234238,0.020390,1
1520694977977,4.207249,4.185581,0.021667,1
1520694977987,4.215641,4.186440,0.029202,1
1520694977997,4.236431,4.205608,0.030823,1
1520694978007,4.221420,4.185333,0.036087,1
1520694978017,4.297428,4.273663,0.023766,1
1520694978027,4.211082,4.178619,0.032463,1
1520694978037,4.294109,4.262791,0.031319,1
1520694978048,4.211140,4.182472,0.028667,1
1520694978058,4.225330,4.190292,0.035038,0
1520694978068,4.235992,4.206657,0.029335,0
1520694978078,4.210720,4.183788,0.026932,0
1520694978088,4.307919,4.287434,0.020485,0
1520694978098,4.213142,4.193974,0.019169,0
1520694978108,4.259129,4.233494,0.025635,0
1520694978118,4.214458,4.179497,0.034962,0
1520694978128,4.253445,4.230309,0.023136,0
1520694978138,4.226799,4.200974,0.025826,0
1520694978148,4.209042,4.183922,0.025120,0
1520694978158,4.283981,4.262333,0.021648,1
1520694978168,4.207764,4.179153,0.028610,1
1520694978178,4.211292,4.182281,0.029011,1
1520694978188,4.226151,4.196568,0.029583,1
1520694978198,4.211121,4.181042,0.030079,1
1520694978208,4.249592,4.219246,0.030346,1
1520694978218,4.209366,4.183350,0.026016,1
1520694978229,4.285812,4.242249,0.043564,1
1520694978239,4.209461,4.179993,0.029469,1
1520694978249,4.312363,4.287052,0.025311,1
1520694978259,4.309540,4.289799,0.019741,0
1520694978269,4.295769,4.266815,0.028954,0
1520694978279,4.210510,4.180851,0.029659,0
1520694978289,4.235001,4.200783,0.034218,0
1520694978299,4.214439,4.176826,0.037613,0
1520694978309,4.225368,4.189720,0.035648,0
1520694978320,4.217396,4.188728,0.028667,0
1520694978330,4.214439,4.197407,0.017033,0
1520694978340,4.220009,4.188271,0.031738,0
1520694978350,4.255199,4.244690,0.010509,0
1520694978360,4.290066,4.263592,0.026474,1
1520694978370,4.217072,4.187832,0.029240,1
1520694978380,4.206982,4.177265,0.029716,1
1520694978390,4.226532,4.199009,0.027523,1
1520694978400,4.209309,4.178505,0.030804,1
1520694978410,4.229946,4.198895,0.031052,1
1520694978420,4.207249,4.181194,0.026054,1
1520694978430,4.281197,4.262238,0.018959,1
1520694978440,4.212894,4.181061,0.031834,1
1520694978450,4.224415,4.188137,0.036278,1
1520694978460,4.293747,4.268246,0.025501,0
1520694978470,4.223747,4.187565,0.036182,0
1520694978480,4.274693,4.245396,0.029297,0
1520694978490,4.220352,4.189091,0.031261,0
1520694978500,4.220467,4.185982,0.034485,0
1520694978510,4.227715,4.208450,0.019264,0
1520694978520,4.208508,4.178009,0.030499,0
1520694978530,4.239159,4.206448,0.032711,0
1520694978540,4.222279,4.183369,0.038910,0
1520694978551,4.275951,4.250355,0.025597,0
1520694978561,4.214382,4.212990,0.001392,1
1520694978571,4.240627,4.210835,0.029793,1
1520694978581,4.280052,4.252739,0.027313,1
1520694978591,4.224377,4.201069,0.023308,1
1520694978601,4.286880,4.259548,0.027332,1
1520694978611,4.203167,4.173412,0.029755,1
1520694978621,4.283657,4.262924,0.020733,1
1520694978631,4.213390,4.180298,0.033092,1
1520694978642,4.222507,4.191265,0.031242,1
1520694978652,4.243526,4.205360,0.038166,0
1520694978662,4.216118,4.181309,0.034809,0
1520694978672,4.286861,4.260693,0.026169,0
1520694978682,4.215775,4.184494,0.031281,0
1520694978692,4.210911,4.186420,0.024490,0
1520694978702,4.220734,4.189587,0.031147,0
1520694978712,4.210682,4.191971,0.018711,0
1520694978722,4.219799,4.196663,0.023136,0
1520694978733,4.209003,4.179249,0.029755,0
1520694978743,4.231853,4.196186,0.035667,0
1520694978753,4.210033,4.183674,0.026360,1
1520694978763,4.268932,4.246006,0.022926,1
1520694978773,4.223232,4.189796,0.033436,1
1520694978783,4.207859,4.181938,0.025921,1
1520694978793,4.232159,4.200306,0.031853,1
1520694978803,4.518261,4.500809,0.017452,1
1520694978813,4.426460,4.404354,0.022106,1
1520694978823,4.524899,4.514961,0.009937,1
1520694978833,4.523125,4.510517,0.012608,1
1520694978843,4.530945,4.521217,0.009727,1
1520694978853,4.467678,4.450607,0.017071,0
1520694978863,4.529152,4.517460,0.011692,0
1520694978873,4.538136,4.522934,0.015202,0
1520694978883,4.535217,4.524689,0.010529,0
1520694978893,4.524498,4.512329,0.012169,0
1520694978903,4.341221,4.321671,0.019550,0
1520694978913,4.529610,4.518013,0.011597,0
1520694978923,4.528217,4.516945,0.011272,0
1520694978933,4.530754,4.518490,0.012264,0
1520694978943,4.532967,4.527130,0.005836,0
1520694978953,4.426250,4.394093,0.032158,1
1520694978964,4.533749,4.520283,0.013466,1
1520694978974,4.366360,4.344997,0.021362,1
1520694978984,4.531364,4.515533,0.015831,1
1520694978994,4.525452,4.514542,0.010910,1
1520694979004,4.452381,4.445782,0.006599,1
1520694979014,4.471512,4.466743,0.004768,1
1520694979024,4.441280,4.437656,0.003624,1
1520694979034,4.378071,4.358234,0.019836,1
1520694979044,4.394131,4.375877,0.018253,1
1520694979055,4.407387,4.375439,0.031948,0
1520694979065,4.417496,4.389801,0.027695,0
1520694979075,4.364643,4.325275,0.039368,0
1520694979085,4.409981,4.390240,0.019741,0
1520694979095,4.445744,4.421864,0.023880,0
1520694979105,4.356728,4.315109,0.041618,0
1520694979115,4.528313,4.523907,0.004406,0
1520694979125,4.531746,4.523983,0.007763,0
1520694979135,4.531364,4.521770,0.009594,0
1520694979146,4.527569,4.518013,0.009556,0
1520694979156,4.523487,4.516773,0.006714,1
1520694979166,4.527779,4.505749,0.022030,1
1520694979176,4.517879,4.509487,0.008392,1
1520694979186,4.530239,4.530182,0.000057,1
1520694979196,4.530468,4.520264,0.010204,1
1520694979206,4.351673,4.325905,0.025768,1
1520694979216,4.530277,4.526405,0.003872,1
1520694979226,4.527340,4.521656,0.005684,1
1520694979237,4.535713,4.518795,0.016918,1
1520694979247,4.528370,4.521046,0.007324,1
1520694979257,4.528522,4.520512,0.008011,0
1520694979267,4.367676,4.342976,0.024700,0
1520694979277,4.500237,4.485950,0.014286,0
1520694979287,4.441814,4.416542,0.025272,0
1520694979297,4.454193,4.431534,0.022659,0
1520694979307,4.513035,4.499435,0.013599,0
1520694979317,4.503288,4.497280,0.006008,0
1520694979327,4.492569,4.482193,0.010376,0
1520694979337,4.458065,4.438457,0.019608,0
1520694979347,4.518185,4.479752,0.038433,0
1520694979357,4.446964,4.425220,0.021744,1
1520694979367,4.439659,4.416809,0.022850,1
1520694979377,4.358177,4.335079,0.023098,1
1520694979387,4.333477,4.309654,0.023823,1
1520694979397,4.286251,4.251976,0.034275,1
1520694979407,4.525299,4.512367,0.012932,1
1520694979417,4.392757,4.372902,0.019855,1
1520694979427,4.526653,4.511318,0.015335,1
1520694979437,4.529724,4.523430,0.006294,1
1520694979447,4.538765,4.524765,0.014000,1
1520694979457,4.320908,4.298363,0.022545,1
1520694979468,4.505730,4.501038,0.004692,1
1520694979478,4.454880,4.444523,0.010357,1
1520694979488,4.529610,4.519234,0.010376,1
1520694979498,4.533272,4.518528,0.014744,1
1520694979508,4.528217,4.517879,0.010338,1
1520694979518,4.534397,4.524403,0.009995,1
1520694979528,4.531803,4.521255,0.010548,1
1520694979538,4.512348,4.502316,0.010033,1
1520694979548,4.528980,4.521561,0.007420,1
1520694979559,4.523888,4.519081,0.004807,1
1520694979569,4.521770,4.521351,0.000420,1
1520694979579,4.525795,4.515209,0.010586,1
1520694979589,4.522419,4.514809,0.007610,1
1520694979599,4.525528,4.514523,0.011005,1
1520694979609,4.528656,4.514523,0.014133,1
1520694979619,4.526653,4.519081,0.007572,1
1520694979629,4.525814,4.516907,0.008907,1
1520694979639,4.532890,4.520416,0.012474,1
1520694979650,4.527569,4.519939,0.007629,1
1520694979660,4.529686,4.516621,0.013065,1
1520694979670,4.531994,4.514904,0.017090,1
1520694979680,4.528809,4.516773,0.012035,1
1520694979690,4.526253,4.523144,0.003109,1
1520694979700,4.528313,4.520416,0.007896,1
1520694979710,4.529819,4.517422,0.012398,1
1520694979720,4.526329,4.518547,0.007782,1
1520694979730,4.519024,4.515285,0.003738,1
1520694979740,4.534531,4.520397,0.014133,1
1520694979750,4.527321,4.517002,0.010319,1
1520694979760,4.527874,4.519711,0.008163,1
1520694979770,4.533615,4.516010,0.017605,1
1520694979780,4.527779,4.519463,0.008316,1
1520694979790,4.526005,4.516907,0.009098,1
1520694979800,4.524708,4.512501,0.012207,1
1520694979810,4.523830,4.513092,0.010738,1
1520694979820,4.522209,4.515038,0.007172,1
1520694979830,4.525108,4.514179,0.010929,1
1520694979840,4.522858,4.516697,0.006161,1
1520694979850,4.527073,4.514046,0.013027,1
1520694979860,4.528980,4.519444,0.009537,1
1520694979870,4.527969,4.517345,0.010624,1
1520694979881,4.527683,4.521885,0.005798,1
1520694979891,4.528008,4.518394,0.009613,1
1520694979901,4.528580,4.516201,0.012379,1
1520694979911,4.528542,4.520836,0.007706,1
1520694979921,4.418068,4.393234,0.024834,1
1520694979931,4.528008,4.516068,0.011940,1
1520694979941,4.529667,4.515133,0.014534,1
1520694979951,4.528275,4.517841,0.010433,1
1520694979961,4.525433,4.518642,0.006790,1
1520694979972,4.526978,4.516792,0.010185,1
1520694979982,4.530354,4.519615,0.010738,1
1520694979992,4.532299,4.516010,0.016289,1
1520694980002,4.528675,4.517345,0.011330,1
1520694980012,4.526520,4.520245,0.006275,1
1520694980022,4.526520,4.514923,0.011597,1
1520694980032,4.532375,4.517670,0.014706,1
1520694980042,4.497223,4.486809,0.010414,1
1520694980052,4.526768,4.517918,0.008850,1
1520694980063,4.531879,4.519596,0.012283,1
1520694980073,4.527264,4.519958,0.007305,1
1520694980083,4.526749,4.524841,0.001907,1
1520694980093,4.529610,4.516544,0.013065,1
1520694980103,4.526405,4.517937,0.008469,1
1520694980113,4.525833,4.517803,0.008030,1
