1520694779748,4.527550,4.519825,0.007725,1
1520694779758,4.526997,4.518261,0.008736,1
1520694779769,4.527721,4.513798,0.013924,1
1520694779779,4.523659,4.512978,0.010681,1
1520694779789,4.525928,4.514713,0.011215,1
1520694779799,4.524307,4.516239,0.008068,1
1520694779809,4.524231,4.517975,0.006256,1
1520694779819,4.527397,4.516544,0.010853,1
1520694779829,4.480286,4.474468,0.005817,1
1520694779839,4.526100,4.517822,0.008278,1
1520694779849,4.526424,4.517441,0.008984,1
1520694779860,4.528046,4.515343,0.012703,1
1520694779870,4.524746,4.517078,0.007668,1
1520694779880,4.525242,4.516392,0.008850,1
1520694779890,4.524422,4.516659,0.007763,1
1520694779900,4.524403,4.515781,0.008621,1
1520694779910,4.524822,4.518986,0.005836,1
1520694779920,4.523315,4.518967,0.004349,1
1520694779930,4.434586,4.406090,0.028496,1
1520694779940,4.526653,4.522038,0.004616,1
1520694779951,4.525127,4.517422,0.007706,1
1520694779961,4.522381,4.516201,0.006180,1
1520694779971,4.527569,4.517956,0.009613,1
1520694779981,4.525852,4.514236,0.011616,1
1520694779991,4.525127,4.518433,0.006695,1
1520694780001,4.522724,4.517365,0.005360,1
1520694780011,4.529171,4.514561,0.014610,1
1520694780021,4.524002,4.518509,0.005493,1
1520694780031,4.475651,4.470844,0.004807,1
1520694780041,4.513702,4.507561,0.006142,1
1520694780051,4.523640,4.515400,0.008240,1
1520694780061,4.524288,4.520550,0.003738,1
1520694780071,4.523525,4.517422,0.006104,1
1520694780081,4.526196,4.519329,0.006866,1
1520694780091,4.519711,4.521847,-0.002136,1
1520694780101,4.521923,4.512463,0.009460,1
1520694780111,4.522305,4.512711,0.009594,1
1520694780121,4.524136,4.513245,0.010891,1
1520694780131,4.431343,4.420319,0.011024,1
1520694780141,4.521885,4.517937,0.003948,1
1520694780151,4.520130,4.511147,0.008984,1
1520694780161,4.511299,4.504852,0.006447,1
1520694780171,4.528008,4.515553,0.012455,1
1520694780182,4.526443,4.521523,0.004921,1
1520694780192,4.522953,4.512405,0.010548,1
1520694780202,4.533520,4.517975,0.015545,1
1520694780212,4.522591,4.516773,0.005817,1
1520694780222,4.524670,4.517479,0.007191,1
1520694780232,4.374428,4.364395,0.010033,1
1520694780242,4.525833,4.514713,0.011120,1
1520694780252,4.524288,4.511795,0.012493,1
1520694780262,4.524231,4.515915,0.008316,1
1520694780273,4.521370,4.515629,0.005741,1
1520694780283,4.521732,4.517326,0.004406,1
1520694780293,4.532738,4.515667,0.017071,1
1520694780303,4.524345,4.513073,0.011272,1
1520694780313,4.524155,4.516830,0.007324,1
1520694780323,4.525223,4.514332,0.010891,1
1520694780333,4.495392,4.492302,0.003090,1
1520694780343,4.531097,4.515553,0.015545,1
1520694780353,4.525986,4.518089,0.007896,1
1520694780363,4.525185,4.515209,0.009975,1
1520694780373,4.524250,4.519444,0.004807,1
1520694780383,4.523258,4.514446,0.008812,1
1520694780393,4.522057,4.514027,0.008030,1
1520694780403,4.523945,4.513931,0.010014,1
1520694780413,4.520035,4.513416,0.006618,1
1520694780423,4.519596,4.513302,0.006294,1
1520694780433,4.485722,4.472599,0.013123,1
1520694780443,4.526253,4.510784,0.015469,1
1520694780453,4.521236,4.510860,0.010376,1
1520694780463,4.523735,4.515209,0.008526,1
1520694780473,4.524288,4.517689,0.006599,1
1520694780483,4.528446,4.514160,0.014286,1
1520694780493,4.527092,4.512939,0.014153,1
1520694780504,4.481583,4.467106,0.014477,1
1520694780514,4.526749,4.515591,0.011158,1
1520694780524,4.525375,4.517517,0.007858,1
1520694780534,4.517841,4.512920,0.004921,1
1520694780544,4.523602,4.517269,0.006332,1
1520694780554,4.520969,4.509583,0.011387,1
1520694780564,4.525547,4.515610,0.009937,1
1520694780574,4.525166,4.518967,0.006199,1
1520694780584,4.525547,4.513950,0.011597,1
1520694780595,4.521809,4.514141,0.007668,1
1520694780605,4.521046,4.515610,0.005436,1
1520694780615,4.522839,4.513226,0.009613,1
1520694780625,4.527569,4.516563,0.011005,1
1520694780635,4.525814,4.510269,0.015545,1
1520694780645,4.526577,4.516830,0.009747,1
1520694780655,4.521980,4.517612,0.004368,1
1520694780665,4.526310,4.520054,0.006256,1
1520694780675,4.524269,4.519596,0.004673,1
1520694780685,4.526882,4.513512,0.013371,1
1520694780695,4.530602,4.520893,0.009708,1
1520694780705,4.525623,4.515438,0.010185,1
1520694780715,4.525776,4.516182,0.009594,1
1520694780725,4.524002,4.516468,0.007534,1
1520694780735,4.513035,4.502354,0.010681,1
1520694780745,4.523029,4.516926,0.006104,1
1520694780755,4.523582,4.515209,0.008373,1
1520694780765,4.524612,4.515457,0.009155,1
1520694780776,4.524708,4.516811,0.007896,1
1520694780786,4.527588,4.521484,0.006104,1
1520694780796,4.523735,4.515610,0.008125,1
1520694780806,4.527569,4.520035,0.007534,1
1520694780816,4.524307,4.514980,0.009327,1
1520694780826,4.526730,4.519291,0.007439,1
1520694780836,4.523735,4.510078,0.013657,1
1520694780846,4.528103,4.522018,0.006084,1
1520694780856,4.525909,4.514599,0.011311,1
1520694780867,4.526768,4.515476,0.011292,1
1520694780877,4.525623,4.514465,0.011158,1
1520694780887,4.529037,4.517441,0.011597,1
1520694780897,4.523335,4.511642,0.011692,1
1520694780907,4.526920,4.516354,0.010567,1
1520694780917,4.523373,4.512501,0.010872,1
1520694780927,4.526577,4.518375,0.008202,1
1520694780937,4.497757,4.488258,0.009499,1
1520694780947,4.524670,4.520741,0.003929,1
1520694780958,4.524612,4.512444,0.012169,1
1520694780968,4.526367,4.513855,0.012512,1
1520694780978,4.525051,4.513950,0.011101,1
1520694780988,4.526539,4.513092,0.013447,1
1520694780998,4.526081,4.511433,0.014648,1
1520694781008,4.525528,4.515114,0.010414,1
1520694781018,4.521675,4.517193,0.004482,1
1520694781028,4.522781,4.514217,0.008564,1
1520694781038,4.524956,4.514713,0.010242,1
1520694781048,4.522820,4.513855,0.008965,1
1520694781058,4.521751,4.521847,-0.000095,1
1520694781068,4.522438,4.517860,0.004578,1
1520694781078,4.524612,4.520702,0.003910,1
1520694781088,4.523487,4.515247,0.008240,1
1520694781098,4.525185,4.512901,0.012283,1
1520694781108,4.528980,4.516964,0.012016,1
1520694781118,4.525700,4.509716,0.015984,1
1520694781128,4.527950,4.514828,0.013123,1
1520694781138,4.527225,4.514847,0.012379,1
1520694781148,4.527054,4.515209,0.011845,1
1520694781158,4.525871,4.517593,0.008278,1
1520694781168,4.528427,4.514618,0.013809,1
1520694781178,4.522228,4.515171,0.007057,1
1520694781189,4.527855,4.517403,0.010452,1
1520694781199,4.524784,4.514580,0.010204,1
1520694781209,4.524422,4.516907,0.007515,1
1520694781219,4.522896,4.517937,0.004959,1
1520694781229,4.525261,4.515076,0.010185,1
1520694781239,4.520912,4.515381,0.005531,1
1520694781249,4.524212,4.513035,0.011177,1
1520694781259,4.527378,4.516773,0.010605,1
1520694781269,4.445724,4.445248,0.000477,1
1520694781280,4.523582,4.513149,0.010433,1
1520694781290,4.528637,4.515820,0.012817,1
1520694781300,4.525909,4.487915,0.037994,1
1520694781310,4.520454,4.514694,0.005760,1
1520694781320,4.381275,4.370861,0.010414,1
1520694781330,4.522839,4.510918,0.011921,1
1520694781340,4.518700,4.515228,0.003471,1
1520694781350,4.519520,4.518471,0.001049,1
1520694781360,4.519119,4.516563,0.002556,1
1520694781371,4.520493,4.514141,0.006351,1
1520694781381,4.523888,4.517727,0.006161,1
1520694781391,4.525719,4.512024,0.013695,1
1520694781401,4.530163,4.514999,0.015163,1
1520694781411,4.524994,4.516449,0.008545,1
1520694781421,4.525337,4.515476,0.009861,1
1520694781431,4.528351,4.516544,0.011806,1
1520694781441,4.526806,4.516201,0.010605,1
1520694781451,4.525433,4.514618,0.010815,1
1520694781461,4.521313,4.515667,0.005646,1
1520694781471,4.524193,4.513760,0.010433,1
1520694781481,4.528904,4.516850,0.012054,1
1520694781491,4.525471,4.516850,0.008621,1
1520694781501,4.522362,4.520073,0.002289,1
1520694781512,4.524231,4.515572,0.008659,1
1520694781522,4.526653,4.514732,0.011921,1
1520694781532,4.523983,4.512711,0.011272,1
1520694781542,4.529705,4.518337,0.011368,1
1520694781552,4.526520,4.512730,0.013790,1
1520694781562,4.525833,4.512787,0.013046,1
1520694781572,4.524441,4.514771,0.009670,1
1520694781582,4.529476,4.515152,0.014324,1
1520694781592,4.521351,4.522667,-0.001316,1
1520694781603,4.520245,4.511185,0.009060,1
1520694781613,4.515934,4.513550,0.002384,1
1520694781623,4.517326,4.514713,0.002613,1
1520694781633,4.521103,4.514046,0.007057,1
1520694781643,4.517155,4.511280,0.005875,1
1520694781653,4.524689,4.511147,0.013542,1
1520694781663,4.519596,4.510002,0.009594,1
1520694781673,4.522228,4.513264,0.008965,1
1520694781683,4.527321,4.513874,0.013447,1
1520694781693,4.527493,4.517612,0.009880,1
1520694781703,4.526901,4.517803,0.009098,1
1520694781713,4.523983,4.518147,0.005836,1
1520694781723,4.522915,4.518795,0.004120,1
1520694781733,4.525280,4.516182,0.009098,1
1520694781743,4.530926,4.519844,0.011082,1
1520694781753,4.530830,4.523315,0.007515,1
1520694781763,4.529762,4.520836,0.008926,1
1520694781773,4.531784,4.525089,0.006695,1
1520694781784,4.531078,4.513702,0.017376,1
1520694781794,4.524212,4.518318,0.005894,1
1520694781804,4.525146,4.513950,0.011196,1
1520694781814,4.529343,4.513474,0.015869,1
1520694781824,4.536896,4.521465,0.015430,1
1520694781834,4.523125,4.516602,0.006523,1
1520694781844,4.530182,4.518986,0.011196,1
1520694781854,4.530087,4.523888,0.006199,1
1520694781864,4.525032,4.516792,0.008240,1
1520694781875,4.523373,4.515457,0.007915,1
1520694781885,4.525490,4.520950,0.004539,1
1520694781895,4.531116,4.517975,0.013142,1
1520694781905,4.532375,4.519424,0.012951,1
1520694781915,4.529839,4.519157,0.010681,1
1520694781925,4.529171,4.520416,0.008755,1
1520694781935,4.526024,4.522400,0.003624,1
1520694781945,4.526920,4.515285,0.011635,1
1520694781955,4.524994,4.513760,0.011234,1
1520694781965,4.523964,4.521141,0.002823,1
1520694781975,4.524002,4.517021,0.006981,1
1520694781985,4.524555,4.521198,0.003357,1
1520694781995,4.531384,4.520264,0.011120,1
1520694782005,4.530182,4.519768,0.010414,1
1520694782015,4.528675,4.522057,0.006618,1
1520694782025,4.536686,4.521866,0.014820,1
1520694782035,4.523468,4.518299,0.005169,1
1520694782045,4.525471,4.516678,0.008793,1
1520694782055,4.525108,4.512653,0.012455,1
1520694782065,4.528427,4.516602,0.011826,1
1520694782075,4.528580,4.520130,0.008450,1
1520694782085,4.535389,4.522285,0.013103,1
1520694782095,4.530163,4.520836,0.009327,1
1520694782106,4.528236,4.517384,0.010853,1
1520694782116,4.521275,4.520245,0.001030,1
1520694782126,4.525528,4.518566,0.006962,1
1520694782136,4.522591,4.514465,0.008125,1
1520694782146,4.525051,4.514084,0.010967,1
1520694782156,4.524498,4.514771,0.009727,1
1520694782166,4.523144,4.514694,0.008450,1
1520694782176,4.523449,4.514408,0.009041,1
1520694782186,4.527035,4.514580,0.012455,1
1520694782197,4.523735,4.515686,0.008049,1
1520694782207,4.525452,4.519711,0.005741,1
1520694782217,4.490986,4.479656,0.011330,1
1520694782227,4.524498,4.516392,0.008106,1
1520694782237,4.522552,4.512062,0.010490,1
1520694782247,4.527130,4.521618,0.005512,1
1520694782257,4.523983,4.516239,0.007744,1
1520694782267,4.528675,4.516258,0.012417,1
1520694782277,4.524288,4.520226,0.004063,1
1520694782287,4.526062,4.518452,0.007610,1
1520694782297,4.526386,4.512787,0.013599,1
1520694782307,4.525185,4.518604,0.006580,1
1520694782317,4.520397,4.510403,0.009995,1
1520694782327,4.526291,4.511032,0.015259,1
1520694782338,4.522781,4.516621,0.006161,1
1520694782348,4.524403,4.519691,0.004711,1
1520694782358,4.521065,4.514484,0.006580,1
1520694782368,4.531059,4.514771,0.016289,1
1520694782378,4.521580,4.522762,-0.001183,1
1520694782388,4.522591,4.515858,0.006733,1
1520694782398,4.526711,4.511032,0.015678,1
1520694782408,4.527168,4.514675,0.012493,1
1520694782418,4.522972,4.513073,0.009899,1
1520694782429,4.525394,4.515762,0.009632,1
1520694782439,4.525642,4.513683,0.011959,1
1520694782449,4.524822,4.514027,0.010796,1
1520694782459,4.524975,4.515305,0.009670,1
1520694782469,4.524345,4.515953,0.008392,1
1520694782479,4.522114,4.520111,0.002003,1
1520694782489,4.526329,4.513855,0.012474,1
1520694782499,4.530048,4.516525,0.013523,1
1520694782509,4.524269,4.515533,0.008736,1
1520694782520,4.518204,4.512997,0.005207,1
1520694782530,4.524326,4.512444,0.011883,1
1520694782540,4.521179,4.513206,0.007973,1
1520694782550,4.527397,4.514923,0.012474,1
1520694782560,4.521866,4.510975,0.010891,1
1520694782570,4.521122,4.510670,0.010452,1
1520694782580,4.522991,4.511948,0.011044,1
1520694782590,4.522533,4.509640,0.012894,1
1520694782600,4.389420,4.365673,0.023746,1
1520694782611,4.526272,4.521027,0.005245,1
1520694782621,4.274445,4.244366,0.030079,1
1520694782631,4.264870,4.238129,0.026741,1
1520694782641,4.298096,4.276867,0.021229,1
1520694782651,4.293633,4.270821,0.022812,1
1520694782661,4.323845,4.298153,0.025692,1
1520694782671,4.321861,4.304276,0.017586,1
1520694782681,4.298878,4.277840,0.021038,1
1520694782691,4.297962,4.263687,0.034275,0
1520694782702,4.289227,4.256992,0.032234,0
1520694782712,4.291058,4.272556,0.018501,0
1520694782722,4.285336,4.260235,0.025101,0
1520694782732,4.305477,4.280472,0.025005,0
1520694782742,4.308777,4.288502,0.020275,0
1520694782752,4.299965,4.271564,0.028400,0
1520694782762,4.298229,4.280109,0.018120,0
1520694782772,4.326038,4.306164,0.019875,0
1520694782782,4.409828,4.383240,0.026588,0
1520694782793,4.266834,4.230862,0.035973,1
1520694782803,4.292793,4.274006,0.018787,1
1520694782813,4.296436,4.274406,0.022030,1
1520694782823,4.292698,4.265232,0.027466,1
1520694782833,4.323273,4.301910,0.021362,1
1520694782843,4.289055,4.253349,0.035706,1
1520694782853,4.301853,4.282494,0.019360,1
1520694782863,4.273033,4.238529,0.034504,1
1520694782873,4.287319,4.261112,0.026207,1
1520694782883,4.255352,4.218483,0.036869,1
1520694782893,4.209499,4.174633,0.034866,0
1520694782903,4.209747,4.179745,0.030003,0
1520694782913,4.211559,4.176216,0.035343,0
1520694782923,4.222221,4.197788,0.024433,0
1520694782934,4.209003,4.182930,0.026073,0
1520694782944,4.301891,4.278965,0.022926,0
1520694782954,4.201908,4.175320,0.026588,0
1520694782964,4.283276,4.264145,0.019131,0
1520694782974,4.204845,4.171047,0.033798,0
1520694782984,4.251423,4.208927,0.042496,0
1520694782994,4.205265,4.170113,0.035152,1
1520694783004,4.219284,4.193687,0.025597,1
1520694783014,4.209270,4.186974,0.022297,1
1520694783025,4.211254,4.191246,0.020008,1
1520694783035,4.204960,4.177952,0.027008,1
1520694783045,4.213657,4.178410,0.035248,1
1520694783055,4.202232,4.171562,0.030670,1
1520694783065,4.214001,4.183311,0.030689,1
1520694783075,4.204769,4.173450,0.031319,1
1520694783085,4.290485,4.266491,0.023994,1
1520694783095,4.224148,4.194679,0.029469,0
1520694783105,4.204922,4.182949,0.021973,0
1520694783116,4.234486,4.199753,0.034733,0
1520694783126,4.199009,4.185772,0.013237,0
1520694783136,4.290905,4.254780,0.036125,0
1520694783146,4.200497,4.176331,0.024166,0
1520694783156,4.285908,4.267864,0.018044,0
1520694783166,4.204807,4.176617,0.028191,0
1520694783176,4.224167,4.198742,0.025425,0
1520694783186,4.279442,4.259472,0.019970,0
1520694783196,4.216728,4.184437,0.032291,1
1520694783206,4.286232,4.257050,0.029182,1
1520694783216,4.201984,4.173584,0.028400,1
1520694783226,4.201393,4.196815,0.004578,1
1520694783236,4.231205,4.191208,0.039997,1
1520694783246,4.198036,4.174194,0.023842,1
1520694783257,4.215965,4.181976,0.033989,1
1520694783267,4.201393,4.174652,0.026741,1
1520694783277,4.202347,4.172497,0.029850,1
1520694783287,4.246616,4.218636,0.027981,1
1520694783297,4.263954,4.239941,0.024014,0
1520694783307,4.208622,4.187107,0.021515,0
1520694783317,4.255466,4.223557,0.031910,0
1520694783327,4.237671,4.206047,0.031624,0
1520694783337,4.201622,4.172802,0.028820,0
1520694783348,4.299374,4.268055,0.031319,0
1520694783358,4.197617,4.168663,0.028954,0
1520694783368,4.299526,4.278507,0.021019,0
1520694783378,4.198132,4.171162,0.026970,0
1520694783388,4.224415,4.191666,0.032749,1
1520694783398,4.285011,4.261436,0.023575,1
1520694783408,4.198399,4.166508,0.031891,1
1520694783418,4.276562,4.259243,0.017319,1
1520694783428,4.206581,4.173069,0.033512,1
1520694783439,4.272842,4.247513,0.025330,1
1520694783449,4.211807,4.175701,0.036106,1
1520694783459,4.248390,4.226818,0.021572,1
1520694783469,4.196262,4.174671,0.021591,1
1520694783479,4.243908,4.218884,0.025024,1
1520694783489,4.291344,4.261036,0.030308,0
1520694783499,4.203510,4.171982,0.031528,0
1520694783509,4.199638,4.166965,0.032673,0
1520694783519,4.202194,4.167671,0.034523,0
1520694783529,4.199543,4.167156,0.032387,0
1520694783539,4.220161,4.181366,0.038795,0
1520694783549,4.214725,4.171219,0.043507,0
1520694783559,4.229279,4.201641,0.027637,0
1520694783569,4.196262,4.171715,0.024548,0
1520694783580,4.248047,4.219036,0.029011,0
1520694783590,4.208908,4.169025,0.039883,1
1520694783600,4.206047,4.177055,0.028992,1
1520694783610,4.210529,4.175606,0.034924,1
1520694783621,4.198799,4.172249,0.026550,1
1520694783631,4.210129,4.178963,0.031166,1
1520694783641,4.195881,4.171181,0.024700,1
1520694783651,4.241066,4.201412,0.039654,1
1520694783661,4.197617,4.174881,0.022736,1
1520694783671,4.270000,4.243584,0.026417,1
1520694783681,4.196434,4.171295,0.025139,1
1520694783691,4.195595,4.167938,0.027657,0
1520694783701,4.245625,4.216270,0.029354,0
1520694783712,4.210186,4.171925,0.038261,0
1520694783722,4.257717,4.225502,0.032215,0
1520694783732,4.229488,4.184723,0.044765,0
1520694783742,4.292259,4.267693,0.024567,0
1520694783752,4.206238,4.175110,0.031128,0
1520694783762,4.197235,4.166183,0.031052,0
1520694783772,4.193268,4.180508,0.012760,0
1520694783782,4.256802,4.228287,0.028515,0
1520694783792,4.283123,4.257641,0.025482,1
1520694783803,4.193096,4.160671,0.032425,1
1520694783813,4.269600,4.243088,0.026512,1
1520694783823,4.197617,4.167480,0.030136,1
1520694783833,4.270725,4.234867,0.035858,1
1520694783843,4.198284,4.170074,0.028210,1
1520694783853,4.206505,4.179020,0.027485,1
1520694783863,4.244518,4.213791,0.030727,1
1520694783873,4.202290,4.173889,0.028400,1
1520694783883,4.294167,4.272614,0.021553,1
1520694783893,4.286175,4.256210,0.029964,0
1520694783903,4.206085,4.172630,0.033455,0
1520694783913,4.198570,4.169693,0.028877,0
1520694783923,4.207706,4.175625,0.032082,0
1520694783933,4.195232,4.167328,0.027905,0
1520694783944,4.217510,4.192524,0.024986,0
1520694783954,4.206161,4.175606,0.030556,0
1520694783964,4.289513,4.272099,0.017414,0
1520694783974,4.200191,4.174862,0.025330,0
1520694783984,4.247742,4.217243,0.030499,0
1520694783994,4.199791,4.173775,0.026016,1
1520694784004,4.278965,4.263515,0.015450,1
1520694784014,4.205322,4.171143,0.034180,1
1520694784024,4.294930,4.261856,0.033073,1
1520694784035,4.199867,4.171963,0.027905,1
1520694784045,4.298134,4.270916,0.027218,1
1520694784055,4.201279,4.172077,0.029202,1
1520694784065,4.263897,4.237595,0.026302,1
1520694784075,4.195118,4.168701,0.026417,1
1520694784085,4.200039,4.168320,0.031719,1
1520694784095,4.272575,4.246025,0.026550,0
1520694784105,4.199677,4.175720,0.023956,0
1520694784115,4.252739,4.225082,0.027657,0
1520694784126,4.198723,4.166584,0.032139,0
1520694784136,4.242783,4.224873,0.017910,0
1520694784146,4.200325,4.172325,0.028000,0
1520694784156,4.204826,4.173527,0.031300,0
1520694784166,4.204044,4.172020,0.032024,0
1520694784176,4.207573,4.172344,0.035229,0
1520694784186,4.257946,4.218502,0.039444,0
1520694784196,4.229774,4.194660,0.035114,1
1520694784206,4.199028,4.171009,0.028019,1
1520694784216,4.212914,4.174061,0.038853,1
1520694784226,4.216175,4.187069,0.029106,1
1520694784236,4.267044,4.223938,0.043106,1
1520694784246,4.212418,4.179859,0.032558,1
1520694784256,4.292507,4.276943,0.015564,1
1520694784267,4.209595,4.181690,0.027905,1
1520694784277,4.291592,4.259014,0.032578,1
1520694784287,4.261856,4.240227,0.021629,1
1520694784297,4.200840,4.182720,0.018120,0
1520694784307,4.246597,4.204826,0.041771,0
1520694784317,4.203892,4.175396,0.028496,0
1520694784327,4.284134,4.261131,0.023003,0
1520694784337,4.247971,4.221764,0.026207,0
1520694784347,4.227543,4.191208,0.036335,0
1520694784358,4.227791,4.197464,0.030327,0
1520694784368,4.216576,4.190102,0.026474,0
1520694784378,4.222641,4.190655,0.031986,0
1520694784388,4.307404,4.281330,0.026073,0
1520694784398,4.263420,4.240170,0.023251,1
1520694784408,4.213181,4.176540,0.036640,1
1520694784418,4.199638,4.170132,0.029507,1
1520694784428,4.211578,4.202347,0.009232,1
1520694784438,4.198170,4.170856,0.027313,1
1520694784449,4.222355,4.202290,0.020065,1
1520694784459,4.200191,4.173717,0.026474,1
1520694784469,4.263210,4.228954,0.034256,1
1520694784479,4.201393,4.170227,0.031166,1
1520694784489,4.283810,4.261379,0.022430,1
1520694784499,4.238586,4.209232,0.029354,0
1520694784509,4.211388,4.180889,0.030499,0
1520694784519,4.292469,4.265976,0.026493,0
1520694784529,4.201965,4.170494,0.031471,0
1520694784539,4.282608,4.261684,0.020924,0
1520694784549,4.208488,4.176979,0.031509,0
1520694784559,4.198418,4.174099,0.024319,0
1520694784569,4.208775,4.176407,0.032368,0
1520694784579,4.197292,4.171906,0.025387,0
1520694784589,4.308338,4.255619,0.052719,0
1520694784599,4.206963,4.171429,0.035534,1
1520694784609,4.198971,4.172821,0.026150,1
1520694784619,4.198112,4.186783,0.011330,1
1520694784630,4.200706,4.173298,0.027409,1
1520694784640,4.205627,4.173164,0.032463,1
1520694784650,4.202232,4.175358,0.026875,1
1520694784660,4.214287,4.187584,0.026703,1
1520694784670,4.204369,4.172287,0.032082,1
1520694784680,4.288654,4.267998,0.020657,1
1520694784690,4.217644,4.188728,0.028915,1
1520694784700,4.210815,4.183884,0.026932,0
1520694784710,4.209137,4.179916,0.029221,0
1520694784721,4.200363,4.176750,0.023613,0
1520694784731,4.210854,4.182453,0.028400,0
1520694784741,4.201031,4.174461,0.026569,0
1520694784751,4.229832,4.195518,0.034313,0
1520694784761,4.198284,4.177818,0.020466,0
1520694784771,4.275589,4.252224,0.023365,0
1520694784781,4.205189,4.175034,0.030155,0
1520694784791,4.214115,4.176846,0.037270,1
1520694784801,4.256439,4.221916,0.034523,1
1520694784812,4.203205,4.176846,0.026360,1
1520694784822,4.269257,4.237614,0.031643,1
1520694784832,4.212036,4.182873,0.029163,1
1520694784842,4.212494,4.176884,0.035610,1
1520694784852,4.214897,4.188652,0.026245,1
1520694784862,4.198933,4.172897,0.026035,1
1520694784872,4.288139,4.266777,0.021362,1
1520694784882,4.203777,4.175987,0.027790,1
1520694784892,4.225063,4.194641,0.030422,0
1520694784902,4.304752,4.288559,0.016193,0
1520694784912,4.245110,4.208241,0.036869,0
1520694784922,4.207783,4.171867,0.035915,0
1520694784932,4.241886,4.208527,0.033360,0
1520694784942,4.197311,4.182625,0.014687,0
1520694784952,4.232693,4.210739,0.021954,0
1520694784962,4.196930,4.169083,0.027847,0
1520694784972,4.208660,4.175434,0.033226,0
1520694784982,4.209080,4.180202,0.028877,0
1520694784992,4.213238,4.179516,0.033722,1
1520694785002,4.201527,4.176216,0.025311,1
1520694785012,4.223728,4.202194,0.021534,1
1520694785022,4.199524,4.166832,0.032692,1
1520694785032,4.208965,4.181633,0.027332,1
1520694785043,4.202480,4.173088,0.029392,1
1520694785053,4.211578,4.187450,0.024128,1
1520694785063,4.209576,4.181747,0.027828,1
1520694785073,4.209290,4.177876,0.031414,1
1520694785083,4.214935,4.186077,0.028858,1
1520694785093,4.219723,4.182491,0.037231,0
1520694785103,4.199009,4.170609,0.028400,0
1520694785113,4.209347,4.181156,0.028191,0
1520694785123,4.205017,4.169254,0.035763,0
1520694785134,4.210567,4.179249,0.031319,0
1520694785144,4.198208,4.172497,0.025711,0
1520694785154,4.225616,4.195747,0.029869,0
1520694785164,4.204636,4.175110,0.029526,0
1520694785174,4.246197,4.216118,0.030079,0
1520694785184,4.206371,4.168987,0.037384,0
1520694785194,4.205456,4.171448,0.034008,1
1520694785204,4.246426,4.219913,0.026512,1
1520694785214,4.205875,4.169197,0.036678,1
1520694785224,4.282875,4.236794,0.046082,1
1520694785234,4.203053,4.170609,0.032444,1
1520694785244,4.270306,4.246807,0.023499,1
1520694785254,4.195900,4.171829,0.024071,1
1520694785264,4.221973,4.194965,0.027008,1
1520694785274,4.206524,4.176140,0.030384,1
1520694785284,4.197464,4.176617,0.020847,1
1520694785294,4.280128,4.256363,0.023766,0
1520694785304,4.213028,4.183922,0.029106,0
1520694785314,4.207115,4.169502,0.037613,0
1520694785324,4.233208,4.200096,0.033112,0
1520694785334,4.211464,4.180698,0.030766,0
1520694785344,4.234772,4.206276,0.028496,0
1520694785354,4.208393,4.177055,0.031338,0
1520694785365,4.361267,4.328136,0.033131,0
1520694785375,4.254570,4.229221,0.025349,0
1520694785385,4.284992,4.257774,0.027218,0
1520694785395,4.238377,4.206276,0.032101,1
1520694785405,4.209557,4.179935,0.029621,1
1520694785415,4.269886,4.250793,0.019093,1
1520694785425,4.200249,4.175129,0.025120,1
1520694785435,4.250526,4.226665,0.023861,1
1520694785445,4.205685,4.171906,0.033779,1
1520694785456,4.205532,4.176254,0.029278,1
1520694785466,4.203167,4.169559,0.033607,1
1520694785476,4.228859,4.187374,0.041485,1
1520694785486,4.204235,4.179001,0.025234,1
1520694785496,4.217529,4.177494,0.040035,0
1520694785506,4.200706,4.185905,0.014801,0
1520694785516,4.250374,4.198990,0.051384,0
1520694785526,4.205036,4.168167,0.036869,0
1520694785536,4.216976,4.193707,0.023270,0
1520694785547,4.197731,4.171104,0.026627,0
1520694785557,4.245281,4.211140,0.034142,0
1520694785567,4.212036,4.173889,0.038147,0
1520694785577,4.296970,4.247971,0.049000,0
1520694785587,4.201107,4.169502,0.031605,0
1520694785597,4.203281,4.176884,0.026398,1
1520694785607,4.296360,4.279423,0.016937,1
1520694785617,4.201183,4.170723,0.030460,1
1520694785627,4.290180,4.259548,0.030632,1
1520694785638,4.210529,4.173126,0.037403,1
1520694785648,4.284344,4.254646,0.029697,1
1520694785658,4.200935,4.180775,0.020161,1
1520694785668,4.254761,4.229393,0.025368,1
1520694785678,4.199944,4.170380,0.029564,1
1520694785688,4.205341,4.183159,0.022182,1
1520694785698,4.284229,4.263859,0.020370,0
1520694785708,4.210033,4.182796,0.027237,0
1520694785718,4.198513,4.170227,0.028286,0
1520694785728,4.207211,4.181099,0.026112,0
1520694785738,4.202576,4.167957,0.034618,0
1520694785748,4.242439,4.203892,0.038548,0
1520694785758,4.205322,4.171371,0.033951,0
1520694785768,4.253960,4.218655,0.035305,0
1520694785778,4.204922,4.172192,0.032730,0
1520694785788,4.271240,4.250870,0.020370,0
1520694785798,4.217529,4.189644,0.027885,1
1520694785808,4.221268,4.183044,0.038223,1
1520694785818,4.289417,4.258900,0.030518,1
1520694785828,4.199696,4.182663,0.017033,1
1520694785838,4.198170,4.178810,0.019360,1
1520694785848,4.212666,4.181328,0.031338,1
1520694785858,4.198933,4.167919,0.031013,1
1520694785869,4.210091,4.197083,0.013008,1
1520694785879,4.206734,4.172268,0.034466,1
1520694785889,4.212494,4.183311,0.029182,1
1520694785899,4.212170,4.171295,0.040874,0
1520694785909,4.209652,4.176292,0.033360,0
1520694785919,4.200935,4.177208,0.023727,0
1520694785929,4.211693,4.175491,0.036201,0
1520694785939,4.200630,4.169044,0.031586,0
1520694785949,4.246769,4.215965,0.030804,0
1520694785960,4.206715,4.172840,0.033875,0
1520694785970,4.236603,4.209957,0.026646,0
1520694785980,4.217319,4.187756,0.029564,0
1520694785990,4.278526,4.241562,0.036964,0
1520694786000,4.215069,4.181690,0.033379,1
1520694786010,4.204884,4.172192,0.032692,1
1520694786020,4.231949,4.187469,0.044479,1
1520694786030,4.216251,4.184456,0.031796,1
1520694786040,4.224854,4.183102,0.041752,1
1520694786051,4.299240,4.277859,0.021381,1
1520694786061,4.214745,4.193516,0.021229,1
1520694786071,4.289474,4.266510,0.022964,1
1520694786081,4.200420,4.173756,0.026665,1
1520694786091,4.266300,4.251442,0.014858,1
1520694786101,4.295464,4.277267,0.018196,0
1520694786111,4.227562,4.201260,0.026302,0
1520694786121,4.283180,4.253788,0.029392,0
1520694786131,4.217567,4.183006,0.034561,0
1520694786141,4.206810,4.174786,0.032024,0
1520694786151,4.298267,4.264469,0.033798,0
1520694786161,4.205742,4.171333,0.034409,0
1520694786171,4.280472,4.250393,0.030079,0
1520694786181,4.202652,4.168720,0.033932,0
1520694786192,4.269390,4.240532,0.028858,0
1520694786202,4.227467,4.192810,0.034657,1
1520694786212,4.214172,4.182568,0.031605,1
1520694786222,4.288368,4.268799,0.019569,1
1520694786232,4.208698,4.174252,0.034447,1
1520694786242,4.210625,4.178429,0.032196,1
1520694786252,4.248371,4.196949,0.051422,1
1520694786262,4.205170,4.173717,0.031452,1
1520694786272,4.209251,4.177837,0.031414,1
1520694786283,4.200592,4.169998,0.030594,1
1520694786293,4.293556,4.265041,0.028515,0
1520694786303,4.202023,4.174061,0.027962,0
1520694786313,4.210720,4.207783,0.002937,0
1520694786323,4.203663,4.173012,0.030651,0
1520694786333,4.199429,4.171276,0.028152,0
1520694786343,4.224033,4.190502,0.033531,0
1520694786353,4.210300,4.179630,0.030670,0
1520694786363,4.243584,4.211044,0.032539,0
1520694786374,4.198227,4.171257,0.026970,0
1520694786384,4.263897,4.234962,0.028934,0
1520694786394,4.204960,4.176331,0.028629,1
1520694786404,4.206181,4.176102,0.030079,1
1520694786414,4.237099,4.198856,0.038242,1
1520694786424,4.199753,4.171124,0.028629,1
1520694786434,4.274158,4.243107,0.031052,1
1520694786444,4.209785,4.180050,0.029736,1
1520694786454,4.198952,4.165840,0.033112,1
1520694786464,4.200706,4.171391,0.029316,1
1520694786474,4.205227,4.168415,0.036812,1
1520694786484,4.294891,4.270210,0.024681,1
1520694786494,4.206429,4.168530,0.037899,0
1520694786504,4.211082,4.176731,0.034351,0
1520694786514,4.294739,4.276180,0.018559,0
1520694786524,4.240913,4.200439,0.040474,0
1520694786534,4.292679,4.262066,0.030613,0
1520694786544,4.211788,4.177151,0.034637,0
1520694786555,4.277878,4.250450,0.027428,0
1520694786565,4.219017,4.178944,0.040073,0
1520694786575,4.254971,4.229088,0.025883,0
1520694786585,4.209290,4.170189,0.039101,0
1520694786595,4.199753,4.174366,0.025387,1
1520694786605,4.290161,4.263535,0.026627,1
1520694786615,4.209805,4.178677,0.031128,1
1520694786625,4.209137,4.188862,0.020275,1
1520694786635,4.215431,4.189434,0.025997,1
1520694786645,4.208202,4.177303,0.030899,1
1520694786655,4.223385,4.193764,0.029621,1
1520694786665,4.199333,4.175091,0.024242,1
1520694786675,4.234715,4.208508,0.026207,1
1520694786685,4.201717,4.170132,0.031586,1
1520694786696,4.250660,4.232025,0.018635,0
1520694786706,4.259281,4.235744,0.023537,0
1520694786716,4.218292,4.190674,0.027618,0
1520694786726,4.232407,4.200706,0.031700,0
1520694786736,4.225216,4.185410,0.039806,0
1520694786746,4.284668,4.265118,0.019550,0
1520694786756,4.222183,4.202099,0.020084,0
1520694786766,4.275742,4.252567,0.023174,0
1520694786776,4.207668,4.177895,0.029774,0
1520694786787,4.268608,4.246655,0.021954,0
1520694786797,4.213409,4.185734,0.027676,1
1520694786807,4.245625,4.226990,0.018635,1
1520694786817,4.295559,4.271603,0.023956,1
1520694786827,4.234638,4.212208,0.022430,1
1520694786837,4.200230,4.170017,0.030212,1
1520694786847,4.209728,4.181099,0.028629,1
1520694786857,4.200859,4.176025,0.024834,1
1520694786867,4.223480,4.197464,0.026016,1
1520694786877,4.199238,4.169521,0.029716,1
1520694786887,4.280224,4.251328,0.028896,1
1520694786897,4.208832,4.178085,0.030746,0
1520694786907,4.204903,4.173412,0.031490,0
1520694786917,4.287968,4.258461,0.029507,0
1520694786927,4.257946,4.229698,0.028248,0
1520694786937,4.202652,4.173203,0.029449,0
1520694786947,4.279575,4.252357,0.027218,0
1520694786957,4.204845,4.178238,0.026608,0
1520694786967,4.262218,4.239979,0.022240,0
1520694786977,4.217606,4.184570,0.033035,0
1520694786987,4.205341,4.177227,0.028114,0
1520694786997,4.292812,4.269180,0.023632,1
1520694787007,4.198952,4.172173,0.026779,1
1520694787018,4.200859,4.166985,0.033875,1
1520694787028,4.281216,4.266987,0.014229,1
1520694787038,4.199219,4.178886,0.020332,1
1520694787048,4.288425,4.252243,0.036182,1
1520694787058,4.206047,4.178047,0.028000,1
1520694787068,4.205494,4.178925,0.026569,1
1520694787078,4.214745,4.183826,0.030918,1
1520694787088,4.211884,4.178314,0.033569,1
1520694787098,4.276161,4.253025,0.023136,0
1520694787109,4.210415,4.175167,0.035248,0
1520694787119,4.200611,4.178982,0.021629,0
1520694787129,4.210758,4.182186,0.028572,0
1520694787139,4.202023,4.178772,0.023251,0
1520694787149,4.212208,4.176598,0.035610,0
1520694787159,4.201717,4.170589,0.031128,0
1520694787169,4.295139,4.263191,0.031948,0
1520694787179,4.197044,4.175911,0.021133,0
1520694787189,4.283180,4.265747,0.017433,0
1520694787199,4.201965,4.179859,0.022106,1
1520694787209,4.203491,4.175396,0.028095,1
1520694787219,4.289474,4.262333,0.027142,1
1520694787229,4.201984,4.168701,0.033283,1
1520694787239,4.197598,4.175606,0.021992,1
1520694787250,4.204292,4.172497,0.031796,1
1520694787260,4.211521,4.199276,0.012245,1
1520694787270,4.222565,4.183540,0.039024,1
1520694787280,4.207096,4.181423,0.025673,1
1520694787290,4.215622,4.185524,0.030098,1
1520694787300,4.209538,4.178352,0.031185,0
1520694787310,4.198837,4.172840,0.025997,0
1520694787320,4.224033,4.188862,0.035172,0
1520694787330,4.207478,4.172993,0.034485,0
1520694787341,4.227924,4.202518,0.025406,0
1520694787351,4.197865,4.164848,0.033016,0
1520694787361,4.289150,4.270668,0.018482,0
1520694787371,4.200668,4.167843,0.032825,0
1520694787381,4.285030,4.254608,0.030422,0
1520694787391,4.196720,4.171906,0.024815,0
1520694787401,4.202499,4.168205,0.034294,1
1520694787411,4.244576,4.215832,0.028744,1
1520694787421,4.196072,4.167175,0.028896,1
1520694787432,4.233093,4.189434,0.043659,1
1520694787442,4.207897,4.171638,0.036259,1
1520694787452,4.205818,4.178905,0.026913,1
1520694787462,4.205151,4.180222,0.024929,1
1520694787472,4.203796,4.170132,0.033665,1
1520694787482,4.276009,4.255447,0.020561,1
1520694787492,4.290390,4.262829,0.027561,1
1520694787502,4.200611,4.170704,0.029907,0
1520694787512,4.290257,4.263725,0.026531,0
1520694787523,4.197426,4.171314,0.026112,0
1520694787533,4.238167,4.198265,0.039902,0
1520694787543,4.205170,4.170780,0.034389,0
1520694787553,4.210892,4.181175,0.029716,0
1520694787563,4.212761,4.174786,0.037975,0
1520694787573,4.204140,4.174175,0.029964,0
1520694787583,4.282990,4.263134,0.019855,0
1520694787593,4.226208,4.193974,0.032234,0
1520694787603,4.200497,4.168072,0.032425,1
1520694787614,4.232807,4.206467,0.026340,1
1520694787624,4.207878,4.171505,0.036373,1
1520694787634,4.279346,4.256268,0.023079,1
1520694787644,4.202690,4.180927,0.021763,1
1520694787654,4.253292,4.227562,0.025730,1
1520694787664,4.207993,4.173660,0.034332,1
1520694787674,4.197731,4.165020,0.032711,1
1520694787684,4.231796,4.201469,0.030327,1
1520694787694,4.198132,4.175510,0.022621,0
1520694787704,4.202499,4.173412,0.029087,0
1520694787714,4.226723,4.197769,0.028954,0
1520694787724,4.213963,4.182320,0.031643,0
1520694787734,4.276981,4.249630,0.027351,0
1520694787744,4.211636,4.176941,0.034695,0
1520694787755,4.206009,4.172115,0.033894,0
1520694787765,4.207134,4.177227,0.029907,0
1520694787775,4.198647,4.170361,0.028286,0
1520694787785,4.215279,4.178867,0.036411,0
1520694787795,4.208450,4.175053,0.033398,1
1520694787805,4.199562,4.172821,0.026741,1
1520694787815,4.207954,4.182091,0.025864,1
1520694787825,4.202251,4.171638,0.030613,1
1520694787835,4.278584,4.246292,0.032291,1
1520694787846,4.197636,4.174919,0.022717,1
1520694787856,4.218102,4.201965,0.016136,1
1520694787866,4.202003,4.177341,0.024662,1
1520694787876,4.217548,4.183788,0.033760,1
1520694787886,4.233761,4.194260,0.039501,1
1520694787896,4.205170,4.172974,0.032196,0
1520694787906,4.198666,4.171715,0.026951,0
1520694787916,4.240932,4.216232,0.024700,0
1520694787926,4.222698,4.191017,0.031681,0
1520694787936,4.204884,4.175205,0.029678,0
1520694787946,4.272232,4.252014,0.020218,0
1520694787956,4.249725,4.211922,0.037804,0
1520694787966,4.200611,4.176903,0.023708,0
1520694787976,4.213829,4.185143,0.028687,0
1520694787986,4.203568,4.178238,0.025330,0
1520694787996,4.246140,4.237328,0.008812,1
1520694788006,4.216290,4.189739,0.026550,1
1520694788016,4.213295,4.179382,0.033913,1
1520694788026,4.140549,4.106407,0.034142,1
1520694788036,4.214096,4.178848,0.035248,1
1520694788046,4.278831,4.247589,0.031242,1
1520694788056,4.218102,4.189262,0.028839,1
1520694788066,4.280720,4.256973,0.023746,1
1520694788077,4.218845,4.183884,0.034962,1
1520694788087,4.267807,4.247341,0.020466,1
1520694788097,4.243393,4.208755,0.034637,0
1520694788107,4.215660,4.182262,0.033398,0
1520694788117,4.295712,4.267063,0.028648,0
1520694788127,4.225941,4.182949,0.042992,0
1520694788137,4.217110,4.172058,0.045052,0
1520694788147,4.214458,4.215145,-0.000687,0
1520694788157,4.246731,4.221458,0.025272,0
1520694788168,4.308109,4.279613,0.028496,0
1520694788178,4.235363,4.197617,0.037746,0
1520694788188,4.287567,4.269333,0.018234,0
1520694788198,4.232025,4.201431,0.030594,1
1520694788208,4.222279,4.193764,0.028515,1
1520694788218,4.276371,4.257374,0.018997,1
1520694788228,4.236946,4.188309,0.048637,1
1520694788238,4.198093,4.174423,0.023670,1
1520694788248,4.215126,4.182854,0.032272,1
1520694788258,4.212418,4.174824,0.037594,1
1520694788268,4.283295,4.258232,0.025063,1
1520694788278,4.204960,4.169693,0.035267,1
1520694788288,4.256897,4.229069,0.027828,1
1520694788298,4.224510,4.193363,0.031147,0
1520694788309,4.203663,4.182301,0.021362,0
1520694788319,4.287090,4.239006,0.048084,0
1520694788329,4.198494,4.175034,0.023460,0
1520694788339,4.263363,4.235363,0.028000,0
1520694788349,4.202995,4.184647,0.018349,0
1520694788359,4.197388,4.168777,0.028610,0
1520694788369,4.285908,4.258900,0.027008,0
1520694788379,4.198666,4.171410,0.027256,0
1520694788389,4.285564,4.258785,0.026779,0
1520694788400,4.213276,4.179363,0.033913,1
1520694788410,4.205685,4.178200,0.027485,1
1520694788420,4.243965,4.217052,0.026913,1
1520694788430,4.198055,4.169998,0.028057,1
1520694788440,4.229088,4.205322,0.023766,1
1520694788450,4.213295,4.181194,0.032101,1
1520694788460,4.208126,4.183617,0.024509,1
1520694788470,4.261723,4.234447,0.027275,1
1520694788480,4.210854,4.181099,0.029755,1
1520694788491,4.294090,4.261971,0.032120,1
1520694788501,4.222813,4.193420,0.029392,0
1520694788511,4.197922,4.173851,0.024071,0
1520694788521,4.292412,4.271507,0.020905,0
1520694788531,4.201183,4.176369,0.024815,0
1520694788541,4.207897,4.171333,0.036564,0
1520694788551,4.209557,4.178829,0.030727,0
1520694788561,4.202442,4.166431,0.036011,0
1520694788571,4.252987,4.223385,0.029602,0
1520694788582,4.202557,4.170647,0.031910,0
1520694788592,4.284286,4.261284,0.023003,0
1520694788602,4.202099,4.173145,0.028954,1
1520694788612,4.202690,4.177361,0.025330,1
1520694788622,4.248600,4.220867,0.027733,1
1520694788632,4.209385,4.179764,0.029621,1
1520694788642,4.203491,4.177322,0.026169,1
1520694788652,4.214478,4.197960,0.016518,1
1520694788662,4.200230,4.166698,0.033531,1
1520694788672,4.217587,4.190121,0.027466,1
1520694788682,4.200439,4.172001,0.028439,1
1520694788692,4.275665,4.248390,0.027275,1
1520694788702,4.221191,4.195862,0.025330,0
1520694788712,4.207382,4.175072,0.032310,0
1520694788722,4.272060,4.252644,0.019417,0
1520694788732,4.237270,4.194431,0.042839,0
1520694788742,4.202747,4.170418,0.032330,0
1520694788752,4.207382,4.196148,0.011234,0
1520694788762,4.203129,4.168148,0.034981,0
1520694788772,4.287109,4.259300,0.027809,0
1520694788782,4.208584,4.175224,0.033360,0
1520694788792,4.278622,4.247761,0.030861,0
1520694788802,4.225254,4.189167,0.036087,1
1520694788813,4.207077,4.183846,0.023232,1
1520694788823,4.257565,4.227409,0.030155,1
1520694788833,4.207478,4.172039,0.035439,1
1520694788843,4.196491,4.166088,0.030403,1
1520694788853,4.255180,4.228401,0.026779,1
1520694788863,4.203720,4.174595,0.029125,1
1520694788873,4.205894,4.175129,0.030766,1
1520694788883,4.208584,4.177399,0.031185,1
1520694788893,4.293442,4.271488,0.021954,1
1520694788904,4.277325,4.246044,0.031281,0
1520694788914,4.200802,4.173775,0.027027,0
1520694788924,4.202423,4.174957,0.027466,0
1520694788934,4.272766,4.252186,0.020580,0
1520694788944,4.213161,4.185867,0.027294,0
1520694788954,4.208870,4.176712,0.032158,0
1520694788964,4.297104,4.265423,0.031681,0
1520694788974,4.202862,4.182205,0.020657,0
1520694788984,4.267120,4.244347,0.022774,0
1520694788994,4.227314,4.197559,0.029755,0
1520694789004,4.211216,4.201508,0.009708,1
1520694789014,4.253063,4.237766,0.015297,1
1520694789024,4.208145,4.183064,0.025082,1
1520694789034,4.207325,4.182568,0.024757,1
1520694789044,4.211311,4.172974,0.038338,1
1520694789054,4.224434,4.188843,0.035591,1
1520694789064,4.207821,4.184723,0.023098,1
1520694789074,4.258938,4.224815,0.034122,1
1520694789084,4.199715,4.176846,0.022869,1
1520694789094,4.293976,4.267387,0.026588,1
1520694789104,4.261379,4.224854,0.036526,0
1520694789114,4.208336,4.179001,0.029335,0
1520694789124,4.292316,4.267025,0.025291,0
1520694789135,4.206448,4.172306,0.034142,0
1520694789145,4.233360,4.208794,0.024567,0
1520694789155,4.199009,4.170170,0.028839,0
1520694789165,4.199600,4.176769,0.022831,0
1520694789175,4.208374,4.176464,0.031910,0
1520694789185,4.203510,4.178047,0.025463,0
1520694789195,4.236813,4.203129,0.033684,0
1520694789205,4.220734,4.182434,0.038300,1
1520694789215,4.217224,4.180012,0.037212,1
1520694789226,4.224586,4.187965,0.036621,1
1520694789236,4.237289,4.196968,0.040321,1
1520694789246,4.288101,4.263783,0.024319,1
1520694789256,4.213066,4.184055,0.029011,1
1520694789266,4.259319,4.226665,0.032654,1
1520694789276,4.268646,4.233074,0.035572,1
1520694789286,4.224186,4.187813,0.036373,1
1520694789296,4.296055,4.266415,0.029640,0
1520694789306,4.216824,4.192371,0.024452,0
1520694789316,4.217319,4.185143,0.032177,0
1520694789326,4.214497,4.181156,0.033340,0
1520694789336,4.225140,4.185123,0.040016,0
1520694789346,4.284611,4.260826,0.023785,0
1520694789356,4.201527,4.175262,0.026264,0
1520694789366,4.199524,4.167347,0.032177,0
1520694789376,4.232521,4.205627,0.026894,0
1520694789386,4.200439,4.176731,0.023708,0
1520694789396,4.269714,4.245033,0.024681,1
1520694789407,4.200077,4.176655,0.023422,1
1520694789417,4.203224,4.182129,0.021095,1
1520694789427,4.217491,4.185963,0.031528,1
1520694789437,4.207726,4.184494,0.023232,1
1520694789447,4.268093,4.238739,0.029354,1
1520694789457,4.205685,4.173145,0.032539,1
1520694789467,4.198799,4.174404,0.024395,1
1520694789477,4.278984,4.253330,0.025654,1
1520694789487,4.205513,4.168224,0.037289,1
1520694789497,4.208164,4.175072,0.033092,0
1520694789507,4.286537,4.266739,0.019798,0
1520694789517,4.211121,4.175797,0.035324,0
1520694789527,4.250774,4.228840,0.021935,0
1520694789537,4.210987,4.178867,0.032120,0
1520694789547,4.199142,4.168396,0.030746,0
1520694789557,4.298267,4.258404,0.039864,0
1520694789567,4.199600,4.174671,0.024929,0
1520694789577,4.263744,4.238873,0.024872,0
1520694789587,4.208946,4.180641,0.028305,0
1520694789597,4.207764,4.189739,0.018024,1
1520694789607,4.270954,4.247341,0.023613,1
1520694789617,4.200668,4.171371,0.029297,1
1520694789627,4.221840,4.203606,0.018234,1
1520694789638,4.201603,4.171658,0.029945,1
1520694789648,4.219494,4.180107,0.039387,1
1520694789658,4.217625,4.193439,0.024185,1
1520694789668,4.202976,4.176807,0.026169,1
1520694789678,4.260788,4.227600,0.033188,1
1520694789688,4.204388,4.180374,0.024014,1
1520694789698,4.203968,4.172325,0.031643,0
1520694789708,4.295883,4.247589,0.048294,0
1520694789718,4.197350,4.168396,0.028954,0
1520694789729,4.282055,4.252720,0.029335,0
1520694789739,4.201622,4.166431,0.035191,0
1520694789749,4.197502,4.166622,0.030880,0
1520694789759,4.198284,4.172840,0.025444,0
1520694789769,4.197350,4.166985,0.030365,0
1520694789779,4.280643,4.255905,0.024738,0
1520694789789,4.198360,4.172192,0.026169,0
1520694789799,4.204941,4.169655,0.035286,1
1520694789809,4.227467,4.198055,0.029411,1
1520694789819,4.200726,4.170380,0.030346,1
1520694789829,4.275017,4.245262,0.029755,1
1520694789839,4.200211,4.176159,0.024052,1
1520694789849,4.202709,4.170036,0.032673,1
1520694789859,4.208851,4.176407,0.032444,1
1520694789869,4.205303,4.174461,0.030842,1
1520694789879,4.280624,4.256821,0.023804,1
1520694789889,4.204178,4.169655,0.034523,1
1520694789899,4.197922,4.169598,0.028324,0
1520694789909,4.229813,4.200592,0.029221,0
1520694789919,4.202881,4.170856,0.032024,0
1520694789929,4.262428,4.235439,0.026989,0
1520694789939,4.267120,4.249535,0.017586,0
1520694789949,4.201221,4.173012,0.028210,0
1520694789960,4.206657,4.175320,0.031338,0
1520694789970,4.205818,4.176693,0.029125,0
1520694789980,4.208412,4.183254,0.025158,0
1520694789990,4.226093,4.200382,0.025711,0
1520694790000,4.224472,4.187927,0.036545,1
1520694790010,4.208565,4.172726,0.035839,1
1520694790020,4.247036,4.217300,0.029736,1
1520694790030,4.198952,4.169598,0.029354,1
1520694790040,4.221649,4.186878,0.034771,1
1520694790051,4.292889,4.267921,0.024967,1
1520694790061,4.197216,4.173851,0.023365,1
1520694790071,4.273090,4.252491,0.020599,1
1520694790081,4.201546,4.170895,0.030651,1
1520694790091,4.224796,4.205742,0.019054,1
1520694790101,4.288349,4.276657,0.011692,0
1520694790111,4.206009,4.172535,0.033474,0
1520694790121,4.198303,4.171963,0.026340,0
1520694790131,4.208355,4.170876,0.037479,0
1520694790142,4.204445,4.168091,0.036354,0
1520694790152,4.260635,4.244099,0.016537,0
1520694790162,4.203396,4.179478,0.023918,0
1520694790172,4.295769,4.276714,0.019054,0
1520694790182,4.198627,4.171886,0.026741,0
1520694790192,4.203682,4.176559,0.027122,0
1520694790202,4.248905,4.214115,0.034790,1
1520694790212,4.207420,4.173317,0.034103,1
1520694790222,4.283352,4.253368,0.029984,1
1520694790232,4.201660,4.174786,0.026875,1
1520694790242,4.206562,4.173431,0.033131,1
1520694790252,4.225292,4.197712,0.027580,1
1520694790262,4.204884,4.172993,0.031891,1
1520694790272,4.286251,4.259758,0.026493,1
1520694790282,4.230900,4.191227,0.039673,1
1520694790292,4.232903,4.217148,0.015755,1
1520694790302,4.287014,4.267235,0.019779,0
1520694790312,4.215584,4.183846,0.031738,0
1520694790323,4.272728,4.249706,0.023022,0
1520694790333,4.211979,4.187679,0.024300,0
1520694790343,4.201221,4.178276,0.022945,0
1520694790353,4.208908,4.176674,0.032234,0
1520694790363,4.207497,4.174824,0.032673,0
1520694790373,4.285793,4.264755,0.021038,0
1520694790383,4.232788,4.214172,0.018616,0
1520694790393,4.291668,4.264927,0.026741,0
1520694790403,4.277229,4.233017,0.044212,1
1520694790414,4.222336,4.200726,0.021610,1
1520694790424,4.302998,4.278030,0.024967,1
1520694790434,4.211903,4.177952,0.033951,1
1520694790444,4.267540,4.243679,0.023861,1
1520694790454,4.207706,4.188328,0.019379,1
1520694790464,4.198265,4.174442,0.023823,1
1520694790474,4.221096,4.186268,0.034828,1
1520694790484,4.315720,4.301186,0.014534,1
1520694790494,4.278030,4.257145,0.020885,1
1520694790504,4.212265,4.184971,0.027294,0
1520694790514,4.209919,4.177094,0.032825,0
1520694790524,4.229851,4.214172,0.015678,0
1520694790534,4.199448,4.186935,0.012512,0
1520694790544,4.209385,4.183903,0.025482,0
1520694790555,4.222641,4.186611,0.036030,0
1520694790565,4.206638,4.176941,0.029697,0
1520694790575,4.296665,4.265862,0.030804,0
1520694790585,4.202347,4.185467,0.016880,0
1520694790595,4.252586,4.217491,0.035095,0
1520694790605,4.284306,4.267731,0.016575,1
1520694790615,4.199944,4.167690,0.032253,1
1520694790625,4.261513,4.237232,0.024281,1
1520694790635,4.198189,4.174938,0.023251,1
1520694790646,4.206142,4.166756,0.039387,1
1520694790656,4.240456,4.201908,0.038548,1
1520694790666,4.197388,4.176502,0.020885,1
1520694790676,4.245110,4.207497,0.037613,1
1520694790686,4.200668,4.169617,0.031052,1
1520694790696,4.293880,4.270897,0.022984,1
1520694790706,4.249897,4.219666,0.030231,0
1520694790716,4.206944,4.176521,0.030422,0
1520694790726,4.286976,4.253769,0.033207,0
1520694790737,4.208107,4.177437,0.030670,0
1520694790747,4.199200,4.176960,0.022240,0
1520694790757,4.204502,4.171906,0.032597,0
1520694790767,4.200153,4.169941,0.030212,0
1520694790777,4.233303,4.191856,0.041447,0
1520694790787,4.201202,4.168472,0.032730,0
1520694790797,4.259644,4.231911,0.027733,0
1520694790807,4.217148,4.186554,0.030594,1
1520694790817,4.204807,4.177742,0.027065,1
1520694790827,4.253826,4.220104,0.033722,1
1520694790837,4.200191,4.176598,0.023594,1
1520694790847,4.199600,4.173298,0.026302,1
1520694790857,4.211750,4.187908,0.023842,1
1520694790867,4.198780,4.174194,0.024586,1
1520694790878,4.287567,4.243107,0.044460,1
1520694790888,4.214191,4.183235,0.030956,1
1520694790898,4.203320,4.169922,0.033398,0
1520694790908,4.250984,4.208279,0.042706,0
1520694790918,4.198856,4.167042,0.031815,0
1520694790928,4.248810,4.221268,0.027542,0
1520694790938,4.199028,4.170074,0.028954,0
1520694790948,4.217014,4.186001,0.031013,0
1520694790958,4.195995,4.173813,0.022182,0
1520694790969,4.206562,4.183273,0.023289,0
1520694790979,4.201279,4.167957,0.033321,0
1520694790989,4.262123,4.224758,0.037365,0
1520694790999,4.202862,4.179401,0.023460,1
1520694791009,4.209061,4.183083,0.025978,1
1520694791019,4.257336,4.228745,0.028591,1
1520694791029,4.200382,4.170685,0.029697,1
1520694791039,4.279442,4.256935,0.022507,1
1520694791049,4.295769,4.269600,0.026169,1
1520694791059,4.204350,4.173546,0.030804,1
1520694791069,4.200706,4.172001,0.028706,1
1520694791079,4.214287,4.180717,0.033569,1
1520694791089,4.205799,4.181080,0.024719,1
1520694791099,4.282341,4.262009,0.020332,0
1520694791109,4.222050,4.187832,0.034218,0
1520694791119,4.200325,4.172401,0.027924,0
1520694791129,4.240379,4.209938,0.030441,0
1520694791139,4.202156,4.172115,0.030041,0
1520694791149,4.281044,4.256325,0.024719,0
1520694791159,4.208202,4.179783,0.028419,0
1520694791169,4.209538,4.176540,0.032997,0
1520694791179,4.223499,4.198322,0.025177,0
1520694791189,4.200230,4.170189,0.030041,0
1520694791200,4.201622,4.194870,0.006752,1
1520694791210,4.198780,4.177513,0.021267,1
1520694791220,4.198704,4.191036,0.007668,1
1520694791230,4.210320,4.179096,0.031223,1
1520694791240,4.211025,4.179993,0.031033,1
1520694791250,4.252987,4.230804,0.022182,1
1520694791260,4.209919,4.175835,0.034084,1
1520694791270,4.199047,4.170017,0.029030,1
1520694791280,4.209538,4.194717,0.014820,1
1520694791290,4.202461,4.169292,0.033169,1
1520694791300,4.231777,4.208241,0.023537,0
1520694791310,4.210091,4.183178,0.026913,0
1520694791320,4.214573,4.177303,0.037270,0
1520694791331,4.229813,4.197655,0.032158,0
1520694791341,4.197102,4.174099,0.023003,0
1520694791351,4.287777,4.257565,0.030212,0
1520694791361,4.255028,4.233894,0.021133,0
1520694791371,4.234161,4.218693,0.015469,0
1520694791381,4.211884,4.181652,0.030231,0
1520694791391,4.199562,4.170418,0.029144,0
1520694791401,4.198017,4.167461,0.030556,1
1520694791411,4.214325,4.184208,0.030117,1
1520694791422,4.200611,4.168587,0.032024,1
1520694791432,4.294891,4.263153,0.031738,1
1520694791442,4.202633,4.174633,0.028000,1
1520694791452,4.277725,4.252548,0.025177,1
1520694791462,4.207573,4.192142,0.015430,1
1520694791472,4.213657,4.194565,0.019093,1
1520694791482,4.232903,4.196129,0.036774,1
1520694791492,4.209232,4.178162,0.031071,1
1520694791502,4.197140,4.168396,0.028744,0
1520694791513,4.219589,4.188633,0.030956,0
1520694791523,4.198284,4.169941,0.028343,0
1520694791533,4.291229,4.270668,0.020561,0
1520694791543,4.200535,4.169807,0.030727,0
1520694791553,4.201469,4.184799,0.016670,0
1520694791563,4.229794,4.200344,0.029449,0
1520694791573,4.204216,4.169827,0.034389,0
1520694791583,4.299393,4.269714,0.029678,0
1520694791593,4.203968,4.173927,0.030041,0
1520694791603,4.203854,4.176006,0.027847,1
1520694791613,4.299316,4.274445,0.024872,1
1520694791623,4.202099,4.169998,0.032101,1
1520694791633,4.283142,4.255276,0.027866,1
1520694791643,4.201736,4.178753,0.022984,1
1520694791654,4.199562,4.175167,0.024395,1
1520694791664,4.212875,4.184341,0.028534,1
1520694791674,4.203053,4.178505,0.024548,1
1520694791684,4.230938,4.192543,0.038395,1
1520694791694,4.201984,4.170666,0.031319,1
1520694791704,4.232521,4.213848,0.018673,0
1520694791714,4.229908,4.201012,0.028896,0
1520694791724,4.216213,4.190693,0.025520,0
1520694791734,4.287262,4.259968,0.027294,0
1520694791745,4.207897,4.176426,0.031471,0
1520694791755,4.226971,4.214954,0.012016,0
1520694791765,4.202080,4.172573,0.029507,0
1520694791775,4.200783,4.171600,0.029182,0
1520694791785,4.207668,4.178543,0.029125,0
1520694791795,4.221954,4.186649,0.035305,0
1520694791805,4.222450,4.186230,0.036221,1
1520694791815,4.220791,4.186478,0.034313,1
1520694791825,4.211102,4.179230,0.031872,1
1520694791835,4.258022,4.230824,0.027199,1
1520694791845,4.203148,4.171257,0.031891,1
1520694791855,4.205894,4.169865,0.036030,1
1520694791865,4.208641,4.175835,0.032806,1
1520694791875,4.198475,4.169884,0.028591,1
1520694791885,4.284019,4.258327,0.025692,1
1520694791895,4.204903,4.168091,0.036812,1
1520694791905,4.200573,4.168968,0.031605,0
1520694791915,4.226627,4.195347,0.031281,0
1520694791925,4.202824,4.169865,0.032959,0
1520694791935,4.254284,4.228363,0.025921,0
1520694791945,4.202747,4.172649,0.030098,0
1520694791955,4.199677,4.167938,0.031738,0
1520694791965,4.198570,4.170380,0.028191,0
1520694791976,4.206009,4.172993,0.033016,0
1520694791986,4.204750,4.168797,0.035954,0
1520694791996,4.236488,4.201183,0.035305,0
1520694792006,4.210892,4.175339,0.035553,1
1520694792016,4.205208,4.182281,0.022926,1
1520694792026,4.252949,4.213657,0.039291,1
1520694792036,4.205246,4.192276,0.012970,1
1520694792046,4.295254,4.262619,0.032635,1
1520694792056,4.229774,4.196720,0.033054,1
1520694792067,4.201546,4.168663,0.032883,1
1520694792077,4.285564,4.259682,0.025883,1
1520694792087,4.200840,4.173412,0.027428,1
1520694792097,4.280319,4.263515,0.016804,1
1520694792107,4.229374,4.200611,0.028763,0
1520694792117,4.205837,4.174767,0.031071,0
1520694792127,4.247131,4.226418,0.020714,0
1520694792137,4.201469,4.166527,0.034943,0
1520694792147,4.210892,4.170609,0.040283,0
1520694792157,4.211998,4.180660,0.031338,0
1520694792167,4.202957,4.175129,0.027828,0
1520694792177,4.273148,4.253101,0.020046,0
1520694792187,4.198208,4.174805,0.023403,0
1520694792197,4.275780,4.234886,0.040894,0
1520694792207,4.278450,4.247208,0.031242,1
1520694792217,4.199009,4.170036,0.028973,1
1520694792227,4.200077,4.176636,0.023441,1
1520694792237,4.203053,4.169827,0.033226,1
1520694792248,4.203415,4.172821,0.030594,1
1520694792258,4.223518,4.198608,0.024910,1
1520694792268,4.206772,4.180965,0.025806,1
1520694792278,4.285412,4.268837,0.016575,1
1520694792288,4.208717,4.183960,0.024757,1
1520694792298,4.279194,4.255047,0.024147,1
1520694792308,4.298611,4.264393,0.034218,0
1520694792318,4.199200,4.171162,0.028038,0
1520694792328,4.280758,4.254589,0.026169,0
1520694792338,4.196663,4.176960,0.019703,0
1520694792348,4.213791,4.179611,0.034180,0
1520694792358,4.244785,4.229870,0.014915,0
1520694792368,4.202671,4.174404,0.028267,0
1520694792378,4.284000,4.255314,0.028687,0
1520694792389,4.197464,4.173508,0.023956,0
1520694792399,4.227161,4.195805,0.031357,0
1520694792409,4.217281,4.186573,0.030708,1
1520694792419,4.194927,4.165421,0.029507,1
1520694792429,4.241638,4.210453,0.031185,1
1520694792439,4.194889,4.166698,0.028191,1
1520694792449,4.240303,4.220276,0.020027,1
1520694792459,4.203758,4.172859,0.030899,1
1520694792469,4.197712,4.170132,0.027580,1
1520694792480,4.216747,4.187222,0.029526,1
1520694792490,4.202862,4.170761,0.032101,1
1520694792500,4.256573,4.236736,0.019836,0
1520694792510,4.201241,4.173088,0.028152,0
1520694792520,4.200687,4.171200,0.029488,0
1520694792530,4.287510,4.257526,0.029984,0
1520694792540,4.212208,4.180794,0.031414,0
1520694792550,4.205914,4.168549,0.037365,0
1520694792560,4.234200,4.204826,0.029373,0
1520694792571,4.199142,4.169579,0.029564,0
1520694792581,4.286137,4.259834,0.026302,0
1520694792591,4.201126,4.171734,0.029392,0
1520694792601,4.202251,4.175529,0.026722,1
1520694792611,4.223442,4.195175,0.028267,1
1520694792621,4.214897,4.177551,0.037346,1
1520694792631,4.279785,4.251194,0.028591,1
1520694792641,4.198380,4.172649,0.025730,1
1520694792651,4.226265,4.201031,0.025234,1
1520694792661,4.202976,4.175606,0.027370,1
1520694792671,4.195061,4.172535,0.022526,1
1520694792681,4.282818,4.261856,0.020962,1
1520694792691,4.196072,4.173679,0.022392,1
1520694792701,4.197693,4.175949,0.021744,0
1520694792711,4.287624,4.262600,0.025024,0
1520694792721,4.199848,4.174786,0.025063,0
1520694792731,4.276638,4.245510,0.031128,0
1520694792741,4.197369,4.172249,0.025120,0
1520694792751,4.218922,4.206047,0.012875,0
1520694792761,4.233208,4.207993,0.025215,0
1520694792771,4.201584,4.173660,0.027924,0
1520694792781,4.283581,4.260483,0.023098,0
1520694792791,4.203682,4.177094,0.026588,0
1520694792802,4.200478,4.171753,0.028725,1
1520694792812,4.282646,4.259567,0.023079,1
1520694792822,4.200935,4.172897,0.028038,1
1520694792832,4.252567,4.226265,0.026302,1
1520694792842,4.206581,4.177151,0.029430,1
1520694792852,4.247665,4.208546,0.039120,1
1520694792862,4.292564,4.260769,0.031796,1
1520694792872,4.221783,4.192772,0.029011,1
1520694792882,4.205379,4.177361,0.028019,1
1520694792893,4.209805,4.185600,0.024204,1
1520694792903,4.200706,4.173203,0.027504,0
1520694792913,4.283257,4.265423,0.017834,0
1520694792923,4.225445,4.180698,0.044746,0
1520694792933,4.266224,4.244938,0.021286,0
1520694792943,4.234810,4.196320,0.038490,0
1520694792953,4.218788,4.194717,0.024071,0
1520694792963,4.212418,4.184055,0.028362,0
1520694792973,4.272099,4.255199,0.016899,0
1520694792984,4.218960,4.183540,0.035419,0
1520694792994,4.288445,4.261341,0.027103,0
1520694793004,4.235973,4.203739,0.032234,1
1520694793014,4.213009,4.188614,0.024395,1
1520694793024,4.226589,4.192467,0.034122,1
1520694793034,4.207020,4.184456,0.022564,1
1520694793044,4.282055,4.256649,0.025406,1
1520694793054,4.195728,4.170895,0.024834,1
1520694793064,4.239807,4.217529,0.022278,1
1520694793074,4.268265,4.244690,0.023575,1
1520694793084,4.228573,4.192600,0.035973,1
1520694793094,4.209843,4.175987,0.033855,1
1520694793104,4.285069,4.263515,0.021553,0
1520694793114,4.204521,4.178219,0.026302,0
1520694793125,4.210720,4.176769,0.033951,0
1520694793135,4.206200,4.168987,0.037212,0
1520694793145,4.200325,4.182587,0.017738,0
1520694793155,4.202232,4.171505,0.030727,0
1520694793165,4.225903,4.196491,0.029411,0
1520694793175,4.270439,4.245567,0.024872,0
1520694793185,4.205704,4.176960,0.028744,0
1520694793195,4.204292,4.169922,0.034370,0
1520694793205,4.247284,4.223843,0.023441,1
1520694793215,4.198780,4.172783,0.025997,1
1520694793225,4.200401,4.172421,0.027981,1
1520694793235,4.207516,4.174290,0.033226,1
1520694793245,4.198666,4.168911,0.029755,1
1520694793255,4.205990,4.183350,0.022640,1
1520694793265,4.198551,4.170284,0.028267,1
1520694793275,4.193954,4.166641,0.027313,1
1520694793285,4.197292,4.170017,0.027275,1
1520694793295,4.193554,4.174156,0.019398,1
1520694793306,4.287643,4.254150,0.033493,0
1520694793316,4.233227,4.191570,0.041656,0
1520694793326,4.255333,4.237385,0.017948,0
1520694793336,4.214363,4.176884,0.037479,0
1520694793346,4.199734,4.169445,0.030289,0
1520694793356,4.261971,4.232292,0.029678,0
1520694793366,4.230289,4.206676,0.023613,0
1520694793376,4.279785,4.256725,0.023060,0
1520694793386,4.204235,4.169827,0.034409,0
1520694793397,4.249821,4.224606,0.025215,0
1520694793407,4.216709,4.192944,0.023766,1
1520694793417,4.202671,4.170036,0.032635,1
1520694793427,4.293365,4.254742,0.038624,1
1520694793437,4.204712,4.171772,0.032940,1
1520694793447,4.200935,4.172459,0.028477,1
1520694793457,4.200993,4.175053,0.025940,1
1520694793467,4.205303,4.170799,0.034504,1
1520694793477,4.236965,4.198170,0.038795,1
1520694793487,4.200974,4.170876,0.030098,1
1520694793497,4.247684,4.224567,0.023117,1
1520694793507,4.225502,4.192238,0.033264,0
1520694793517,4.198360,4.168720,0.029640,0
1520694793527,4.282131,4.254856,0.027275,0
1520694793537,4.202156,4.166698,0.035458,0
1520694793547,4.209080,4.169846,0.039234,0
1520694793557,4.262714,4.229393,0.033321,0
1520694793567,4.198818,4.168453,0.030365,0
1520694793577,4.265690,4.246311,0.019379,0
1520694793587,4.200039,4.168873,0.031166,0
1520694793597,4.200211,4.176884,0.023327,0
1520694793607,4.274750,4.248257,0.026493,1
1520694793617,4.199791,4.171829,0.027962,1
1520694793628,4.196777,4.173832,0.022945,1
1520694793638,4.198265,4.179897,0.018368,1
1520694793648,4.198761,4.174366,0.024395,1
1520694793658,4.206276,4.172554,0.033722,1
1520694793668,4.209423,4.171619,0.037804,1
1520694793678,4.199238,4.166927,0.032310,1
1520694793688,4.208927,4.179020,0.029907,1
1520694793698,4.201660,4.172611,0.029049,1
1520694793708,4.282398,4.264145,0.018253,0
1520694793719,4.199562,4.173031,0.026531,0
1520694793729,4.218464,4.200344,0.018120,0
1520694793739,4.203873,4.170723,0.033150,0
1520694793749,4.206028,4.173927,0.032101,0
1520694793759,4.203587,4.173660,0.029926,0
1520694793769,4.199524,4.174709,0.024815,0
1520694793779,4.250736,4.222260,0.028477,0
1520694793789,4.200287,4.172058,0.028229,0
1520694793799,4.194698,4.168434,0.026264,0
1520694793809,4.290981,4.279385,0.011597,1
1520694793819,4.196739,4.169407,0.027332,1
1520694793829,4.196625,4.168720,0.027905,1
1520694793839,4.203625,4.173336,0.030289,1
1520694793849,4.207783,4.173641,0.034142,1
1520694793859,4.287643,4.258556,0.029087,1
1520694793869,4.199219,4.172211,0.027008,1
1520694793879,4.197655,4.166660,0.030994,1
1520694793889,4.212799,4.188251,0.024548,1
1520694793899,4.198284,4.169769,0.028515,1
1520694793909,4.274025,4.262371,0.011654,0
1520694793919,4.230099,4.196739,0.033360,0
1520694793929,4.189167,4.159870,0.029297,0
1520694793939,4.203625,4.183140,0.020485,0
1520694793950,4.206028,4.178810,0.027218,0
1520694793960,4.204750,4.181728,0.023022,0
1520694793970,4.268875,4.246464,0.022411,0
1520694793980,4.210472,4.179001,0.031471,0
1520694793990,4.203434,4.172955,0.030479,0
1520694794000,4.284039,4.256783,0.027256,0
1520694794010,4.207478,4.187546,0.019932,1
1520694794020,4.206066,4.183998,0.022068,1
1520694794030,4.248676,4.233170,0.015507,1
1520694794041,4.204102,4.177647,0.026455,1
1520694794051,4.280605,4.257660,0.022945,1
1520694794061,4.198914,4.172325,0.026588,1
1520694794071,4.202995,4.169731,0.033264,1
1520694794081,4.255161,4.234085,0.021076,1
1520694794091,4.212360,4.183846,0.028515,1
1520694794101,4.298973,4.268475,0.030499,1
1520694794111,4.268742,4.249134,0.019608,0
1520694794121,4.206295,4.177227,0.029068,0
1520694794132,4.197903,4.169159,0.028744,0
1520694794142,4.206753,4.171467,0.035286,0
1520694794152,4.205265,4.174385,0.030880,0
1520694794162,4.207783,4.177437,0.030346,0
1520694794172,4.220638,4.187832,0.032806,0
1520694794182,4.259338,4.232769,0.026569,0
1520694794192,4.210663,4.183807,0.026855,0
1520694794202,4.227295,4.221573,0.005722,0
1520694794212,4.296112,4.267731,0.028381,1
1520694794223,4.200516,4.175110,0.025406,1
1520694794233,4.276199,4.256992,0.019207,1
1520694794243,4.201927,4.174519,0.027409,1
1520694794253,4.229946,4.214287,0.015659,1
1520694794263,4.199581,4.176521,0.023060,1
1520694794273,4.221897,4.192543,0.029354,1
1520694794283,4.292107,4.261971,0.030136,1
1520694794293,4.234219,4.193325,0.040894,1
1520694794303,4.224873,4.190121,0.034752,0
1520694794314,4.220810,4.190369,0.030441,0
1520694794324,4.218102,4.191055,0.027046,0
1520694794334,4.249535,4.216061,0.033474,0
1520694794344,4.235554,4.189396,0.046158,0
1520694794354,4.285393,4.261761,0.023632,0
1520694794364,4.239635,4.221706,0.017929,0
1520694794374,4.200878,4.172840,0.028038,0
1520694794384,4.234066,4.211617,0.022449,0
1520694794394,4.195023,4.200287,-0.005264,0
1520694794404,4.254627,4.222889,0.031738,1
1520694794414,4.252186,4.216595,0.035591,1
1520694794424,4.207458,4.172478,0.034981,1
1520694794434,4.281197,4.263115,0.018082,1
1520694794444,4.194775,4.170265,0.024509,1
1520694794454,4.194126,4.170265,0.023861,1
1520694794464,4.214859,4.182930,0.031929,1
1520694794474,4.198513,4.168587,0.029926,1
1520694794484,4.277897,4.240761,0.037136,1
1520694794494,4.204063,4.171085,0.032978,1
1520694794504,4.258232,4.226818,0.031414,0
1520694794514,4.298553,4.252148,0.046406,0
1520694794524,4.199963,4.180603,0.019360,0
1520694794534,4.275894,4.254799,0.021095,0
1520694794545,4.198036,4.174824,0.023212,0
1520694794555,4.202442,4.170914,0.031528,0
1520694794565,4.202747,4.172440,0.030308,0
1520694794575,4.211712,4.175034,0.036678,0
1520694794585,4.281559,4.259872,0.021687,0
1520694794595,4.200516,4.170704,0.029812,0
1520694794605,4.200134,4.172001,0.028133,1
1520694794615,4.282589,4.263439,0.019150,1
1520694794625,4.195518,4.174252,0.021267,1
1520694794636,4.268131,4.254532,0.013599,1
1520694794646,4.204044,4.170151,0.033894,1
1520694794656,4.207325,4.173794,0.033531,1
1520694794666,4.205894,4.177208,0.028687,1
1520694794676,4.195232,4.165688,0.029545,1
1520694794686,4.269485,4.246616,0.022869,1
1520694794696,4.207935,4.176025,0.031910,1
1520694794706,4.193459,4.175034,0.018425,0
1520694794716,4.281845,4.243736,0.038109,0
1520694794726,4.192257,4.167709,0.024548,0
1520694794736,4.205799,4.174461,0.031338,0
1520694794746,4.195766,4.167442,0.028324,0
1520694794756,4.202633,4.170303,0.032330,0
1520694794766,4.202728,4.174080,0.028648,0
1520694794776,4.233551,4.211731,0.021820,0
1520694794786,4.251442,4.223404,0.028038,0
1520694794796,4.219990,4.188614,0.031376,0
1520694794806,4.197445,4.168282,0.029163,1
1520694794816,4.288387,4.265118,0.023270,1
1520694794826,4.201603,4.172592,0.029011,1
1520694794836,4.212208,4.174156,0.038052,1
1520694794846,4.230003,4.196529,0.033474,1
1520694794856,4.207096,4.174557,0.032539,1
1520694794867,4.288921,4.267311,0.021610,1
1520694794877,4.200287,4.171944,0.028343,1
1520694794887,4.225750,4.208965,0.016785,1
1520694794897,4.201393,4.178638,0.022755,1
1520694794907,4.203682,4.171982,0.031700,0
1520694794917,4.209499,4.180584,0.028915,0
1520694794927,4.202709,4.177799,0.024910,0
1520694794937,4.197731,4.170551,0.027180,0
1520694794947,4.244576,4.213352,0.031223,0
1520694794958,4.203758,4.175606,0.028152,0
1520694794968,4.289989,4.266319,0.023670,0
1520694794978,4.316711,4.306011,0.010700,0
1520694794988,4.236679,4.189510,0.047169,0
1520694794998,4.207058,4.167824,0.039234,0
1520694795008,4.236031,4.215393,0.020638,1
1520694795018,4.201965,4.172249,0.029716,1
1520694795028,4.213085,4.188385,0.024700,1
1520694795038,4.220924,4.186001,0.034924,1
1520694795048,4.203720,4.194260,0.009460,1
1520694795058,4.283524,4.258862,0.024662,1
1520694795068,4.204731,4.199619,0.005112,1
1520694795078,4.201126,4.183559,0.017567,1
1520694795088,4.255791,4.232101,0.023689,1
1520694795099,4.199581,4.175186,0.024395,1
1520694795109,4.207726,4.180832,0.026894,0
1520694795119,4.273605,4.239426,0.034180,0
1520694795129,4.209175,4.177322,0.031853,0
1520694795140,4.295654,4.265823,0.029831,0
1520694795150,4.214382,4.172878,0.041504,0
1520694795160,4.269047,4.238358,0.030689,0
1520694795170,4.211617,4.173870,0.037746,0
1520694795180,4.202957,4.182339,0.020618,0
1520694795190,4.297657,4.270191,0.027466,0
1520694795200,4.213905,4.187984,0.025921,0
1520694795210,4.202099,4.169216,0.032883,1
1520694795220,4.215279,4.189510,0.025768,1
1520694795230,4.204254,4.167309,0.036945,1
1520694795240,4.283371,4.256592,0.026779,1
1520694795250,4.205093,4.166813,0.038280,1
1520694795260,4.265079,4.243164,0.021915,1
1520694795270,4.204292,4.176006,0.028286,1
1520694795280,4.241409,4.190388,0.051022,1
1520694795290,4.282265,4.240074,0.042191,1
1520694795300,4.207535,4.178810,0.028725,1
1520694795310,4.210396,4.178371,0.032024,0
1520694795320,4.208641,4.178658,0.029984,0
1520694795330,4.220161,4.188862,0.031300,0
1520694795340,4.288731,4.262962,0.025768,0
1520694795350,4.217300,4.184875,0.032425,0
1520694795360,4.280968,4.256229,0.024738,0
1520694795371,4.214592,4.185524,0.029068,0
1520694795381,4.209080,4.174232,0.034847,0
1520694795391,4.211140,4.186306,0.024834,0
1520694795401,4.206696,4.174271,0.032425,0
1520694795411,4.273415,4.251671,0.021744,1
1520694795421,4.203529,4.202995,0.000534,1
1520694795431,4.243336,4.225121,0.018215,1
1520694795441,4.262104,4.212723,0.049381,1
1520694795451,4.219704,4.187565,0.032139,1
1520694795462,4.241333,4.214745,0.026588,1
1520694795472,4.221096,4.195805,0.025291,1
1520694795482,4.275398,4.252815,0.022583,1
1520694795492,4.215355,4.188461,0.026894,1
1520694795502,4.222908,4.195061,0.027847,1
1520694795512,4.296951,4.268055,0.028896,0
1520694795522,4.196987,4.171886,0.025101,0
1520694795532,4.181843,4.166088,0.015755,0
1520694795542,4.173050,4.145260,0.027790,0
1520694795553,4.199142,4.183426,0.015717,0
1520694795563,4.243011,4.214878,0.028133,0
1520694795573,4.205322,4.171715,0.033607,0
1520694795583,4.285221,4.261627,0.023594,0
1520694795593,4.209137,4.178886,0.030251,0
1520694795603,4.198837,4.169846,0.028992,0
1520694795613,4.269924,4.246998,0.022926,1
1520694795623,4.189320,4.159012,0.030308,1
1520694795633,4.250450,4.228420,0.022030,1
1520694795643,4.191151,4.158440,0.032711,1
1520694795653,4.189644,4.165783,0.023861,1
1520694795663,4.208241,4.178486,0.029755,1
1520694795673,4.196796,4.163837,0.032959,1
1520694795683,4.271183,4.248123,0.023060,1
1520694795694,4.198990,4.161205,0.037785,1
1520694795704,4.215622,4.187031,0.028591,0
1520694795714,4.253902,4.218235,0.035667,0
1520694795724,4.193287,4.167957,0.025330,0
1520694795734,4.277477,4.250679,0.026798,0
1520694795744,4.214344,4.174995,0.039349,0
1520694795754,4.192162,4.157734,0.034428,0
1520694795764,4.199295,4.173622,0.025673,0
1520694795774,4.189720,4.172993,0.016727,0
1520694795785,4.285393,4.276066,0.009327,0
1520694795795,4.190407,4.161072,0.029335,0
1520694795805,4.194412,4.162235,0.032177,1
1520694795815,4.197350,4.175987,0.021362,1
1520694795825,4.184532,4.159851,0.024681,1
1520694795835,4.249744,4.225731,0.024014,1
1520694795845,4.186039,4.159775,0.026264,1
1520694795855,4.187450,4.158592,0.028858,1
1520694795865,4.189873,4.158878,0.030994,1
1520694795876,4.189491,4.174252,0.015240,1
1520694795886,4.215965,4.210129,0.005836,1
1520694795896,4.189644,4.166946,0.022697,1
1520694795906,4.203987,4.174709,0.029278,0
1520694795916,4.197426,4.169216,0.028210,0
1520694795926,4.189339,4.162922,0.026417,0
1520694795936,4.281673,4.252739,0.028934,0
1520694795946,4.189548,4.165535,0.024014,0
1520694795956,4.295444,4.272938,0.022507,0
1520694795966,4.138527,4.101963,0.036564,0
1520694795976,4.255447,4.227734,0.027714,0
1520694795986,4.194717,4.157982,0.036736,0
1520694795996,4.197979,4.168072,0.029907,0
1520694796006,4.200764,4.161282,0.039482,1
1520694796017,4.205494,4.171314,0.034180,1
1520694796027,4.204578,4.174385,0.030193,1
1520694796037,4.216843,4.198742,0.018101,1
1520694796047,4.195614,4.166126,0.029488,1
1520694796057,4.280987,4.258022,0.022964,1
1520694796067,4.196758,4.161358,0.035400,1
1520694796077,4.194374,4.162083,0.032291,1
1520694796087,4.237595,4.217243,0.020351,1
1520694796097,4.198475,4.170113,0.028362,1
1520694796107,4.195518,4.167614,0.027905,0
1520694796117,4.198875,4.165249,0.033627,0
1520694796127,4.201107,4.184456,0.016651,0
1520694796137,4.191513,4.159241,0.032272,0
1520694796147,4.271259,4.254322,0.016937,0
1520694796157,4.192543,4.161758,0.030785,0
1520694796167,4.195099,4.162159,0.032940,0
1520694796177,4.208355,4.186821,0.021534,0
1520694796187,4.228859,4.207249,0.021610,0
1520694796197,4.236259,4.213829,0.022430,0
1520694796207,4.227867,4.195480,0.032387,1
1520694796217,4.198360,4.169636,0.028725,1
1520694796227,4.277954,4.254494,0.023460,1
1520694796237,4.191475,4.176178,0.015297,1
1520694796247,4.193115,4.158630,0.034485,1
1520694796257,4.195328,4.164581,0.030746,1
1520694796267,4.189510,4.159927,0.029583,1
1520694796277,4.207783,4.176426,0.031357,1
1520694796288,4.223499,4.202480,0.021019,1
1520694796298,4.278889,4.250069,0.028820,1
1520694796308,4.217072,4.178581,0.038490,0
1520694796318,4.195461,4.160194,0.035267,0
1520694796328,4.218941,4.184628,0.034313,0
1520694796338,4.191761,4.166832,0.024929,0
1520694796348,4.248600,4.225521,0.023079,0
1520694796358,4.199963,4.168758,0.031204,0
1520694796368,4.190845,4.161911,0.028934,0
1520694796378,4.194489,4.169102,0.025387,0
1520694796388,4.217167,4.180470,0.036697,0
1520694796398,4.266205,4.241009,0.025196,0
1520694796408,4.210529,4.179611,0.030918,1
1520694796418,4.196396,4.162617,0.033779,1
1520694796428,4.269123,4.239922,0.029202,1
1520694796438,4.193363,4.159470,0.033894,1
1520694796448,4.209709,4.175529,0.034180,1
1520694796458,4.196949,4.161835,0.035114,1
1520694796468,4.192104,4.159012,0.033092,1
1520694796478,4.281082,4.256287,0.024796,1
1520694796488,4.206085,4.181099,0.024986,1
1520694796498,4.197617,4.188118,0.009499,1
1520694796508,4.300041,4.272041,0.028000,0
1520694796519,4.209385,4.177704,0.031681,0
1520694796529,4.267807,4.242115,0.025692,0
1520694796539,4.204025,4.167595,0.036430,0
1520694796549,4.197197,4.162121,0.035076,0
1520694796559,4.205589,4.164295,0.041294,0
1520694796569,4.189453,4.163704,0.025749,0
1520694796579,4.287586,4.265671,0.021915,0
1520694796589,4.216919,4.185314,0.031605,0
1520694796599,4.239960,4.209499,0.030460,0
1520694796610,4.239864,4.213734,0.026131,1
1520694796620,4.212208,4.180431,0.031776,1
1520694796630,4.260063,4.237232,0.022831,1
1520694796640,4.207420,4.175491,0.031929,1
1520694796650,4.198494,4.166889,0.031605,1
1520694796660,4.216003,4.187889,0.028114,1
1520694796670,4.187069,4.160061,0.027008,1
1520694796680,4.286633,4.260921,0.025711,1
1520694796690,4.193897,4.161358,0.032539,1
1520694796700,4.246769,4.225082,0.021687,1
1520694796710,4.274292,4.250393,0.023899,0
1520694796720,4.194469,4.162769,0.031700,0
1520694796730,4.238453,4.210968,0.027485,0
1520694796740,4.197559,4.160862,0.036697,0
1520694796750,4.187851,4.156075,0.031776,0
1520694796760,4.225769,4.191494,0.034275,0
1520694796770,4.194221,4.159737,0.034485,0
1520694796780,4.281044,4.253883,0.027161,0
1520694796790,4.192963,4.164028,0.028934,0
1520694796800,4.211483,4.186134,0.025349,0
1520694796810,4.255581,4.229050,0.026531,1
1520694796820,4.194584,4.167118,0.027466,1
1520694796830,4.191952,4.163303,0.028648,1
1520694796841,4.200821,4.169636,0.031185,1
1520694796851,4.190521,4.163723,0.026798,1
1520694796861,4.222603,4.191399,0.031204,1
1520694796871,4.189472,4.165955,0.023518,1
1520694796881,4.273777,4.253635,0.020142,1
1520694796891,4.195080,4.166813,0.028267,1
1520694796901,4.192791,4.158440,0.034351,1
1520694796911,4.267864,4.255238,0.012627,0
1520694796921,4.198418,4.162998,0.035419,0
1520694796932,4.249058,4.222183,0.026875,0
1520694796942,4.194393,4.160690,0.033703,0
1520694796952,4.194145,4.162464,0.031681,0
1520694796962,4.195995,4.173260,0.022736,0
1520694796972,4.204178,4.164600,0.039577,0
1520694796982,4.259186,4.238605,0.020580,0
1520694796992,4.221077,4.195385,0.025692,0
1520694797002,4.230652,4.205704,0.024948,0
1520694797012,4.192657,4.160728,0.031929,1
1520694797023,4.219227,4.185295,0.033932,1
1520694797033,4.193325,4.164581,0.028744,1
1520694797043,4.243984,4.215431,0.028553,1
1520694797053,4.197941,4.171963,0.025978,1
1520694797063,4.288082,4.262867,0.025215,1
1520694797073,4.202099,4.171352,0.030746,1
1520694797083,4.187870,4.162540,0.025330,1
1520694797093,4.192028,4.163189,0.028839,1
1520694797103,4.285469,4.266586,0.018883,1
1520694797113,4.196281,4.165001,0.031281,0
1520694797123,4.193764,4.166470,0.027294,0
1520694797133,4.206486,4.173164,0.033321,0
1520694797143,4.196911,4.168243,0.028667,0
1520694797153,4.224072,4.188614,0.035458,0
1520694797163,4.188271,4.161663,0.026608,0
1520694797173,4.255257,4.238434,0.016823,0
1520694797183,4.191856,4.159546,0.032310,0
1520694797193,4.197006,4.162540,0.034466,0
1520694797204,4.290218,4.274368,0.015850,0
1520694797214,4.197445,4.168453,0.028992,1
1520694797224,4.191742,4.160175,0.031567,1
1520694797234,4.200115,4.168301,0.031815,1
1520694797244,4.190273,4.159069,0.031204,1
1520694797254,4.282913,4.261379,0.021534,1
1520694797264,4.202328,4.171906,0.030422,1
1520694797274,4.282150,4.270840,0.011311,1
1520694797284,4.199562,4.180679,0.018883,1
1520694797295,4.201813,4.169750,0.032063,1
1520694797305,4.286537,4.274998,0.011539,1
1520694797315,4.191532,4.164486,0.027046,0
1520694797325,4.255943,4.234562,0.021381,0
1520694797335,4.191284,4.164124,0.027161,0
1520694797345,4.294186,4.289532,0.004654,0
1520694797355,4.188919,4.159298,0.029621,0
1520694797365,4.191341,4.166889,0.024452,0
1520694797375,4.193058,4.164257,0.028801,0
1520694797385,4.268112,4.244404,0.023708,0
1520694797395,4.207268,4.182053,0.025215,0
1520694797405,4.210510,4.182720,0.027790,0
1520694797415,4.192448,4.159851,0.032597,1
1520694797425,4.202518,4.171219,0.031300,1
1520694797435,4.196396,4.167538,0.028858,1
1520694797445,4.282455,4.256516,0.025940,1
1520694797455,4.196529,4.167976,0.028553,1
1520694797465,4.263000,4.236622,0.026379,1
1520694797475,4.203587,4.192600,0.010986,1
1520694797485,4.199562,4.158745,0.040817,1
1520694797495,4.244576,4.214325,0.030251,1
1520694797505,4.219360,4.188175,0.031185,1
1520694797515,4.191284,4.157848,0.033436,0
1520694797526,4.212704,4.180737,0.031967,0
1520694797536,4.195747,4.165421,0.030327,0
1520694797546,4.243793,4.211025,0.032768,0
1520694797556,4.191189,4.166489,0.024700,0
1520694797566,4.283981,4.251976,0.032005,0
1520694797576,4.248276,4.204216,0.044060,0
1520694797586,4.192142,4.161968,0.030174,0
1520694797596,4.207783,4.177971,0.029812,0
1520694797606,4.218864,4.183140,0.035725,1
1520694797617,4.194088,4.164333,0.029755,1
1520694797627,4.195805,4.169674,0.026131,1
1520694797637,4.191017,4.162197,0.028820,1
1520694797647,4.209061,4.176826,0.032234,1
1520694797657,4.211140,4.174881,0.036259,1
1520694797667,4.201679,4.170551,0.031128,1
1520694797677,4.201641,4.172153,0.029488,1
1520694797687,4.200001,4.172935,0.027065,1
1520694797697,4.210930,4.183121,0.027809,1
1520694797707,4.207249,4.198322,0.008926,0
1520694797717,4.211464,4.179287,0.032177,0
1520694797727,4.232140,4.206772,0.025368,0
1520694797737,4.209309,4.172230,0.037079,0
1520694797747,4.284325,4.262886,0.021439,0
1520694797758,4.206333,4.172516,0.033817,0
1520694797768,4.234638,4.193668,0.040970,0
1520694797778,4.201584,4.170589,0.030994,0
1520694797788,4.195824,4.183388,0.012436,0
1520694797798,4.205761,4.176006,0.029755,0
1520694797808,4.258175,4.217529,0.040646,1
1520694797818,4.192333,4.161797,0.030537,1
1520694797828,4.256229,4.234638,0.021591,1
1520694797838,4.230556,4.186478,0.044079,1
1520694797849,4.275188,4.246292,0.028896,1
1520694797859,4.206905,4.189968,0.016937,1
1520694797869,4.210052,4.192944,0.017109,1
1520694797879,4.214401,4.177170,0.037231,1
1520694797889,4.202099,4.171715,0.030384,1
1520694797899,4.285831,4.264336,0.021496,1
1520694797909,4.193783,4.170589,0.023193,0
1520694797919,4.189301,4.166374,0.022926,0
1520694797929,4.203491,4.172955,0.030537,0
1520694797939,4.218788,4.207592,0.011196,0
1520694797949,4.254875,4.228287,0.026588,0
1520694797959,4.190502,4.160728,0.029774,0
1520694797969,4.191418,4.161568,0.029850,0
1520694797979,4.195328,4.162655,0.032673,0
1520694797989,4.194279,4.162483,0.031796,0
1520694797999,4.278965,4.251328,0.027637,0
1520694798009,4.273453,4.252205,0.021248,1
1520694798019,4.187489,4.164867,0.022621,1
1520694798030,4.193020,4.162922,0.030098,1
1520694798040,4.218655,4.178219,0.040436,1
1520694798050,4.196663,4.167671,0.028992,1
1520694798060,4.221306,4.178104,0.043201,1
1520694798070,4.199047,4.167614,0.031433,1
1520694798080,4.281845,4.248066,0.033779,1
1520694798090,4.197178,4.159470,0.037708,1
1520694798100,4.198284,4.165306,0.032978,1
1520694798110,4.187870,4.163513,0.024357,0
1520694798121,4.231110,4.198341,0.032768,0
1520694798131,4.193020,4.168549,0.024471,0
1520694798141,4.278183,4.255276,0.022907,0
1520694798151,4.196815,4.162006,0.034809,0
1520694798161,4.264393,4.247055,0.017338,0
1520694798171,4.195671,4.161091,0.034580,0
1520694798181,4.194603,4.165363,0.029240,0
1520694798191,4.212379,4.186172,0.026207,0
1520694798201,4.190903,4.161472,0.029430,0
1520694798211,4.225597,4.206276,0.019321,1
1520694798221,4.292545,4.270058,0.022488,1
1520694798231,4.194183,4.161873,0.032310,1
1520694798241,4.271317,4.243450,0.027866,1
1520694798251,4.193363,4.157505,0.035858,1
1520694798261,4.192657,4.159908,0.032749,1
1520694798271,4.197254,4.166965,0.030289,1
1520694798281,4.187984,4.162140,0.025845,1
1520694798291,4.220238,4.187107,0.033131,1
1520694798301,4.189987,4.165306,0.024681,1
1520694798311,4.190693,4.156227,0.034466,0
1520694798321,4.279366,4.255161,0.024204,0
1520694798331,4.193478,4.158230,0.035248,0
1520694798341,4.260864,4.238205,0.022659,0
1520694798352,4.207497,4.173565,0.033932,0
1520694798362,4.213581,4.188919,0.024662,0
1520694798372,4.203682,4.171181,0.032501,0
1520694798382,4.195766,4.170246,0.025520,0
1520694798392,4.223328,4.177399,0.045929,0
1520694798402,4.188881,4.164848,0.024033,0
1520694798412,4.196491,4.191399,0.005093,1
1520694798422,4.214020,4.192524,0.021496,1
1520694798432,4.196243,4.161701,0.034542,1
1520694798443,4.294834,4.240494,0.054340,1
1520694798453,4.194260,4.167747,0.026512,1
1520694798463,4.276237,4.243965,0.032272,1
1520694798473,4.195404,4.161720,0.033684,1
1520694798483,4.193954,4.176311,0.017643,1
1520694798493,4.212914,4.178123,0.034790,1
1520694798503,4.195080,4.159985,0.035095,1
1520694798513,4.192390,4.166355,0.026035,0
1520694798523,4.195805,4.165249,0.030556,0
1520694798534,4.195995,4.165058,0.030937,0
1520694798544,4.218826,4.190826,0.028000,0
1520694798554,4.194603,4.176941,0.017662,0
1520694798564,4.255543,4.228058,0.027485,0
1520694798574,4.193687,4.173717,0.019970,0
1520694798584,4.195385,4.167175,0.028210,0
1520694798594,4.203968,4.176903,0.027065,0
1520694798604,4.191322,4.169521,0.021801,0
1520694798614,4.225941,4.195938,0.030003,1
1520694798624,4.191608,4.168797,0.022812,1
1520694798634,4.189968,4.173813,0.016155,1
1520694798644,4.250870,4.228764,0.022106,1
1520694798654,4.190273,4.159126,0.031147,1
1520694798664,4.273968,4.249763,0.024204,1
1520694798675,4.191875,4.163837,0.028038,1
1520694798685,4.188290,4.162331,0.025959,1
1520694798695,4.195995,4.168186,0.027809,1
1520694798705,4.282417,4.258480,0.023937,1
1520694798715,4.205761,4.194832,0.010929,0
1520694798725,4.218082,4.181118,0.036964,0
1520694798735,4.192505,4.162331,0.030174,0
1520694798745,4.262123,4.228153,0.033970,0
1520694798755,4.191990,4.158783,0.033207,0
1520694798766,4.274426,4.250450,0.023975,0
1520694798776,4.201450,4.169140,0.032310,0
1520694798786,4.237614,4.216404,0.021210,0
1520694798796,4.195309,4.172039,0.023270,0
1520694798806,4.226418,4.192314,0.034103,0
1520694798816,4.217682,4.183426,0.034256,1
1520694798826,4.200230,4.165802,0.034428,1
1520694798836,4.195862,4.167442,0.028419,1
1520694798846,4.248352,4.227047,0.021305,1
1520694798857,4.200668,4.174595,0.026073,1
1520694798867,4.275799,4.251137,0.024662,1
1520694798877,4.196606,4.163208,0.033398,1
1520694798887,4.248829,4.218540,0.030289,1
1520694798897,4.192429,4.162064,0.030365,1
1520694798907,4.229031,4.202213,0.026817,1
1520694798917,4.199028,4.176502,0.022526,0
1520694798927,4.199963,4.173546,0.026417,0
1520694798937,4.198170,4.176788,0.021381,0
1520694798948,4.229240,4.192371,0.036869,0
1520694798958,4.192982,4.163799,0.029182,0
1520694798968,4.285412,4.237385,0.048027,0
1520694798978,4.209061,4.179897,0.029163,0
1520694798988,4.242134,4.225025,0.017109,0
1520694798998,4.247341,4.201984,0.045357,0
1520694799008,4.226665,4.197483,0.029182,1
1520694799018,4.200096,4.190960,0.009136,1
1520694799028,4.277210,4.252510,0.024700,1
1520694799039,4.223957,4.184361,0.039597,1
1520694799049,4.234219,4.201603,0.032616,1
1520694799059,4.225769,4.191189,0.034580,1
1520694799069,4.203911,4.176426,0.027485,1
1520694799079,4.207191,4.179268,0.027924,1
1520694799089,4.199371,4.172440,0.026932,1
1520694799099,4.281788,4.257812,0.023975,1
1520694799109,4.252510,4.229069,0.023441,0
1520694799119,4.198990,4.166965,0.032024,0
1520694799129,4.197598,4.163246,0.034351,0
1520694799139,4.286251,4.257812,0.028439,0
1520694799149,4.199085,4.167500,0.031586,0
1520694799159,4.278450,4.253349,0.025101,0
1520694799169,4.198914,4.172192,0.026722,0
1520694799179,4.261017,4.209347,0.051670,0
1520694799189,4.205627,4.179573,0.026054,0
1520694799199,4.199562,4.171124,0.028439,0
1520694799209,4.225330,4.202099,0.023232,1
1520694799219,4.206142,4.203358,0.002785,1
1520694799229,4.194756,4.170246,0.024509,1
1520694799239,4.282341,4.265442,0.016899,1
1520694799249,4.189644,4.157314,0.032330,1
1520694799259,4.271297,4.242210,0.029087,1
1520694799270,4.187393,4.157600,0.029793,1
1520694799280,4.203129,4.163532,0.039597,1
1520694799290,4.188900,4.164314,0.024586,1
1520694799300,4.194183,4.169903,0.024281,1
1520694799310,4.273567,4.250278,0.023289,0
1520694799320,4.207478,4.196987,0.010490,0
1520694799330,4.192848,4.160995,0.031853,0
1520694799340,4.211674,4.185410,0.026264,0
1520694799350,4.192543,4.164581,0.027962,0
1520694799361,4.259052,4.224014,0.035038,0
1520694799371,4.189262,4.167824,0.021439,0
1520694799381,4.260254,4.238262,0.021992,0
1520694799391,4.197407,4.162064,0.035343,0
1520694799401,4.193039,4.170341,0.022697,0
1520694799411,4.266319,4.243393,0.022926,1
1520694799421,4.204121,4.168816,0.035305,1
1520694799431,4.192219,4.162521,0.029697,1
1520694799441,4.209919,4.179688,0.030231,1
1520694799451,4.228840,4.196987,0.031853,1
1520694799461,4.271564,4.247379,0.024185,1
1520694799471,4.208050,4.174290,0.033760,1
1520694799481,4.198055,4.171467,0.026588,1
1520694799491,4.245853,4.212227,0.033627,1
1520694799501,4.196472,4.170399,0.026073,1
1520694799511,4.188900,4.176998,0.011902,0
1520694799521,4.274960,4.259911,0.015049,0
1520694799531,4.197750,4.162407,0.035343,0
1520694799541,4.234180,4.209538,0.024643,0
1520694799551,4.208679,4.176998,0.031681,0
1520694799561,4.196949,4.167938,0.029011,0
1520694799571,4.219608,4.198265,0.021343,0
1520694799581,4.202366,4.170551,0.031815,0
1520694799592,4.283943,4.256001,0.027943,0
1520694799602,4.197407,4.159584,0.037823,0
1520694799612,4.195843,4.176598,0.019245,1
1520694799622,4.227428,4.196281,0.031147,1
1520694799632,4.193287,4.162903,0.030384,1
1520694799642,4.228306,4.203358,0.024948,1
1520694799652,4.235210,4.198265,0.036945,1
1520694799662,4.203911,4.167957,0.035954,1
1520694799672,4.287338,4.264507,0.022831,1
1520694799683,4.189186,4.162922,0.026264,1
1520694799693,4.270973,4.244156,0.026817,1
1520694799703,4.201508,4.170742,0.030766,1
1520694799713,4.198742,4.169102,0.029640,0
1520694799723,4.266548,4.243641,0.022907,0
1520694799733,4.205704,4.175282,0.030422,0
1520694799743,4.189625,4.159145,0.030479,0
1520694799753,4.207420,4.172955,0.034466,0
1520694799763,4.190998,4.162617,0.028381,0
1520694799774,4.229031,4.196472,0.032558,0
1520694799784,4.203835,4.171619,0.032215,0
1520694799794,4.278088,4.252644,0.025444,0
1520694799804,4.207859,4.176579,0.031281,0
1520694799814,4.198055,4.161587,0.036469,1
1520694799824,4.268417,4.241505,0.026913,1
1520694799834,4.254894,4.219189,0.035706,1
1520694799844,4.191360,4.169807,0.021553,1
1520694799854,4.200401,4.169941,0.030460,1
1520694799864,4.198055,4.159508,0.038548,1
1520694799874,4.275608,4.252625,0.022984,1
1520694799884,4.195366,4.172039,0.023327,1
1520694799894,4.250908,4.220581,0.030327,1
1520694799904,4.193077,4.164734,0.028343,1
1520694799914,4.193687,4.169312,0.024376,0
1520694799924,4.202938,4.196396,0.006542,0
1520694799934,4.201717,4.176941,0.024776,0
1520694799944,4.191837,4.160175,0.031662,0
1520694799955,4.197273,4.170208,0.027065,0
1520694799965,4.192619,4.166298,0.026321,0
1520694799975,4.208736,4.202118,0.006618,0
1520694799985,4.187737,4.167252,0.020485,0
1520694799995,4.283371,4.255371,0.028000,0
1520694800005,4.198322,4.169331,0.028992,0
1520694800015,4.198647,4.172707,0.025940,1
1520694800025,4.254684,4.240665,0.014019,1
1520694800035,4.292412,4.263897,0.028515,1
1520694800045,4.203911,4.173069,0.030842,1
1520694800055,4.212513,4.178505,0.034008,1
1520694800065,4.208317,4.180717,0.027599,1
1520694800075,4.211292,4.204102,0.007191,1
1520694800085,4.232578,4.198093,0.034485,1
1520694800096,4.214516,4.181709,0.032806,1
1520694800106,4.285736,4.261627,0.024109,1
1520694800116,4.278946,4.255428,0.023518,0
1520694800126,4.209652,4.174938,0.034714,0
1520694800136,4.202557,4.171619,0.030937,0
1520694800146,4.226856,4.195976,0.030880,0
1520694800156,4.200668,4.173527,0.027142,0
1520694800166,4.296799,4.272003,0.024796,0
1520694800176,4.199009,4.169788,0.029221,0
1520694800187,4.286518,4.258099,0.028419,0
1520694800197,4.236546,4.215488,0.021057,0
1520694800207,4.280357,4.267235,0.013123,0
1520694800217,4.285049,4.259872,0.025177,1
1520694800227,4.201260,4.184151,0.017109,1
1520694800237,4.197445,4.169140,0.028305,1
1520694800247,4.209366,4.169159,0.040207,1
1520694800257,4.191647,4.167442,0.024204,1
1520694800267,4.206047,4.174042,0.032005,1
1520694800278,4.201431,4.165783,0.035648,1
1520694800288,4.289513,4.263535,0.025978,1
1520694800298,4.195385,4.159431,0.035954,1
1520694800308,4.255142,4.233360,0.021782,1
1520694800318,4.218216,4.183750,0.034466,0
1520694800328,4.218197,4.179401,0.038795,0
1520694800338,4.240227,4.211159,0.029068,0
1520694800348,4.193687,4.161587,0.032101,0
1520694800358,4.188461,4.165668,0.022793,0
1520694800368,4.192085,4.160786,0.031300,0
1520694800378,4.188824,4.157867,0.030956,0
1520694800388,4.274406,4.252682,0.021725,0
1520694800398,4.189205,4.156151,0.033054,0
1520694800408,4.216862,4.183006,0.033855,0
1520694800419,4.219093,4.187832,0.031261,1
1520694800429,4.191265,4.163361,0.027905,1
1520694800439,4.282341,4.251461,0.030880,1
1520694800449,4.192791,4.159126,0.033665,1
1520694800459,4.270592,4.253674,0.016918,1
1520694800469,4.195747,4.162636,0.033112,1
1520694800479,4.190140,4.166985,0.023155,1
1520694800489,4.206257,4.197769,0.008488,1
1520694800499,4.190464,4.163246,0.027218,1
1520694800510,4.258919,4.226971,0.031948,0
1520694800520,4.238415,4.205914,0.032501,0
1520694800530,4.188328,4.165173,0.023155,0
1520694800540,4.282303,4.256496,0.025806,0
1520694800550,4.191418,4.161949,0.029469,0
1520694800560,4.199562,4.175701,0.023861,0
1520694800570,4.201641,4.169979,0.031662,0
1520694800580,4.196606,4.175930,0.020676,0
1520694800590,4.208279,4.179668,0.028610,0
1520694800601,4.194794,4.160614,0.034180,0
1520694800611,4.251404,4.226818,0.024586,1
1520694800621,4.194412,4.169750,0.024662,1
1520694800631,4.191780,4.160271,0.031509,1
1520694800641,4.210281,4.183693,0.026588,1
1520694800651,4.192886,4.161091,0.031796,1
1520694800661,4.241371,4.225178,0.016193,1
1520694800671,4.194717,4.163380,0.031338,1
1520694800681,4.199715,4.159698,0.040016,1
1520694800691,4.237671,4.208069,0.029602,1
1520694800701,4.193268,4.164467,0.028801,1
1520694800711,4.192047,4.160690,0.031357,0
1520694800721,4.207592,4.177113,0.030479,0
1520694800731,4.189053,4.166412,0.022640,0
1520694800741,4.197407,4.162960,0.034447,0
1520694800751,4.198875,4.163971,0.034904,0
1520694800761,4.194660,4.165096,0.029564,0
1520694800771,4.195518,4.170704,0.024815,0
1520694800781,4.190788,4.161682,0.029106,0
1520694800791,4.257412,4.240341,0.017071,0
1520694800801,4.195919,4.164543,0.031376,0
1520694800811,4.190750,4.157581,0.033169,1
1520694800821,4.284172,4.249859,0.034313,1
1520694800832,4.215946,4.180069,0.035877,1
1520694800842,4.189663,4.164371,0.025291,1
1520694800852,4.206944,4.182606,0.024338,1
1520694800862,4.191418,4.160957,0.030460,1
1520694800872,4.230938,4.198093,0.032845,1
1520694800882,4.190521,4.160252,0.030270,1
1520694800892,4.221878,4.193230,0.028648,1
1520694800902,4.195080,4.171238,0.023842,1
1520694800912,4.199314,4.169807,0.029507,0
1520694800922,4.194317,4.161739,0.032578,0
1520694800932,4.204693,4.178200,0.026493,0
1520694800942,4.189930,4.164219,0.025711,0
1520694800952,4.240246,4.206142,0.034103,0
1520694800962,4.188290,4.167233,0.021057,0
1520694800972,4.244614,4.221249,0.023365,0
1520694800982,4.192619,4.162350,0.030270,0
1520694800992,4.198246,4.166145,0.032101,0
1520694801002,4.201813,4.167347,0.034466,0
1520694801013,4.459457,4.454765,0.004692,1
1520694801023,4.518337,4.510231,0.008106,1
1520694801033,4.506607,4.500771,0.005836,1
1520694801043,4.516239,4.509354,0.006886,1
1520694801053,4.526615,4.514637,0.011978,1
1520694801063,4.498692,4.488068,0.010624,1
1520694801073,4.474926,4.467163,0.007763,1
1520694801083,4.351845,4.330254,0.021591,1
1520694801093,4.409599,4.414711,-0.005112,1
1520694801104,4.363213,4.341736,0.021477,1
1520694801114,4.396000,4.369202,0.026798,0
1520694801124,4.389763,4.366684,0.023079,0
1520694801134,4.428749,4.408989,0.019760,0
1520694801144,4.361382,4.321861,0.039520,0
1520694801154,4.493427,4.493217,0.000210,0
1520694801164,4.507179,4.499168,0.008011,0
1520694801174,4.496307,4.491539,0.004768,0
1520694801184,4.482746,4.468651,0.014095,0
1520694801195,4.478855,4.466324,0.012531,0
1520694801205,4.454384,4.446182,0.008202,0
1520694801215,4.454517,4.445076,0.009441,1
1520694801225,4.330387,4.303722,0.026665,1
1520694801235,4.279633,4.252434,0.027199,1
1520694801245,4.499798,4.492874,0.006924,1
1520694801255,4.530506,4.516315,0.014191,1
1520694801265,4.519196,4.518661,0.000534,1
1520694801275,4.521275,4.510460,0.010815,1
1520694801285,4.516430,4.509010,0.007420,1
1520694801295,4.521294,4.509335,0.011959,1
1520694801305,4.528637,4.515381,0.013256,1
1520694801315,4.319973,4.297047,0.022926,1
1520694801325,4.516335,4.511967,0.004368,1
1520694801336,4.529247,4.520321,0.008926,1
1520694801346,4.520950,4.513016,0.007935,1
1520694801356,4.521484,4.509850,0.011635,1
1520694801366,4.518642,4.516945,0.001698,1
1520694801376,4.523830,4.510708,0.013123,1
1520694801386,4.513683,4.505405,0.008278,1
1520694801396,4.527035,4.520931,0.006104,1
1520694801406,4.529667,4.517174,0.012493,1
1520694801416,4.476814,4.473400,0.003414,1
1520694801427,4.527798,4.517021,0.010777,1
1520694801437,4.520321,4.517326,0.002995,1
1520694801447,4.525795,4.511337,0.014458,1
1520694801457,4.515610,4.505558,0.010052,1
1520694801467,4.520187,4.508152,0.012035,1
1520694801477,4.518509,4.505787,0.012722,1
1520694801487,4.513550,4.503803,0.009747,1
1520694801497,4.517422,4.509983,0.007439,1
1520694801507,4.516830,4.505920,0.010910,1
1520694801518,4.514675,4.514179,0.000496,1
1520694801528,4.407158,4.381523,0.025635,1
1520694801538,4.521065,4.511757,0.009308,1
1520694801548,4.522991,4.518433,0.004559,1
1520694801558,4.518166,4.512367,0.005798,1
1520694801568,4.519234,4.509964,0.009270,1
1520694801578,4.520626,4.509220,0.011406,1
1520694801588,4.520340,4.515839,0.004501,1
1520694801598,4.518147,4.515648,0.002499,1
1520694801608,4.519711,4.512081,0.007629,1
1520694801618,4.523678,4.512997,0.010681,1
1520694801628,4.520454,4.510193,0.010262,1
1520694801638,4.523220,4.510193,0.013027,1
1520694801648,4.519596,4.514751,0.004845,1
1520694801659,4.520588,4.511356,0.009232,1
1520694801669,4.520016,4.514351,0.005665,1
1520694801679,4.519958,4.511585,0.008373,1
1520694801689,4.518204,4.511547,0.006657,1
1520694801699,4.520493,4.519863,0.000629,1
1520694801709,4.520702,4.510345,0.010357,1
1520694801719,4.522038,4.511127,0.010910,1
1520694801729,4.516392,4.516029,0.000362,1
1520694801739,4.525890,4.517803,0.008087,1
1520694801750,4.514675,4.505253,0.009422,1
1520694801760,4.526234,4.515247,0.010986,1
1520694801770,4.523659,4.519482,0.004177,1
1520694801780,4.520130,4.509602,0.010529,1
1520694801790,4.522552,4.515877,0.006676,1
1520694801800,4.415607,4.397297,0.018311,1
1520694801810,4.529343,4.511929,0.017414,1
1520694801820,4.525394,4.516411,0.008984,1
1520694801830,4.526520,4.517632,0.008888,1
1520694801840,4.525146,4.514141,0.011005,1
1520694801850,4.527111,4.519119,0.007992,1
1520694801860,4.527531,4.519997,0.007534,1
1520694801870,4.523735,4.510269,0.013466,1
1520694801880,4.520950,4.515553,0.005398,1
1520694801890,4.522457,4.511490,0.010967,1
