1520694869514,4.522190,4.513321,0.008869,1
1520694869525,4.526272,4.509068,0.017204,1
1520694869535,4.388981,4.363174,0.025806,1
1520694869545,4.526863,4.512653,0.014210,1
1520694869555,4.520702,4.513340,0.007362,1
1520694869565,4.523296,4.512138,0.011158,1
1520694869575,4.526176,4.514942,0.011234,1
1520694869585,4.528866,4.513798,0.015068,1
1520694869595,4.382801,4.360924,0.021877,1
1520694869605,4.526443,4.511852,0.014591,1
1520694869616,4.525490,4.512291,0.013199,1
1520694869626,4.521008,4.516582,0.004425,1
1520694869636,4.488506,4.483719,0.004787,1
1520694869646,4.527760,4.513226,0.014534,1
1520694869656,4.519787,4.510365,0.009422,1
1520694869666,4.519482,4.511013,0.008469,1
1520694869676,4.517517,4.510784,0.006733,1
1520694869686,4.521351,4.508877,0.012474,1
1520694869696,4.515972,4.515324,0.000648,1
1520694869707,4.523029,4.506454,0.016575,1
1520694869717,4.520149,4.508343,0.011806,1
1520694869727,4.419079,4.391422,0.027657,1
1520694869737,4.516315,4.508629,0.007687,1
1520694869747,4.522018,4.513245,0.008774,1
1520694869757,4.523964,4.512062,0.011902,1
1520694869767,4.522858,4.512596,0.010262,1
1520694869777,4.520664,4.516792,0.003872,1
1520694869787,4.523544,4.515667,0.007877,1
1520694869797,4.525223,4.511395,0.013828,1
1520694869807,4.524632,4.511051,0.013580,1
1520694869817,4.522743,4.512711,0.010033,1
1520694869827,4.525909,4.513302,0.012608,1
1520694869837,4.511795,4.510422,0.001373,1
1520694869847,4.523144,4.511147,0.011997,1
1520694869857,4.525414,4.510193,0.015221,1
1520694869867,4.524994,4.513912,0.011082,1
1520694869877,4.521122,4.516144,0.004978,1
1520694869887,4.521523,4.513588,0.007935,1
1520694869897,4.524250,4.511547,0.012703,1
1520694869907,4.525032,4.515953,0.009079,1
1520694869917,4.525223,4.516144,0.009079,1
1520694869927,4.518929,4.512138,0.006790,1
1520694869938,4.508495,4.493637,0.014858,1
1520694869948,4.520531,4.511566,0.008965,1
1520694869958,4.519920,4.511662,0.008259,1
1520694869968,4.518700,4.509449,0.009251,1
1520694869978,4.518719,4.517479,0.001240,1
1520694869988,4.519939,4.508114,0.011826,1
1520694869998,4.524384,4.509583,0.014801,1
1520694870008,4.522800,4.513073,0.009727,1
1520694870018,4.522514,4.514275,0.008240,1
1520694870029,4.518585,4.509258,0.009327,1
1520694870039,4.518509,4.513855,0.004654,1
1520694870049,4.526596,4.511452,0.015144,1
1520694870059,4.523621,4.514160,0.009460,1
1520694870069,4.522743,4.515247,0.007496,1
1520694870079,4.525547,4.515343,0.010204,1
1520694870089,4.345360,4.324017,0.021343,1
1520694870099,4.292564,4.269886,0.022678,1
1520694870109,4.302769,4.291172,0.011597,1
1520694870119,4.255829,4.212589,0.043240,1
1520694870129,4.304447,4.282112,0.022335,1
1520694870139,4.316330,4.298954,0.017376,1
1520694870149,4.311886,4.277420,0.034466,1
1520694870159,4.303513,4.271507,0.032005,0
1520694870169,4.294415,4.268246,0.026169,0
1520694870179,4.299488,4.283237,0.016251,0
1520694870189,4.283333,4.256763,0.026569,0
1520694870199,4.273567,4.247189,0.026379,0
1520694870209,4.293785,4.268456,0.025330,0
1520694870219,4.277630,4.258404,0.019226,0
1520694870229,4.314880,4.293346,0.021534,0
1520694870239,4.322643,4.298763,0.023880,0
1520694870249,4.321270,4.295292,0.025978,0
1520694870260,4.267788,4.229755,0.038033,1
1520694870270,4.298763,4.273758,0.025005,1
1520694870280,4.288750,4.266701,0.022049,1
1520694870290,4.290943,4.262314,0.028629,1
1520694870300,4.320087,4.303322,0.016766,1
1520694870310,4.275379,4.257946,0.017433,1
1520694870320,4.307117,4.277267,0.029850,1
1520694870330,4.295521,4.272442,0.023079,1
1520694870340,4.268131,4.247246,0.020885,1
1520694870351,4.196548,4.174023,0.022526,1
1520694870361,4.282417,4.262657,0.019760,0
1520694870371,4.208965,4.182739,0.026226,0
1520694870381,4.283295,4.260845,0.022449,0
1520694870391,4.209652,4.179459,0.030193,0
1520694870401,4.233856,4.217491,0.016365,0
1520694870411,4.220390,4.185753,0.034637,0
1520694870421,4.273930,4.248619,0.025311,0
1520694870431,4.202976,4.173889,0.029087,0
1520694870442,4.272175,4.246216,0.025959,0
1520694870452,4.276085,4.243908,0.032177,0
1520694870462,4.202919,4.170284,0.032635,1
1520694870472,4.205608,4.176731,0.028877,1
1520694870483,4.202385,4.177723,0.024662,1
1520694870493,4.201927,4.172726,0.029202,1
1520694870503,4.216232,4.181900,0.034332,1
1520694870513,4.231911,4.214287,0.017624,1
1520694870523,4.205570,4.171505,0.034065,1
1520694870533,4.193859,4.176369,0.017490,1
1520694870543,4.225979,4.189453,0.036526,1
1520694870553,4.205952,4.178429,0.027523,1
1520694870563,4.285927,4.264679,0.021248,0
1520694870573,4.199810,4.172535,0.027275,0
1520694870583,4.217148,4.200249,0.016899,0
1520694870593,4.221344,4.183712,0.037632,0
1520694870603,4.212990,4.183140,0.029850,0
1520694870613,4.206085,4.169960,0.036125,0
1520694870624,4.198074,4.165993,0.032082,0
1520694870634,4.199295,4.173183,0.026112,0
1520694870644,4.199085,4.170837,0.028248,0
1520694870654,4.200630,4.177551,0.023079,0
1520694870664,4.208927,4.171276,0.037651,1
1520694870674,4.214878,4.200020,0.014858,1
1520694870684,4.205418,4.166279,0.039139,1
1520694870694,4.258499,4.235020,0.023479,1
1520694870704,4.200459,4.168510,0.031948,1
1520694870715,4.267521,4.242363,0.025158,1
1520694870725,4.197903,4.167995,0.029907,1
1520694870735,4.276810,4.250565,0.026245,1
1520694870745,4.200993,4.163666,0.037327,1
1520694870755,4.294510,4.257374,0.037136,1
1520694870765,4.283104,4.255676,0.027428,0
1520694870775,4.249210,4.213848,0.035362,0
1520694870785,4.284782,4.253845,0.030937,0
1520694870795,4.198608,4.168701,0.029907,0
1520694870806,4.277763,4.257946,0.019817,0
1520694870816,4.195156,4.166374,0.028782,0
1520694870826,4.269600,4.230118,0.039482,0
1520694870836,4.196377,4.168949,0.027428,0
1520694870846,4.291744,4.268608,0.023136,0
1520694870856,4.298248,4.267807,0.030441,0
1520694870866,4.199238,4.170361,0.028877,1
1520694870876,4.240456,4.202194,0.038261,1
1520694870886,4.204407,4.169617,0.034790,1
1520694870896,4.227982,4.191914,0.036068,1
1520694870906,4.194298,4.169483,0.024815,1
1520694870916,4.289875,4.264107,0.025768,1
1520694870926,4.201565,4.164562,0.037003,1
1520694870936,4.286213,4.259033,0.027180,1
1520694870946,4.197311,4.167500,0.029812,1
1520694870956,4.287624,4.245548,0.042076,1
1520694870966,4.296722,4.265900,0.030823,0
1520694870976,4.198456,4.166241,0.032215,0
1520694870986,4.247799,4.221363,0.026436,0
1520694870996,4.199905,4.166756,0.033150,0
1520694871006,4.271450,4.252014,0.019436,0
1520694871016,4.196548,4.165020,0.031528,0
1520694871026,4.276352,4.246941,0.029411,0
1520694871037,4.191380,4.165154,0.026226,0
1520694871047,4.283829,4.258060,0.025768,0
1520694871057,4.215775,4.183655,0.032120,0
1520694871067,4.204216,4.177113,0.027103,1
1520694871077,4.204273,4.184551,0.019722,1
1520694871087,4.198341,4.163532,0.034809,1
1520694871097,4.280186,4.272232,0.007954,1
1520694871107,4.202423,4.177437,0.024986,1
1520694871117,4.251499,4.215717,0.035782,1
1520694871128,4.200897,4.173679,0.027218,1
1520694871138,4.231281,4.205036,0.026245,1
1520694871148,4.199066,4.167957,0.031109,1
1520694871158,4.201794,4.178143,0.023651,0
1520694871168,4.199295,4.170971,0.028324,0
1520694871178,4.194126,4.164200,0.029926,0
1520694871188,4.220619,4.189129,0.031490,0
1520694871198,4.196167,4.166336,0.029831,0
1520694871208,4.213924,4.183235,0.030689,0
1520694871218,4.199867,4.167099,0.032768,0
1520694871228,4.278526,4.243927,0.034599,0
1520694871238,4.195824,4.165230,0.030594,0
1520694871248,4.293194,4.243813,0.049381,0
1520694871258,4.198685,4.170189,0.028496,1
1520694871269,4.196281,4.167442,0.028839,1
1520694871279,4.226112,4.186897,0.039215,1
1520694871289,4.194832,4.167213,0.027618,1
1520694871299,4.208794,4.173908,0.034885,1
1520694871309,4.199066,4.169827,0.029240,1
1520694871319,4.211693,4.180489,0.031204,1
1520694871329,4.199848,4.171982,0.027866,1
1520694871339,4.209080,4.180908,0.028172,1
1520694871349,4.199467,4.167728,0.031738,1
1520694871360,4.278564,4.253025,0.025539,0
1520694871370,4.200554,4.165688,0.034866,0
1520694871380,4.222755,4.197235,0.025520,0
1520694871390,4.196949,4.168434,0.028515,0
1520694871400,4.212303,4.197063,0.015240,0
1520694871410,4.240417,4.203033,0.037384,0
1520694871420,4.208908,4.170303,0.038605,0
1520694871430,4.229507,4.194679,0.034828,0
1520694871440,4.201908,4.167576,0.034332,0
1520694871450,4.300976,4.277973,0.023003,0
1520694871460,4.227104,4.191666,0.035439,1
1520694871470,4.238014,4.206524,0.031490,1
1520694871480,4.215298,4.185143,0.030155,1
1520694871490,4.289265,4.261112,0.028152,1
1520694871500,4.198742,4.169712,0.029030,1
1520694871510,4.261589,4.233036,0.028553,1
1520694871520,4.196968,4.170971,0.025997,1
1520694871530,4.272137,4.246597,0.025539,1
1520694871541,4.202805,4.185009,0.017796,1
1520694871551,4.272614,4.248753,0.023861,1
1520694871561,4.215317,4.185963,0.029354,0
1520694871571,4.199753,4.168682,0.031071,0
1520694871581,4.225101,4.214287,0.010815,0
1520694871591,4.201984,4.185867,0.016117,0
1520694871601,4.288063,4.253750,0.034313,0
1520694871611,4.198265,4.176197,0.022068,0
1520694871621,4.281845,4.256744,0.025101,0
1520694871632,4.207954,4.172630,0.035324,0
1520694871642,4.292603,4.264450,0.028152,0
1520694871652,4.200897,4.172878,0.028019,0
1520694871662,4.195652,4.162216,0.033436,1
1520694871672,4.199677,4.185200,0.014477,1
1520694871682,4.203587,4.167595,0.035992,1
1520694871692,4.238167,4.231701,0.006466,1
1520694871702,4.195671,4.167194,0.028477,1
1520694871712,4.220676,4.198475,0.022202,1
1520694871723,4.198303,4.178410,0.019894,1
1520694871733,4.261570,4.218864,0.042706,1
1520694871743,4.207306,4.206333,0.000973,1
1520694871753,4.259052,4.220791,0.038261,1
1520694871763,4.214287,4.178524,0.035763,0
1520694871773,4.199448,4.169159,0.030289,0
1520694871783,4.235039,4.199371,0.035667,0
1520694871793,4.201984,4.163456,0.038528,0
1520694871803,4.218292,4.183884,0.034409,0
1520694871813,4.191608,4.169292,0.022316,0
1520694871823,4.280415,4.259434,0.020981,0
1520694871833,4.195976,4.159718,0.036259,0
1520694871843,4.249039,4.215641,0.033398,0
1520694871853,4.198799,4.177017,0.021782,0
1520694871863,4.199314,4.176750,0.022564,1
1520694871873,4.215221,4.188938,0.026283,1
1520694871883,4.199638,4.170132,0.029507,1
1520694871893,4.212532,4.180183,0.032349,1
1520694871903,4.199734,4.169178,0.030556,1
1520694871913,4.281769,4.259853,0.021915,1
1520694871923,4.209423,4.174709,0.034714,1
1520694871933,4.265594,4.227486,0.038109,1
1520694871943,4.204273,4.171734,0.032539,1
1520694871954,4.293461,4.245644,0.047817,1
1520694871964,4.210224,4.179573,0.030651,0
1520694871974,4.198380,4.169483,0.028896,0
1520694871984,4.198933,4.172630,0.026302,0
1520694871994,4.202099,4.169483,0.032616,0
1520694872004,4.223633,4.194622,0.029011,0
1520694872014,4.200726,4.171848,0.028877,0
1520694872024,4.225254,4.189510,0.035744,0
1520694872034,4.202499,4.177971,0.024529,0
1520694872045,4.247246,4.206181,0.041065,0
1520694872055,4.237995,4.184742,0.053253,0
1520694872065,4.260769,4.237633,0.023136,1
1520694872075,4.210110,4.175816,0.034294,1
1520694872085,4.242439,4.219131,0.023308,1
1520694872095,4.211426,4.178162,0.033264,1
1520694872105,4.206581,4.168644,0.037937,1
1520694872115,4.208527,4.177952,0.030575,1
1520694872125,4.199028,4.167461,0.031567,1
1520694872136,4.206600,4.165993,0.040607,1
1520694872146,4.197712,4.163170,0.034542,1
1520694872156,4.206963,4.169121,0.037842,1
1520694872166,4.197445,4.161777,0.035667,0
1520694872176,4.284267,4.264545,0.019722,0
1520694872186,4.206142,4.176025,0.030117,0
1520694872196,4.222984,4.211369,0.011616,0
1520694872206,4.203072,4.174252,0.028820,0
1520694872216,4.260826,4.237633,0.023193,0
1520694872226,4.196663,4.166832,0.029831,0
1520694872236,4.198875,4.168243,0.030632,0
1520694872246,4.198475,4.172382,0.026093,0
1520694872256,4.197540,4.169312,0.028229,0
1520694872266,4.288883,4.271088,0.017796,1
1520694872277,4.216633,4.179058,0.037575,1
1520694872287,4.231243,4.187832,0.043411,1
1520694872297,4.212303,4.177399,0.034904,1
1520694872307,4.205284,4.169788,0.035496,1
1520694872317,4.210491,4.178238,0.032253,1
1520694872327,4.203014,4.163685,0.039330,1
1520694872337,4.233036,4.202271,0.030766,1
1520694872347,4.212475,4.176693,0.035782,1
1520694872357,4.250355,4.216805,0.033550,1
1520694872368,4.210739,4.180565,0.030174,0
1520694872378,4.209614,4.174023,0.035591,0
1520694872388,4.196033,4.177227,0.018806,0
1520694872398,4.217453,4.191799,0.025654,0
1520694872408,4.198227,4.169979,0.028248,0
1520694872418,4.204693,4.177551,0.027142,0
1520694872428,4.242859,4.209080,0.033779,0
1520694872438,4.198856,4.177780,0.021076,0
1520694872448,4.245319,4.219322,0.025997,0
1520694872459,4.264774,4.249935,0.014839,0
1520694872469,4.201622,4.174671,0.026951,1
1520694872479,4.274845,4.247208,0.027637,1
1520694872489,4.290123,4.274139,0.015984,1
1520694872499,4.205589,4.175053,0.030537,1
1520694872509,4.238338,4.218292,0.020046,1
1520694872519,4.212894,4.184666,0.028229,1
1520694872529,4.263287,4.236183,0.027103,1
1520694872539,4.214039,4.180317,0.033722,1
1520694872550,4.261208,4.227142,0.034065,1
1520694872560,4.234924,4.194241,0.040684,1
1520694872570,4.196777,4.171772,0.025005,0
1520694872580,4.225082,4.191246,0.033836,0
1520694872590,4.201679,4.166279,0.035400,0
1520694872600,4.291134,4.257317,0.033817,0
1520694872610,4.207973,4.176750,0.031223,0
1520694872620,4.277325,4.252300,0.025024,0
1520694872630,4.197731,4.168072,0.029659,0
1520694872641,4.281464,4.256210,0.025253,0
1520694872651,4.235973,4.193935,0.042038,0
1520694872661,4.204693,4.173260,0.031433,1
1520694872671,4.222145,4.194908,0.027237,1
1520694872681,4.195061,4.181519,0.013542,1
1520694872691,4.285145,4.259777,0.025368,1
1520694872701,4.197102,4.181175,0.015926,1
1520694872711,4.296780,4.267769,0.029011,1
1520694872721,4.197388,4.170647,0.026741,1
1520694872731,4.242611,4.216156,0.026455,1
1520694872741,4.197922,4.168911,0.029011,1
1520694872751,4.279995,4.248219,0.031776,1
1520694872761,4.205093,4.176922,0.028172,0
1520694872771,4.202805,4.171562,0.031242,0
1520694872781,4.285793,4.262867,0.022926,0
1520694872791,4.247913,4.203053,0.044861,0
1520694872801,4.280205,4.256630,0.023575,0
1520694872811,4.211216,4.175377,0.035839,0
1520694872821,4.286518,4.256210,0.030308,0
1520694872831,4.246559,4.225883,0.020676,0
1520694872841,4.272232,4.246502,0.025730,0
1520694872851,4.245701,4.216976,0.028725,0
1520694872861,4.223137,4.192123,0.031013,1
1520694872872,4.275208,4.245396,0.029812,1
1520694872882,4.211578,4.184589,0.026989,1
1520694872892,4.293575,4.266682,0.026894,1
1520694872902,4.211063,4.178963,0.032101,1
1520694872912,4.261627,4.228592,0.033035,1
1520694872922,4.193363,4.169540,0.023823,1
1520694872932,4.268093,4.247627,0.020466,1
1520694872942,4.193649,4.164772,0.028877,1
1520694872952,4.225483,4.187870,0.037613,1
1520694872963,4.214916,4.179459,0.035458,0
1520694872973,4.194221,4.171257,0.022964,0
1520694872983,4.240017,4.209137,0.030880,0
1520694872993,4.195328,4.182549,0.012779,0
1520694873003,4.290924,4.272423,0.018501,0
1520694873013,4.204330,4.167194,0.037136,0
1520694873023,4.273930,4.250183,0.023746,0
1520694873033,4.197502,4.167690,0.029812,0
1520694873043,4.280396,4.251251,0.029144,0
1520694873054,4.199638,4.170475,0.029163,0
1520694873064,4.206524,4.172382,0.034142,1
1520694873074,4.215775,4.184856,0.030918,1
1520694873084,4.196587,4.165554,0.031033,1
1520694873094,4.217453,4.191628,0.025826,1
1520694873104,4.199467,4.174004,0.025463,1
1520694873114,4.280853,4.257164,0.023689,1
1520694873124,4.197865,4.169369,0.028496,1
1520694873134,4.284916,4.262581,0.022335,1
1520694873144,4.205780,4.176483,0.029297,1
1520694873154,4.246998,4.220428,0.026569,1
1520694873164,4.213181,4.185944,0.027237,0
1520694873174,4.196701,4.174328,0.022373,0
1520694873184,4.274864,4.236279,0.038586,0
1520694873195,4.200211,4.167786,0.032425,0
1520694873205,4.295044,4.259205,0.035839,0
1520694873215,4.207764,4.170170,0.037594,0
1520694873225,4.244576,4.215069,0.029507,0
1520694873235,4.202404,4.166260,0.036144,0
1520694873245,4.274940,4.242420,0.032520,0
1520694873255,4.210606,4.174538,0.036068,0
1520694873265,4.195671,4.165668,0.030003,1
1520694873275,4.228745,4.201832,0.026913,1
1520694873286,4.194756,4.167557,0.027199,1
1520694873296,4.244614,4.215851,0.028763,1
1520694873306,4.199753,4.171543,0.028210,1
1520694873316,4.288158,4.253750,0.034409,1
1520694873326,4.199677,4.168663,0.031013,1
1520694873336,4.248962,4.222775,0.026188,1
1520694873346,4.193192,4.164886,0.028305,1
1520694873356,4.241505,4.221592,0.019913,1
1520694873366,4.213219,4.181957,0.031261,0
1520694873376,4.203110,4.171200,0.031910,0
1520694873386,4.278736,4.252071,0.026665,0
1520694873396,4.200039,4.172249,0.027790,0
1520694873406,4.280586,4.248695,0.031891,0
1520694873416,4.195900,4.170036,0.025864,0
1520694873426,4.195347,4.174385,0.020962,0
1520694873436,4.208832,4.176941,0.031891,0
1520694873446,4.194584,4.168091,0.026493,0
1520694873456,4.215393,4.182053,0.033340,0
1520694873467,4.194393,4.166889,0.027504,1
1520694873477,4.201660,4.170151,0.031509,1
1520694873487,4.289112,4.265289,0.023823,1
1520694873497,4.212914,4.179821,0.033092,1
1520694873507,4.199753,4.170418,0.029335,1
1520694873517,4.301796,4.265480,0.036316,1
1520694873527,4.207535,4.188385,0.019150,1
1520694873537,4.286728,4.262428,0.024300,1
1520694873547,4.271698,4.248314,0.023384,1
1520694873558,4.272022,4.246655,0.025368,1
1520694873568,4.208736,4.180660,0.028076,0
1520694873578,4.197235,4.168873,0.028362,0
1520694873588,4.210720,4.184303,0.026417,0
1520694873598,4.207821,4.171371,0.036449,0
1520694873608,4.204998,4.174519,0.030479,0
1520694873618,4.204884,4.180298,0.024586,0
1520694873628,4.202347,4.177685,0.024662,0
1520694873638,4.201355,4.180298,0.021057,0
1520694873649,4.199924,4.174118,0.025806,0
1520694873659,4.241085,4.222298,0.018787,0
1520694873669,4.197025,4.165974,0.031052,1
1520694873679,4.284039,4.256477,0.027561,1
1520694873689,4.211063,4.178410,0.032654,1
1520694873699,4.201775,4.174061,0.027714,1
1520694873709,4.204731,4.172306,0.032425,1
1520694873719,4.240494,4.212399,0.028095,1
1520694873729,4.198666,4.176826,0.021839,1
1520694873739,4.250221,4.229622,0.020599,1
1520694873749,4.206085,4.174938,0.031147,1
1520694873759,4.206486,4.173088,0.033398,1
1520694873769,4.283810,4.263878,0.019932,0
1520694873779,4.204845,4.176006,0.028839,0
1520694873790,4.272728,4.248047,0.024681,0
1520694873800,4.197979,4.170017,0.027962,0
1520694873810,4.267941,4.239235,0.028706,0
1520694873820,4.196873,4.171276,0.025597,0
1520694873830,4.268398,4.242039,0.026360,0
1520694873840,4.199734,4.173374,0.026360,0
1520694873850,4.194412,4.171295,0.023117,0
1520694873860,4.242573,4.229374,0.013199,0
1520694873870,4.200306,4.166946,0.033360,1
1520694873881,4.286900,4.256077,0.030823,1
1520694873891,4.230747,4.194527,0.036221,1
1520694873901,4.284725,4.253693,0.031033,1
1520694873911,4.217892,4.178982,0.038910,1
1520694873921,4.280968,4.256248,0.024719,1
1520694873931,4.194527,4.167538,0.026989,1
1520694873941,4.230442,4.197559,0.032883,1
1520694873951,4.206619,4.173698,0.032921,1
1520694873961,4.212894,4.175587,0.037308,1
1520694873972,4.244862,4.218788,0.026073,0
1520694873982,4.198761,4.166126,0.032635,0
1520694873992,4.298058,4.269714,0.028343,0
1520694874002,4.194126,4.167290,0.026836,0
1520694874012,4.286938,4.266968,0.019970,0
1520694874022,4.196758,4.170494,0.026264,0
1520694874032,4.264450,4.237309,0.027142,0
1520694874042,4.194469,4.163799,0.030670,0
1520694874052,4.268360,4.238243,0.030117,0
1520694874063,4.211140,4.174232,0.036907,1
1520694874073,4.198895,4.165287,0.033607,1
1520694874083,4.225025,4.196606,0.028419,1
1520694874093,4.215240,4.176884,0.038357,1
1520694874103,4.237213,4.200287,0.036926,1
1520694874113,4.198990,4.179325,0.019665,1
1520694874123,4.281693,4.255428,0.026264,1
1520694874133,4.197273,4.167461,0.029812,1
1520694874143,4.281845,4.261189,0.020657,1
1520694874153,4.198380,4.171696,0.026684,1
1520694874163,4.230385,4.209290,0.021095,0
1520694874173,4.226189,4.198036,0.028152,0
1520694874183,4.206600,4.172821,0.033779,0
1520694874193,4.268456,4.236336,0.032120,0
1520694874204,4.204121,4.172630,0.031490,0
1520694874214,4.250889,4.226665,0.024223,0
1520694874224,4.193878,4.169216,0.024662,0
1520694874234,4.239616,4.205379,0.034237,0
1520694874244,4.216728,4.174690,0.042038,0
1520694874254,4.273090,4.252415,0.020676,0
1520694874264,4.219723,4.184818,0.034904,1
1520694874274,4.196701,4.167461,0.029240,1
1520694874284,4.205093,4.176998,0.028095,1
1520694874295,4.197521,4.163036,0.034485,1
1520694874305,4.221115,4.189262,0.031853,1
1520694874315,4.198761,4.174328,0.024433,1
1520694874325,4.207535,4.175224,0.032310,1
1520694874335,4.195709,4.184723,0.010986,1
1520694874345,4.292259,4.263573,0.028687,1
1520694874355,4.205818,4.180126,0.025692,1
1520694874365,4.201050,4.166870,0.034180,0
1520694874375,4.249630,4.228001,0.021629,0
1520694874385,4.212112,4.185715,0.026398,0
1520694874395,4.259834,4.224300,0.035534,0
1520694874405,4.207191,4.170437,0.036755,0
1520694874415,4.243774,4.210396,0.033379,0
1520694874425,4.206848,4.175415,0.031433,0
1520694874435,4.289074,4.260979,0.028095,0
1520694874445,4.199123,4.173679,0.025444,0
1520694874455,4.246101,4.220791,0.025311,0
1520694874465,4.218540,4.184570,0.033970,1
1520694874476,4.245338,4.216957,0.028381,1
1520694874486,4.199657,4.163857,0.035801,1
1520694874496,4.288082,4.265442,0.022640,1
1520694874506,4.195194,4.168282,0.026913,1
1520694874516,4.199409,4.184322,0.015087,1
1520694874526,4.212208,4.189854,0.022354,1
1520694874536,4.203701,4.172401,0.031300,1
1520694874546,4.207535,4.178696,0.028839,1
1520694874556,4.211464,4.176998,0.034466,1
1520694874567,4.281483,4.249649,0.031834,0
1520694874577,4.199333,4.168167,0.031166,0
1520694874587,4.264221,4.236012,0.028210,0
1520694874597,4.198360,4.172459,0.025902,0
1520694874607,4.203053,4.197598,0.005455,0
1520694874617,4.232063,4.197273,0.034790,0
1520694874627,4.214802,4.180202,0.034599,0
1520694874637,4.209919,4.172897,0.037022,0
1520694874647,4.199486,4.167786,0.031700,0
1520694874657,4.208717,4.181366,0.027351,0
1520694874667,4.243088,4.223289,0.019798,1
1520694874677,4.196262,4.165173,0.031090,1
1520694874687,4.207821,4.198895,0.008926,1
1520694874697,4.194698,4.166298,0.028400,1
1520694874707,4.261894,4.228401,0.033493,1
1520694874717,4.199009,4.167461,0.031548,1
1520694874727,4.284534,4.256268,0.028267,1
1520694874737,4.195957,4.170303,0.025654,1
1520694874747,4.282188,4.260330,0.021858,1
1520694874757,4.202271,4.179535,0.022736,1
1520694874767,4.242897,4.206104,0.036793,0
1520694874777,4.231720,4.219379,0.012341,0
1520694874787,4.212971,4.176064,0.036907,0
1520694874798,4.247360,4.204941,0.042419,0
1520694874808,4.195633,4.181690,0.013943,0
1520694874818,4.256592,4.228439,0.028152,0
1520694874828,4.197159,4.166565,0.030594,0
1520694874838,4.247017,4.219761,0.027256,0
1520694874848,4.207096,4.174881,0.032215,0
1520694874858,4.229774,4.210930,0.018845,0
1520694874868,4.252396,4.229527,0.022869,1
1520694874878,4.202385,4.174843,0.027542,1
1520694874889,4.266663,4.234200,0.032463,1
1520694874899,4.218540,4.185963,0.032578,1
1520694874909,4.282761,4.257698,0.025063,1
1520694874919,4.200211,4.178467,0.021744,1
1520694874929,4.292793,4.263096,0.029697,1
1520694874939,4.201412,4.181271,0.020142,1
1520694874949,4.198074,4.164677,0.033398,1
1520694874959,4.213905,4.177704,0.036201,1
1520694874969,4.193954,4.169445,0.024509,0
1520694874979,4.281178,4.253387,0.027790,0
1520694874989,4.199677,4.173222,0.026455,0
1520694874999,4.205456,4.190369,0.015087,0
1520694875009,4.204807,4.175034,0.029774,0
1520694875019,4.200268,4.174709,0.025558,0
1520694875029,4.290276,4.240990,0.049286,0
1520694875039,4.216938,4.191265,0.025673,0
1520694875049,4.291668,4.270153,0.021515,0
1520694875059,4.200821,4.173279,0.027542,0
1520694875069,4.195862,4.173260,0.022602,1
1520694875079,4.277744,4.269562,0.008183,1
1520694875089,4.204655,4.166088,0.038567,1
1520694875099,4.280014,4.253006,0.027008,1
1520694875109,4.193954,4.171791,0.022163,1
1520694875120,4.267464,4.238129,0.029335,1
1520694875130,4.193535,4.167557,0.025978,1
1520694875140,4.255695,4.230537,0.025158,1
1520694875150,4.197559,4.166927,0.030632,1
1520694875160,4.242477,4.230804,0.011673,1
1520694875170,4.274902,4.257107,0.017796,0
1520694875180,4.195995,4.177074,0.018921,0
1520694875190,4.230003,4.188099,0.041904,0
1520694875200,4.196339,4.175472,0.020866,0
1520694875211,4.197178,4.172401,0.024776,0
1520694875221,4.198952,4.170685,0.028267,0
1520694875231,4.203739,4.187050,0.016689,0
1520694875241,4.205379,4.167881,0.037498,0
1520694875251,4.235077,4.194012,0.041065,0
1520694875261,4.301987,4.283848,0.018139,0
1520694875271,4.225826,4.191742,0.034084,1
1520694875281,4.196453,4.170284,0.026169,1
1520694875291,4.207191,4.171677,0.035515,1
1520694875301,4.196873,4.168568,0.028305,1
1520694875311,4.282970,4.254417,0.028553,1
1520694875321,4.206123,4.175625,0.030499,1
1520694875331,4.281578,4.254475,0.027103,1
1520694875341,4.196987,4.168491,0.028496,1
1520694875351,4.234295,4.204388,0.029907,1
1520694875361,4.273739,4.249935,0.023804,1
1520694875371,4.208603,4.175587,0.033016,0
1520694875381,4.280052,4.253864,0.026188,0
1520694875391,4.200401,4.169521,0.030880,0
1520694875401,4.197865,4.171104,0.026760,0
1520694875411,4.210930,4.178200,0.032730,0
1520694875421,4.195995,4.175682,0.020313,0
1520694875431,4.201031,4.173546,0.027485,0
1520694875441,4.251518,4.223919,0.027599,0
1520694875451,4.258251,4.226093,0.032158,0
1520694875461,4.279556,4.252071,0.027485,0
1520694875471,4.202156,4.172916,0.029240,1
1520694875482,4.206486,4.173927,0.032558,1
1520694875492,4.196320,4.171829,0.024490,1
1520694875502,4.203148,4.170895,0.032253,1
1520694875512,4.251213,4.222107,0.029106,1
1520694875522,4.202309,4.172783,0.029526,1
1520694875532,4.204006,4.171886,0.032120,1
1520694875542,4.219036,4.187584,0.031452,1
1520694875552,4.226742,4.198227,0.028515,1
1520694875562,4.292431,4.263477,0.028954,1
1520694875573,4.200077,4.175682,0.024395,0
1520694875583,4.217281,4.176273,0.041008,0
1520694875593,4.210644,4.174614,0.036030,0
1520694875603,4.203415,4.173222,0.030193,0
1520694875613,4.235058,4.199448,0.035610,0
1520694875623,4.207821,4.187012,0.020809,0
1520694875633,4.278183,4.252872,0.025311,0
1520694875643,4.199696,4.189224,0.010471,0
1520694875653,4.251652,4.231453,0.020199,0
1520694875664,4.211502,4.179935,0.031567,1
1520694875674,4.199295,4.164429,0.034866,1
1520694875684,4.217548,4.191494,0.026054,1
1520694875694,4.202576,4.173870,0.028706,1
1520694875704,4.239597,4.208031,0.031567,1
1520694875714,4.204102,4.167690,0.036411,1
1520694875724,4.254322,4.219398,0.034924,1
1520694875734,4.196815,4.167862,0.028954,1
1520694875744,4.236851,4.211216,0.025635,1
1520694875754,4.201355,4.168320,0.033035,1
1520694875764,4.204273,4.176998,0.027275,0
1520694875774,4.275856,4.244919,0.030937,0
1520694875784,4.192295,4.167309,0.024986,0
1520694875794,4.237499,4.219551,0.017948,0
1520694875805,4.200020,4.169598,0.030422,0
1520694875815,4.209404,4.173813,0.035591,0
1520694875825,4.205074,4.169521,0.035553,0
1520694875835,4.142685,4.105015,0.037670,0
1520694875845,4.185600,4.155922,0.029678,0
1520694875855,4.298134,4.278088,0.020046,0
1520694875865,4.201946,4.172573,0.029373,1
1520694875875,4.210644,4.183273,0.027370,1
1520694875885,4.211140,4.176292,0.034847,1
1520694875896,4.197845,4.173298,0.024548,1
1520694875906,4.214687,4.189568,0.025120,1
1520694875916,4.199219,4.168663,0.030556,1
1520694875926,4.236622,4.204578,0.032043,1
1520694875936,4.199429,4.167671,0.031757,1
1520694875946,4.257240,4.238892,0.018349,1
1520694875956,4.205132,4.176235,0.028896,1
1520694875966,4.194679,4.174404,0.020275,0
1520694875976,4.295616,4.267159,0.028458,0
1520694875987,4.196415,4.168320,0.028095,0
1520694875997,4.278488,4.251270,0.027218,0
1520694876007,4.204521,4.175682,0.028839,0
1520694876017,4.257259,4.232006,0.025253,0
1520694876027,4.206562,4.182129,0.024433,0
1520694876037,4.194393,4.179096,0.015297,0
1520694876047,4.214249,4.191055,0.023193,0
1520694876057,4.198303,4.167995,0.030308,0
1520694876067,4.277725,4.253349,0.024376,1
1520694876077,4.195614,4.167042,0.028572,1
1520694876087,4.222546,4.176903,0.045643,1
1520694876097,4.209938,4.176044,0.033894,1
1520694876107,4.199543,4.172421,0.027122,1
1520694876117,4.217339,4.191189,0.026150,1
1520694876127,4.198666,4.167404,0.031261,1
1520694876137,4.280128,4.255314,0.024815,1
1520694876147,4.204445,4.176903,0.027542,1
1520694876157,4.274006,4.251785,0.022221,1
1520694876167,4.204521,4.175568,0.028954,0
1520694876177,4.202309,4.168530,0.033779,0
1520694876187,4.201813,4.176464,0.025349,0
1520694876197,4.201050,4.168777,0.032272,0
1520694876207,4.196548,4.175262,0.021286,0
1520694876218,4.215221,4.176750,0.038471,0
1520694876228,4.204636,4.170151,0.034485,0
1520694876238,4.210472,4.181385,0.029087,0
1520694876248,4.196053,4.176121,0.019932,0
1520694876258,4.224014,4.209003,0.015011,0
1520694876268,4.202785,4.174919,0.027866,1
1520694876278,4.197941,4.168549,0.029392,1
1520694876288,4.212399,4.182663,0.029736,1
1520694876298,4.195328,4.170856,0.024471,1
1520694876309,4.262161,4.223175,0.038986,1
1520694876319,4.212761,4.176216,0.036545,1
1520694876329,4.285030,4.255314,0.029716,1
1520694876339,4.200821,4.172287,0.028534,1
1520694876349,4.277306,4.258480,0.018826,1
1520694876359,4.232597,4.213238,0.019360,1
1520694876369,4.203625,4.169483,0.034142,0
1520694876379,4.286251,4.256458,0.029793,0
1520694876389,4.224682,4.198933,0.025749,0
1520694876400,4.281750,4.248543,0.033207,0
1520694876410,4.200649,4.166660,0.033989,0
1520694876420,4.249344,4.223728,0.025616,0
1520694876430,4.197865,4.168911,0.028954,0
1520694876440,4.244919,4.224586,0.020332,0
1520694876450,4.201641,4.169292,0.032349,0
1520694876460,4.193077,4.164200,0.028877,0
1520694876470,4.280491,4.252777,0.027714,1
1520694876480,4.197388,4.174595,0.022793,1
1520694876491,4.275227,4.240704,0.034523,1
1520694876501,4.257011,4.228649,0.028362,1
1520694876511,4.205093,4.174747,0.030346,1
1520694876521,4.194775,4.165916,0.028858,1
1520694876531,4.254799,4.222469,0.032330,1
1520694876541,4.218788,4.184971,0.033817,1
1520694876551,4.218616,4.185505,0.033112,1
1520694876561,4.217796,4.188995,0.028801,1
1520694876571,4.215126,4.193249,0.021877,0
1520694876582,4.251671,4.233952,0.017719,0
1520694876592,4.199429,4.167633,0.031796,0
1520694876602,4.203568,4.184151,0.019417,0
1520694876612,4.199314,4.171410,0.027905,0
1520694876622,4.203205,4.172859,0.030346,0
1520694876632,4.261284,4.230080,0.031204,0
1520694876642,4.213696,4.188633,0.025063,0
1520694876652,4.298115,4.248734,0.049381,0
1520694876662,4.208126,4.178162,0.029964,0
1520694876673,4.204693,4.175949,0.028744,1
1520694876683,4.240303,4.200344,0.039959,1
1520694876693,4.200382,4.175243,0.025139,1
1520694876703,4.219894,4.187851,0.032043,1
1520694876713,4.207211,4.170151,0.037060,1
1520694876723,4.284153,4.265652,0.018501,1
1520694876733,4.238415,4.214706,0.023708,1
1520694876743,4.291821,4.256859,0.034962,1
1520694876753,4.228210,4.193306,0.034904,1
1520694876763,4.255009,4.230556,0.024452,1
1520694876773,4.281712,4.258480,0.023232,0
1520694876783,4.201813,4.172173,0.029640,0
1520694876793,4.277000,4.249783,0.027218,0
1520694876803,4.198799,4.174137,0.024662,0
1520694876814,4.262943,4.243736,0.019207,0
1520694876824,4.195995,4.165459,0.030537,0
1520694876834,4.197521,4.167194,0.030327,0
1520694876844,4.198666,4.178886,0.019779,0
1520694876854,4.199200,4.165058,0.034142,0
1520694876864,4.242649,4.233475,0.009174,0
1520694876874,4.201393,4.177608,0.023785,1
1520694876884,4.205761,4.182549,0.023212,1
1520694876894,4.204674,4.178886,0.025787,1
1520694876905,4.212551,4.177761,0.034790,1
1520694876915,4.213486,4.203510,0.009975,1
1520694876925,4.201336,4.168034,0.033302,1
1520694876935,4.284000,4.260712,0.023289,1
1520694876945,4.197769,4.168377,0.029392,1
1520694876955,4.227352,4.202023,0.025330,1
1520694876965,4.272327,4.255047,0.017281,1
1520694876975,4.233723,4.200859,0.032864,0
1520694876985,4.280186,4.257660,0.022526,0
1520694876996,4.203358,4.171352,0.032005,0
1520694877006,4.268398,4.241924,0.026474,0
1520694877016,4.204617,4.172039,0.032578,0
1520694877026,4.192390,4.163628,0.028763,0
1520694877036,4.197121,4.170132,0.026989,0
1520694877046,4.208279,4.181747,0.026531,0
1520694877056,4.244061,4.209194,0.034866,0
1520694877066,4.208279,4.175930,0.032349,0
1520694877076,4.201126,4.168396,0.032730,1
1520694877086,4.198437,4.170341,0.028095,1
1520694877096,4.197979,4.172707,0.025272,1
1520694877106,4.232254,4.200249,0.032005,1
1520694877116,4.194756,4.171276,0.023479,1
1520694877126,4.291859,4.260502,0.031357,1
1520694877136,4.198875,4.173813,0.025063,1
1520694877146,4.200745,4.194183,0.006561,1
1520694877156,4.218063,4.178886,0.039177,1
1520694877166,4.207287,4.174652,0.032635,1
1520694877176,4.281712,4.261227,0.020485,0
1520694877186,4.195251,4.172173,0.023079,0
1520694877196,4.210167,4.185753,0.024414,0
1520694877206,4.204693,4.169598,0.035095,0
1520694877216,4.196529,4.166412,0.030117,0
1520694877226,4.251423,4.226379,0.025043,0
1520694877236,4.202366,4.167404,0.034962,0
1520694877246,4.264965,4.252853,0.012112,0
1520694877256,4.215164,4.182072,0.033092,0
1520694877266,4.201546,4.178200,0.023346,0
1520694877276,4.249916,4.211369,0.038548,1
1520694877286,4.199543,4.168510,0.031033,1
1520694877296,4.273262,4.229698,0.043564,1
1520694877306,4.192505,4.167728,0.024776,1
1520694877317,4.242783,4.217625,0.025158,1
1520694877327,4.211788,4.183407,0.028381,1
1520694877337,4.196224,4.162102,0.034122,1
1520694877347,4.207172,4.179382,0.027790,1
1520694877357,4.197121,4.170876,0.026245,1
1520694877367,4.250278,4.231491,0.018787,1
1520694877377,4.207935,4.176521,0.031414,0
1520694877387,4.204369,4.183235,0.021133,0
1520694877397,4.254265,4.232311,0.021954,0
1520694877408,4.198627,4.165897,0.032730,0
1520694877418,4.216003,4.187050,0.028954,0
1520694877428,4.195004,4.170609,0.024395,0
1520694877438,4.228611,4.196072,0.032539,0
1520694877448,4.198360,4.166775,0.031586,0
1520694877458,4.268093,4.251099,0.016994,0
1520694877468,4.208851,4.179745,0.029106,1
1520694877478,4.196796,4.166946,0.029850,1
1520694877488,4.222889,4.194565,0.028324,1
1520694877499,4.269676,4.244118,0.025558,1
1520694877509,4.195824,4.173431,0.022392,1
1520694877519,4.214859,4.184532,0.030327,1
1520694877529,4.200153,4.174786,0.025368,1
1520694877539,4.199238,4.164753,0.034485,1
1520694877549,4.282341,4.260979,0.021362,1
1520694877559,4.208717,4.178848,0.029869,1
1520694877569,4.197693,4.172325,0.025368,0
1520694877579,4.219265,4.180431,0.038834,0
1520694877589,4.198685,4.164333,0.034351,0
1520694877599,4.284515,4.257603,0.026913,0
1520694877609,4.198170,4.171143,0.027027,0
1520694877619,4.271889,4.241390,0.030499,0
1520694877629,4.200230,4.174519,0.025711,0
1520694877639,4.211540,4.175797,0.035744,0
1520694877649,4.221611,4.188728,0.032883,0
1520694877659,4.223423,4.192410,0.031013,0
1520694877669,4.256020,4.228287,0.027733,1
1520694877679,4.204960,4.171925,0.033035,1
1520694877689,4.206104,4.173374,0.032730,1
1520694877699,4.233322,4.196987,0.036335,1
1520694877709,4.204922,4.172230,0.032692,1
1520694877719,4.240646,4.203167,0.037479,1
1520694877730,4.198246,4.169846,0.028400,1
1520694877740,4.292126,4.271851,0.020275,1
1520694877750,4.195366,4.164753,0.030613,1
1520694877760,4.289188,4.258118,0.031071,1
1520694877770,4.201679,4.173508,0.028172,0
1520694877780,4.208660,4.176388,0.032272,0
1520694877790,4.241924,4.211063,0.030861,0
1520694877800,4.221096,4.184647,0.036449,0
1520694877810,4.292793,4.268322,0.024471,0
1520694877821,4.208221,4.169941,0.038280,0
1520694877831,4.285164,4.258442,0.026722,0
1520694877841,4.202309,4.172935,0.029373,0
1520694877851,4.285374,4.253139,0.032234,0
1520694877861,4.207840,4.170666,0.037174,0
1520694877871,4.244862,4.229565,0.015297,1
1520694877881,4.276943,4.264526,0.012417,1
1520694877891,4.254494,4.232063,0.022430,1
1520694877901,4.267406,4.237633,0.029774,1
1520694877912,4.238682,4.192505,0.046177,1
1520694877922,4.220524,4.186993,0.033531,1
1520694877932,4.214077,4.194241,0.019836,1
1520694877942,4.244099,4.211483,0.032616,1
1520694877952,4.273071,4.242458,0.030613,1
1520694877962,4.196491,4.169846,0.026646,1
1520694877972,4.198914,4.171791,0.027122,0
1520694877982,4.233780,4.209042,0.024738,0
1520694877992,4.201202,4.169273,0.031929,0
1520694878002,4.252758,4.226265,0.026493,0
1520694878012,4.206772,4.177647,0.029125,0
1520694878022,4.220695,4.189091,0.031605,0
1520694878032,4.207745,4.174442,0.033302,0
1520694878042,4.196720,4.165630,0.031090,0
1520694878052,4.228439,4.206276,0.022163,0
1520694878062,4.199333,4.168110,0.031223,0
1520694878072,4.204521,4.170837,0.033684,1
1520694878082,4.200230,4.177952,0.022278,1
1520694878092,4.206600,4.174404,0.032196,1
1520694878102,4.264183,4.246464,0.017719,1
1520694878112,4.203453,4.178867,0.024586,1
1520694878122,4.291172,4.267464,0.023708,1
1520694878132,4.200573,4.168777,0.031796,1
1520694878143,4.276390,4.252586,0.023804,1
1520694878153,4.199295,4.169102,0.030193,1
1520694878163,4.264603,4.235954,0.028648,1
1520694878173,4.220695,4.192448,0.028248,0
1520694878184,4.210243,4.174366,0.035877,0
1520694878194,4.224510,4.198456,0.026054,0
1520694878204,4.199772,4.173203,0.026569,0
1520694878214,4.292698,4.251614,0.041084,0
1520694878224,4.200840,4.167252,0.033588,0
1520694878234,4.208469,4.190845,0.017624,0
1520694878244,4.206047,4.167156,0.038891,0
1520694878254,4.197006,4.174576,0.022430,0
1520694878264,4.200478,4.171410,0.029068,0
1520694878274,4.194660,4.170284,0.024376,1
1520694878284,4.196873,4.186478,0.010395,1
1520694878294,4.197426,4.168282,0.029144,1
1520694878304,4.198341,4.167728,0.030613,1
1520694878314,4.210339,4.174652,0.035686,1
1520694878325,4.194031,4.166584,0.027447,1
1520694878335,4.240246,4.211597,0.028648,1
1520694878345,4.194012,4.171009,0.023003,1
1520694878355,4.291439,4.242229,0.049210,1
1520694878365,4.193802,4.163036,0.030766,1
1520694878375,4.238472,4.216175,0.022297,0
1520694878385,4.285221,4.255161,0.030060,0
1520694878395,4.200859,4.171753,0.029106,0
1520694878405,4.288425,4.264259,0.024166,0
1520694878416,4.210243,4.176083,0.034161,0
1520694878426,4.274960,4.244518,0.030441,0
1520694878436,4.214249,4.174290,0.039959,0
1520694878446,4.221935,4.199429,0.022507,0
1520694878456,4.198723,4.173374,0.025349,0
1520694878466,4.202538,4.165611,0.036926,0
1520694878476,4.229221,4.193344,0.035877,1
1520694878486,4.205437,4.174576,0.030861,1
1520694878496,4.202137,4.174061,0.028076,1
1520694878507,4.300594,4.270725,0.029869,1
1520694878517,4.204330,4.176998,0.027332,1
1520694878527,4.228172,4.198742,0.029430,1
1520694878537,4.283409,4.257469,0.025940,1
1520694878547,4.330215,4.284763,0.045452,1
1520694878557,4.203491,4.168015,0.035477,1
1520694878567,4.305553,4.289627,0.015926,1
1520694878577,4.208279,4.175072,0.033207,0
1520694878587,4.211979,4.176693,0.035286,0
1520694878597,4.202061,4.180889,0.021172,0
1520694878607,4.213562,4.183369,0.030193,0
1520694878617,4.291782,4.267597,0.024185,0
1520694878627,4.204121,4.167461,0.036659,0
1520694878637,4.281044,4.254627,0.026417,0
1520694878647,4.197712,4.174900,0.022812,0
1520694878657,4.200764,4.168301,0.032463,0
1520694878667,4.296970,4.274158,0.022812,0
1520694878677,4.196987,4.170609,0.026379,1
1520694878687,4.275837,4.254131,0.021706,1
1520694878697,4.199066,4.169540,0.029526,1
1520694878707,4.227314,4.193172,0.034142,1
1520694878717,4.283962,4.258385,0.025578,1
1520694878727,4.197922,4.171772,0.026150,1
1520694878738,4.274502,4.250736,0.023766,1
1520694878748,4.209366,4.176540,0.032825,1
1520694878758,4.281845,4.246922,0.034924,1
1520694878768,4.237022,4.197540,0.039482,1
1520694878778,4.195004,4.173927,0.021076,0
1520694878788,4.275818,4.249592,0.026226,0
1520694878798,4.199200,4.168873,0.030327,0
1520694878808,4.277477,4.244595,0.032883,0
1520694878818,4.206028,4.171925,0.034103,0
1520694878829,4.255486,4.235802,0.019684,0
1520694878839,4.221783,4.197636,0.024147,0
1520694878849,4.202843,4.175129,0.027714,0
1520694878859,4.226418,4.191494,0.034924,0
1520694878869,4.199543,4.168072,0.031471,1
1520694878879,4.257069,4.236679,0.020390,1
1520694878889,4.202576,4.167233,0.035343,1
1520694878899,4.233398,4.200459,0.032940,1
1520694878909,4.203072,4.171867,0.031204,1
1520694878919,4.207249,4.174614,0.032635,1
1520694878929,4.220142,4.191856,0.028286,1
1520694878939,4.217873,4.191246,0.026627,1
1520694878949,4.288445,4.266491,0.021954,1
1520694878959,4.199944,4.169102,0.030842,1
1520694878969,4.304523,4.285984,0.018539,1
1520694878979,4.304237,4.276314,0.027924,0
1520694878989,4.245930,4.210777,0.035152,0
1520694878999,4.296913,4.266148,0.030766,0
1520694879009,4.220104,4.195824,0.024281,0
1520694879019,4.223156,4.180279,0.042877,0
1520694879029,4.204235,4.166489,0.037746,0
1520694879039,4.202480,4.171238,0.031242,0
1520694879049,4.202271,4.175129,0.027142,0
1520694879060,4.204426,4.169006,0.035419,0
1520694879070,4.275017,4.250393,0.024624,1
1520694879080,4.206047,4.181194,0.024853,1
1520694879090,4.221058,4.215679,0.005379,1
1520694879100,4.194984,4.170303,0.024681,1
1520694879110,4.202156,4.167767,0.034389,1
1520694879120,4.211349,4.182529,0.028820,1
1520694879130,4.194813,4.173527,0.021286,1
1520694879140,4.217358,4.193192,0.024166,1
1520694879150,4.197254,4.168530,0.028725,1
1520694879160,4.276733,4.251652,0.025082,1
1520694879170,4.207592,4.172363,0.035229,0
1520694879180,4.198895,4.166718,0.032177,0
1520694879190,4.210587,4.180470,0.030117,0
1520694879200,4.200153,4.170151,0.030003,0
1520694879210,4.276962,4.248829,0.028133,0
1520694879220,4.202023,4.172974,0.029049,0
1520694879230,4.247322,4.223652,0.023670,0
1520694879240,4.210396,4.181290,0.029106,0
1520694879250,4.201088,4.170380,0.030708,0
1520694879260,4.210930,4.199104,0.011826,0
1520694879270,4.201851,4.169178,0.032673,1
1520694879280,4.214115,4.197559,0.016556,1
1520694879290,4.204063,4.175835,0.028229,1
1520694879300,4.202595,4.170151,0.032444,1
1520694879310,4.252834,4.211178,0.041656,1
1520694879320,4.200954,4.174309,0.026646,1
1520694879330,4.258289,4.220676,0.037613,1
1520694879340,4.205875,4.176273,0.029602,1
1520694879350,4.199142,4.179268,0.019875,1
1520694879360,4.196072,4.173985,0.022087,1
1520694879370,4.201393,4.164257,0.037136,0
1520694879380,4.250011,4.225979,0.024033,0
1520694879390,4.200153,4.164925,0.035229,0
1520694879400,4.233322,4.211388,0.021935,0
1520694879410,4.197350,4.164696,0.032654,0
1520694879421,4.200764,4.169540,0.031223,0
1520694879431,4.207706,4.188175,0.019531,0
1520694879441,4.196091,4.165134,0.030956,0
1520694879451,4.212627,4.178066,0.034561,0
1520694879461,4.218044,4.185276,0.032768,0
1520694879471,4.247055,4.221992,0.025063,1
1520694879481,4.202671,4.173622,0.029049,1
1520694879491,4.206238,4.173050,0.033188,1
1520694879501,4.210720,4.172497,0.038223,1
1520694879512,4.192963,4.175453,0.017509,1
1520694879522,4.198952,4.165077,0.033875,1
1520694879532,4.201298,4.173031,0.028267,1
1520694879542,4.209328,4.173336,0.035992,1
1520694879552,4.199238,4.169407,0.029831,1
1520694879562,4.227066,4.195118,0.031948,1
1520694879572,4.243851,4.218349,0.025501,0
1520694879582,4.203434,4.171982,0.031452,0
1520694879592,4.213696,4.181499,0.032196,0
1520694879603,4.194317,4.177361,0.016956,0
1520694879613,4.199791,4.172306,0.027485,0
1520694879623,4.200459,4.170265,0.030193,0
1520694879633,4.214344,4.180756,0.033588,0
1520694879643,4.199886,4.182148,0.017738,0
1520694879653,4.280205,4.252319,0.027885,0
1520694879663,4.212017,4.188156,0.023861,0
1520694879673,4.196663,4.160938,0.035725,1
1520694879683,4.251728,4.220924,0.030804,1
1520694879693,4.194260,4.169769,0.024490,1
1520694879703,4.269505,4.240246,0.029259,1
1520694879713,4.195347,4.163570,0.031776,1
1520694879723,4.200420,4.169903,0.030518,1
1520694879733,4.199543,4.164104,0.035439,1
1520694879744,4.197884,4.170856,0.027027,1
1520694879754,4.198227,4.168777,0.029449,1
1520694879764,4.204769,4.167728,0.037041,1
1520694879774,4.286079,4.261417,0.024662,0
1520694879784,4.199677,4.169846,0.029831,0
1520694879794,4.204044,4.172020,0.032024,0
1520694879804,4.197540,4.170990,0.026550,0
1520694879814,4.198532,4.168835,0.029697,0
1520694879824,4.203796,4.172554,0.031242,0
1520694879835,4.203453,4.169445,0.034008,0
1520694879845,4.212646,4.182873,0.029774,0
1520694879855,4.208775,4.172173,0.036602,0
1520694879865,4.232864,4.208031,0.024834,0
1520694879875,4.203262,4.177094,0.026169,1
1520694879885,4.195271,4.169884,0.025387,1
1520694879895,4.215527,4.197140,0.018387,1
1520694879905,4.194736,4.172516,0.022221,1
1520694879915,4.211826,4.186459,0.025368,1
1520694879926,4.196148,4.175797,0.020351,1
1520694879936,4.226418,4.193554,0.032864,1
1520694879946,4.199333,4.175396,0.023937,1
1520694879956,4.274654,4.235249,0.039406,1
1520694879966,4.195518,4.169464,0.026054,1
1520694879976,4.201355,4.174442,0.026913,0
1520694879986,4.245472,4.211121,0.034351,0
1520694879996,4.196033,4.171524,0.024509,0
1520694880006,4.280720,4.258518,0.022202,0
1520694880016,4.196339,4.171333,0.025005,0
1520694880026,4.193611,4.172306,0.021305,0
1520694880036,4.201260,4.171429,0.029831,0
1520694880046,4.204731,4.173737,0.030994,0
1520694880056,4.205055,4.177589,0.027466,0
1520694880067,4.207726,4.192982,0.014744,0
1520694880077,4.287186,4.264183,0.023003,1
1520694880087,4.202290,4.172134,0.030155,1
1520694880097,4.267750,4.241409,0.026340,1
1520694880108,4.200821,4.168396,0.032425,1
1520694880118,4.255333,4.231129,0.024204,1
1520694880128,4.192486,4.167461,0.025024,1
1520694880138,4.200039,4.200840,-0.000801,1
1520694880148,4.200153,4.175262,0.024891,1
1520694880158,4.195366,4.170895,0.024471,1
1520694880168,4.248314,4.217625,0.030689,1
1520694880178,4.203243,4.170876,0.032368,0
1520694880188,4.198074,4.169559,0.028515,0
1520694880199,4.203434,4.172516,0.030918,0
1520694880209,4.202271,4.172649,0.029621,0
1520694880219,4.218674,4.188728,0.029945,0
1520694880229,4.195576,4.179554,0.016022,0
1520694880239,4.209557,4.184856,0.024700,0
1520694880249,4.201012,4.176941,0.024071,0
1520694880259,4.283161,4.259491,0.023670,0
1520694880269,4.285297,4.267483,0.017815,0
1520694880279,4.213963,4.176655,0.037308,1
1520694880290,4.282207,4.254265,0.027943,1
1520694880300,4.201012,4.169426,0.031586,1
1520694880310,4.262619,4.241028,0.021591,1
1520694880320,4.204884,4.202576,0.002308,1
1520694880330,4.199219,4.205017,-0.005798,1
1520694880340,4.222450,4.186382,0.036068,1
1520694880350,4.200668,4.170284,0.030384,1
1520694880360,4.220982,4.190845,0.030136,1
1520694880370,4.240017,4.207115,0.032902,1
1520694880380,4.233055,4.200611,0.032444,0
1520694880390,4.206429,4.177914,0.028515,0
1520694880400,4.198284,4.165325,0.032959,0
1520694880410,4.208508,4.180222,0.028286,0
1520694880420,4.193058,4.177837,0.015221,0
1520694880430,4.277935,4.253120,0.024815,0
1520694880440,4.192009,4.171371,0.020638,0
1520694880450,4.276447,4.244308,0.032139,0
1520694880460,4.197502,4.166431,0.031071,0
1520694880470,4.228554,4.197617,0.030937,0
1520694880480,4.280949,4.251633,0.029316,1
1520694880490,4.195518,4.165382,0.030136,1
1520694880500,4.272671,4.249630,0.023041,1
1520694880510,4.193134,4.166317,0.026817,1
1520694880521,4.268570,4.240837,0.027733,1
1520694880531,4.287720,4.267178,0.020542,1
1520694880541,4.198399,4.165287,0.033112,1
1520694880551,4.206848,4.174767,0.032082,1
1520694880561,4.301491,4.266548,0.034943,1
1520694880571,4.282551,4.262142,0.020409,1
1520694880581,4.206848,4.174442,0.032406,0
1520694880591,4.245625,4.214935,0.030689,0
1520694880601,4.218884,4.174366,0.044518,0
1520694880612,4.276505,4.252472,0.024033,0
1520694880622,4.199543,4.165783,0.033760,0
1520694880632,4.247990,4.223766,0.024223,0
1520694880642,4.198380,4.170876,0.027504,0
1520694880652,4.209023,4.174156,0.034866,0
1520694880662,4.214954,4.182758,0.032196,0
1520694880672,4.208031,4.185905,0.022125,1
1520694880682,4.248428,4.226761,0.021667,1
1520694880692,4.203892,4.170322,0.033569,1
1520694880703,4.222679,4.183807,0.038872,1
1520694880713,4.199505,4.164925,0.034580,1
1520694880723,4.216080,4.190578,0.025501,1
1520694880733,4.200230,4.173374,0.026855,1
1520694880743,4.195766,4.165478,0.030289,1
1520694880753,4.283543,4.265022,0.018520,1
1520694880763,4.201717,4.170113,0.031605,1
1520694880773,4.192104,4.167843,0.024261,0
1520694880783,4.213581,4.180489,0.033092,0
1520694880793,4.201584,4.168282,0.033302,0
1520694880803,4.293327,4.270000,0.023327,0
1520694880813,4.199066,4.165726,0.033340,0
1520694880823,4.292908,4.269180,0.023727,0
1520694880833,4.208412,4.169502,0.038910,0
1520694880844,4.282780,4.254398,0.028381,0
1520694880854,4.196968,4.173965,0.023003,0
1520694880864,4.273224,4.255466,0.017757,0
1520694880874,4.225559,4.186840,0.038719,1
1520694880884,4.197311,4.178562,0.018749,1
1520694880894,4.267197,4.244843,0.022354,1
1520694880904,4.205017,4.165516,0.039501,1
1520694880914,4.271450,4.240723,0.030727,1
1520694880924,4.200878,4.172249,0.028629,1
1520694880935,4.215012,4.202290,0.012722,1
1520694880945,4.200668,4.167252,0.033417,1
1520694880955,4.199848,4.174919,0.024929,1
1520694880965,4.210491,4.183369,0.027122,1
1520694880975,4.212780,4.177589,0.035191,0
1520694880985,4.195690,4.172249,0.023441,0
1520694880995,4.215984,4.189606,0.026379,0
1520694881005,4.202003,4.163017,0.038986,0
1520694881015,4.217644,4.180851,0.036793,0
1520694881026,4.198227,4.173851,0.024376,0
1520694881036,4.235764,4.200382,0.035381,0
1520694881046,4.201469,4.169483,0.031986,0
1520694881056,4.262371,4.229240,0.033131,0
1520694881066,4.200706,4.167976,0.032730,0
1520694881076,4.202976,4.175320,0.027657,1
1520694881086,4.235573,4.198952,0.036621,1
1520694881096,4.201279,4.172802,0.028477,1
1520694881106,4.241390,4.213028,0.028362,1
1520694881117,4.204102,4.167824,0.036278,1
1520694881127,4.299297,4.257317,0.041981,1
1520694881137,4.199791,4.169159,0.030632,1
1520694881147,4.281445,4.258995,0.022449,1
1520694881157,4.198360,4.167271,0.031090,1
1520694881167,4.219208,4.183559,0.035648,1
1520694881177,4.288063,4.268322,0.019741,0
1520694881187,4.212303,4.187737,0.024567,0
1520694881197,4.278641,4.256229,0.022411,0
1520694881208,4.199219,4.173679,0.025539,0
1520694881218,4.276943,4.253483,0.023460,0
1520694881228,4.249458,4.227009,0.022449,0
1520694881238,4.255085,4.221802,0.033283,0
1520694881248,4.199429,4.168224,0.031204,0
1520694881258,4.198132,4.180031,0.018101,0
1520694881268,4.233532,4.199047,0.034485,0
1520694881278,4.201546,4.168015,0.033531,1
1520694881288,4.200306,4.169369,0.030937,1
1520694881298,4.198570,4.175549,0.023022,1
1520694881308,4.197826,4.173546,0.024281,1
1520694881318,4.230576,4.199181,0.031395,1
1520694881328,4.226646,4.214897,0.011749,1
1520694881338,4.288120,4.267731,0.020390,1
1520694881348,4.198895,4.167976,0.030918,1
1520694881358,4.196301,4.173813,0.022488,1
1520694881368,4.209461,4.174671,0.034790,1
1520694881378,4.200191,4.169712,0.030479,0
1520694881388,4.267025,4.240303,0.026722,0
1520694881398,4.220295,4.190388,0.029907,0
1520694881408,4.209881,4.174023,0.035858,0
1520694881418,4.214020,4.179688,0.034332,0
1520694881428,4.206295,4.176750,0.029545,0
1520694881439,4.207687,4.199295,0.008392,0
1520694881449,4.197273,4.169426,0.027847,0
1520694881459,4.224339,4.196358,0.027981,0
1520694881469,4.210548,4.170189,0.040359,0
1520694881479,4.199467,4.201107,-0.001640,1
1520694881489,4.211712,4.182949,0.028763,1
1520694881499,4.218998,4.185944,0.033054,1
1520694881509,4.226322,4.196930,0.029392,1
1520694881519,4.200745,4.168777,0.031967,1
1520694881530,4.278851,4.251232,0.027618,1
1520694881540,4.208031,4.176216,0.031815,1
1520694881550,4.295712,4.261341,0.034370,1
1520694881560,4.197502,4.171391,0.026112,1
1520694881570,4.204063,4.174042,0.030022,1
1520694881580,4.222813,4.187222,0.035591,0
1520694881590,4.211159,4.204044,0.007114,0
1520694881600,4.214020,4.189358,0.024662,0
1520694881610,4.207573,4.183540,0.024033,0
1520694881621,4.225559,4.201622,0.023937,0
1520694881631,4.210567,4.179821,0.030746,0
1520694881641,4.287510,4.271069,0.016441,0
1520694881651,4.201908,4.168892,0.033016,0
1520694881661,4.290409,4.264050,0.026360,0
1520694881671,4.266720,4.245472,0.021248,0
1520694881681,4.225368,4.188995,0.036373,1
1520694881691,4.290352,4.264011,0.026340,1
1520694881701,4.222736,4.188194,0.034542,1
1520694881711,4.282417,4.256783,0.025635,1
1520694881721,4.198704,4.166393,0.032310,1
1520694881731,4.196892,4.170895,0.025997,1
1520694881741,4.212723,4.183826,0.028896,1
1520694881751,4.202251,4.177017,0.025234,1
1520694881761,4.292622,4.259720,0.032902,1
1520694881771,4.212475,4.184494,0.027981,1
1520694881781,4.207134,4.170418,0.036716,0
1520694881791,4.201927,4.177265,0.024662,0
1520694881801,4.201393,4.161415,0.039978,0
1520694881811,4.289379,4.271927,0.017452,0
1520694881821,4.202061,4.168854,0.033207,0
1520694881831,4.292526,4.264336,0.028191,0
1520694881841,4.205246,4.180336,0.024910,0
1520694881852,4.281788,4.259300,0.022488,0
1520694881862,4.203491,4.168968,0.034523,0
1520694881872,4.260998,4.235401,0.025597,0
1520694881882,4.224796,4.190159,0.034637,1
1520694881892,4.199123,4.166203,0.032921,1
1520694881902,4.273186,4.251842,0.021343,1
1520694881912,4.210911,4.175911,0.035000,1
1520694881922,4.274807,4.250622,0.024185,1
1520694881932,4.205704,4.172401,0.033302,1
1520694881943,4.231415,4.187946,0.043468,1
1520694881953,4.202824,4.165421,0.037403,1
1520694881963,4.199429,4.173489,0.025940,1
1520694881973,4.284439,4.261017,0.023422,1
1520694881983,4.202995,4.181786,0.021210,0
1520694881993,4.202785,4.183254,0.019531,0
1520694882003,4.221058,4.183807,0.037251,0
1520694882013,4.205856,4.176121,0.029736,0
1520694882023,4.208584,4.184246,0.024338,0
1520694882034,4.196720,4.176102,0.020618,0
1520694882044,4.207897,4.175625,0.032272,0
1520694882054,4.198170,4.172764,0.025406,0
1520694882064,4.216404,4.190941,0.025463,0
1520694882074,4.217396,4.181156,0.036240,1
1520694882084,4.212399,4.182129,0.030270,1
1520694882094,4.216290,4.187832,0.028458,1
1520694882104,4.207211,4.174480,0.032730,1
1520694882114,4.212894,4.186726,0.026169,1
1520694882125,4.196491,4.184952,0.011539,1
1520694882135,4.227829,4.201775,0.026054,1
1520694882145,4.199276,4.167385,0.031891,1
1520694882155,4.290314,4.244957,0.045357,1
1520694882165,4.196968,4.168015,0.028954,1
1520694882175,4.253082,4.233685,0.019398,0
1520694882185,4.292202,4.276962,0.015240,0
1520694882195,4.205837,4.176960,0.028877,0
1520694882205,4.285469,4.267044,0.018425,0
1520694882216,4.199696,4.172764,0.026932,0
1520694882226,4.198742,4.167957,0.030785,0
1520694882236,4.211426,4.179688,0.031738,0
1520694882246,4.198513,4.171295,0.027218,0
1520694882256,4.209957,4.179287,0.030670,0
1520694882266,4.206772,4.174881,0.031891,0
1520694882276,4.208717,4.184284,0.024433,1
1520694882286,4.219055,4.196739,0.022316,1
1520694882296,4.211025,4.174767,0.036259,1
1520694882306,4.224873,4.189625,0.035248,1
1520694882316,4.198437,4.172020,0.026417,1
1520694882326,4.279251,4.250011,0.029240,1
1520694882336,4.214764,4.184189,0.030575,1
1520694882346,4.263439,4.236870,0.026569,1
1520694882357,4.199295,4.175072,0.024223,1
1520694882367,4.211388,4.172497,0.038891,1
1520694882377,4.259548,4.222012,0.037537,0
1520694882387,4.207916,4.173317,0.034599,0
1520694882397,4.286289,4.257908,0.028381,0
1520694882407,4.228249,4.187794,0.040455,0
1520694882417,4.201298,4.169636,0.031662,0
1520694882427,4.212494,4.176769,0.035725,0
1520694882437,4.205189,4.167900,0.037289,0
1520694882448,4.203854,4.174232,0.029621,0
1520694882458,4.222412,4.192448,0.029964,0
1520694882468,4.242878,4.240017,0.002861,0
1520694882478,4.198170,4.170322,0.027847,1
1520694882488,4.198570,4.175930,0.022640,1
1520694882498,4.213867,4.184895,0.028973,1
1520694882508,4.205456,4.175110,0.030346,1
1520694882518,4.222813,4.193878,0.028934,1
1520694882528,4.199142,4.173412,0.025730,1
1520694882539,4.248734,4.230042,0.018692,1
1520694882549,4.204082,4.182091,0.021992,1
1520694882559,4.284973,4.264698,0.020275,1
1520694882569,4.200268,4.173794,0.026474,1
1520694882579,4.292545,4.263134,0.029411,0
1520694882589,4.208584,4.174252,0.034332,0
1520694882599,4.209805,4.184456,0.025349,0
1520694882609,4.211426,4.173946,0.037479,0
1520694882619,4.215660,4.191761,0.023899,0
1520694882629,4.215851,4.188652,0.027199,0
1520694882639,4.209557,4.179745,0.029812,0
1520694882649,4.258633,4.232903,0.025730,0
1520694882659,4.206314,4.174767,0.031548,0
1520694882669,4.222527,4.177971,0.044556,0
1520694882680,4.307022,4.283638,0.023384,1
1520694882690,4.208450,4.172287,0.036163,1
1520694882700,4.285851,4.254761,0.031090,1
1520694882710,4.197273,4.166241,0.031033,1
1520694882720,4.281120,4.252892,0.028229,1
1520694882730,4.197693,4.168606,0.029087,1
1520694882740,4.200382,4.171638,0.028744,1
1520694882750,4.206486,4.179821,0.026665,1
1520694882760,4.204617,4.179134,0.025482,1
1520694882771,4.233379,4.230442,0.002937,1
1520694882781,4.197044,4.167366,0.029678,0
1520694882791,4.201717,4.166489,0.035229,0
1520694882801,4.199886,4.164963,0.034924,0
1520694882811,4.199390,4.167271,0.032120,0
1520694882821,4.218369,4.188976,0.029392,0
1520694882831,4.203167,4.174023,0.029144,0
1520694882841,4.245987,4.222546,0.023441,0
1520694882851,4.199352,4.173698,0.025654,0
1520694882862,4.273186,4.239063,0.034122,0
1520694882872,4.198170,4.171219,0.026951,0
1520694882882,4.199257,4.165936,0.033321,1
1520694882892,4.208431,4.177647,0.030785,1
1520694882902,4.202709,4.168911,0.033798,1
1520694882912,4.283218,4.255238,0.027981,1
1520694882922,4.207687,4.171066,0.036621,1
1520694882932,4.279709,4.251900,0.027809,1
1520694882942,4.206734,4.171295,0.035439,1
1520694882952,4.254761,4.235096,0.019665,1
1520694882962,4.225769,4.206314,0.019455,1
1520694882972,4.206429,4.178581,0.027847,1
1520694882982,4.284286,4.255219,0.029068,0
1520694882992,4.210110,4.179306,0.030804,0
1520694883002,4.201603,4.170494,0.031109,0
1520694883012,4.209843,4.173183,0.036659,0
1520694883022,4.203854,4.170914,0.032940,0
1520694883032,4.210014,4.172993,0.037022,0
1520694883043,4.201508,4.175549,0.025959,0
1520694883053,4.246731,4.234619,0.012112,0
1520694883063,4.253883,4.232044,0.021839,0
1520694883073,4.293289,4.263458,0.029831,0
1520694883083,4.226685,4.200840,0.025845,1
1520694883093,4.200191,4.173164,0.027027,1
1520694883103,4.263649,4.219208,0.044441,1
1520694883113,4.201717,4.164467,0.037251,1
1520694883123,4.263401,4.224434,0.038967,1
1520694883133,4.197254,4.167271,0.029984,1
1520694883143,4.243565,4.215107,0.028458,1
1520694883153,4.204407,4.169884,0.034523,1
1520694883163,4.211655,4.175816,0.035839,1
1520694883173,4.203110,4.179096,0.024014,1
1520694883183,4.240780,4.219246,0.021534,0
1520694883193,4.203148,4.168472,0.034676,0
1520694883203,4.298859,4.282608,0.016251,0
1520694883213,4.203434,4.168568,0.034866,0
1520694883223,4.288006,4.255600,0.032406,0
1520694883233,4.201775,4.178658,0.023117,0
1520694883243,4.227200,4.194660,0.032539,0
1520694883253,4.210777,4.182320,0.028458,0
1520694883263,4.205666,4.179764,0.025902,0
1520694883274,4.218140,4.190845,0.027294,0
1520694883284,4.197712,4.170551,0.027161,1
1520694883294,4.248085,4.222183,0.025902,1
1520694883304,4.202518,4.170399,0.032120,1
1520694883314,4.198551,4.169960,0.028591,1
1520694883324,4.223423,4.186153,0.037270,1
1520694883334,4.203281,4.167080,0.036201,1
1520694883344,4.241734,4.213219,0.028515,1
1520694883354,4.196815,4.167862,0.028954,1
1520694883365,4.233780,4.200974,0.032806,1
1520694883375,4.234180,4.215450,0.018730,1
1520694883385,4.199467,4.169579,0.029888,0
1520694883395,4.213428,4.176979,0.036449,0
1520694883405,4.197140,4.166355,0.030785,0
1520694883415,4.277058,4.237843,0.039215,0
1520694883425,4.204636,4.175701,0.028934,0
1520694883435,4.297714,4.248943,0.048771,0
1520694883445,4.200268,4.167709,0.032558,0
1520694883455,4.282646,4.255295,0.027351,0
1520694883465,4.195957,4.167137,0.028820,0
1520694883475,4.243374,4.230824,0.012550,0
1520694883485,4.281006,4.258118,0.022888,1
1520694883495,4.204102,4.167919,0.036182,1
1520694883505,4.198475,4.169922,0.028553,1
1520694883515,4.217339,4.189148,0.028191,1
1520694883525,4.205074,4.180393,0.024681,1
1520694883535,4.213505,4.182415,0.031090,1
1520694883545,4.210758,4.181919,0.028839,1
1520694883555,4.209728,4.178314,0.031414,1
1520694883565,4.216595,4.189167,0.027428,1
1520694883575,4.267731,4.236279,0.031452,1
1520694883585,4.195099,4.172039,0.023060,0
1520694883596,4.265614,4.242878,0.022736,0
1520694883606,4.210930,4.172440,0.038490,0
1520694883616,4.203720,4.176540,0.027180,0
1520694883626,4.222317,4.193916,0.028400,0
1520694883636,4.201641,4.179840,0.021801,0
1520694883646,4.280949,4.256573,0.024376,0
1520694883656,4.198189,4.171181,0.027008,0
1520694883666,4.268036,4.240761,0.027275,0
1520694883676,4.291153,4.269238,0.021915,0
1520694883687,4.201012,4.191818,0.009193,1
1520694883697,4.276333,4.251766,0.024567,1
1520694883707,4.209652,4.181671,0.027981,1
1520694883717,4.269867,4.247227,0.022640,1
1520694883727,4.201908,4.170113,0.031796,1
1520694883737,4.196186,4.169521,0.026665,1
1520694883747,4.210911,4.179535,0.031376,1
1520694883757,4.195461,4.169312,0.026150,1
1520694883767,4.216595,4.183865,0.032730,1
1520694883777,4.204540,4.183044,0.021496,0
1520694883787,4.224777,4.183273,0.041504,0
1520694883797,4.214115,4.187412,0.026703,0
1520694883807,4.196701,4.174728,0.021973,0
1520694883817,4.219494,4.183960,0.035534,0
1520694883827,4.229355,4.205399,0.023956,0
1520694883837,4.277534,4.249191,0.028343,0
1520694883847,4.203339,4.168987,0.034351,0
1520694883857,4.272003,4.240990,0.031013,0
1520694883867,4.199848,4.167347,0.032501,0
1520694883877,4.289684,4.265728,0.023956,0
1520694883887,4.280853,4.253788,0.027065,1
1520694883897,4.216709,4.187393,0.029316,1
1520694883907,4.280567,4.248085,0.032482,1
1520694883917,4.199715,4.168301,0.031414,1
1520694883927,4.202900,4.168167,0.034733,1
1520694883937,4.199524,4.175568,0.023956,1
1520694883947,4.209404,4.176903,0.032501,1
1520694883957,4.204044,4.172153,0.031891,1
1520694883967,4.213676,4.184456,0.029221,1
1520694883977,4.241867,4.206619,0.035248,1
1520694883987,4.213848,4.184990,0.028858,0
1520694883997,4.207630,4.169064,0.038567,0
1520694884007,4.296703,4.271126,0.025578,0
1520694884017,4.201069,4.167728,0.033340,0
1520694884027,4.194374,4.167671,0.026703,0
1520694884037,4.213886,4.175549,0.038338,0
1520694884047,4.200764,4.167900,0.032864,0
1520694884057,4.283428,4.255753,0.027676,0
1520694884067,4.207916,4.170856,0.037060,0
1520694884077,4.258327,4.224949,0.033379,0
1520694884087,4.224129,4.188824,0.035305,1
1520694884098,4.199638,4.166050,0.033588,1
1520694884108,4.220428,4.183636,0.036793,1
1520694884118,4.198227,4.174194,0.024033,1
1520694884128,4.234867,4.202442,0.032425,1
1520694884138,4.202309,4.175243,0.027065,1
1520694884148,4.278545,4.248714,0.029831,1
1520694884158,4.205170,4.171124,0.034046,1
1520694884168,4.260883,4.230728,0.030155,1
1520694884178,4.222622,4.197311,0.025311,0
1520694884189,4.201145,4.168739,0.032406,0
1520694884199,4.298592,4.271488,0.027103,0
1520694884209,4.197350,4.166603,0.030746,0
1520694884219,4.299679,4.272099,0.027580,0
1520694884229,4.196377,4.171619,0.024757,0
1520694884239,4.253902,4.236984,0.016918,0
1520694884249,4.200535,4.165134,0.035400,0
1520694884259,4.201469,4.173527,0.027943,0
1520694884269,4.203148,4.163799,0.039349,0
1520694884279,4.209690,4.175797,0.033894,1
1520694884289,4.197350,4.168091,0.029259,1
1520694884299,4.209461,4.179935,0.029526,1
1520694884309,4.196148,4.171543,0.024605,1
1520694884319,4.212742,4.175930,0.036812,1
1520694884329,4.195805,4.178429,0.017376,1
1520694884339,4.243813,4.217911,0.025902,1
1520694884349,4.197445,4.173851,0.023594,1
1520694884359,4.290409,4.270878,0.019531,1
1520694884369,4.203243,4.168606,0.034637,1
1520694884379,4.266338,4.232140,0.034199,0
1520694884389,4.293404,4.270191,0.023212,0
1520694884399,4.201698,4.167595,0.034103,0
1520694884409,4.284744,4.263592,0.021152,0
1520694884420,4.195614,4.167519,0.028095,0
1520694884430,4.284172,4.261074,0.023098,0
1520694884440,4.196377,4.174213,0.022163,0
1520694884450,4.284439,4.256439,0.028000,0
1520694884460,4.205017,4.182816,0.022202,0
1520694884470,4.197407,4.169388,0.028019,0
1520694884480,4.289360,4.263210,0.026150,1
1520694884490,4.198761,4.172134,0.026627,1
1520694884500,4.276161,4.253769,0.022392,1
1520694884511,4.220600,4.203262,0.017338,1
1520694884521,4.275932,4.249725,0.026207,1
1520694884531,4.202576,4.180622,0.021954,1
1520694884541,4.277420,4.250603,0.026817,1
1520694884551,4.299240,4.280052,0.019188,1
1520694884561,4.204292,4.171391,0.032902,1
1520694884571,4.233894,4.221992,0.011902,1
1520694884581,4.199505,4.168358,0.031147,0
1520694884591,4.214859,4.181900,0.032959,0
1520694884602,4.200687,4.170208,0.030479,0
1520694884612,4.228802,4.195423,0.033379,0
1520694884622,4.203758,4.172440,0.031319,0
1520694884632,4.251328,4.214802,0.036526,0
1520694884642,4.196377,4.168758,0.027618,0
1520694884652,4.267254,4.243145,0.024109,0
1520694884662,4.201965,4.169426,0.032539,0
1520694884672,4.231167,4.194317,0.036850,0
1520694884682,4.307575,4.277973,0.029602,1
1520694884692,4.208775,4.176369,0.032406,1
1520694884702,4.203472,4.172668,0.030804,1
1520694884712,4.205608,4.175282,0.030327,1
1520694884722,4.202538,4.171429,0.031109,1
1520694884732,4.218426,4.203167,0.015259,1
1520694884742,4.199638,4.166050,0.033588,1
1520694884752,4.281044,4.251614,0.029430,1
1520694884762,4.207993,4.173603,0.034389,1
1520694884772,4.269943,4.238758,0.031185,1
1520694884782,4.240685,4.206314,0.034370,0
1520694884792,4.211502,4.179134,0.032368,0
1520694884802,4.253349,4.231701,0.021648,0
1520694884812,4.201870,4.171677,0.030193,0
1520694884822,4.258175,4.232101,0.026073,0
1520694884833,4.196110,4.170170,0.025940,0
1520694884843,4.216576,4.178677,0.037899,0
1520694884853,4.198208,4.170513,0.027695,0
1520694884863,4.204140,4.169350,0.034790,0
1520694884873,4.238815,4.194565,0.044250,0
1520694884883,4.232521,4.198132,0.034389,1
1520694884893,4.199619,4.171791,0.027828,1
1520694884903,4.209290,4.180183,0.029106,1
1520694884913,4.203815,4.172497,0.031319,1
1520694884923,4.247971,4.222622,0.025349,1
1520694884933,4.198170,4.203873,-0.005703,1
1520694884943,4.264431,4.247036,0.017395,1
1520694884953,4.250813,4.208889,0.041924,1
1520694884963,4.292774,4.264450,0.028324,1
1520694884973,4.199638,4.168491,0.031147,1
1520694884983,4.210911,4.182262,0.028648,0
1520694884993,4.281597,4.259758,0.021839,0
1520694885003,4.199009,4.176426,0.022583,0
1520694885014,4.287014,4.254875,0.032139,0
1520694885024,4.204521,4.168968,0.035553,0
1520694885034,4.278507,4.260921,0.017586,0
1520694885044,4.209709,4.170551,0.039158,0
1520694885054,4.281445,4.252968,0.028477,0
1520694885064,4.210911,4.173813,0.037098,0
1520694885074,4.229088,4.199409,0.029678,0
1520694885084,4.279270,4.250259,0.029011,1
1520694885094,4.202232,4.164162,0.038071,1
1520694885105,4.257317,4.231625,0.025692,1
1520694885115,4.213543,4.178982,0.034561,1
1520694885125,4.253826,4.224033,0.029793,1
1520694885135,4.203148,4.175797,0.027351,1
1520694885145,4.234200,4.212475,0.021725,1
1520694885155,4.232483,4.188709,0.043774,1
1520694885165,4.197788,4.176464,0.021324,1
1520694885175,4.227314,4.189644,0.037670,1
1520694885185,4.198704,4.169102,0.029602,0
1520694885195,4.199829,4.171638,0.028191,0
1520694885205,4.209576,4.178619,0.030956,0
1520694885215,4.208031,4.176350,0.031681,0
1520694885225,4.222355,4.187603,0.034752,0
1520694885235,4.208183,4.171886,0.036297,0
1520694885245,4.289894,4.265747,0.024147,0
1520694885255,4.211731,4.176292,0.035439,0
1520694885265,4.278755,4.254990,0.023766,0
1520694885275,4.206467,4.172821,0.033646,0
1520694885285,4.199181,4.174500,0.024681,1
1520694885295,4.268341,4.239540,0.028801,1
1520694885305,4.209919,4.175606,0.034313,1
1520694885315,4.207821,4.174023,0.033798,1
1520694885325,4.204617,4.179306,0.025311,1
1520694885336,4.198895,4.170132,0.028763,1
1520694885346,4.203224,4.173145,0.030079,1
1520694885356,4.205284,4.167175,0.038109,1
1520694885366,4.208431,4.178047,0.030384,1
1520694885376,4.208431,4.174690,0.033741,1
1520694885386,4.215374,4.178238,0.037136,0
1520694885396,4.216633,4.179974,0.036659,0
1520694885406,4.207726,4.177570,0.030155,0
1520694885416,4.212456,4.199734,0.012722,0
1520694885427,4.205608,4.200897,0.004711,0
1520694885437,4.213924,4.186401,0.027523,0
1520694885447,4.203777,4.172630,0.031147,0
1520694885457,4.213963,4.187088,0.026875,0
1520694885467,4.211197,4.180508,0.030689,0
1520694885477,4.266739,4.242363,0.024376,0
1520694885487,4.270115,4.236870,0.033245,1
1520694885497,4.208946,4.174557,0.034389,1
1520694885507,4.242897,4.215355,0.027542,1
1520694885517,4.202843,4.167213,0.035629,1
1520694885527,4.277611,4.249325,0.028286,1
1520694885537,4.198494,4.181633,0.016861,1
1520694885547,4.270363,4.252167,0.018196,1
1520694885557,4.200325,4.165363,0.034962,1
1520694885567,4.248219,4.222336,0.025883,1
1520694885577,4.202862,4.167767,0.035095,1
1520694885587,4.208851,4.172363,0.036488,0
1520694885597,4.222031,4.184093,0.037937,0
1520694885607,4.200935,4.177914,0.023022,0
1520694885617,4.282799,4.254627,0.028172,0
1520694885627,4.207115,4.198303,0.008812,0
1520694885637,4.273968,4.244061,0.029907,0
1520694885647,4.197693,4.164219,0.033474,0
1520694885658,4.256763,4.233704,0.023060,0
1520694885668,4.197063,4.170341,0.026722,0
1520694885678,4.201832,4.167652,0.034180,0
1520694885688,4.303646,4.280376,0.023270,1
1520694885698,4.201164,4.173489,0.027676,1
1520694885708,4.231777,4.210873,0.020905,1
1520694885718,4.203835,4.176769,0.027065,1
1520694885728,4.198952,4.167671,0.031281,1
1520694885738,4.209366,4.170876,0.038490,1
1520694885749,4.197674,4.166565,0.031109,1
1520694885759,4.223671,4.184246,0.039425,1
1520694885769,4.199257,4.164543,0.034714,1
1520694885779,4.302826,4.278812,0.024014,1
1520694885789,4.201698,4.181309,0.020390,0
1520694885799,4.210587,4.175339,0.035248,0
1520694885809,4.268150,4.230194,0.037956,0
1520694885819,4.222851,4.185944,0.036907,0
1520694885829,4.294300,4.263916,0.030384,0
1520694885840,4.211826,4.173374,0.038452,0
1520694885850,4.276791,4.260540,0.016251,0
1520694885860,4.197483,4.173031,0.024452,0
1520694885870,4.263172,4.240589,0.022583,0
1520694885880,4.283981,4.233456,0.050526,0
1520694885890,4.208565,4.168816,0.039749,1
1520694885900,4.267368,4.237823,0.029545,1
1520694885910,4.195156,4.164886,0.030270,1
1520694885920,4.267292,4.239521,0.027771,1
1520694885931,4.226551,4.211235,0.015316,1
1520694885941,4.251289,4.229469,0.021820,1
1520694885951,4.208202,4.173565,0.034637,1
1520694885961,4.256058,4.231987,0.024071,1
1520694885971,4.200668,4.166508,0.034161,1
1520694885981,4.249954,4.222622,0.027332,1
1520694885991,4.235306,4.201775,0.033531,0
1520694886001,4.198513,4.177437,0.021076,0
1520694886011,4.200859,4.169197,0.031662,0
1520694886022,4.197044,4.167747,0.029297,0
1520694886032,4.196606,4.168701,0.027905,0
1520694886042,4.205074,4.166584,0.038490,0
1520694886052,4.198227,4.168339,0.029888,0
1520694886062,4.198837,4.173393,0.025444,0
1520694886072,4.129963,4.091206,0.038757,0
1520694886082,4.196548,4.158669,0.037880,1
1520694886092,4.297466,4.268723,0.028744,1
1520694886102,4.200077,4.170246,0.029831,1
1520694886112,4.285831,4.257660,0.028172,1
1520694886122,4.219341,4.179859,0.039482,1
1520694886132,4.212494,4.176636,0.035858,1
1520694886142,4.210968,4.182816,0.028152,1
1520694886152,4.203224,4.173622,0.029602,1
1520694886162,4.225368,4.186878,0.038490,1
1520694886172,4.198742,4.176712,0.022030,1
1520694886182,4.258900,4.230385,0.028515,0
1520694886192,4.199238,4.175205,0.024033,0
1520694886202,4.200230,4.168949,0.031281,0
1520694886212,4.225349,4.196205,0.029144,0
1520694886222,4.200230,4.177780,0.022449,0
1520694886232,4.227428,4.191666,0.035763,0
1520694886242,4.199638,4.167976,0.031662,0
1520694886253,4.226379,4.198093,0.028286,0
1520694886263,4.210148,4.181232,0.028915,0
1520694886273,4.243145,4.230862,0.012283,0
1520694886283,4.212017,4.180622,0.031395,1
1520694886293,4.201374,4.174042,0.027332,1
1520694886303,4.259281,4.221439,0.037842,1
1520694886313,4.198322,4.168644,0.029678,1
1520694886323,4.291115,4.258709,0.032406,1
1520694886333,4.198570,4.165440,0.033131,1
1520694886344,4.286385,4.254608,0.031776,1
1520694886354,4.196129,4.165306,0.030823,1
1520694886364,4.283810,4.260635,0.023174,1
1520694886374,4.199619,4.168720,0.030899,1
1520694886384,4.203053,4.168911,0.034142,0
1520694886394,4.284420,4.255066,0.029354,0
1520694886404,4.205189,4.175987,0.029202,0
1520694886414,4.280720,4.253197,0.027523,0
1520694886424,4.204960,4.166527,0.038433,0
1520694886434,4.273491,4.254284,0.019207,0
1520694886444,4.205074,4.164886,0.040188,0
1520694886454,4.203568,4.168549,0.035019,0
1520694886464,4.200153,4.169884,0.030270,0
1520694886474,4.199524,4.165859,0.033665,0
1520694886484,4.204006,4.172363,0.031643,1
1520694886494,4.209290,4.173584,0.035706,1
1520694886504,4.206295,4.175243,0.031052,1
1520694886514,4.212856,4.181499,0.031357,1
1520694886524,4.197311,4.169598,0.027714,1
1520694886534,4.286137,4.257126,0.029011,1
1520694886544,4.200096,4.171524,0.028572,1
1520694886554,4.287701,4.255085,0.032616,1
1520694886564,4.212723,4.178371,0.034351,1
1520694886575,4.242268,4.197292,0.044975,1
1520694886585,4.199600,4.165955,0.033646,0
1520694886595,4.293747,4.274769,0.018978,0
1520694886605,4.197483,4.176445,0.021038,0
1520694886615,4.202881,4.170609,0.032272,0
1520694886625,4.268589,4.235191,0.033398,0
1520694886635,4.207726,4.176006,0.031719,0
1520694886645,4.254990,4.223862,0.031128,0
1520694886655,4.201069,4.170895,0.030174,0
1520694886666,4.292183,4.268379,0.023804,0
1520694886676,4.199924,4.177094,0.022831,0
1520694886686,4.194622,4.163723,0.030899,1
1520694886696,4.231758,4.196625,0.035133,1
1520694886706,4.207077,4.174156,0.032921,1
1520694886716,4.290295,4.261417,0.028877,1
1520694886726,4.195843,4.166069,0.029774,1
1520694886736,4.280796,4.256134,0.024662,1
1520694886746,4.206638,4.167671,0.038967,1
1520694886757,4.195442,4.196358,-0.000916,1
1520694886767,4.208775,4.178715,0.030060,1
1520694886777,4.199162,4.163723,0.035439,1
1520694886787,4.294071,4.258003,0.036068,0
1520694886797,4.198856,4.171543,0.027313,0
1520694886807,4.238186,4.194393,0.043793,0
1520694886817,4.268970,4.233856,0.035114,0
1520694886827,4.206810,4.183884,0.022926,0
1520694886837,4.293003,4.260502,0.032501,0
1520694886848,4.206314,4.176865,0.029449,0
1520694886858,4.289303,4.260597,0.028706,0
1520694886868,4.208202,4.182587,0.025616,0
1520694886878,4.221001,4.187698,0.033302,0
1520694886888,4.237061,4.204597,0.032463,1
1520694886898,4.195480,4.168186,0.027294,1
1520694886908,4.246559,4.224873,0.021687,1
1520694886918,4.195671,4.170494,0.025177,1
1520694886928,4.236259,4.221916,0.014343,1
1520694886939,4.260540,4.243736,0.016804,1
1520694886949,4.207954,4.173985,0.033970,1
1520694886959,4.289074,4.242477,0.046597,1
1520694886969,4.205036,4.174767,0.030270,1
1520694886979,4.285908,4.261742,0.024166,1
1520694886989,4.241352,4.207401,0.033951,0
1520694886999,4.208622,4.173069,0.035553,0
1520694887009,4.284115,4.258690,0.025425,0
1520694887019,4.207096,4.178181,0.028915,0
1520694887029,4.293232,4.262619,0.030613,0
1520694887039,4.219151,4.187717,0.031433,0
1520694887049,4.209175,4.179344,0.029831,0
1520694887059,4.214764,4.183121,0.031643,0
1520694887069,4.196320,4.168587,0.027733,0
1520694887079,4.256344,4.221992,0.034351,0
1520694887089,4.200745,4.166756,0.033989,1
1520694887099,4.208965,4.176636,0.032330,1
1520694887109,4.201775,4.170456,0.031319,1
1520694887119,4.203320,4.172974,0.030346,1
1520694887129,4.236698,4.205685,0.031013,1
1520694887139,4.207821,4.171982,0.035839,1
1520694887149,4.298553,4.251842,0.046711,1
1520694887159,4.210892,4.170074,0.040817,1
1520694887170,4.289036,4.265862,0.023174,1
1520694887180,4.204445,4.170952,0.033493,1
1520694887190,4.205418,4.169617,0.035801,0
1520694887200,4.238873,4.202461,0.036411,0
1520694887210,4.200916,4.185028,0.015888,0
1520694887220,4.272556,4.249420,0.023136,0
1520694887230,4.198093,4.176655,0.021439,0
1520694887240,4.269810,4.242973,0.026836,0
1520694887250,4.202766,4.177418,0.025349,0
1520694887261,4.258099,4.229202,0.028896,0
1520694887271,4.208698,4.180565,0.028133,0
1520694887281,4.206200,4.170399,0.035801,0
1520694887291,4.285717,4.254971,0.030746,1
1520694887301,4.202576,4.183674,0.018902,1
1520694887311,4.214878,4.183750,0.031128,1
1520694887321,4.216137,4.187717,0.028419,1
1520694887331,4.209919,4.180450,0.029469,1
1520694887341,4.223881,4.189663,0.034218,1
1520694887352,4.200020,4.171944,0.028076,1
1520694887362,4.231625,4.197998,0.033627,1
1520694887372,4.203167,4.169254,0.033913,1
1520694887382,4.305878,4.276867,0.029011,1
1520694887392,4.203510,4.171944,0.031567,0
1520694887402,4.217644,4.181271,0.036373,0
1520694887412,4.288273,4.260159,0.028114,0
1520694887422,4.216747,4.187374,0.029373,0
1520694887432,4.282169,4.265804,0.016365,0
1520694887443,4.241905,4.215527,0.026379,0
1520694887453,4.282303,4.260578,0.021725,0
1520694887463,4.211521,4.180737,0.030785,0
1520694887473,4.284325,4.255581,0.028744,0
1520694887483,4.285908,4.264107,0.021801,0
1520694887493,4.197407,4.173260,0.024147,1
1520694887503,4.275246,4.252377,0.022869,1
1520694887513,4.200535,4.198112,0.002422,1
1520694887523,4.256916,4.238491,0.018425,1
1520694887533,4.260368,4.230690,0.029678,1
1520694887543,4.216137,4.177246,0.038891,1
1520694887553,4.217663,4.185257,0.032406,1
1520694887563,4.200878,4.177074,0.023804,1
1520694887573,4.246368,4.212093,0.034275,1
1520694887584,4.298248,4.267426,0.030823,1
1520694887594,4.211693,4.175205,0.036488,0
1520694887604,4.201488,4.168949,0.032539,0
1520694887614,4.264393,4.227409,0.036983,0
1520694887624,4.214211,4.191017,0.023193,0
1520694887634,4.226437,4.196224,0.030212,0
1520694887644,4.210243,4.175396,0.034847,0
1520694887654,4.200821,4.183464,0.017357,0
1520694887664,4.198532,4.167385,0.031147,0
1520694887675,4.228115,4.180622,0.047493,0
1520694887685,4.282665,4.254894,0.027771,1
1520694887695,4.209881,4.177170,0.032711,1
1520694887705,4.230080,4.219418,0.010662,1
1520694887715,4.213963,4.183979,0.029984,1
1520694887725,4.208603,4.170322,0.038280,1
1520694887735,4.260845,4.231014,0.029831,1
1520694887745,4.204559,4.170876,0.033684,1
1520694887755,4.257545,4.224453,0.033092,1
1520694887766,4.205456,4.168472,0.036983,1
1520694887776,4.264164,4.238491,0.025673,1
1520694887786,4.230671,4.196968,0.033703,0
1520694887796,4.208488,4.174805,0.033684,0
1520694887806,4.289036,4.268761,0.020275,0
1520694887816,4.203949,4.179058,0.024891,0
1520694887826,4.205265,4.179516,0.025749,0
1520694887836,4.201965,4.170341,0.031624,0
1520694887846,4.199295,4.180069,0.019226,0
1520694887857,4.198990,4.170551,0.028439,0
1520694887867,4.234180,4.203568,0.030613,0
1520694887877,4.208736,4.174137,0.034599,0
1520694887887,4.213905,4.181252,0.032654,1
1520694887897,4.194698,4.175949,0.018749,1
1520694887907,4.239292,4.206829,0.032463,1
1520694887917,4.201717,4.168396,0.033321,1
1520694887927,4.249897,4.214191,0.035706,1
1520694887937,4.195023,4.167843,0.027180,1
1520694887948,4.263802,4.231033,0.032768,1
1520694887958,4.194775,4.167442,0.027332,1
1520694887968,4.281902,4.255543,0.026360,1
1520694887978,4.235973,4.198799,0.037174,1
1520694887988,4.197865,4.174099,0.023766,0
1520694887998,4.258747,4.228420,0.030327,0
1520694888008,4.204464,4.172382,0.032082,0
1520694888018,4.219265,4.182434,0.036831,0
1520694888028,4.212265,4.177170,0.035095,0
1520694888038,4.218388,4.206791,0.011597,0
1520694888048,4.246445,4.213543,0.032902,0
1520694888058,4.206505,4.173450,0.033054,0
1520694888068,4.231682,4.209995,0.021687,0
1520694888078,4.242420,4.209957,0.032463,0
1520694888088,4.201603,4.170742,0.030861,1
1520694888098,4.242325,4.209099,0.033226,1
1520694888108,4.197311,4.168301,0.029011,1
1520694888118,4.282436,4.264145,0.018291,1
1520694888128,4.198704,4.169083,0.029621,1
1520694888138,4.197807,4.172516,0.025291,1
1520694888148,4.509201,4.502106,0.007095,1
1520694888158,4.521160,4.512901,0.008259,1
1520694888168,4.522533,4.511585,0.010948,1
1520694888179,4.435139,4.418526,0.016613,1
1520694888189,4.527206,4.517822,0.009384,0
1520694888199,4.529533,4.518681,0.010853,0
1520694888209,4.531059,4.518871,0.012188,0
1520694888219,4.528599,4.519386,0.009212,0
1520694888229,4.526157,4.512234,0.013924,0
1520694888239,4.523182,4.513206,0.009975,0
1520694888249,4.522247,4.518890,0.003357,0
1520694888259,4.523735,4.514408,0.009327,0
1520694888270,4.526882,4.515839,0.011044,0
1520694888280,4.443798,4.432468,0.011330,0
1520694888290,4.531727,4.516582,0.015144,1
1520694888300,4.528160,4.518547,0.009613,1
1520694888310,4.524784,4.509239,0.015545,1
1520694888320,4.518757,4.516945,0.001812,1
1520694888330,4.517021,4.506512,0.010509,1
1520694888340,4.515095,4.509430,0.005665,1
1520694888350,4.517021,4.507847,0.009174,1
1520694888361,4.517708,4.511185,0.006523,1
1520694888371,4.510422,4.506168,0.004253,1
1520694888381,4.511642,4.496765,0.014877,1
1520694888391,4.483395,4.473534,0.009861,0
1520694888401,4.492207,4.490108,0.002098,0
1520694888411,4.446201,4.418888,0.027313,0
1520694888421,4.525833,4.510517,0.015316,0
1520694888431,4.522152,4.518681,0.003471,0
1520694888441,4.527721,4.523773,0.003948,0
1520694888451,4.529514,4.518356,0.011158,0
1520694888461,4.527359,4.519444,0.007915,0
1520694888471,4.528008,4.517860,0.010147,0
1520694888481,4.485054,4.478474,0.006580,0
1520694888491,4.481201,4.470539,0.010662,1
1520694888502,4.523792,4.518089,0.005703,1
1520694888512,4.521751,4.514427,0.007324,1
1520694888522,4.529305,4.521275,0.008030,1
1520694888532,4.525299,4.518852,0.006447,1
1520694888542,4.529266,4.527054,0.002213,1
1520694888552,4.527874,4.519138,0.008736,1
1520694888562,4.523888,4.519043,0.004845,1
1520694888572,4.530945,4.514351,0.016594,1
1520694888582,4.331474,4.300308,0.031166,1
1520694888593,4.519653,4.511585,0.008068,0
1520694888603,4.527149,4.521942,0.005207,0
1520694888613,4.527779,4.516277,0.011501,0
1520694888623,4.530926,4.521408,0.009518,0
1520694888633,4.528503,4.519119,0.009384,0
1520694888643,4.531898,4.520340,0.011559,0
1520694888653,4.524765,4.514027,0.010738,0
1520694888663,4.523125,4.510612,0.012512,0
1520694888673,4.517250,4.508095,0.009155,0
1520694888684,4.398499,4.368954,0.029545,0
1520694888694,4.485569,4.477634,0.007935,1
1520694888704,4.463444,4.452591,0.010853,1
1520694888714,4.322853,4.302368,0.020485,1
1520694888724,4.268303,4.239502,0.028801,1
1520694888734,4.517136,4.510708,0.006428,1
1520694888744,4.513340,4.501305,0.012035,1
1520694888754,4.523373,4.513435,0.009937,1
1520694888764,4.523849,4.518147,0.005703,1
1520694888775,4.532146,4.518414,0.013733,1
1520694888785,4.329338,4.306507,0.022831,1
1520694888795,4.312878,4.298267,0.014610,1
1520694888805,4.526081,4.514542,0.011539,1
1520694888815,4.483585,4.474239,0.009346,1
1520694888825,4.530888,4.517117,0.013771,1
1520694888835,4.524040,4.513340,0.010700,1
1520694888845,4.525528,4.513798,0.011730,1
1520694888855,4.528942,4.516735,0.012207,1
1520694888866,4.534187,4.519310,0.014877,1
1520694888876,4.507618,4.499474,0.008144,1
1520694888886,4.525623,4.523811,0.001812,1
1520694888896,4.529114,4.526424,0.002689,1
1520694888906,4.522667,4.515686,0.006981,1
1520694888916,4.509182,4.497681,0.011501,1
1520694888926,4.520092,4.511414,0.008678,1
1520694888936,4.510803,4.508286,0.002518,1
1520694888946,4.520817,4.511719,0.009098,1
1520694888956,4.519463,4.505138,0.014324,1
1520694888966,4.518566,4.512405,0.006161,1
1520694888976,4.520245,4.508419,0.011826,1
1520694888986,4.515572,4.513226,0.002346,1
1520694888996,4.525814,4.515381,0.010433,1
1520694889006,4.524307,4.515114,0.009193,1
1520694889016,4.528313,4.513702,0.014610,1
1520694889026,4.523716,4.515667,0.008049,1
1520694889036,4.523640,4.515266,0.008373,1
1520694889046,4.524841,4.513206,0.011635,1
1520694889056,4.503479,4.492989,0.010490,1
1520694889066,4.523525,4.512634,0.010891,1
1520694889076,4.515820,4.505558,0.010262,1
1520694889086,4.521828,4.514809,0.007019,1
1520694889097,4.522724,4.515572,0.007153,1
1520694889107,4.525089,4.513206,0.011883,1
1520694889117,4.522438,4.515152,0.007286,1
1520694889127,4.525757,4.516392,0.009365,1
1520694889137,4.529953,4.513092,0.016861,1
1520694889147,4.523907,4.513969,0.009937,1
1520694889157,4.521866,4.512196,0.009670,1
1520694889167,4.526691,4.513035,0.013657,1
1520694889177,4.526463,4.512920,0.013542,1
1520694889188,4.523773,4.512291,0.011482,1
1520694889198,4.525204,4.513569,0.011635,1
1520694889208,4.521961,4.516525,0.005436,1
1520694889218,4.529915,4.515610,0.014305,1
1520694889228,4.527950,4.513378,0.014572,1
1520694889238,4.522095,4.516449,0.005646,1
1520694889248,4.525833,4.512501,0.013332,1
1520694889258,4.531059,4.516487,0.014572,1
1520694889268,4.522152,4.513474,0.008678,1
1520694889278,4.524746,4.514694,0.010052,1
1520694889288,4.526978,4.512577,0.014400,1
1520694889298,4.529858,4.516277,0.013580,1
1520694889308,4.527931,4.513302,0.014629,1
1520694889318,4.523792,4.515572,0.008221,1
1520694889328,4.523354,4.520302,0.003052,1
1520694889338,4.524937,4.514027,0.010910,1
1520694889348,4.524326,4.517040,0.007286,1
1520694889358,4.528065,4.518604,0.009460,1
1520694889368,4.524250,4.512463,0.011787,1
1520694889378,4.523907,4.521732,0.002174,1
1520694889388,4.532204,4.512386,0.019817,1
1520694889398,4.525909,4.520073,0.005836,1
1520694889408,4.527416,4.515476,0.011940,1
1520694889419,4.523258,4.512730,0.010529,1
1520694889429,4.523716,4.517689,0.006027,1
1520694889439,4.521732,4.517937,0.003796,1
1520694889449,4.525948,4.514351,0.011597,1
1520694889459,4.522858,4.517059,0.005798,1
1520694889469,4.523621,4.518051,0.005569,1
1520694889479,4.530087,4.515934,0.014153,1
1520694889489,4.530239,4.513302,0.016937,1
1520694889499,4.524822,4.523029,0.001793,1
1520694889510,4.522419,4.514790,0.007629,1
1520694889520,4.522781,4.514847,0.007935,1
1520694889530,4.524384,4.518490,0.005894,1
1520694889540,4.524803,4.520588,0.004215,1
1520694889550,4.531898,4.517689,0.014210,1
1520694889560,4.524384,4.519596,0.004787,1
1520694889570,4.529552,4.516468,0.013084,1
1520694889580,4.525032,4.516182,0.008850,1
1520694889590,4.524593,4.511089,0.013504,1
1520694889601,4.532070,4.515438,0.016632,1
1520694889611,4.524899,4.514790,0.010109,1
1520694889621,4.525585,4.519691,0.005894,1
1520694889631,4.447899,4.439564,0.008335,1
1520694889641,4.522476,4.515934,0.006542,1
