currentTs;total_time;user_time;sys_time;virtual_size;in_octets;out_octets
1522070252526;2;0;0;1400832;38120880;47864209
1522070252626;12;1;2;29495296;38120880;47864209
1522070252726;22;1;2;29458432;38120880;47864209
1522070252827;32;2;4;65875968;38120880;47864209
1522070252927;42;4;5;201318400;38120880;47864209
1522070253027;52;7;6;201318400;38120880;47864209
1522070253127;62;10;8;201318400;38120880;47864209
1522070253228;72;15;10;202891264;38120880;47864209
1522070253328;82;19;13;205238272;38120880;47864209
1522070253428;92;25;13;205238272;38120880;47864209
1522070253528;102;31;14;205238272;38120880;47864209
1522070253628;112;37;15;205238272;38120880;47864209
1522070253728;122;43;16;206090240;38120880;47864209
1522070253828;132;48;17;208080896;38120880;47864209
1522070253928;142;53;18;208232448;38120880;47864209
1522070254028;152;60;19;207835136;38120880;47864209
1522070254128;162;64;20;210247680;38120880;47864209
1522070254228;172;69;21;210247680;38120880;47864209
1522070254328;182;77;21;210247680;38120880;47864209
1522070254428;192;82;22;210247680;38120880;47864209
1522070254528;202;90;23;210247680;38121361;47864209
1522070254628;212;95;25;210247680;38121361;47864209
1522070254728;222;100;26;210247680;38121361;47864209
1522070254828;232;108;26;210247680;38121361;47864209
1522070254928;242;116;26;210247680;38121361;47864209
1522070255028;252;125;27;210247680;38121361;47864209
1522070255128;262;132;28;210247680;38121361;47864209
1522070255228;272;139;28;210247680;38121361;47864209
1522070255328;282;145;29;210247680;38121361;47864209
1522070255428;292;153;29;239865856;38121361;47864209
1522070255528;302;161;30;239865856;38121361;47864209
1522070255628;312;168;31;240193536;38121361;47864209
1522070255728;322;172;33;240193536;38121477;47864321
1522070255828;332;178;34;241176576;38121585;47864457
1522070255928;342;184;35;241176576;38121585;47864457
1522070256028;352;191;36;241176576;38121585;47864457
1522070256128;362;198;36;241197056;38121585;47864457
1522070256229;372;202;39;241328128;38121585;47864457
1522070256329;382;211;39;241328128;38121585;47864457
1522070256429;392;221;39;241328128;38121585;47864457
1522070256529;402;227;40;241328128;38121585;47864457
1522070256630;412;232;42;241328128;38121585;47864457
1522070256730;422;240;42;241328128;38121585;47864457
1522070256830;432;248;42;241328128;38121585;47864457
1522070256930;442;257;43;241328128;38121631;47864509
1522070257031;452;267;43;241328128;38121631;47864509
1522070257131;462;274;44;241328128;38121681;47864509
1522070257231;472;282;45;241328128;38121731;47864509
1522070257333;482;288;46;241328128;38121731;47864509
1522070257433;492;296;46;241602560;38121731;47864509
1522070257534;502;305;46;241831936;38121731;47864509
1522070257634;512;312;47;241831936;38121731;47864509
1522070257734;522;322;47;241831936;38121731;47864509
1522070257834;533;329;48;241831936;38121731;47864509
1522070257935;543;337;50;243929088;38121777;47864561
1522070258035;553;345;50;243929088;38121777;47864561
1522070258135;563;351;52;243929088;38121777;47864561
1522070258235;573;358;52;243929088;38121777;47864561
1522070258335;583;364;52;243929088;38121777;47864561
1522070258435;593;370;53;243929088;38121777;47864561
1522070258535;603;377;55;243929088;38121777;47864561
1522070258636;613;385;55;243929088;38121777;47864561
1522070258736;623;389;57;243929088;38121777;47864561
1522070258837;633;395;58;243929088;38121777;47864561
1522070258937;643;402;59;243929088;38121777;47864561
1522070259037;653;411;60;243929088;38121823;47864613
1522070259137;663;418;60;244977664;38121823;47864613
1522070259237;673;424;62;244977664;38121823;47864613
1522070259337;683;430;63;244977664;38121823;47864613
1522070259437;693;439;64;244977664;38121823;47864613
1522070259538;703;448;64;244977664;38121823;47864613
1522070259638;713;457;65;244977664;38121823;47864613
1522070259738;723;464;66;244977664;38121823;47864613
1522070259839;733;471;67;244977664;38121823;47864613
1522070259939;743;479;68;244977664;38121823;47864613
1522070260039;753;488;70;244977664;38121869;47864665
1522070260139;763;495;70;246026240;38121869;47864665
1522070260239;773;502;70;246026240;38121869;47864665
1522070260345;784;510;70;246026240;38121869;47864665
1522070260445;794;516;71;246026240;38121869;47864665
1522070260545;804;524;71;246026240;38121869;47864665
1522070260645;814;531;73;246026240;38121869;47864665
1522070260745;824;541;73;246026240;38121869;47864665
1522070260846;834;549;74;246026240;38121869;47864665
1522070260946;844;556;75;246026240;38121869;47864665
1522070261046;854;564;76;246026240;38121915;47864717
1522070261146;864;572;76;246026240;38121915;47864717
1522070261247;874;580;78;246026240;38122023;47864980
1522070261347;884;588;79;246026240;38122023;47864980
1522070261448;894;595;80;246026240;38122131;47865244
1522070261548;904;602;82;246026240;38122347;47865767
1522070261648;914;611;82;246026240;38122455;47866025
1522070261753;924;618;84;246026240;38122563;47866283
1522070261853;934;626;84;246026240;38122671;47866538
1522070261953;944;635;84;246026240;38122779;47866796
1522070262053;954;642;86;246026240;38122887;47867049
1522070262153;964;648;88;246026240;38123103;47867563
1522070262253;974;656;88;246026240;38123211;47867820
1522070262354;984;664;89;246026240;38123319;47868077
1522070262454;994;672;89;246026240;38123427;47868333
1522070262554;1004;681;90;246026240;38123535;47868590
1522070262654;1015;690;90;246026240;38123643;47868848
1522070262754;1024;698;90;246026240;38123751;47869104
1522070262854;1035;705;91;246026240;38123859;47869361
1522070262954;1044;712;92;246026240;38124075;47869874
1522070263055;1055;721;92;246026240;38124183;47870131
1522070263155;1065;728;94;246026240;38124291;47870389
1522070263255;1075;736;94;246026240;38124507;47870902
1522070263355;1085;744;95;246165504;38124615;47871160
1522070263456;1095;752;96;246165504;38124723;47871418
1522070263556;1105;761;96;246165504;38124831;47871676
1522070263656;1115;769;96;246165504;38124939;47871934
1522070263756;1125;776;97;246165504;38125047;47872191
1522070263856;1135;785;98;246165504;38125263;47872703
1522070263957;1145;793;98;246165504;38125371;47872960
1522070264057;1155;801;98;246165504;38125479;47873217
1522070264157;1165;809;99;246165504;38125587;47873475
1522070264257;1175;816;99;246165504;38125803;47873990
1522070264358;1185;824;99;246165504;38125911;47874246
1522070264458;1195;831;100;246165504;38126019;47874504
1522070264558;1205;837;101;246165504;38126235;47875017
1522070264658;1215;845;101;246165504;38126343;47875276
1522070264759;1225;853;101;246165504;38126451;47875533
1522070264859;1235;860;102;246165504;38126667;47876048
1522070264959;1245;866;104;246165504;38126775;47876306
1522070265059;1255;875;104;246165504;38126991;47876820
1522070265159;1265;882;104;246165504;38127099;47877077
1522070265259;1275;890;105;246165504;38127315;47877592
1522070265359;1285;898;106;246165504;38127423;47877849
1522070265459;1295;904;107;246165504;38127531;47878105
1522070265559;1305;912;107;246165504;38127747;47878619
1522070265660;1315;920;108;246165504;38127855;47878875
1522070265760;1325;927;109;246165504;38128071;47879390
1522070265860;1335;934;111;246165504;38128179;47879647
1522070265960;1345;940;112;246165504;38128395;47880163
1522070266060;1355;948;112;246165504;38128503;47880420
1522070266160;1365;955;112;246165504;38128719;47880935
1522070266260;1375;962;113;246165504;38128827;47881193
1522070266360;1385;970;114;246165504;38129043;47881707
1522070266460;1395;977;115;246165504;38129151;47881964
1522070266560;1405;985;115;246165504;38129259;47882222
1522070266660;1415;992;116;246165504;38129475;47882736
1522070266760;1425;1000;116;246165504;38129583;47882994
1522070266860;1435;1006;117;246165504;38129799;47883510
1522070266960;1445;1014;117;246165504;38129907;47883769
1522070267060;1455;1022;117;246165504;38130123;47884283
1522070267160;1465;1030;118;246165504;38130231;47884542
1522070267261;1475;1036;119;246165504;38130447;47885060
1522070267361;1485;1043;120;246165504;38130555;47885318
1522070267462;1495;1050;121;246165504;38130771;47885834
1522070267562;1505;1058;121;246165504;38130879;47886092
1522070267662;1515;1064;123;246165504;38131095;47886609
1522070267762;1525;1072;123;246165504;38131311;47887125
1522070267863;1535;1079;123;246165504;38131419;47887383
1522070267963;1545;1086;125;246165504;38131635;47887847
1522070268063;1555;1094;125;246165504;38131743;47888154
1522070268163;1565;1100;126;246165504;38131959;47888670
1522070268263;1575;1108;126;246165504;38132067;47888927
1522070268364;1585;1112;128;246165504;38132283;47889443
1522070268469;1596;1119;130;246165504;38132391;47889700
1522070268569;1606;1124;132;246165504;38132607;47890215
1522070268670;1616;1132;133;246165504;38132715;47890473
1522070268770;1626;1138;135;246165504;38132931;47890989
1522070268870;1636;1145;135;246165504;38133147;47891503
1522070268970;1646;1153;136;246165504;38133255;47891762
1522070269073;1656;1161;136;246165504;38133471;47892277
1522070269173;1666;1169;137;246165504;38133579;47892535
1522070269273;1676;1176;138;246165504;38133795;47893050
1522070269373;1686;1184;140;246165504;38133903;47893308
1522070269473;1696;1192;140;246165504;38134119;47893824
1522070269573;1706;1199;140;246165504;38134227;47894082
1522070269674;1716;1206;141;246165504;38134443;47894597
1522070269777;1727;1213;142;246165504;38134659;47895115
1522070269877;1737;1221;142;246165504;38134767;47895373
1522070269977;1747;1228;144;246165504;38134983;47895890
1522070270077;1757;1234;144;246165504;38135199;47896404
1522070270177;1767;1243;144;246165504;38135307;47896663
1522070270277;1777;1251;145;246165504;38135523;47897177
1522070270378;1787;1259;145;246165504;38135631;47897435
1522070270478;1797;1266;146;246165504;38135847;47897951
1522070270578;1807;1272;148;246165504;38136063;47898466
1522070270678;1817;1281;148;246165504;38136171;47898722
1522070270778;1827;1288;148;246165504;38136387;47899238
1522070270878;1837;1296;148;246165504;38136603;47899754
1522070270978;1847;1303;149;246165504;38136711;47900012
1522070271078;1857;1310;150;246165504;38136927;47900527
1522070271178;1867;1317;150;246165504;38137143;47901042
1522070271278;1877;1324;152;246165504;38137251;47901299
1522070271379;1887;1330;153;246165504;38137467;47901814
1522070271479;1897;1338;154;246165504;38137683;47902280
1522070271579;1907;1344;155;246165504;38137791;47902590
1522070271679;1917;1351;156;246165504;38138007;47903106
1522070271779;1927;1359;158;246165504;38138115;47903364
1522070271879;1937;1368;159;246165504;38138223;47903622
1522070271980;1947;1374;160;246165504;38138439;47904138
1522070272080;1957;1381;161;246165504;38138705;47904653
1522070272180;1967;1388;162;246165504;38138859;47904910
1522070272280;1977;1394;163;246165504;38139075;47905424
1522070272380;1987;1402;163;246165504;38139291;47905938
1522070272480;1997;1410;163;246165504;38139399;47906196
1522070272580;2007;1417;164;246165504;38139615;47906712
1522070272681;2017;1424;164;246165504;38139831;47907226
1522070272781;2027;1431;165;246165504;38140047;47907689
1522070272882;2037;1440;166;246165504;38140155;47907999
1522070272982;2047;1446;167;246165504;38140371;47908514
1522070273082;2057;1454;167;246165504;38140587;47909028
1522070273182;2067;1461;168;246165504;38140695;47909286
1522070273283;2077;1468;168;246165504;38140911;47909802
1522070273383;2087;1475;169;246165504;38141127;47910318
1522070273483;2097;1481;170;246165504;38141343;47910834
1522070273584;2107;1489;171;246165504;38141451;47911092
1522070273684;2118;1496;172;246165504;38141667;47911608
1522070273784;2127;1502;172;246165504;38141883;47912125
1522070273884;2138;1509;173;246165504;38141991;47912384
1522070273984;2147;1516;175;246165504;38142207;47912900
1522070274084;2158;1525;176;246165504;38142315;47913157
1522070274184;2167;1532;177;246165504;38142531;47913673
1522070274284;2178;1538;178;246165504;38142747;47914188
1522070274384;2187;1545;179;246165504;38142855;47914447
1522070274484;2197;1549;180;246165504;38142963;47914705
1522070274584;2207;1554;180;246165504;38143179;47915220
1522070274685;2218;1560;182;246165504;38143395;47915735
1522070274785;2228;1567;183;246165504;38143503;47915993
1522070274886;2238;1574;184;246165504;38143719;47916508
1522070274986;2248;1578;186;246165504;38143935;47917025
1522070275086;2258;1586;187;246165504;38144043;47917283
1522070275187;2268;1593;187;246165504;38144647;47917797
1522070275287;2278;1600;188;246165504;38144863;47918308
1522070275387;2288;1607;188;246165504;38144971;47918565
1522070275488;2298;1614;189;246165504;38145187;47919081
1522070275588;2308;1621;190;246165504;38145403;47919597
1522070275688;2318;1627;192;246165504;38145511;47919854
1522070275788;2328;1635;192;246165504;38145727;47920368
1522070275888;2338;1641;193;246165504;38145943;47920883
1522070275988;2348;1648;193;246165504;38146159;47921399
1522070276088;2358;1655;194;246165504;38146267;47921657
1522070276188;2368;1663;194;246165504;38146483;47922173
1522070276288;2378;1669;196;246165504;38146591;47922430
1522070276389;2388;1677;196;246165504;38146807;47922945
1522070276489;2398;1683;197;246165504;38147023;47923460
1522070276589;2408;1690;198;246165504;38147239;47923975
1522070276689;2418;1698;198;246165504;38147347;47924233
1522070276789;2428;1705;198;246165504;38147563;47924747
1522070276889;2438;1710;200;246165504;38147779;47925263
1522070276990;2448;1718;200;246165504;38147887;47925520
1522070277090;2458;1725;201;246165504;38148103;47926031
1522070277190;2468;1730;203;246165504;38148319;47926546
1522070277290;2478;1737;204;246165504;38148427;47926804
1522070277390;2488;1745;204;246165504;38148643;47927320
1522070277490;2498;1751;205;246165504;38148859;47927836
1522070277591;2508;1758;206;246165504;38149075;47928300
1522070277692;2518;1766;206;246165504;38149183;47928611
1522070277792;2528;1774;206;246165504;38149291;47928868
1522070277892;2538;1782;207;246165504;38149507;47929385
1522070277992;2548;1789;208;246165504;38149615;47929643
1522070278092;2559;1796;210;246165504;38149831;47930155
1522070278192;2568;1803;211;246165504;38149939;47930412
1522070278293;2578;1809;212;246165504;38150155;47930929
1522070278393;2588;1815;213;246165504;38150371;47931444
1522070278493;2598;1822;213;246165504;38150479;47931699
1522070278593;2608;1829;214;246165504;38150695;47932214
1522070278693;2618;1836;215;246165504;38150911;47932728
1522070278793;2628;1842;216;246165504;38151127;47933243
1522070278893;2638;1849;216;246165504;38151343;47933707
1522070278994;2648;1857;217;246165504;38151451;47934016
1522070279094;2658;1863;218;246165504;38151667;47934532
1522070279194;2668;1870;219;246165504;38151883;47935048
1522070279294;2678;1877;219;246165504;38151991;47935306
1522070279394;2689;1884;221;246165504;38152207;47935823
1522070279494;2698;1890;221;246165504;38152423;47936337
1522070279594;2708;1897;222;246165504;38152639;47936851
1522070279694;2718;1904;223;246165504;38152747;47937108
1522070279794;2729;1910;224;246165504;38152963;47937621
1522070279894;2738;1918;224;246165504;38153071;47937879
1522070279994;2748;1925;225;246165504;38153287;47938398
1522070280095;2759;1932;226;246165504;38153503;47938913
1522070280196;2769;1940;226;246165504;38153611;47939170
1522070280296;2779;1945;228;246165504;38153827;47939687
1522070280396;2789;1952;229;246165504;38153935;47939945
1522070280496;2799;1958;231;246165504;38154151;47940458
1522070280596;2809;1964;232;246165504;38154367;47940971
1522070280697;2819;1970;233;246165504;38154583;47941486
1522070280797;2829;1978;234;246165504;38154691;47941744
1522070280897;2839;1987;234;246165504;38154799;47942003
1522070280997;2849;1997;234;246165504;38154907;47942261
1522070281097;2859;2003;236;246165504;38155123;47942778
1522070281197;2869;2009;236;246165504;38155339;47943296
1522070281297;2879;2015;238;246165504;38155447;47943555
1522070281398;2889;2023;238;246165504;38155663;47944072
1522070281498;2899;2031;239;246165504;38155879;47944585
1522070281598;2909;2037;240;246165504;38155987;47944844
1522070281698;2919;2045;240;246165504;38156203;47945359
1522070281799;2929;2052;241;246165504;38156419;47945875
1522070281899;2939;2057;243;246165504;38156635;47946392
1522070281999;2949;2066;243;246165504;38156743;47946650
1522070282099;2959;2073;244;246165504;38156959;47947167
1522070282200;2969;2080;244;246165504;38157175;47947631
1522070282300;2979;2088;245;246165504;38157283;47947942
1522070282400;2989;2095;245;246165504;38157499;47948458
1522070282500;2999;2102;246;246165504;38157715;47948973
1522070282601;3009;2108;247;246165504;38157823;47949231
1522070282701;3019;2116;247;246165504;38158039;47949744
1522070282805;3030;2123;248;246165504;38158255;47950257
1522070282905;3040;2129;249;246165504;38158471;47950772
1522070283006;3050;2136;249;246165504;38158579;47951031
1522070283106;3060;2143;250;246165504;38158795;47951547
1522070283206;3070;2149;251;246165504;38159011;47952060
1522070283306;3080;2156;252;246165504;38159119;47952318
1522070283406;3090;2162;253;246165504;38159335;47952835
1522070283506;3100;2169;254;246165504;38159551;47953350
1522070283606;3110;2176;254;246165504;38159767;47953867
1522070283707;3120;2182;254;246165504;38159875;47954123
1522070283807;3130;2187;256;246165504;38160091;47954641
1522070283907;3140;2193;257;246165504;38160307;47955157
1522070284007;3150;2200;258;246165504;38160415;47955415
1522070284107;3160;2208;258;246165504;38160631;47955932
1522070284207;3170;2214;259;246165504;38160847;47956447
1522070284308;3180;2220;259;246165504;38161063;47956963
1522070284408;3190;2229;260;246165504;38161171;47957222
1522070284508;3200;2236;261;246165504;38161387;47957737
1522070284608;3210;2242;262;246165504;38161603;47958251
1522070284708;3220;2249;263;246165504;38161711;47958511
1522070284808;3230;2255;264;246165504;38161927;47959025
1522070284908;3240;2261;265;246165504;38162143;47959539
1522070285008;3250;2268;265;246165504;38162251;47959798
1522070285108;3260;2275;266;246165504;38162467;47960314
1522070285208;3270;2282;266;246165504;38162683;47960829
1522070285308;3280;2290;266;246165504;38162791;47961088
1522070285408;3290;2299;266;246165504;38162899;47961346
1522070285509;3300;2305;268;246165504;38163115;47961860
1522070285609;3310;2312;268;246165504;38163331;47962372
1522070285710;3320;2318;270;246165504;38163547;47962886
1522070285810;3330;2325;270;246165504;38163655;47963144
1522070285910;3340;2330;272;246165504;38163871;47963662
1522070286010;3350;2336;274;246165504;38164087;47964177
1522070286110;3360;2344;274;246165504;38164303;47964693
1522070286210;3370;2351;275;246165504;38164411;47964952
1522070286310;3380;2359;275;246165504;38164627;47965468
1522070286410;3390;2366;275;246165504;38164843;47965983
1522070286511;3400;2372;277;246165504;38165059;47966499
1522070286611;3410;2378;279;246165504;38165275;47967016
1522070286712;3420;2384;280;246165504;38165491;47967532
1522070286812;3430;2390;281;246165504;38165707;47968046
1522070286912;3440;2398;282;246165504;38165815;47968303
1522070287012;3450;2406;282;246165504;38166031;47968818
1522070287112;3460;2412;282;246165504;38166343;47969336
1522070287212;3470;2420;282;246165504;38166451;47969592
1522070287312;3480;2427;283;246165504;38166667;47970108
1522070287412;3490;2434;284;246165504;38166883;47970622
1522070287512;3500;2441;284;246165504;38167099;47971137
1522070287613;3510;2447;286;246165504;38167207;47971395
1522070287713;3520;2454;286;246165504;38167423;47971911
1522070287813;3530;2462;287;246165504;38167639;47972427
1522070287915;3541;2469;288;246165504;38167855;47972942
1522070288016;3551;2476;288;246165504;38168071;47973458
1522070288116;3561;2482;290;246165504;38168287;47973970
1522070288216;3571;2491;290;246165504;38168395;47974229
1522070288319;3581;2498;291;246165504;38168611;47974747
1522070288419;3591;2503;292;246165504;38168827;47975262
1522070288520;3601;2512;292;246165504;38168935;47975521
1522070288621;3611;2519;293;246165504;38169151;47976037
1522070288721;3621;2526;294;246165504;38169367;47976555
1522070288822;3631;2532;295;246165504;38169583;47977018
1522070288922;3641;2540;296;246165504;38169691;47977328
1522070289022;3651;2546;298;246165504;38169907;47977844
1522070289122;3661;2551;300;246165504;38170123;47978359
1522070289222;3671;2558;301;246165504;38170339;47978874
1522070289322;3681;2565;302;246165504;38170447;47979133
1522070289422;3691;2572;303;246165504;38170663;47979648
1522070289522;3701;2579;303;246165504;38170879;47980163
1522070289622;3711;2587;304;246165504;38171095;47980677
1522070289722;3721;2593;305;246165504;38171311;47981192
1522070289822;3731;2600;306;246165504;38171527;47981658
1522070289922;3741;2607;307;246165504;38171635;47981967
1522070290022;3751;2614;307;246165504;38171851;47982484
1522070290122;3761;2622;307;246165504;38172067;47982997
1522070290222;3771;2628;308;246165504;38172283;47983514
1522070290323;3781;2635;309;246165504;38172499;47984028
1522070290423;3791;2641;310;246165504;38172715;47984541
1522070290523;3801;2648;310;246165504;38172823;47984800
1522070290623;3811;2655;311;246165504;38173039;47985315
1522070290723;3821;2662;312;246165504;38173255;47985831
1522070290823;3831;2668;313;246165504;38173471;47986346
1522070290924;3842;2674;313;246165504;38173687;47986861
1522070291024;3852;2681;314;246165504;38173903;47987324
1522070291124;3861;2690;314;246165504;38174011;47987633
1522070291224;3871;2696;315;246165504;38174227;47988147
1522070291324;3882;2703;316;246165504;38174443;47988659
1522070291424;3891;2710;316;246165504;38174659;47989173
1522070291524;3902;2716;318;246165504;38174875;47989690
1522070291624;3912;2722;318;246165504;38175091;47990204
1522070291724;3921;2729;320;246165504;38175199;47990460
1522070291824;3932;2736;320;246165504;38175415;47990977
1522070291924;3941;2743;322;246165504;38175631;47991493
1522070292024;3951;2748;323;246165504;38175847;47992007
1522070292124;3962;2754;324;246165504;38176063;47992521
1522070292224;3971;2762;325;246165504;38176171;47992776
1522070292324;3982;2770;325;246165504;38176387;47993292
1522070292424;3991;2777;326;246165504;38176603;47993809
1522070292524;4002;2784;326;246165504;38176819;47994326
1522070292624;4011;2791;327;246165504;38177035;47994840
1522070292724;4022;2798;328;246165504;38177143;47995099
1522070292824;4031;2803;330;246165504;38177359;47995613
1522070292924;4042;2811;331;246165504;38177575;47996129
1522070293024;4051;2819;332;246165504;38177683;47996388
1522070293125;4062;2826;332;246165504;38177899;47996904
1522070293225;4072;2833;332;246165504;38178115;47997419
1522070293325;4082;2840;333;246165504;38178331;47997935
1522070293426;4092;2849;334;246165504;38178439;47998193
1522070293526;4102;2855;335;246165504;38178655;47998709
1522070293626;4112;2862;335;246165504;38178871;47999225
1522070293726;4122;2868;336;246165504;38179087;47999742
1522070293829;4132;2874;338;246165504;38179303;48000257
1522070293929;4142;2883;338;246165504;38179411;48000516
1522070294029;4152;2890;338;246165504;38179627;48001030
1522070294129;4162;2896;339;246165504;38179843;48001543
1522070294229;4172;2903;340;246165504;38179951;48001801
1522070294330;4182;2908;341;246165504;38180167;48002319
1522070294430;4192;2914;342;246165504;38180275;48002575
1522070294530;4202;2922;342;246165504;38180491;48003092
1522070294630;4212;2928;343;246165504;38180707;48003609
1522070294730;4222;2933;345;246165504;38180923;48004124
1522070294830;4232;2940;346;246165504;38181031;48004383
1522070294930;4242;2945;347;246165504;38181247;48004899
1522070295031;4252;2952;348;246165504;38181407;48005362
1522070295134;4263;2959;348;246165504;38181571;48005670
1522070295234;4273;2965;349;246165504;38181787;48006184
1522070295334;4282;2971;350;246165504;38182003;48006698
1522070295434;4292;2977;351;246165504;38182111;48006956
1522070295534;4302;2984;352;246165504;38182327;48007471
1522070295634;4313;2990;353;246165504;38182543;48007987
1522070295735;4323;2996;354;246165504;38182651;48008246
1522070295835;4333;3003;355;246165504;38182867;48008760
1522070295935;4343;3010;355;246165504;38183083;48009275
1522070296035;4353;3017;355;246165504;38183191;48009533
1522070296135;4363;3023;357;246165504;38183407;48010048
1522070296236;4373;3030;357;246165504;38183623;48010564
1522070296336;4383;3036;358;246165504;38183839;48011079
1522070296436;4393;3042;358;246165504;38183947;48011338
1522070296536;4403;3049;359;246165504;38184163;48011852
1522070296636;4413;3056;360;246165504;38184379;48012370
1522070296736;4423;3061;361;246165504;38184595;48012882
1522070296837;4433;3067;362;246165504;38184811;48013398
1522070296937;4443;3072;364;246165504;38184919;48013657
1522070297037;4453;3079;365;246165504;38185135;48014172
1522070297137;4463;3085;366;246165504;38185351;48014689
1522070297237;4473;3094;366;246165504;38185459;48014948
1522070297337;4483;3098;367;246165504;38185675;48015463
1522070297437;4493;3106;368;246165504;38185783;48015721
1522070297537;4503;3110;369;246165504;38185999;48016236
1522070297637;4513;3116;370;246165504;38186215;48016698
1522070297737;4523;3123;371;246165504;38186323;48017009
1522070297837;4533;3129;372;246165504;38186539;48017524
1522070297937;4543;3136;372;246165504;38186755;48018043
1522070298037;4553;3142;373;246165504;38186863;48018299
1522070298137;4563;3148;374;246165504;38187079;48018813
1522070298237;4573;3154;375;246165504;38187295;48019329
1522070298338;4583;3160;376;246165504;38187511;48019843
1522070298438;4593;3166;376;246165504;38187619;48020102
1522070298538;4603;3174;377;246165504;38187835;48020617
1522070298638;4613;3179;379;246165504;38188051;48021130
1522070298738;4623;3185;379;246165504;38188267;48021645
1522070298839;4633;3190;381;246165504;38188375;48021902
1522070298939;4643;3198;381;246165504;38188591;48022416
1522070299039;4653;3204;382;246165504;38188807;48022934
1522070299139;4663;3209;384;246165504;38189023;48023452
1522070299240;4673;3215;384;246165504;38189131;48023709
1522070299340;4683;3222;386;246165504;38189347;48024223
1522070299440;4693;3227;387;246165504;38189563;48024738
1522070299540;4703;3233;388;246165504;38189671;48024997
1522070299641;4713;3240;388;246165504;38189887;48025511
1522070299741;4723;3247;388;246165504;38190103;48026025
1522070299841;4733;3254;389;246165504;38190319;48026540
1522070299941;4743;3260;390;246165504;38190427;48026799
1522070300042;4753;3266;391;246165504;38190643;48027312
1522070300142;4763;3272;392;246165504;38190859;48027828
1522070300242;4773;3278;393;246165504;38191075;48028342
1522070300342;4783;3284;394;246165504;38191183;48028600
1522070300442;4793;3290;395;246165504;38191399;48029116
1522070300542;4803;3297;396;246165504;38191507;48029375
1522070300642;4813;3305;396;246165504;38191723;48029889
1522070300742;4823;3312;396;246165504;38191939;48030404
1522070300843;4833;3318;397;246165504;38192155;48030919
1522070300943;4843;3324;398;246165504;38192371;48031436
1522070301043;4853;3332;398;246165504;38192479;48031694
1522070301143;4863;3339;399;246165504;38192695;48032207
1522070301244;4873;3345;400;246165504;38192911;48032723
1522070301344;4883;3352;400;246165504;38193019;48032981
1522070301444;4894;3358;401;246165504;38193235;48033498
1522070301544;4903;3364;401;246165504;38193451;48034010
1522070301644;4914;3370;402;246165504;38193559;48034266
1522070301744;4923;3374;403;246165504;38193667;48034524
1522070301844;4934;3374;403;246165504;38193667;48034524
1522070301944;4943;3374;403;246165504;38193667;48034524
1522070302046;4954;3374;403;246165504;38193825;48034781
1522070302146;4964;3378;403;246165504;38193857;48034813
1522070302246;4974;3378;403;246165504;38193857;48034813
1522070302347;4984;3378;403;246165504;38193857;48034813
1522070302447;4994;3379;403;246165504;38193857;48034813
1522070302547;5004;3379;403;246165504;38193857;48034813
1522070302648;5014;3379;403;246165504;38193857;48034813
1522070302748;5024;3382;404;246165504;38194073;48035330
1522070302848;5034;3390;404;246165504;38194181;48035588
1522070302948;5044;3397;405;246165504;38194397;48036102
1522070303049;5054;3404;406;246165504;38194613;48036618
1522070303149;5064;3410;406;246165504;38194829;48037134
1522070303249;5074;3417;406;246165504;38195045;48037650
1522070303349;5084;3423;407;246165504;38195261;48038167
1522070303450;5094;3432;408;246165504;38195369;48038424
1522070303550;5104;3439;408;246165504;38195585;48038936
1522070303650;5114;3446;408;246165504;38195801;48039449
1522070303750;5124;3452;410;246165504;38195909;48039706
1522070303850;5134;3458;412;246165504;38196125;48040221
1522070303950;5144;3464;413;246165504;38196341;48040734
1522070304050;5154;3470;415;246165504;38196557;48041249
1522070304150;5164;3475;416;246165504;38196773;48041766
1522070304250;5174;3483;416;246165504;38196989;48042283
1522070304350;5184;3491;417;246165504;38197097;48042541
1522070304450;5194;3498;417;246165504;38197313;48043055
1522070304550;5204;3504;418;246165504;38197529;48043571
1522070304652;5215;3512;418;246165504;38197745;48044086
1522070304752;5224;3520;419;246165504;38197853;48044344
1522070304852;5234;3526;420;246165504;38198069;48044860
1522070304952;5244;3533;421;246165504;38198285;48045377
1522070305052;5254;3540;422;246165504;38198501;48045893
1522070305152;5264;3546;423;246165504;38199105;48046409
1522070305253;5274;3552;424;246165504;38199321;48046925
1522070305353;5284;3560;424;246165504;38199429;48047183
1522070305454;5294;3568;424;246165504;38199645;48047699
1522070305554;5304;3575;425;246165504;38199861;48048214
1522070305654;5314;3582;426;246165504;38200077;48048726
1522070305754;5325;3587;427;246165504;38200293;48049240
1522070305854;5334;3593;429;246165504;38200509;48049757
1522070305955;5345;3599;430;246165504;38200725;48050217
1522070306055;5355;3606;431;246165504;38200833;48050528
1522070306155;5365;3612;432;246165504;38201049;48051043
1522070306256;5375;3620;433;246165504;38201265;48051555
1522070306357;5385;3626;434;246165504;38201481;48052069
1522070306457;5395;3632;435;246165504;38201697;48052583
1522070306557;5405;3639;435;246165504;38201913;48053095
1522070306657;5415;3647;435;246165504;38202021;48053353
1522070306758;5425;3652;437;246165504;38202237;48053867
1522070306858;5435;3658;439;246165504;38202453;48054383
1522070306958;5445;3664;440;246165504;38202669;48054894
1522070307059;5455;3673;440;246165504;38202777;48055150
1522070307159;5465;3678;442;246165504;38202993;48055663
1522070307259;5475;3685;442;246165504;38203209;48056179
1522070307359;5485;3694;443;246165504;38203317;48056438
1522070307459;5495;3701;443;246165504;38203533;48056952
1522070307560;5505;3707;445;246165504;38203749;48057467
1522070307660;5515;3713;446;246165504;38203965;48057983
1522070307760;5525;3721;446;246165504;38204073;48058240
1522070307861;5535;3727;448;246165504;38204289;48058757
1522070307961;5545;3732;450;246165504;38204505;48059273
1522070308061;5555;3739;451;246165504;38204613;48059532
1522070308161;5565;3746;452;246165504;38204829;48060047
1522070308261;5575;3753;453;246165504;38205045;48060564
1522070308361;5585;3760;453;246165504;38205261;48061078
1522070308461;5595;3767;454;246165504;38205477;48061593
1522070308561;5605;3773;455;246165504;38205585;48061851
1522070308661;5615;3781;456;246165504;38205801;48062367
1522070308761;5625;3789;456;246464512;38205909;48062624
1522070308861;5635;3796;456;246464512;38206125;48063139
1522070308962;5645;3802;458;246464512;38206341;48063653
1522070309062;5655;3810;459;246464512;38206449;48063911
1522070309162;5665;3817;460;246464512;38206557;48064167
1522070309263;5675;3824;460;246464512;38206773;48064682
1522070309363;5685;3831;461;246464512;38206881;48064943
1522070309463;5695;3838;462;246464512;38207097;48065459
1522070309564;5705;3846;462;246464512;38207313;48065973
1522070309664;5715;3852;463;246464512;38207529;48066487
1522070309764;5725;3859;464;246464512;38207745;48067002
1522070309865;5736;3866;464;246464512;38207853;48067259
1522070309965;5746;3871;466;246464512;38208069;48067774
1522070310065;5756;3876;467;246464512;38208285;48068287
1522070310166;5766;3883;468;246464512;38208393;48068546
1522070310266;5776;3890;468;246464512;38208609;48069061
1522070310366;5786;3896;469;246464512;38208825;48069577
1522070310466;5796;3902;469;246464512;38209041;48070093
1522070310567;5806;3908;470;246464512;38209149;48070349
1522070310667;5816;3916;470;246464512;38209365;48070864
1522070310768;5826;3922;470;246464512;38209581;48071379
1522070310868;5836;3928;472;246464512;38209689;48071638
1522070310969;5846;3935;472;246464512;38209905;48072154
1522070311069;5856;3941;473;246464512;38210121;48072670
1522070311169;5866;3947;474;246464512;38210337;48073185
1522070311270;5876;3954;475;246464512;38210445;48073442
1522070311370;5886;3961;476;246464512;38210661;48073957
1522070311470;5896;3966;477;246464512;38210877;48074474
1522070311570;5906;3972;478;246464512;38210985;48074730
1522070311670;5916;3978;479;246464512;38211201;48075243
1522070311770;5926;3986;479;246464512;38211309;48075499
1522070311870;5936;3992;481;246464512;38211525;48076016
1522070311971;5946;3997;482;246464512;38211741;48076532
1522070312071;5956;4003;483;246464512;38211957;48076994
1522070312171;5966;4010;484;246464512;38212065;48077304
1522070312272;5976;4017;484;246464512;38212281;48077817
1522070312372;5986;4023;484;246464512;38212441;48078282
1522070312473;5996;4030;485;246464512;38212605;48078591
1522070312573;6006;4038;485;246464512;38212821;48079104
1522070312673;6016;4044;485;246464512;38213037;48079620
1522070312773;6026;4051;486;246464512;38213145;48079877
1522070312874;6036;4056;487;246464512;38213361;48080393
1522070312974;6047;4062;487;246464512;38213469;48080651
1522070313075;6057;4069;488;246464512;38213685;48081169
1522070313175;6067;4075;489;246464512;38213901;48081683
1522070313275;6077;4080;490;246464512;38214117;48082197
1522070313375;6087;4087;492;246464512;38214225;48082455
1522070313475;6097;4092;492;246464512;38214441;48082971
1522070313575;6107;4098;494;246464512;38214657;48083485
1522070313675;6117;4105;494;246464512;38214765;48083741
1522070313775;6127;4112;495;246464512;38214981;48084256
1522070313875;6137;4118;495;246464512;38215197;48084770
1522070313976;6147;4124;496;246464512;38215413;48085284
1522070314076;6157;4131;496;246464512;38215521;48085543
1522070314176;6167;4138;497;246464512;38215737;48086059
1522070314276;6177;4143;498;246464512;38215953;48086576
1522070314376;6187;4148;500;246464512;38216169;48087093
1522070314476;6197;4156;500;246464512;38216277;48087349
1522070314577;6207;4161;501;246464512;38216493;48087863
1522070314677;6217;4166;502;246464512;38216709;48088376
1522070314777;6227;4173;503;246464512;38216817;48088633
1522070314877;6237;4180;503;246464512;38217033;48089148
1522070314977;6247;4186;504;246464512;38217249;48089661
1522070315078;6257;4193;504;246464512;38217357;48089918
1522070315178;6267;4200;506;246464512;38217573;48090433
1522070315279;6277;4206;506;246464512;38217733;48090898
1522070315379;6287;4212;508;246464512;38217897;48091207
1522070315480;6297;4218;508;246464512;38218113;48091721
1522070315580;6307;4225;509;246464512;38218221;48091979
1522070315680;6317;4231;510;246464512;38218437;48092494
1522070315780;6327;4236;511;246464512;38218653;48093011
1522070315880;6337;4243;512;246464512;38218761;48093268
1522070315980;6347;4243;512;246464512;38218761;48093268
1522070316080;6357;4243;512;246464512;38218761;48093268
1522070316181;6367;4243;512;246464512;38218761;48093268
1522070316281;6377;4246;512;246464512;38218977;48093732
1522070316381;6387;4253;514;246464512;38219085;48094042
1522070316485;6398;4259;516;246464512;38219301;48094558
1522070316585;6408;4265;517;246464512;38219517;48095073
1522070316685;6418;4271;517;246464512;38219733;48095589
1522070316785;6428;4279;518;246464512;38219841;48095845
1522070316885;6438;4286;518;246464512;38220057;48096360
1522070316985;6448;4294;518;246464512;38220273;48096872
1522070317085;6458;4300;519;246464512;38220539;48097388
1522070317185;6468;4306;520;246464512;38220755;48097904
1522070317285;6478;4313;520;246464512;38220895;48098195
1522070317386;6488;4320;521;246464512;38221111;48098711
1522070317486;6498;4327;521;246464512;38221327;48099229
1522070317586;6508;4333;522;246464512;38221543;48099745
1522070317686;6518;4341;522;246464512;38221651;48100001
1522070317787;6528;4348;523;246464512;38221867;48100514
1522070317887;6538;4353;523;246464512;38221975;48100770
1522070317987;6548;4354;523;246464512;38221975;48100770
1522070318088;6558;4354;523;246464512;38221975;48100770
1522070318188;6568;4354;523;246464512;38221975;48100770
1522070318288;6578;4354;523;246464512;38221975;48100770
1522070318388;6588;4354;523;246464512;38221975;48100770
1522070318488;6598;4354;523;246464512;38221975;48100770
1522070318589;6608;4356;524;246464512;38222083;48101026
1522070318689;6618;4362;526;246464512;38222299;48101541
1522070318789;6628;4368;527;246464512;38222515;48102055
1522070318890;6638;4374;528;246464512;38222623;48102312
1522070318990;6648;4380;529;246464512;38222839;48102825
1522070319090;6658;4387;530;246464512;38223055;48103342
1522070319191;6668;4392;531;246464512;38223271;48103855
1522070319291;6678;4398;532;246464512;38223379;48104112
1522070319391;6688;4407;533;246464512;38223487;48104371
1522070319491;6698;4413;534;246464512;38223703;48104887
1522070319591;6708;4419;535;246464512;38223919;48105403
1522070319692;6718;4425;537;246464512;38224027;48105660
1522070319792;6728;4432;537;246464512;38224243;48106176
1522070319893;6738;4438;538;246464512;38224459;48106692
1522070319993;6748;4444;539;246464512;38224675;48107155
1522070320094;6758;4452;539;246464512;38224783;48107465
1522070320194;6768;4458;540;246464512;38224999;48107980
1522070320294;6778;4466;541;246464512;38225107;48108239
1522070320394;6789;4473;542;246464512;38225323;48108752
1522070320495;6799;4477;544;246464512;38225539;48109266
1522070320595;6809;4483;546;246464512;38225755;48109783
1522070320695;6819;4490;546;246464512;38225863;48110039
1522070320795;6829;4496;548;246464512;38226079;48110556
1522070320897;6839;4504;548;246464512;38226187;48110817
1522070320997;6849;4510;550;246464512;38226403;48111332
1522070321097;6859;4514;552;246464512;38226619;48111848
1522070321197;6869;4520;553;246464512;38226727;48112105
1522070321297;6879;4527;554;246464512;38226943;48112624
1522070321397;6889;4533;556;246464512;38227159;48113140
1522070321498;6899;4538;558;246464512;38227375;48113653
1522070321598;6909;4546;558;246464512;38227483;48113913
1522070321698;6919;4552;559;246464512;38227699;48114433
1522070321798;6929;4559;560;246464512;38227915;48114949
1522070321899;6939;4566;561;246464512;38228023;48115206
1522070321999;6949;4572;561;246464512;38228239;48115719
1522070322099;6959;4577;563;246464512;38228455;48116233
1522070322199;6969;4583;565;246464512;38228563;48116492
1522070322300;6979;4591;565;246464512;38228779;48117008
1522070322400;6989;4596;566;246464512;38228995;48117520
1522070322500;6999;4602;568;246464512;38229211;48118033
1522070322600;7009;4607;570;246464512;38229427;48118549
1522070322700;7019;4615;570;246464512;38229535;48118808
1522070322800;7029;4622;570;246464512;38229751;48119321
1522070322903;7039;4629;570;246464512;38229967;48119782
1522070323003;7049;4636;572;246464512;38230075;48120090
1522070323103;7059;4642;573;246464512;38230291;48120603
1522070323204;7069;4648;574;246464512;38230399;48120857
1522070323305;7080;4655;575;246464512;38230615;48121373
1522070323405;7090;4661;576;246464512;38230831;48121888
1522070323505;7100;4669;576;246464512;38230939;48122145
1522070323605;7110;4676;577;246464512;38231155;48122660
1522070323705;7120;4681;578;246464512;38231371;48123174
1522070323805;7130;4688;579;246464512;38231479;48123432
1522070323906;7140;4694;581;246464512;38231695;48123947
1522070324006;7150;4699;582;246464512;38231911;48124462
1522070324109;7160;4706;582;246464512;38232019;48124720
1522070324209;7170;4713;583;246464512;38232235;48125237
1522070324309;7180;4718;586;246464512;38232451;48125753
1522070324409;7190;4724;586;246464512;38232559;48126009
1522070324509;7200;4732;588;246464512;38232775;48126524
1522070324609;7210;4738;588;246464512;38232991;48127037
1522070324710;7220;4744;589;246464512;38233207;48127550
1522070324810;7230;4751;590;246464512;38233315;48127806
1522070324910;7240;4758;590;246464512;38233531;48128321
1522070325010;7250;4764;591;246464512;38233747;48128838
1522070325110;7260;4771;592;246464512;38233963;48129350
1522070325213;7270;4778;593;246464512;38234071;48129610
1522070325313;7280;4785;594;246464512;38234287;48130130
1522070325413;7290;4790;595;246464512;38234503;48130648
1522070325513;7300;4797;596;246464512;38234611;48130907
1522070325613;7310;4803;597;246464512;38234827;48131421
1522070325714;7320;4809;598;246464512;38235043;48131881
1522070325814;7330;4816;599;246464512;38235151;48132192
1522070325914;7341;4822;600;246464512;38235367;48132706
1522070326017;7351;4829;600;246464512;38235583;48133222
1522070326117;7361;4837;601;246464512;38235691;48133482
1522070326217;7371;4843;602;246464512;38235907;48133998
1522070326318;7381;4848;603;246464512;38236123;48134516
1522070326418;7391;4855;604;246464512;38236231;48134773
1522070326518;7401;4861;606;246464512;38236447;48135290
1522070326619;7411;4867;608;246464512;38236663;48135812
1522070326719;7421;4873;610;246464512;38236879;48136328
1522070326819;7431;4882;610;246464512;38236987;48136585
1522070326919;7441;4889;611;246464512;38237203;48137101
1522070327019;7451;4895;612;246464512;38237419;48137563
1522070327119;7461;4903;612;246464512;38237527;48137873
1522070327219;7471;4910;614;246464512;38237743;48138389
1522070327319;7481;4916;614;246464512;38237959;48138906
1522070327419;7491;4923;615;246464512;38238175;48139420
1522070327519;7501;4930;615;246464512;38238391;48139935
1522070327619;7511;4938;616;246464512;38238499;48140191
1522070327719;7521;4944;618;246464512;38238715;48140708
1522070327819;7531;4950;618;246464512;38238931;48141223
1522070327919;7541;4959;618;246464512;38239039;48141482
1522070328020;7551;4966;619;246464512;38239255;48141997
1522070328120;7561;4972;621;246464512;38239363;48142254
1522070328220;7571;4980;621;246464512;38239579;48142771
1522070328320;7581;4987;621;246464512;38239795;48143286
1522070328420;7591;4995;622;246464512;38239903;48143545
1522070328520;7601;5001;623;246464512;38240119;48144063
1522070328621;7611;5008;624;246464512;38240335;48144580
1522070328721;7621;5016;625;246464512;38240443;48144839
1522070328821;7631;5022;626;246464512;38240659;48145355
1522070328922;7641;5028;627;246464512;38240875;48145875
1522070329022;7651;5036;628;246464512;38240983;48146135
1522070329122;7661;5044;629;246464512;38241091;48146390
1522070329222;7671;5052;629;246464512;38241307;48146905
1522070329322;7681;5060;630;246464512;38241415;48147162
1522070329422;7691;5066;632;246464512;38241631;48147680
1522070329522;7701;5073;632;246464512;38241847;48148195
1522070329622;7711;5081;632;246464512;38242063;48148711
1522070329722;7721;5088;633;246464512;38242279;48149228
1522070329822;7731;5094;635;246464512;38242387;48149487
1522070329922;7741;5102;636;246464512;38242603;48150001
1522070330023;7751;5109;636;246464512;38242819;48150515
1522070330123;7761;5117;636;246464512;38242927;48150775
1522070330223;7771;5124;638;246464512;38243275;48151292
1522070330324;7781;5131;638;246464512;38243383;48151550
1522070330424;7792;5138;638;246464512;38243599;48152067
1522070330524;7801;5145;640;246464512;38243815;48152583
1522070330624;7811;5152;640;246464512;38244031;48153100
1522070330724;7821;5160;640;246464512;38244139;48153357
1522070330824;7832;5167;640;246464512;38244355;48153871
1522070330924;7841;5175;640;246464512;38244463;48154129
1522070331024;7851;5183;641;246464512;38244679;48154642
1522070331124;7862;5190;642;246464512;38244895;48155159
1522070331224;7871;5197;642;246464512;38245003;48155417
1522070331324;7882;5204;644;246464512;38245219;48155931
1522070331424;7891;5211;644;246464512;38245435;48156447
1522070331524;7902;5219;645;246464512;38245543;48156704
1522070331624;7911;5225;646;246464512;38245759;48157217
1522070331724;7922;5230;648;246464512;38245975;48157731
1522070331824;7931;5238;649;246464512;38246083;48157989
1522070331924;7942;5244;650;246464512;38246299;48158505
1522070332024;7951;5249;652;246464512;38246515;48159022
1522070332124;7962;5256;654;246464512;38246719;48159281
1522070332224;7971;5262;655;246464512;38246935;48159798
1522070332324;7982;5270;656;246464512;38247151;48160315
1522070332424;7991;5278;656;246464512;38247259;48160573
1522070332524;8002;5285;657;246464512;38247475;48161089
1522070332624;8011;5290;659;246464512;38247583;48161347
1522070332725;8022;5297;660;246464512;38247799;48161876
1522070332825;8032;5304;660;246464512;38248015;48162410
1522070332925;8042;5311;661;246464512;38248123;48162675
1522070333025;8052;5319;662;246464512;38248339;48163206
1522070333125;8062;5325;663;246464512;38248555;48163737
1522070333225;8072;5333;664;246464512;38248663;48164005
1522070333325;8082;5339;665;246464512;38248879;48164533
1522070333425;8092;5348;665;246464512;38248987;48164796
1522070333525;8102;5354;666;246464512;38249203;48165324
1522070333626;8112;5363;666;246464512;38249311;48165586
1522070333726;8122;5371;667;246464512;38249527;48166110
1522070333827;8132;5380;667;246464512;38249635;48166372
1522070333927;8142;5383;669;246464512;38249851;48166902
1522070334027;8152;5390;670;246464512;38249959;48167168
1522070334127;8162;5398;670;246464512;38250175;48167694
1522070334227;8172;5406;670;246464512;38250283;48167958
1522070334327;8182;5412;671;246464512;38250499;48168487
1522070334427;8192;5418;672;246464512;38250607;48168750
1522070334527;8202;5423;674;246464512;38250823;48169278
1522070334627;8212;5430;676;246464512;38250931;48169540
1522070334727;8222;5437;676;246464512;38251147;48170067
1522070334828;8232;5444;677;246464512;38251255;48170331
1522070334929;8242;5450;679;246464512;38251471;48170858
1522070335029;8252;5458;680;246464512;38251579;48171121
1522070335129;8262;5464;680;246464512;38251795;48171649
1522070335229;8272;5472;681;246464512;38252291;48171914
1522070335329;8282;5478;682;246464512;38252507;48172441
1522070335429;8292;5484;682;246464512;38252615;48172705
1522070335529;8302;5491;683;246464512;38252831;48173232
1522070335629;8312;5496;684;246464512;38253047;48173762
1522070335729;8322;5504;684;246464512;38253155;48174023
1522070335830;8332;5510;685;246464512;38253371;48174550
1522070335930;8342;5518;685;246464512;38253479;48174814
1522070336030;8352;5526;686;246464512;38253695;48175341
1522070336131;8362;5532;686;246464512;38253911;48175862
1522070336231;8372;5540;686;246464512;38254019;48176122
1522070336331;8382;5545;688;246464512;38254235;48176640
1522070336431;8392;5550;690;246464512;38254451;48177156
1522070336532;8402;5558;690;246464512;38254559;48177414
1522070336632;8412;5564;692;246464512;38254775;48177930
1522070336732;8422;5569;693;246464512;38254883;48178187
1522070336832;8432;5575;695;246464512;38255099;48178703
1522070336932;8442;5582;695;246464512;38255315;48179223
1522070337032;8452;5588;697;246464512;38255423;48179482
1522070337132;8462;5596;697;246464512;38255639;48179997
1522070337232;8472;5602;697;246464512;38255747;48180257
1522070337333;8482;5610;698;246464512;38255963;48180773
1522070337433;8492;5616;699;246464512;38256179;48181292
1522070337533;8502;5624;699;246464512;38256287;48181551
1522070337633;8512;5630;700;246464512;38256503;48182069
1522070337733;8522;5636;700;246464512;38256611;48182328
1522070337833;8532;5644;701;246464512;38256827;48182848
1522070337933;8542;5649;703;246464512;38257043;48183367
1522070338033;8552;5655;705;246464512;38257151;48183624
1522070338133;8562;5661;705;246464512;38257367;48184142
1522070338233;8572;5669;706;246464512;38257475;48184402
1522070338334;8582;5677;706;246464512;38257583;48184661
1522070338434;8592;5684;707;246464512;38257799;48185179
1522070338534;8602;5690;707;246464512;38258015;48185699
1522070338634;8612;5698;708;246464512;38258123;48185959
1522070338734;8623;5704;708;246464512;38258339;48186477
1522070338834;8632;5710;709;246464512;38258555;48186996
1522070338934;8642;5718;710;246464512;38258663;48187256
1522070339034;8652;5725;710;246464512;38258879;48187776
1522070339134;8663;5731;711;246464512;38258987;48188036
1522070339234;8672;5738;712;246464512;38259203;48188555
1522070339334;8683;5744;712;246464512;38259419;48189074
1522070339435;8693;5751;713;246464512;38259527;48189334
1522070339535;8703;5758;714;246464512;38259743;48189854
1522070339635;8713;5765;714;246464512;38259851;48190113
1522070339736;8723;5769;715;246464512;38260067;48190631
1522070339836;8733;5776;716;246464512;38260175;48190891
1522070339936;8743;5782;718;246464512;38260391;48191412
1522070340036;8753;5790;719;246464512;38260499;48191671
1522070340137;8763;5796;720;246464512;38260715;48192190
1522070340237;8773;5802;721;246464512;38260823;48192450
1522070340337;8783;5809;722;246464512;38261039;48192969
1522070340438;8793;5815;722;246464512;38261255;48193488
1522070340539;8803;5822;723;246464512;38261363;48193747
1522070340639;8813;5830;724;246464512;38261579;48194265
1522070340739;8823;5837;725;246464512;38261687;48194525
1522070340839;8833;5844;726;246464512;38261903;48195043
1522070340941;8843;5852;726;246464512;38262011;48195303
1522070341041;8853;5859;726;246464512;38262227;48195822
1522070341141;8863;5867;726;246464512;38262335;48196082
1522070341241;8873;5873;727;246464512;38262551;48196599
1522070341341;8883;5880;728;246464512;38262659;48196859
1522070341441;8893;5887;728;246464512;38262875;48197377
1522070341541;8903;5895;728;246464512;38263091;48197896
1522070341641;8913;5902;728;246464512;38263199;48198156
1522070341742;8923;5908;729;246464512;38263415;48198678
1522070341842;8933;5915;729;246464512;38263523;48198938
1522070341942;8943;5922;730;246464512;38263739;48199456
1522070342042;8953;5926;731;246464512;38263847;48199716
1522070342142;8963;5926;731;246464512;38263847;48199716
1522070342242;8973;5926;731;246464512;38263847;48199716
1522070342343;8983;5926;731;246464512;38263847;48199716
1522070342443;8993;5931;732;246464512;38263955;48199976
1522070342543;9003;5931;732;246464512;38263955;48199976
1522070342644;9013;5931;732;246464512;38263955;48199976
1522070342744;9024;5931;732;246464512;38263955;48199976
1522070342845;9034;5931;732;246464512;38263955;48199976
1522070342945;9044;5931;732;246464512;38263955;48199976
1522070343045;9054;5933;732;246464512;38264063;48200236
1522070343146;9064;5939;733;246464512;38264279;48200755
1522070343246;9074;5946;734;246464512;38264387;48201015
1522070343346;9084;5953;735;246464512;38264603;48201530
1522070343446;9094;5959;736;246464512;38264819;48202049
1522070343547;9104;5966;736;246464512;38264927;48202308
1522070343647;9114;5973;738;246464512;38265143;48202827
1522070343748;9124;5980;739;246464512;38265359;48203345
1522070343848;9134;5986;740;246464512;38265575;48203864
1522070343948;9144;5994;740;246464512;38265683;48204125
1522070344048;9154;6002;741;246464512;38265899;48204642
1522070344148;9164;6008;741;246464512;38266115;48205160
1522070344248;9174;6015;742;246464512;38266331;48205680
1522070344348;9184;6024;742;246464512;38266439;48205940
1522070344448;9194;6030;742;246464512;38266655;48206459
1522070344548;9204;6036;744;246464512;38266871;48206980
1522070344648;9214;6043;745;246464512;38266979;48207239
1522070344748;9224;6049;746;246464512;38267195;48207758
1522070344849;9234;6056;746;246464512;38267411;48208278
1522070344949;9244;6063;747;246464512;38267519;48208537
1522070345049;9254;6070;748;246464512;38267735;48209055
1522070345149;9264;6076;749;246464512;38267951;48209574
1522070345249;9274;6083;750;246464512;38268059;48209833
1522070345349;9284;6089;752;246464512;38268275;48210353
1522070345449;9294;6095;753;246464512;38268491;48210872
1522070345549;9304;6102;754;246464512;38268599;48211132
1522070345649;9314;6110;754;246464512;38268815;48211651
1522070345750;9324;6116;755;246464512;38269031;48212166
1522070345850;9334;6124;755;246464512;38269139;48212426
1522070345950;9344;6131;756;246464512;38269355;48212945
1522070346050;9354;6138;758;246464512;38269463;48213205
1522070346150;9364;6146;758;246464512;38269679;48213725
1522070346250;9374;6153;758;246464512;38269895;48214243
1522070346350;9384;6159;759;246464512;38270111;48214763
1522070346450;9394;6166;760;246464512;38270219;48215022
1522070346550;9404;6173;761;246464512;38270435;48215541
1522070346650;9414;6180;761;246464512;38270651;48216059
1522070346750;9424;6186;762;246464512;38270867;48216579
1522070346851;9434;6193;763;246464512;38270975;48216838
1522070346951;9444;6201;763;246464512;38271191;48217357
1522070347051;9454;6206;765;246464512;38271457;48217875
1522070347151;9464;6214;765;246464512;38271565;48218135
1522070347251;9474;6221;766;246464512;38271781;48218652
1522070347351;9484;6227;767;246464512;38272047;48219171
1522070347451;9494;6234;768;246464512;38272155;48219430
1522070347552;9504;6241;769;246464512;38272371;48219946
1522070347652;9514;6248;770;246464512;38272587;48220463
1522070347752;9524;6253;772;246464512;38272803;48220981
1522070347852;9534;6260;773;246464512;38272911;48221241
1522070347953;9544;6267;774;246464512;38273127;48221760
1522070348053;9554;6273;776;246464512;38273343;48222278
1522070348153;9564;6279;777;246464512;38273559;48222794
1522070348253;9574;6286;778;246464512;38273667;48223053
1522070348354;9584;6292;779;246464512;38273883;48223572
1522070348454;9594;6298;780;246464512;38274099;48224090
1522070348554;9605;6303;781;246464512;38274207;48224349
1522070348655;9615;6310;782;246464512;38274423;48224866
1522070348755;9625;6317;782;246464512;38274639;48225386
1522070348855;9635;6324;783;246464512;38274855;48225904
1522070348956;9645;6330;784;246464512;38275071;48226424
1522070349056;9655;6337;785;246464512;38275179;48226683
1522070349156;9665;6345;785;246464512;38275395;48227201
1522070349256;9675;6352;786;246464512;38275503;48227460
1522070349356;9685;6360;787;246136832;38275719;48227978
1522070349456;9695;6368;787;246136832;38275827;48228237
1522070349556;9705;6375;788;246136832;38276043;48228756
1522070349656;9715;6382;788;246300672;38276259;48229276
1522070349756;9725;6390;790;246300672;38276367;48229535
1522070349856;9735;6396;790;246300672;38276583;48230053
1522070349956;9745;6403;791;246300672;38276691;48230311
1522070350056;9755;6410;792;246300672;38276907;48230831
1522070350156;9765;6415;794;246300672;38277123;48231349
1522070350256;9775;6422;794;246300672;38277339;48231868
1522070350356;9785;6428;796;246300672;38277447;48232128
1522070350457;9795;6435;797;246300672;38277663;48232645
1522070350557;9805;6441;798;246300672;38277879;48233164
1522070350657;9815;6448;799;246300672;38277987;48233423
1522070350757;9825;6454;800;246300672;38278203;48233942
1522070350857;9835;6461;800;246300672;38278419;48234460
1522070350957;9845;6467;801;246300672;38278635;48234978
1522070351057;9855;6473;803;246300672;38278743;48235237
1522070351157;9865;6479;805;246300672;38278959;48235754
1522070351257;9875;6486;805;246300672;38279175;48236271
1522070351357;9885;6493;806;246300672;38279391;48236788
1522070351457;9895;6499;807;246300672;38279499;48237047
1522070351558;9905;6506;808;246300672;38279715;48237564
1522070351658;9915;6514;808;246300672;38279931;48238082
1522070351758;9925;6521;808;246300672;38280147;48238601
1522070351859;9935;6528;809;246300672;38280363;48239068
1522070351960;9945;6534;810;246300672;38280471;48239379
1522070352060;9955;6542;810;246300672;38280687;48239898
1522070352160;9965;6548;811;246300672;38280903;48240416
1522070352260;9975;6555;812;246300672;38281011;48240676
1522070352360;9985;6562;813;246300672;38281227;48241196
1522070352460;9995;6569;813;246300672;38281443;48241715
1522070352560;10005;6576;814;246300672;38281659;48242234
1522070352660;10015;6582;814;246300672;38281767;48242494
1522070352760;10025;6589;816;246300672;38281983;48243012
1522070352860;10035;6595;817;246300672;38282199;48243529
1522070352961;10045;6601;818;246300672;38282415;48244048
1522070353061;10055;6608;820;246300672;38282523;48244307
1522070353162;10065;6614;821;246300672;38282739;48244826
1522070353262;10075;6621;821;246300672;38282955;48245347
1522070353362;10085;6627;822;246300672;38283171;48245865
1522070353462;10095;6634;823;246300672;38283279;48246125
1522070353562;10105;6641;824;246300672;38283495;48246642
1522070353662;10115;6647;825;246300672;38283711;48247160
1522070353763;10125;6654;825;246300672;38283927;48247627
1522070353863;10135;6662;827;246300672;38284035;48247938
1522070353963;10145;6668;827;246300672;38284251;48248455
1522070354063;10155;6674;828;246300672;38284467;48248972
1522070354163;10165;6681;828;246300672;38284575;48249232
1522070354263;10175;6689;829;246300672;38284791;48249750
1522070354363;10185;6695;830;246300672;38285007;48250269
1522070354463;10195;6702;831;246300672;38285223;48250790
1522070354563;10205;6708;831;246300672;38285439;48251255
1522070354663;10215;6716;832;246300672;38285547;48251563
1522070354764;10225;6722;833;246300672;38285763;48252080
1522070354864;10235;6729;834;246300672;38285979;48252600
1522070354964;10246;6735;835;246300672;38286195;48253119
1522070355064;10255;6741;836;246300672;38286303;48253376
1522070355165;10266;6750;837;246300672;38286519;48253896
1522070355265;10276;6757;838;246300672;38286735;48254416
1522070355365;10286;6763;839;246300672;38286951;48254936
1522070355465;10296;6769;840;246300672;38287059;48255195
1522070355565;10306;6777;840;246300672;38287275;48255714
1522070355665;10316;6784;841;246300672;38287491;48256231
1522070355766;10326;6790;841;246300672;38287707;48256752
1522070355866;10336;6797;842;246300672;38287815;48257013
1522070355966;10346;6803;844;246300672;38288031;48257533
1522070356066;10356;6810;844;246300672;38288247;48258052
1522070356167;10366;6816;845;246300672;38288463;48258570
1522070356267;10376;6822;846;246300672;38288571;48258829
1522070356367;10386;6828;848;246300672;38288787;48259350
1522070356467;10396;6835;848;246300672;38289003;48259869
1522070356568;10406;6841;849;246300672;38289219;48260386
1522070356668;10416;6847;851;246300672;38289435;48260902
1522070356768;10426;6854;852;246300672;38289543;48261162
1522070356869;10436;6861;852;246300672;38289759;48261677
1522070356969;10446;6866;854;246300672;38289975;48262197
1522070357069;10456;6873;854;246300672;38290191;48262716
1522070357170;10466;6879;855;246300672;38290299;48262976
1522070357270;10476;6887;856;246300672;38290515;48263497
1522070357370;10486;6894;856;246300672;38290731;48264014
1522070357470;10496;6900;857;246300672;38290947;48264531
1522070357571;10506;6906;858;246300672;38291163;48264998
1522070357671;10516;6914;859;246300672;38291271;48265309
1522070357771;10526;6920;860;246300672;38291487;48265827
1522070357871;10536;6925;861;246300672;38291595;48266087
1522070357971;10546;6932;862;246300672;38291811;48266606
1522070358071;10556;6939;863;246300672;38292027;48267123
1522070358172;10566;6944;864;246300672;38292243;48267639
1522070358272;10576;6951;864;246300672;38292351;48267897
1522070358372;10586;6959;865;246300672;38292567;48268415
1522070358472;10596;6964;866;246300672;38292783;48268931
1522070358573;10606;6971;867;246300672;38292999;48269447
1522070358673;10616;6979;867;246300672;38293107;48269705
1522070358773;10626;6986;868;246300672;38293323;48270225
1522070358874;10636;6992;868;246300672;38293539;48270741
1522070358974;10646;6999;869;246300672;38293755;48271261
1522070359074;10656;7006;870;246300672;38293863;48271521
1522070359174;10667;7013;870;246300672;38294079;48272040
1522070359275;10677;7020;871;246300672;38294295;48272558
1522070359375;10687;7026;872;246300672;38294511;48273077
1522070359475;10697;7033;872;246300672;38294727;48273598
1522070359575;10707;7040;872;246300672;38294835;48273857
1522070359675;10717;7048;872;246300672;38295051;48274376
1522070359775;10727;7054;873;246300672;38295452;48274895
1522070359875;10737;7061;873;246300672;38295560;48275152
1522070359975;10747;7068;874;246300672;38295776;48275673
1522070360075;10757;7074;875;246300672;38295884;48275934
1522070360176;10767;7082;876;246300672;38296100;48276452
1522070360276;10777;7085;878;246300672;38296366;48276970
1522070360376;10787;7094;878;246300672;38296474;48277229
1522070360476;10797;7099;879;246300672;38296690;48277749
1522070360577;10807;7105;880;246300672;38296906;48278268
1522070360678;10817;7111;881;246300672;38297122;48278786
1522070360778;10827;7119;882;246300672;38297230;48279045
1522070360878;10837;7128;882;246300672;38297888;48279305
1522070360979;10847;7134;884;246300672;38298104;48279823
1522070361079;10857;7139;885;246300672;38298320;48280341
1522070361180;10867;7147;886;246300672;38298428;48280601
1522070361280;10877;7153;888;246300672;38298644;48281120
1522070361380;10887;7159;888;246300672;38298860;48281639
1522070361480;10897;7166;890;246300672;38298968;48281896
1522070361580;10907;7173;890;246300672;38299184;48282415
1522070361680;10917;7179;891;246300672;38299400;48282933
1522070361781;10927;7185;892;246300672;38299616;48283452
1522070361881;10937;7192;892;246300672;38299724;48283710
1522070361981;10947;7199;894;246300672;38299940;48284226
1522070362082;10957;7205;895;246300672;38300206;48284744
1522070362182;10967;7211;896;246300672;38300454;48285295
1522070362282;10977;7219;897;246300672;38300562;48285554
1522070362382;10987;7226;898;246300672;38300670;48285813
1522070362482;10997;7233;899;246300672;38300886;48286333
1522070362582;11007;7238;901;246300672;38301208;48286850
1522070362683;11017;7244;902;246300672;38303052;48287109
1522070362783;11027;7252;903;246300672;38303268;48287629
1522070362883;11037;7258;904;246300672;38303484;48288147
1522070362983;11047;7264;904;246300672;38303700;48288665
1522070363083;11057;7271;905;246300672;38303916;48289185
1522070363183;11067;7278;906;246300672;38304024;48289445
1522070363283;11077;7284;907;246300672;38304240;48289965
1522070363383;11087;7292;908;246300672;38304456;48290483
1522070363483;11097;7298;908;246300672;38304672;48290997
1522070363583;11107;7305;909;246300672;38304888;48291515
1522070363683;11117;7312;910;246300672;38305104;48292029
1522070363784;11128;7319;910;246300672;38305762;48292288
1522070363884;11137;7326;911;246300672;38305978;48292809
1522070363984;11147;7332;914;246300672;38306194;48293326
1522070364084;11158;7338;915;246300672;38306410;48293847
1522070364184;11167;7344;916;246300672;38306626;48294366
1522070364285;11178;7352;917;246300672;38306842;48294883
1522070364385;11188;7360;917;246300672;38306950;48295143
1522070364486;11198;7368;917;246300672;38307166;48295660
1522070364586;11208;7375;918;246300672;38307382;48296179
1522070364686;11218;7382;918;246300672;38307598;48296695
1522070364786;11228;7388;919;246300672;38307814;48297213
1522070364886;11238;7394;920;246300672;38308030;48297733
1522070364986;11248;7400;922;246300672;38308138;48297990
1522070365087;11258;7408;923;246300672;38308354;48298509
1522070365187;11268;7415;923;246300672;38308570;48299028
1522070365287;11278;7420;925;246300672;38309174;48299547
1522070365387;11288;7427;926;246300672;38309390;48300066
1522070365488;11298;7434;926;246300672;38309606;48300587
1522070365588;11308;7440;927;246300672;38309714;48300853
1522070365689;11318;7447;928;246300672;38309930;48301386
1522070365789;11328;7454;929;246300672;38310146;48301919
1522070365889;11338;7460;930;246300672;38310362;48302453
1522070365989;11348;7467;931;246300672;38310578;48302985
1522070366090;11358;7474;932;246300672;38310686;48303250
1522070366190;11368;7481;933;246300672;38310902;48303780
1522070366291;11378;7489;934;246300672;38311118;48304308
1522070366391;11388;7495;934;246300672;38311334;48304844
1522070366491;11398;7501;936;246300672;38311550;48305371
1522070366591;11408;7508;936;246300672;38311766;48305901
1522070366692;11418;7514;938;246300672;38311982;48306428
1522070366792;11428;7521;939;246300672;38312198;48306957
1522070366892;11438;7529;939;246300672;38312306;48307222
1522070366993;11448;7529;939;246300672;38312306;48307222
1522070367093;11458;7529;939;246300672;38312306;48307222
1522070367194;11468;7529;939;246300672;38312306;48307222
1522070367294;11478;7529;939;246300672;38312306;48307222
1522070367394;11488;7529;939;246300672;38312306;48307222
1522070367495;11499;7529;939;246300672;38312306;48307222
1522070367595;11509;7529;939;246300672;38312306;48307222
1522070367695;11519;7529;939;246300672;38312306;48307222
1522070367795;11529;7529;939;246300672;38312306;48307222
1522070367896;11539;7529;939;246300672;38312306;48307222
1522070367996;11549;7529;939;246300672;38312352;48307274
1522070368097;11559;7529;939;246300672;38312352;48307274
1522070368197;11569;7530;939;246300672;38312352;48307274
1522070368297;11579;7530;939;246300672;38312352;48307274
1522070368397;11589;7530;939;246300672;38312352;48307274
1522070368497;11599;7530;939;246300672;38312352;48307274
1522070368598;11609;7530;939;246300672;38312352;48307274
1522070368698;11619;7530;939;246300672;38312352;48307274
1522070368798;11629;7530;939;246300672;38312352;48307274
1522070368899;11639;7530;939;246300672;38312352;48307274
1522070368999;11649;7533;940;246300672;38312460;48307537
1522070369099;11659;7540;940;246300672;38312676;48308064
1522070369201;11669;7545;942;246300672;38312892;48308595
1522070369301;11679;7552;942;246300672;38313000;48308859
1522070369401;11689;7559;944;246300672;38313216;48309391
1522070369501;11699;7565;945;246300672;38313432;48309922
1522070369601;11709;7571;946;246300672;38313648;48310450
1522070369702;11719;7578;947;246300672;38313756;48310715
1522070369804;11730;7586;947;246300672;38313972;48311243
1522070369904;11739;7592;948;246300672;38314188;48311775
1522070370005;11750;7599;950;246300672;38314404;48312303
1522070370105;11760;7606;950;246300672;38314620;48312832
1522070370206;11770;7610;952;246300672;38314836;48313360
1522070370306;11780;7618;953;246300672;38314944;48313625
1522070370406;11790;7625;954;246300672;38315160;48314154
1522070370506;11800;7632;955;246300672;38315376;48314678
1522070370606;11810;7639;955;246300672;38315592;48315205
1522070370706;11820;7646;956;246300672;38315808;48315680
1522070370806;11830;7653;956;246300672;38315916;48315997
1522070370907;11840;7661;956;246300672;38316132;48316523
1522070371007;11850;7668;957;246300672;38316348;48317053
1522070371107;11860;7674;958;246300672;38316564;48317584
1522070371207;11870;7682;958;246300672;38316672;48317846
1522070371307;11880;7689;959;246300672;38316888;48318376
1522070371407;11890;7699;959;246464512;38316888;48318376
1522070371507;11900;7706;960;246464512;38317104;48318908
1522070371607;11910;7714;960;246464512;38317212;48319171
1522070371707;11920;7720;961;246464512;38317428;48319702
1522070371808;11930;7728;961;246464512;38317644;48320232
1522070371908;11940;7736;962;246464512;38317752;48320497
1522070372008;11950;7744;962;246464512;38317860;48320762
1522070372109;11960;7750;964;246464512;38318076;48321289
1522070372209;11970;7758;964;246464512;38318184;48321555
1522070372309;11980;7765;964;246464512;38318400;48322084
1522070372409;11990;7771;966;246464512;38318616;48322612
1522070372509;12000;7778;966;246464512;38318832;48323138
1522070372609;12010;7786;966;246464512;38318940;48323401
1522070372709;12020;7794;966;246464512;38319156;48323930
1522070372809;12030;7801;967;246464512;38319372;48324456
1522070372909;12040;7808;968;246464512;38319480;48324721
1522070373010;12050;7815;969;246464512;38319696;48325253
1522070373110;12060;7822;970;246464512;38319912;48325783
1522070373210;12070;7829;971;246464512;38320020;48326050
1522070373310;12080;7836;971;246464512;38320236;48326584
1522070373410;12090;7843;972;246464512;38320452;48327115
1522070373510;12100;7850;973;246464512;38320668;48327640
1522070373610;12110;7856;974;246464512;38320884;48328173
1522070373710;12120;7862;976;246464512;38321100;48328703
1522070373810;12130;7870;976;246464512;38321208;48328966
1522070373911;12140;7878;976;246464512;38321424;48329496
1522070374011;12150;7884;978;246464512;38321640;48330022
1522070374111;12160;7892;978;246464512;38321748;48330282
1522070374211;12170;7900;978;246464512;38321964;48330793
1522070374311;12180;7907;978;246464512;38322180;48331307
1522070374411;12190;7914;979;246464512;38322396;48331820
1522070374512;12200;7920;981;246464512;38322612;48332336
1522070374612;12210;7927;982;246464512;38322720;48332592
1522070374712;12220;7934;982;246464512;38322936;48333109
1522070374812;12230;7935;983;246464512;38322936;48333109
1522070374912;12240;7935;983;246464512;38322936;48333109
1522070375012;12250;7935;983;246464512;38322936;48333109
1522070375112;12260;7935;983;246464512;38322936;48333109
1522070375213;12270;7935;983;246464512;38322936;48333109
1522070375313;12280;7940;985;246464512;38323152;48333624
1522070375413;12290;7947;985;246464512;38323260;48333885
1522070375513;12300;7954;986;246464512;38323476;48334403
1522070375614;12310;7960;988;246464512;38323692;48334918
1522070375714;12320;7966;989;246464512;38323800;48335176
1522070375814;12331;7974;989;246464512;38324016;48335693
1522070375915;12341;7980;990;246464512;38324232;48336209
1522070376015;12351;7987;990;246464512;38324340;48336468
1522070376116;12361;7992;992;246464512;38324556;48336985
1522070376216;12371;7998;994;246464512;38324772;48337501
1522070376317;12381;8004;994;246464512;38324880;48337760
1522070376417;12391;8011;996;246464512;38325096;48338273
1522070376517;12401;8016;997;246464512;38325312;48338789
1522070376617;12411;8023;997;246464512;38325420;48339047
1522070376717;12421;8031;997;246464512;38325636;48339565
1522070376817;12431;8036;998;246464512;38325852;48340084
1522070376917;12441;8043;999;246464512;38326068;48340602
1522070377017;12451;8050;1000;246464512;38326176;48340861
1522070377117;12461;8057;1000;246464512;38326442;48341379
1522070377218;12471;8065;1000;246464512;38326550;48341638
1522070377318;12481;8072;1000;246464512;38326812;48342155
1522070377418;12491;8078;1002;246464512;38327078;48342670
1522070377519;12501;8084;1002;246464512;38327186;48342928
1522070377619;12511;8091;1003;246464512;38327402;48343448
1522070377719;12521;8095;1005;246464512;38327618;48343966
1522070377820;12531;8100;1007;246464512;38327834;48344432
1522070377920;12541;8107;1008;246464512;38327942;48344742
1522070378020;12551;8113;1009;246464512;38328158;48345257
1522070378121;12561;8120;1009;246464512;38328374;48345774
1522070378221;12571;8126;1011;246464512;38328482;48346032
1522070378321;12581;8132;1012;246464512;38328698;48346550
1522070378422;12591;8138;1012;246464512;38328914;48347068
1522070378522;12601;8145;1013;246464512;38329022;48347327
1522070378622;12611;8150;1014;246464512;38329238;48347847
1522070378723;12621;8157;1015;246464512;38329454;48348365
1522070378823;12631;8163;1016;246464512;38329562;48348622
1522070378923;12641;8171;1016;246464512;38329778;48349138
1522070379024;12651;8177;1016;246464512;38329994;48349603
1522070379125;12662;8184;1017;246464512;38330102;48349914
1522070379225;12672;8191;1018;246464512;38330318;48350429
1522070379325;12682;8196;1019;246464512;38330534;48350948
1522070379425;12692;8204;1020;246464512;38330642;48351204
1522070379526;12702;8212;1020;246464512;38330750;48351463
1522070379627;12712;8219;1021;246464512;38330966;48351978
1522070379727;12722;8226;1022;246464512;38331074;48352237
1522070379827;12732;8232;1022;246464512;38331290;48352755
1522070379927;12742;8238;1023;246464512;38331506;48353273
1522070380028;12752;8245;1024;246464512;38331614;48353533
1522070380128;12762;8253;1024;246464512;38331830;48354049
1522070380228;12772;8260;1024;246464512;38331938;48354310
1522070380328;12782;8267;1024;246464512;38332154;48354825
1522070380428;12792;8274;1024;246464512;38332262;48355081
1522070380529;12802;8281;1025;246464512;38332478;48355598
1522070380629;12812;8288;1026;246464512;38332586;48355856
1522070380729;12822;8294;1026;246464512;38332802;48356372
1522070380829;12832;8301;1027;246464512;38332910;48356630
1522070380930;12842;8306;1029;246464512;38333126;48357145
1522070381030;12852;8311;1030;246464512;38333342;48357610
1522070381130;12862;8319;1031;246464512;38333450;48357921
1522070381230;12872;8324;1032;246464512;38333666;48358439
1522070381330;12882;8331;1033;246464512;38333774;48358699
1522070381430;12892;8338;1033;246464512;38333990;48359218
1522070381530;12902;8344;1034;246464512;38334098;48359478
1522070381630;12912;8351;1035;246464512;38334314;48359997
1522070381730;12922;8353;1035;246464512;38334314;48359997
1522070381831;12932;8353;1035;246464512;38334314;48359997
1522070381931;12942;8353;1035;246464512;38334314;48359997
1522070382031;12952;8355;1036;246464512;38334422;48360255
1522070382131;12962;8360;1038;246464512;38334530;48360514
1522070382232;12972;8368;1038;246464512;38334746;48361032
1522070382332;12982;8375;1038;246464512;38334962;48361549
1522070382432;12992;8381;1039;246464512;38335070;48361807
1522070382532;13002;8389;1040;246464512;38335286;48362325
1522070382632;13012;8396;1040;246464512;38335502;48362843
1522070382732;13022;8401;1042;246464512;38335718;48363356
1522070382832;13032;8408;1042;246464512;38335826;48363616
1522070382932;13042;8416;1042;246464512;38336042;48364135
1522070383032;13052;8423;1042;246464512;38336258;48364653
1522070383132;13062;8428;1044;246464512;38336366;48364912
1522070383232;13072;8434;1045;246464512;38336582;48365432
1522070383332;13082;8440;1046;246464512;38336798;48365949
1522070383432;13092;8444;1046;246464512;38336798;48365949
1522070383532;13102;8444;1046;246464512;38336798;48365949
1522070383633;13112;8444;1046;246464512;38336798;48365949
1522070383733;13122;8446;1046;246464512;38336906;48366209
1522070383833;13132;8448;1046;246464512;38336906;48366209
1522070383934;13142;8448;1046;246464512;38336906;48366209
1522070384034;13152;8448;1046;246464512;38336906;48366209
1522070384134;13163;8450;1047;246464512;38337014;48366467
1522070384235;13173;8456;1048;246464512;38337230;48366985
1522070384335;13183;8463;1049;246464512;38337338;48367244
1522070384436;13193;8469;1050;246464512;38337554;48367762
1522070384536;13203;8474;1052;246464512;38337770;48368281
1522070384636;13213;8480;1054;246464512;38337986;48368799
1522070384736;13223;8486;1054;246464512;38338094;48369056
1522070384837;13233;8494;1055;246464512;38338310;48369572
1522070384937;13243;8500;1056;246464512;38338526;48370089
1522070385037;13253;8507;1057;246464512;38338742;48370607
1522070385137;13263;8514;1057;246464512;38338958;48371127
1522070385237;13273;8520;1058;246464512;38339066;48371387
1522070385337;13283;8528;1059;246464512;38339282;48371903
1522070385437;13293;8534;1060;246464512;38339498;48372421
1522070385538;13303;8540;1061;246464512;38339714;48372936
1522070385638;13313;8547;1062;246464512;38339930;48373455
1522070385738;13323;8554;1063;246464512;38340038;48373714
1522070385838;13333;8560;1064;246464512;38340254;48374231
1522070385938;13343;8566;1066;246464512;38340470;48374748
1522070386038;13353;8573;1066;246464512;38340578;48375005
1522070386138;13363;8581;1066;246464512;38340794;48375525
1522070386238;13373;8587;1067;246464512;38341010;48376041
1522070386338;13383;8593;1068;246464512;38341226;48376558
1522070386438;13393;8600;1069;246464512;38341334;48376817
1522070386538;13403;8608;1070;246464512;38341550;48377334
1522070386638;13413;8614;1071;246464512;38341766;48377850
1522070386739;13423;8621;1072;246464512;38341982;48378370
1522070386839;13433;8629;1072;246464512;38342090;48378630
1522070386939;13443;8636;1073;246464512;38342306;48379150
1522070387039;13453;8642;1074;246464512;38342522;48379667
1522070387139;13463;8648;1075;246464512;38342738;48380186
1522070387239;13473;8655;1075;246464512;38342846;48380443
1522070387339;13483;8663;1075;246464512;38343062;48380960
1522070387440;13493;8669;1076;246464512;38343278;48381479
1522070387540;13503;8675;1078;246464512;38343494;48381999
1522070387641;13513;8682;1079;246464512;38343602;48382256
1522070387741;13523;8690;1079;246464512;38343818;48382775
1522070387841;13533;8696;1080;246464512;38344034;48383290
1522070387941;13543;8702;1081;246464512;38344194;48383756
1522070388041;13553;8710;1082;246464512;38344358;48384068
1522070388142;13563;8716;1083;246464512;38344574;48384586
1522070388242;13573;8722;1084;246464512;38344790;48385106
1522070388342;13583;8730;1084;246464512;38344898;48385364
1522070388442;13593;8737;1085;246464512;38345114;48385881
1522070388542;13603;8743;1086;246464512;38345330;48386398
1522070388643;13613;8750;1086;246464512;38345546;48386916
1522070388743;13623;8757;1086;246464512;38345654;48387174
1522070388843;13633;8764;1087;246464512;38345870;48387690
1522070388943;13643;8772;1088;246464512;38346086;48388207
1522070389043;13653;8780;1088;246464512;38346194;48388468
1522070389143;13663;8786;1090;246464512;38346410;48388986
1522070389243;13673;8793;1091;246464512;38346518;48389246
1522070389343;13683;8800;1091;246464512;38346734;48389766
1522070389443;13693;8807;1092;246464512;38346950;48390284
1522070389543;13703;8813;1093;246464512;38347166;48390803
1522070389644;13713;8820;1094;246464512;38347382;48391268
1522070389744;13723;8826;1096;246464512;38347490;48391581
1522070389844;13734;8832;1096;246464512;38347706;48392097
1522070389944;13743;8839;1097;246464512;38347922;48392613
1522070390044;13754;8845;1098;246464512;38348030;48392873
1522070390144;13763;8853;1099;246464512;38348246;48393388
1522070390245;13774;8859;1100;246464512;38348462;48393907
1522070390345;13784;8866;1100;246464512;38348678;48394426
1522070390445;13794;8872;1101;246464512;38348786;48394686
1522070390546;13804;8880;1102;246464512;38349002;48395203
1522070390646;13814;8886;1103;246464512;38349218;48395721
1522070390746;13824;8892;1104;246464512;38349434;48396240
1522070390846;13834;8898;1104;246464512;38349650;48396759
1522070390947;13844;8904;1106;246464512;38349758;48397019
1522070391047;13854;8912;1106;246464512;38349974;48397538
1522070391147;13864;8918;1108;246464512;38350190;48398055
1522070391247;13874;8925;1109;246464512;38350406;48398523
1522070391347;13884;8933;1109;246464512;38350514;48398835
1522070391447;13894;8938;1111;246464512;38350730;48399353
1522070391547;13904;8944;1112;246464512;38350946;48399874
1522070391648;13914;8951;1112;246464512;38351054;48400132
1522070391748;13924;8959;1113;246464512;38351270;48400651
1522070391848;13934;8965;1114;246464512;38351486;48401170
1522070391948;13944;8972;1114;246464512;38351702;48401688
1522070392048;13954;8979;1115;246464512;38351860;48401946
1522070392148;13964;8983;1118;246464512;38352076;48402462
1522070392248;13974;8990;1118;246464512;38352292;48402978
1522070392348;13984;8998;1119;246464512;38352446;48403237
1522070392448;13994;9004;1120;246464512;38352662;48403753
1522070392548;14004;9011;1120;246464512;38352770;48404012
1522070392648;14014;9018;1121;246464512;38352986;48404530
1522070392748;14024;9023;1123;246464512;38353202;48405049
1522070392848;14034;9029;1125;246464512;38353310;48405309
1522070392949;14044;9036;1126;246464512;38353526;48405828
1522070393049;14054;9041;1128;246464512;38353742;48406347
1522070393149;14064;9047;1129;246464512;38353958;48406867
1522070393249;14074;9054;1130;246464512;38354066;48407125
1522070393349;14084;9060;1131;246464512;38354282;48407644
1522070393449;14094;9067;1132;246464512;38354498;48408163
1522070393549;14104;9075;1132;246464512;38354606;48408421
1522070393649;14114;9082;1133;246464512;38354822;48408938
1522070393749;14124;9088;1134;246464512;38354930;48409197
1522070393849;14134;9096;1134;246464512;38355146;48409715
1522070393949;14144;9104;1134;246464512;38355362;48410181
1522070394050;14154;9112;1135;246464512;38355470;48410491
1522070394150;14164;9118;1136;246464512;38355686;48411010
1522070394250;14174;9124;1136;246464512;38355902;48411476
1522070394351;14184;9133;1136;246464512;38356010;48411786
1522070394451;14194;9139;1138;246464512;38356226;48412304
1522070394551;14204;9145;1138;246464512;38356442;48412820
1522070394651;14214;9152;1140;246464512;38356550;48413080
1522070394752;14224;9158;1141;246464512;38356766;48413596
1522070394852;14234;9163;1143;246464512;38356982;48414111
1522070394952;14244;9170;1144;246464512;38357090;48414369
1522070395052;14254;9176;1146;246464512;38357306;48414888
1522070395152;14264;9182;1146;246464512;38357522;48415407
1522070395252;14274;9189;1147;246464512;38358018;48415665
1522070395352;14284;9197;1148;246464512;38358234;48416185
1522070395452;14294;9203;1148;246464512;38358342;48416445
1522070395552;14304;9210;1150;246464512;38358558;48416964
1522070395652;14314;9215;1152;246464512;38358774;48417482
1522070395753;14324;9221;1153;246464512;38358990;48417946
1522070395853;14334;9228;1154;246464512;38359098;48418255
1522070395953;14344;9235;1154;246464512;38359314;48418773
1522070396053;14354;9242;1154;246464512;38359530;48419291
1522070396153;14364;9249;1155;246464512;38359638;48419551
1522070396253;14374;9256;1156;246464512;38359854;48420070
1522070396353;14384;9262;1157;246464512;38360070;48420591
1522070396453;14394;9269;1158;246464512;38360178;48420849
1522070396553;14404;9274;1160;246464512;38360394;48421369
1522070396654;14414;9282;1160;246464512;38360502;48421629
1522070396754;14424;9289;1161;246464512;38360718;48422146
1522070396854;14434;9295;1162;246464512;38360934;48422662
1522070396954;14445;9303;1162;246464512;38361042;48422921
1522070397055;14455;9308;1164;246464512;38361258;48423440
1522070397155;14465;9314;1166;246464512;38361474;48423959
1522070397255;14475;9322;1167;246464512;38361582;48424220
1522070397355;14485;9329;1167;246464512;38361798;48424736
1522070397455;14495;9335;1168;246464512;38362014;48425199
1522070397556;14505;9342;1169;246464512;38362122;48425510
1522070397657;14515;9348;1170;246464512;38362338;48426025
1522070397757;14525;9356;1171;246464512;38362446;48426282
1522070397857;14535;9362;1172;246464512;38362662;48426802
1522070397957;14545;9369;1173;246464512;38362770;48427061
1522070398057;14555;9376;1173;246464512;38362986;48427580
1522070398158;14565;9382;1174;246464512;38363094;48427838
1522070398258;14575;9389;1176;246464512;38363310;48428356
1522070398358;14585;9395;1177;246464512;38363526;48428873
1522070398459;14595;9402;1178;246464512;38363634;48429132
1522070398559;14605;9409;1178;246464512;38363850;48429650
1522070398659;14615;9415;1180;246464512;38364066;48430168
1522070398759;14625;9424;1180;246464512;38364174;48430426
1522070398859;14635;9430;1181;246464512;38364390;48430945
1522070398960;14645;9438;1181;246464512;38364606;48431464
1522070399060;14655;9445;1183;246464512;38364714;48431723
1522070399160;14665;9452;1184;246464512;38364930;48432242
1522070399260;14675;9459;1184;246464512;38365146;48432760
1522070399360;14685;9466;1185;246464512;38365362;48433276
1522070399460;14695;9474;1185;246464512;38365470;48433535
1522070399560;14705;9481;1186;246169600;38365686;48434052
1522070399661;14715;9488;1186;246169600;38365794;48434310
1522070399761;14725;9496;1187;246169600;38366010;48434831
1522070399862;14735;9502;1188;246169600;38366226;48435349
1522070399962;14745;9510;1189;246169600;38366442;48435868
1522070400062;14755;9517;1190;246169600;38366550;48436127
1522070400163;14765;9525;1190;246169600;38366766;48436644
1522070400263;14775;9532;1191;246169600;38366982;48437162
1522070400363;14785;9540;1192;246169600;38367090;48437419
1522070400463;14795;9545;1194;246169600;38367306;48437932
1522070400563;14805;9552;1195;246169600;38367522;48438450
1522070400663;14815;9559;1196;246169600;38367630;48438711
1522070400763;14825;9565;1198;246169600;38367846;48439225
1522070400864;14835;9572;1198;246169600;38368062;48439743
1522070400964;14845;9579;1199;246169600;38368170;48440001
1522070401065;14856;9586;1200;246169600;38368386;48440521
1522070401165;14866;9594;1200;246169600;38368602;48441040
1522070401265;14876;9599;1202;246169600;38368818;48441558
1522070401366;14886;9606;1202;246169600;38369034;48442077
1522070401466;14896;9613;1204;246169600;38369142;48442336
1522070401567;14906;9620;1205;246169600;38369358;48442851
1522070401667;14916;9626;1206;246169600;38369574;48443312
1522070401767;14926;9633;1208;246169600;38369682;48443622
1522070401867;14936;9640;1209;246169600;38369898;48444138
1522070401967;14946;9646;1209;246169600;38370114;48444654
1522070402067;14956;9654;1210;246169600;38370222;48444911
1522070402167;14966;9662;1210;246169600;38370438;48445428
1522070402267;14976;9668;1212;246169600;38370654;48445944
1522070402368;14986;9674;1213;246169600;38370762;48446201
1522070402468;14996;9681;1214;246169600;38370978;48446714
1522070402569;15006;9689;1215;246169600;38371194;48447231
1522070402669;15016;9696;1216;246169600;38371302;48447490
1522070402769;15026;9703;1216;246169600;38371518;48448008
1522070402869;15036;9709;1218;246169600;38371734;48448526
1522070402970;15046;9716;1219;246169600;38371842;48448785
1522070403070;15056;9724;1220;246169600;38372058;48449301
1522070403171;15066;9730;1220;246169600;38372274;48449818
1522070403271;15076;9736;1222;246169600;38372490;48450334
1522070403371;15086;9745;1222;246169600;38372598;48450594
1522070403472;15096;9752;1223;246169600;38372706;48450856
1522070403572;15106;9760;1224;246169600;38372922;48451375
1522070403672;15116;9768;1224;246169600;38373030;48451634
1522070403772;15126;9773;1225;246169600;38373246;48452152
1522070403872;15136;9781;1225;246169600;38373354;48452412
1522070403972;15146;9787;1227;246169600;38373570;48452930
1522070404072;15156;9794;1228;246169600;38373786;48453446
1522070404172;15166;9800;1229;246169600;38374002;48453964
1522070404273;15176;9807;1230;246169600;38374110;48454222
1522070404373;15186;9815;1230;246169600;38374326;48454741
1522070404474;15196;9822;1231;246169600;38374542;48455258
1522070404574;15206;9828;1232;246169600;38374758;48455775
1522070404674;15216;9834;1233;246169600;38374866;48456033
1522070404774;15227;9842;1234;246169600;38375082;48456550
1522070404875;15237;9848;1235;246169600;38375298;48457065
1522070404975;15247;9856;1235;246169600;38375406;48457326
1522070405075;15257;9863;1236;246169600;38375622;48457843
1522070405175;15267;9870;1237;246169600;38375838;48458363
1522070405276;15277;9876;1238;246169600;38376054;48458883
1522070405376;15287;9882;1240;246169600;38376162;48459142
1522070405476;15297;9890;1241;246169600;38376378;48459660
1522070405576;15307;9897;1242;246169600;38376486;48459918
1522070405677;15317;9905;1242;246169600;38376702;48460437
1522070405777;15327;9912;1242;246169600;38376918;48460959
1522070405877;15337;9920;1242;246169600;38377026;48461218
1522070405978;15347;9927;1243;246169600;38377242;48461734
1522070406078;15357;9935;1243;246169600;38377458;48462251
1522070406178;15367;9942;1243;246169600;38377674;48462769
1522070406279;15377;9949;1244;246169600;38377890;48463290
1522070406379;15387;9958;1244;246169600;38377998;48463550
1522070406479;15397;9964;1244;246169600;38378214;48464067
1522070406580;15407;9971;1245;246169600;38378430;48464585
1522070406680;15417;9978;1246;246169600;38378538;48464845
1522070406781;15427;9986;1246;246169600;38378754;48465365
1522070406881;15437;9992;1246;246169600;38378862;48465624
1522070406981;15447;10000;1247;246169600;38379078;48466142
1522070407081;15457;10007;1248;246169600;38379344;48466661
1522070407182;15467;10014;1248;246169600;38379452;48466918
1522070407284;15478;10022;1249;246169600;38379714;48467436
1522070407384;15487;10029;1249;246169600;38379930;48467954
1522070407484;15498;10035;1250;246169600;38380146;48468467
1522070407584;15507;10043;1251;246169600;38380254;48468726
1522070407684;15517;10048;1253;246169600;38380470;48469247
1522070407784;15527;10055;1254;246169600;38380686;48469766
1522070407884;15537;10063;1254;246169600;38380794;48470025
1522070407984;15548;10068;1256;246169600;38381010;48470546
1522070408084;15557;10075;1257;246169600;38381226;48471011
1522070408185;15568;10082;1258;246169600;38381334;48471323
1522070408285;15578;10088;1260;246169600;38381550;48471841
1522070408385;15588;10094;1261;246169600;38381710;48472309
1522070408485;15598;10103;1261;246169600;38381874;48472621
1522070408585;15608;10110;1262;246169600;38382090;48473138
1522070408685;15618;10117;1263;246169600;38382198;48473398
1522070408785;15628;10125;1263;246169600;38382414;48473919
1522070408886;15638;10130;1265;246169600;38382630;48474438
1522070408986;15648;10137;1266;246169600;38382846;48474907
1522070409087;15658;10145;1266;246169600;38382954;48475217
1522070409187;15668;10152;1267;246169600;38383170;48475735
1522070409287;15678;10160;1268;246169600;38383386;48476252
1522070409387;15688;10166;1269;246169600;38383494;48476511
1522070409487;15698;10174;1269;246169600;38383710;48477033
1522070409587;15708;10180;1270;246169600;38383926;48477553
1522070409688;15718;10188;1270;246169600;38384142;48478072
1522070409788;15728;10194;1272;246169600;38384250;48478330
1522070409889;15738;10201;1273;246169600;38384466;48478846
1522070409989;15748;10208;1274;246169600;38384682;48479361
1522070410089;15758;10216;1275;246169600;38384790;48479620
1522070410189;15768;10223;1275;246169600;38384898;48479877
1522070410289;15778;10230;1277;246169600;38385114;48480395
1522070410390;15788;10236;1278;246169600;38385330;48480914
1522070410490;15798;10243;1279;246169600;38385546;48481432
1522070410591;15808;10252;1280;246169600;38385654;48481693
1522070410691;15818;10257;1281;246169600;38385870;48482209
1522070410791;15828;10264;1282;246169600;38386086;48482723
1522070410891;15838;10272;1282;246169600;38386194;48482981
1522070410991;15848;10278;1283;246169600;38386410;48483499
1522070411091;15858;10286;1283;246169600;38386626;48484016
1522070411191;15868;10293;1284;246169600;38386734;48484276
1522070411292;15878;10298;1287;246169600;38386950;48484793
1522070411392;15888;10304;1288;246169600;38387166;48485312
1522070411492;15898;10310;1289;246169600;38387274;48485572
1522070411592;15908;10317;1290;246169600;38387490;48486088
1522070411693;15918;10324;1291;246169600;38387706;48486608
1522070411793;15928;10330;1292;246169600;38387922;48487126
1522070411893;15938;10337;1292;246169600;38388138;48487642
1522070411993;15948;10344;1294;246169600;38388246;48487902
1522070412093;15958;10349;1296;246169600;38388462;48488420
1522070412194;15968;10357;1296;246169600;38388570;48488677
1522070412294;15979;10365;1297;246169600;38388786;48489196
1522070412395;15989;10371;1298;246169600;38389002;48489715
1522070412495;15999;10377;1299;246169600;38389218;48490232
1522070412595;16009;10384;1300;246169600;38389326;48490492
1522070412696;16019;10392;1301;246169600;38389542;48491011
1522070412796;16029;10397;1303;246169600;38389758;48491529
1522070412897;16039;10403;1304;246169600;38389974;48492046
1522070412997;16049;10410;1305;246169600;38390082;48492305
1522070413097;16059;10418;1306;246169600;38390298;48492823
1522070413197;16069;10424;1307;246169600;38390514;48493341
1522070413298;16079;10430;1308;246169600;38390730;48493859
1522070413398;16089;10438;1308;246169600;38390838;48494117
1522070413498;16099;10445;1309;246169600;38391054;48494637
1522070413598;16109;10453;1310;246169600;38391270;48495155
1522070413699;16119;10459;1311;246169600;38391378;48495414
1522070413799;16129;10466;1312;246169600;38391594;48495935
1522070413899;16139;10473;1312;246169600;38391810;48496455
1522070413999;16149;10479;1314;246169600;38392026;48496972
1522070414100;16159;10487;1314;246169600;38392134;48497231
1522070414200;16169;10493;1316;246169600;38392350;48497750
1522070414300;16179;10500;1316;246169600;38392566;48498269
1522070414400;16189;10506;1316;246169600;38392674;48498527
1522070414500;16199;10511;1318;246169600;38392890;48499042
1522070414600;16209;10518;1319;246169600;38392998;48499299
1522070414700;16219;10524;1320;246169600;38393214;48499817
1522070414800;16229;10529;1321;246169600;38393430;48500336
1522070414900;16239;10537;1321;246169600;38393538;48500594
1522070415000;16249;10542;1322;246169600;38393754;48501112
1522070415100;16259;10549;1323;246169600;38393862;48501372
1522070415200;16269;10556;1324;246169600;38394078;48501888
1522070415300;16279;10563;1325;246169600;38394294;48502406
1522070415400;16289;10570;1325;246169600;38394402;48502664
1522070415501;16299;10577;1326;246169600;38394618;48503182
1522070415601;16309;10584;1326;246169600;38394726;48503440
1522070415701;16319;10590;1327;246169600;38394942;48503960
1522070415801;16329;10597;1328;246169600;38395158;48504480
1522070415902;16339;10603;1328;246169600;38395266;48504739
1522070416002;16349;10610;1329;246169600;38395482;48505259
1522070416102;16359;10616;1331;246169600;38395698;48505778
1522070416202;16369;10622;1331;246169600;38395914;48506294
1522070416303;16379;10629;1332;246169600;38396022;48506551
1522070416403;16389;10634;1334;246169600;38396238;48507071
1522070416503;16399;10639;1335;246169600;38396454;48507538
1522070416604;16409;10646;1336;246169600;38396562;48507850
1522070416704;16419;10652;1337;246169600;38396778;48508370
1522070416804;16430;10659;1338;246169600;38396886;48508630
1522070416904;16439;10664;1340;246169600;38397102;48509153
1522070417004;16449;10670;1342;246169600;38397318;48509668
1522070417104;16459;10676;1343;246169600;38397426;48509926
1522070417204;16469;10682;1344;246169600;38397642;48510443
1522070417304;16479;10687;1345;246169600;38397858;48510959
1522070417404;16489;10695;1346;246169600;38397966;48511217
1522070417509;16500;10702;1346;246169600;38398182;48511738
1522070417609;16510;10708;1346;246169600;38398290;48511997
1522070417709;16520;10716;1347;246169600;38398506;48512515
1522070417809;16530;10722;1348;246169600;38398722;48513032
1522070417910;16540;10730;1348;246169600;38398830;48513293
1522070418010;16550;10738;1348;246169600;38399046;48513809
1522070418110;16560;10744;1349;246169600;38399154;48514068
1522070418210;16570;10751;1350;246169600;38399370;48514587
1522070418311;16580;10756;1352;246169600;38399586;48515103
1522070418411;16590;10762;1352;246169600;38399694;48515363
1522070418511;16600;10769;1353;246169600;38400238;48515884
1522070418611;16610;10775;1354;246169600;38400454;48516405
1522070418711;16620;10781;1355;246169600;38400562;48516664
1522070418811;16630;10784;1359;246497280;38400826;48517081
