currentTs;total_time;user_time;sys_time;virtual_size;in_octets;out_octets
1522070727256;1;0;0;1400832;38688883;49169973
1522070727356;11;7;2;201318400;38688883;49169973
1522070727456;21;13;5;202891264;38688883;49169973
1522070727556;31;22;6;205238272;38689105;49169973
1522070727656;41;30;7;205238272;38689105;49169973
1522070727757;51;38;9;206090240;38689105;49169973
1522070727857;61;47;10;208232448;38689105;49169973
1522070727957;71;56;11;207888384;38689105;49169973
1522070728057;81;65;12;210112512;38689105;49169973
1522070728158;91;74;12;210112512;38689105;49169973
1522070728258;101;84;13;210112512;38689105;49169973
1522070728358;111;93;13;210112512;38689105;49169973
1522070728458;121;103;13;210112512;38689105;49169973
1522070728559;131;112;14;210112512;38689105;49169973
1522070728659;141;121;15;210255872;38689105;49169973
1522070728759;151;128;17;210255872;38689105;49169973
1522070728859;161;138;17;239874048;38689105;49169973
1522070728959;171;148;17;239874048;38689105;49169973
1522070729059;181;157;18;240201728;38689105;49169973
1522070729159;191;166;19;240529408;38689221;49170085
1522070729259;201;174;20;241184768;38689329;49170221
1522070729359;211;183;20;241205248;38689427;49170221
1522070729459;221;191;22;241336320;38689427;49170221
1522070729559;231;200;23;241336320;38689427;49170221
1522070729660;241;209;24;241336320;38689427;49170221
1522070729760;251;218;25;241336320;38689559;49170221
1522070729860;261;226;26;241336320;38689609;49170221
1522070729960;271;236;26;241336320;38689609;49170221
1522070730060;281;245;27;241336320;38689609;49170221
1522070730160;291;254;28;241336320;38689609;49170221
1522070730260;301;264;28;241336320;38689609;49170221
1522070730360;311;273;28;241336320;38689790;49170273
1522070730460;321;282;28;241430528;38689790;49170273
1522070730560;331;290;30;241696768;38689790;49170273
1522070730660;341;298;31;241696768;38689790;49170273
1522070730760;351;307;32;241696768;38689896;49170273
1522070730860;361;316;33;243793920;38689896;49170273
1522070730960;371;326;33;243793920;38689896;49170273
1522070731061;381;336;33;243793920;38689896;49170273
1522070731161;391;345;34;243793920;38689896;49170273
1522070731262;401;354;34;243793920;38689896;49170273
1522070731362;411;363;35;243793920;38689942;49170325
1522070731462;421;372;37;243793920;38689942;49170325
1522070731562;431;380;38;243793920;38689942;49170325
1522070731663;441;390;38;243793920;38689942;49170325
1522070731763;451;399;39;244842496;38689942;49170325
1522070731863;461;408;40;244842496;38689942;49170325
1522070731964;471;416;41;244842496;38689942;49170325
1522070732064;481;425;42;244842496;38689942;49170325
1522070732164;492;434;42;244842496;38690036;49170325
1522070732264;501;444;42;244842496;38690036;49170325
1522070732365;512;453;44;244842496;38690082;49170377
1522070732465;522;462;44;244842496;38690082;49170377
1522070732565;532;472;44;244842496;38690082;49170377
1522070732665;542;480;45;245891072;38690082;49170377
1522070732765;552;489;46;245891072;38690082;49170377
1522070732865;562;498;46;245891072;38690082;49170377
1522070732965;572;508;46;245891072;38690082;49170377
1522070733066;582;518;47;245891072;38690082;49170377
1522070733166;592;527;47;245891072;38690082;49170377
1522070733266;602;536;48;245891072;38690082;49170377
1522070733366;612;545;48;245891072;38690082;49170377
1522070733466;622;555;48;245891072;38690128;49170429
1522070733567;632;557;48;245891072;38690128;49170429
1522070733667;642;557;48;245891072;38690128;49170429
1522070733767;652;557;48;245891072;38690128;49170429
1522070733867;662;557;48;245891072;38690128;49170429
1522070733968;672;557;48;245891072;38690128;49170429
1522070734068;682;557;48;245891072;38690128;49170429
1522070734169;692;557;48;245891072;38690128;49170429
1522070734269;702;560;50;245891072;38690236;49170692
1522070734370;712;568;51;245891072;38690236;49170692
1522070734470;722;576;52;245891072;38690344;49170956
1522070734570;732;584;52;245891072;38690452;49171221
1522070734670;742;592;53;245891072;38690560;49171479
1522070734770;752;600;53;245891072;38690668;49171737
1522070734870;762;607;54;245891072;38690776;49171995
1522070734971;772;615;55;245891072;38690884;49172250
1522070735071;782;622;56;245891072;38691100;49172761
1522070735172;792;630;56;245891072;38691208;49173019
1522070735272;802;637;58;245891072;38691316;49173275
1522070735372;812;645;58;245891072;38691424;49173532
1522070735473;822;654;59;245891072;38691532;49173789
1522070735573;832;662;59;245891072;38691640;49174045
1522070735673;842;670;60;245891072;38691748;49174302
1522070735774;852;677;61;245891072;38691856;49174560
1522070735874;862;684;61;245891072;38691964;49174816
1522070735974;873;692;62;245891072;38692180;49175330
1522070736075;883;700;62;245891072;38692288;49175586
1522070736175;893;708;63;245891072;38692396;49175843
1522070736276;903;715;64;245891072;38692612;49176306
1522070736376;913;724;64;246210560;38692720;49176614
1522070736476;923;730;66;246210560;38692828;49176872
1522070736576;933;738;67;246210560;38692936;49177130
1522070736676;943;746;68;246210560;38693044;49177388
1522070736776;953;754;68;246210560;38693152;49177646
1522070736877;963;761;68;246210560;38693368;49178159
1522070736977;973;769;70;246210560;38693476;49178415
1522070737077;983;777;71;246210560;38693634;49178672
1522070737178;993;784;72;246210560;38693742;49178929
1522070737278;1003;791;73;246210560;38693896;49179187
1522070737378;1013;798;74;246210560;38694112;49179702
1522070737479;1023;806;74;246210560;38694220;49179958
1522070737579;1033;812;75;246210560;38694436;49180473
1522070737679;1043;820;76;246210560;38694544;49180729
1522070737779;1053;828;76;246210560;38694652;49180988
1522070737879;1063;836;76;246210560;38694868;49181503
1522070737979;1073;844;77;246210560;38695074;49181760
1522070738079;1083;850;78;246210560;38695340;49182274
1522070738179;1093;857;80;246210560;38695448;49182532
1522070738279;1103;864;80;246210560;38695664;49183047
1522070738379;1113;872;81;246210560;38695772;49183304
1522070738480;1123;881;81;246210560;38695880;49183561
1522070738581;1133;888;82;246210560;38696096;49184075
1522070738681;1143;895;83;246210560;38696204;49184331
1522070738782;1153;903;84;246210560;38696420;49184845
1522070738882;1163;911;84;246210560;38696528;49185102
1522070738982;1173;916;86;246210560;38696879;49185617
1522070739083;1183;923;86;246210560;38696987;49185875
1522070739183;1193;929;88;246210560;38697095;49186132
1522070739283;1203;936;89;246210560;38697311;49186647
1522070739384;1213;942;90;246210560;38697527;49187163
1522070739484;1223;951;91;246210560;38697635;49187419
1522070739584;1234;958;92;246210560;38697743;49187676
1522070739684;1243;964;93;246210560;38697959;49188191
1522070739784;1254;972;93;246210560;38698067;49188448
1522070739884;1263;978;94;246210560;38698283;49188964
1522070739985;1274;986;95;246210560;38698391;49189222
1522070740087;1284;994;96;246210560;38698607;49189737
1522070740187;1294;1000;97;246210560;38698715;49189995
1522070740287;1304;1007;98;246210560;38698823;49190254
1522070740387;1314;1014;99;246210560;38699039;49190772
1522070740487;1324;1021;99;246210560;38699255;49191288
1522070740588;1334;1028;100;246210560;38699363;49191546
1522070740688;1344;1036;100;246210560;38699579;49192062
1522070740789;1354;1044;101;246210560;38699866;49192321
1522070740889;1364;1050;102;246210560;38700082;49192837
1522070740989;1374;1057;103;246210560;38700190;49193095
1522070741089;1384;1064;104;246210560;38700406;49193611
1522070741190;1394;1071;104;246210560;38700514;49193866
1522070741290;1404;1078;105;246210560;38700730;49194382
1522070741390;1414;1086;105;246210560;38700946;49194897
1522070741490;1424;1093;106;246210560;38701054;49195155
1522070741591;1434;1099;107;246210560;38701270;49195669
1522070741691;1444;1106;108;246210560;38701378;49195927
1522070741791;1454;1111;110;246210560;38701594;49196443
1522070741891;1464;1119;111;246210560;38701702;49196701
1522070741991;1474;1126;112;246210560;38701918;49197215
1522070742091;1484;1132;112;246210560;38702134;49197731
1522070742191;1494;1141;112;246210560;38702242;49197989
1522070742291;1504;1150;113;246210560;38702350;49198247
1522070742391;1514;1155;114;246210560;38702566;49198762
1522070742492;1524;1164;114;246210560;38702829;49199020
1522070742592;1534;1170;116;246210560;38703045;49199536
1522070742693;1544;1179;116;246210560;38703153;49199794
1522070742793;1554;1186;116;246210560;38703369;49200309
1522070742893;1564;1192;118;246210560;38703585;49200827
1522070742993;1574;1200;118;246210560;38703693;49201085
1522070743093;1584;1207;120;246210560;38703959;49201602
1522070743193;1594;1214;120;246210560;38704175;49202116
1522070743293;1604;1222;120;246210560;38704283;49202375
1522070743394;1614;1229;122;246210560;38704499;49202889
1522070743494;1625;1236;123;246210560;38705245;49203405
1522070743595;1635;1241;126;246210560;38705353;49203663
1522070743695;1645;1248;127;246210560;38705569;49204178
1522070743795;1655;1255;127;246210560;38705785;49204693
1522070743895;1665;1262;128;246210560;38705893;49204950
1522070743995;1675;1270;129;246210560;38706109;49205466
1522070744095;1685;1277;130;246210560;38706217;49205724
1522070744195;1695;1284;131;246210560;38706433;49206239
1522070744295;1705;1291;131;246210560;38706649;49206754
1522070744395;1715;1298;132;246210560;38706865;49207269
1522070744495;1725;1306;132;246210560;38706973;49207526
1522070744596;1735;1313;133;246210560;38707189;49208044
1522070744696;1745;1320;134;246210560;38707405;49208560
1522070744796;1755;1328;134;246210560;38707513;49208818
1522070744897;1765;1337;134;246210560;38707621;49209076
1522070744997;1775;1346;135;246210560;38707729;49209334
1522070745097;1785;1352;137;246210560;38707945;49209850
1522070745197;1795;1358;138;246210560;38708161;49210365
1522070745297;1805;1366;138;246210560;38708269;49210622
1522070745397;1815;1373;139;246210560;38708707;49211136
1522070745497;1825;1379;140;246210560;38708923;49211650
1522070745597;1835;1384;144;246210560;38709369;49211908
1522070745698;1845;1391;144;246210560;38709585;49212424
1522070745798;1855;1398;145;246210560;38709801;49212938
1522070745899;1865;1405;146;246210560;38710017;49213453
1522070745999;1875;1412;148;246210560;38710125;49213711
1522070746099;1885;1418;148;246210560;38710341;49214226
1522070746199;1895;1426;149;246210560;38710557;49214740
1522070746299;1905;1433;149;246210560;38710665;49214998
1522070746399;1915;1441;150;246210560;38710881;49215514
1522070746499;1925;1447;151;246210560;38711097;49216030
1522070746600;1935;1454;152;246210560;38711313;49216546
1522070746700;1945;1460;153;246210560;38711421;49216804
1522070746801;1955;1468;154;246210560;38711637;49217320
1522070746901;1965;1474;155;246210560;38711853;49217837
1522070747001;1975;1480;156;246210560;38712069;49218354
1522070747101;1985;1489;156;246210560;38712177;49218612
1522070747201;1995;1498;157;246210560;38712285;49218869
1522070747301;2005;1505;157;246210560;38712501;49219385
1522070747401;2015;1512;158;246210560;38712717;49219900
1522070747502;2025;1520;159;246210560;38712825;49220159
1522070747602;2035;1528;159;246210560;38713041;49220675
1522070747702;2045;1534;160;246210560;38713257;49221190
1522070747803;2055;1540;162;246210560;38713473;49221705
1522070747903;2065;1547;163;246210560;38713689;49222220
1522070748003;2075;1554;164;246210560;38713905;49222685
1522070748103;2085;1561;164;246210560;38714013;49222995
1522070748203;2095;1568;166;246210560;38714229;49223509
1522070748303;2105;1574;166;246210560;38714445;49224020
1522070748404;2115;1581;168;246210560;38714553;49224277
1522070748504;2125;1588;168;246210560;38714769;49224793
1522070748605;2136;1596;168;246210560;38714985;49225309
1522070748705;2146;1604;168;246210560;38715093;49225566
1522070748805;2156;1611;169;246210560;38715309;49226080
1522070748905;2166;1618;170;246210560;38715525;49226595
1522070749005;2176;1624;171;246210560;38715741;49227111
1522070749105;2186;1630;172;246210560;38715849;49227369
1522070749205;2196;1638;172;246210560;38716065;49227885
1522070749306;2206;1638;173;246210560;38716065;49227885
1522070749406;2216;1638;173;246210560;38716065;49227885
1522070749506;2226;1638;173;246210560;38716065;49227885
1522070749606;2236;1638;173;246210560;38716065;49227885
1522070749707;2246;1638;173;246210560;38716065;49227885
1522070749807;2256;1638;173;246210560;38716065;49227885
1522070749908;2266;1638;173;246210560;38716065;49227885
1522070750008;2276;1640;174;246210560;38716173;49228142
1522070750108;2286;1642;174;246210560;38716281;49228399
1522070750208;2296;1649;174;246210560;38716389;49228657
1522070750308;2306;1656;174;246210560;38716497;49228914
1522070750408;2316;1663;175;246210560;38716713;49229430
1522070750508;2326;1669;176;246210560;38716929;49229945
1522070750608;2336;1675;177;246210560;38717037;49230202
1522070750708;2346;1682;178;246210560;38717253;49230718
1522070750809;2356;1688;178;246210560;38717469;49231232
1522070750909;2366;1695;179;246210560;38717577;49231489
1522070751009;2376;1701;180;246210560;38717793;49232000
1522070751109;2386;1707;182;246210560;38717901;49232258
1522070751209;2396;1714;182;246210560;38718117;49232774
1522070751309;2406;1720;183;246210560;38718333;49233291
1522070751409;2416;1728;183;246210560;38718441;49233548
1522070751509;2426;1734;184;246210560;38718657;49234064
1522070751611;2436;1740;185;246210560;38718873;49234580
1522070751711;2446;1749;185;246210560;38718981;49234838
1522070751811;2456;1758;186;246210560;38719089;49235097
1522070751911;2466;1763;188;246210560;38719305;49235610
1522070752012;2476;1772;188;246210560;38719413;49235867
1522070752112;2486;1778;188;246210560;38719679;49236383
1522070752213;2496;1785;189;246210560;38719833;49236641
1522070752313;2506;1792;190;246210560;38720049;49237156
1522070752413;2516;1798;191;246210560;38720265;49237668
1522070752513;2526;1804;191;246210560;38720373;49237926
1522070752613;2536;1811;192;246210560;38720589;49238440
1522070752713;2546;1817;193;246210560;38720805;49238955
1522070752814;2556;1823;194;246210560;38721021;49239471
1522070752914;2567;1830;195;246210560;38721129;49239728
1522070753014;2576;1836;196;246210560;38721345;49240244
1522070753115;2587;1842;196;246210560;38721561;49240760
1522070753215;2597;1850;197;246210560;38721669;49241018
1522070753315;2607;1856;198;246210560;38721885;49241535
1522070753415;2617;1862;198;246210560;38722101;49242049
1522070753515;2627;1870;199;246210560;38722209;49242306
1522070753615;2637;1875;200;246210560;38722425;49242820
1522070753715;2647;1882;202;246210560;38722533;49243078
1522070753815;2657;1886;204;246210560;38722749;49243591
1522070753916;2667;1893;204;246210560;38722857;49243851
1522070754016;2677;1900;205;246210560;38723073;49244368
1522070754116;2687;1908;205;246210560;38723181;49244625
1522070754216;2697;1914;205;246210560;38723397;49245140
1522070754317;2707;1921;206;246210560;38723505;49245399
1522070754417;2717;1928;206;246210560;38723721;49245914
1522070754517;2727;1933;208;246210560;38723937;49246425
1522070754617;2737;1940;208;246210560;38724045;49246683
1522070754717;2747;1948;209;246210560;38724261;49247198
1522070754818;2757;1954;210;246210560;38724369;49247456
1522070754918;2767;1964;210;246210560;38724477;49247715
1522070755018;2777;1972;210;246210560;38724693;49248231
1522070755119;2787;1979;211;246210560;38724801;49248490
1522070755219;2797;1986;211;246210560;38725017;49249008
1522070755319;2807;1992;212;246210560;38725233;49249525
1522070755419;2817;1999;212;246210560;38725341;49249784
1522070755520;2827;2005;214;246210560;38725557;49250297
1522070755620;2837;2010;216;246210560;38725773;49250814
1522070755720;2847;2016;217;246210560;38725881;49251071
1522070755820;2857;2024;218;246210560;38726485;49251587
1522070755920;2867;2030;219;246210560;38726593;49251845
1522070756020;2877;2036;220;246210560;38726809;49252362
1522070756120;2887;2042;221;246210560;38727025;49252879
1522070756220;2897;2047;222;246210560;38727133;49253137
1522070756320;2907;2054;223;246210560;38727349;49253654
1522070756421;2917;2060;225;246210560;38727457;49253912
1522070756522;2927;2067;226;246210560;38727673;49254426
1522070756622;2937;2074;226;246210560;38727889;49254943
1522070756722;2947;2082;227;246210560;38727997;49255199
1522070756823;2957;2088;228;246210560;38728213;49255712
1522070756923;2967;2095;228;246210560;38728321;49255969
1522070757023;2977;2102;228;246210560;38728537;49256484
1522070757123;2987;2109;229;246210560;38728753;49257001
1522070757224;2997;2114;230;246210560;38728969;49257464
1522070757324;3007;2121;230;246210560;38729077;49257772
1522070757424;3018;2128;231;246210560;38729293;49258289
1522070757524;3027;2134;232;246210560;38729509;49258806
1522070757624;3038;2140;233;246210560;38729617;49259062
1522070757724;3047;2146;234;246210560;38729833;49259579
1522070757825;3058;2151;236;246210560;38730049;49260093
1522070757925;3068;2158;237;246210560;38730157;49260353
1522070758025;3078;2162;239;246210560;38730373;49260869
1522070758126;3088;2169;240;246210560;38730589;49261386
1522070758226;3098;2177;240;246210560;38730697;49261644
1522070758326;3108;2182;242;246210560;38730913;49262159
1522070758427;3118;2186;244;246210560;38731129;49262675
1522070758527;3128;2194;244;246210560;38731237;49262934
1522070758627;3138;2200;245;246210560;38731453;49263449
1522070758727;3148;2205;247;246210560;38731669;49263963
1522070758828;3158;2212;248;246210560;38731777;49264223
1522070758928;3168;2218;250;246210560;38731993;49264737
1522070759028;3178;2224;251;246210560;38732209;49265251
1522070759128;3188;2229;252;246210560;38732317;49265510
1522070759228;3198;2236;253;246210560;38732533;49266026
1522070759328;3208;2242;254;246210560;38732749;49266541
1522070759428;3218;2249;255;246210560;38732857;49266800
1522070759528;3228;2252;255;246210560;38732857;49266800
1522070759628;3238;2256;256;246210560;38732965;49267058
1522070759728;3248;2262;258;246210560;38733181;49267572
1522070759828;3258;2268;258;246210560;38733289;49267828
1522070759928;3268;2275;259;246210560;38733505;49268341
1522070760028;3278;2280;260;246210560;38733721;49268856
1522070760128;3288;2287;261;246210560;38733829;49269115
1522070760228;3298;2292;262;246210560;38734045;49269631
1522070760329;3308;2297;264;246210560;38734261;49270148
1522070760429;3318;2305;265;246210560;38734369;49270405
1522070760529;3328;2311;265;246210560;38734585;49270922
1522070760629;3338;2316;266;246210560;38734801;49271386
1522070760729;3348;2323;267;246210560;38734909;49271695
1522070760829;3358;2329;268;246210560;38735125;49272211
1522070760930;3368;2335;269;246210560;38735341;49272728
1522070761030;3378;2342;270;246210560;38735449;49272986
1522070761131;3388;2348;270;246210560;38735665;49273501
1522070761231;3398;2354;271;246210560;38735881;49274015
1522070761331;3408;2361;271;246210560;38735989;49274271
1522070761431;3418;2368;272;246210560;38736205;49274790
1522070761532;3428;2373;273;246210560;38736421;49275304
1522070761632;3438;2380;273;246210560;38736529;49275562
1522070761732;3448;2386;275;246210560;38736745;49276076
1522070761832;3458;2392;275;246210560;38736961;49276591
1522070761932;3468;2399;276;246210560;38737069;49276849
1522070762032;3478;2405;276;246210560;38737285;49277365
1522070762132;3488;2412;276;246210560;38737501;49277882
1522070762232;3498;2419;277;246210560;38737609;49278139
1522070762333;3508;2425;278;246210560;38737825;49278654
1522070762433;3518;2430;279;246210560;38738041;49279170
1522070762533;3528;2437;279;246210560;38738149;49279427
1522070762633;3538;2444;280;246210560;38738365;49279941
1522070762733;3548;2450;280;246210560;38738581;49280459
1522070762833;3558;2457;281;246210560;38738689;49280717
1522070762933;3568;2464;282;246210560;38738905;49281233
1522070763034;3578;2470;283;246210560;38739013;49281491
1522070763134;3588;2478;283;246210560;38739229;49282009
1522070763234;3598;2484;285;246210560;38739445;49282525
1522070763334;3608;2492;285;246210560;38739553;49282782
1522070763434;3619;2498;286;246210560;38739769;49283296
1522070763534;3628;2505;286;246210560;38739877;49283556
1522070763634;3638;2511;288;246210560;38740093;49284071
1522070763734;3648;2517;288;246210560;38740309;49284586
1522070763834;3659;2526;288;246210560;38740417;49284845
1522070763934;3668;2531;289;246210560;38740633;49285360
1522070764034;3678;2537;290;246210560;38740741;49285616
1522070764134;3688;2544;291;246210560;38740957;49286132
1522070764234;3699;2549;292;246210560;38741173;49286647
1522070764334;3708;2555;294;246210560;38741281;49286904
1522070764434;3718;2561;295;246210560;38741497;49287422
1522070764534;3729;2567;296;246210560;38741713;49287938
1522070764635;3739;2572;297;246210560;38741929;49288402
1522070764735;3749;2580;298;246210560;38742037;49288709
1522070764835;3759;2585;298;246210560;38742253;49289226
1522070764935;3769;2590;300;246210560;38742469;49289740
1522070765035;3779;2597;300;246210560;38742577;49289998
1522070765135;3789;2604;302;246210560;38742793;49290512
1522070765236;3799;2610;302;246210560;38743009;49291027
1522070765336;3809;2616;302;246210560;38743225;49291543
1522070765437;3819;2623;303;246210560;38743333;49291800
1522070765537;3829;2630;304;246210560;38743549;49292315
1522070765637;3839;2636;305;246210560;38743765;49292831
1522070765737;3849;2642;305;246210560;38743981;49293293
1522070765837;3859;2648;306;246210560;38744089;49293601
1522070765937;3869;2654;308;246210560;38744305;49294115
1522070766037;3879;2659;309;246210560;38744521;49294629
1522070766138;3889;2666;310;246210560;38744629;49294885
1522070766238;3899;2673;310;246210560;38744845;49295402
1522070766338;3909;2679;311;246210560;38745061;49295916
1522070766439;3919;2684;312;246210560;38745277;49296430
1522070766539;3929;2691;313;246210560;38745385;49296689
1522070766640;3939;2698;315;246210560;38745601;49297205
1522070766740;3949;2703;316;246210560;38745817;49297719
1522070766840;3959;2708;318;246210560;38746033;49298233
1522070766940;3969;2714;318;246210560;38746141;49298488
1522070767040;3979;2721;319;246210560;38746407;49299004
1522070767140;3989;2730;320;246210560;38746515;49299261
1522070767240;3999;2736;320;246210560;38746777;49299780
1522070767340;4009;2742;321;246210560;38746993;49300296
1522070767440;4019;2748;322;246210560;38747101;49300552
1522070767540;4029;2754;322;246210560;38747317;49301067
1522070767640;4039;2761;322;246210560;38747425;49301325
1522070767740;4049;2767;324;246210560;38747641;49301841
1522070767840;4059;2774;324;246210560;38747857;49302358
1522070767940;4069;2781;324;246210560;38748073;49302874
1522070768040;4079;2787;324;246210560;38748289;49303389
1522070768140;4089;2796;325;246210560;38748397;49303647
1522070768241;4099;2800;327;246210560;38748613;49304165
1522070768341;4109;2807;328;246210560;38748721;49304421
1522070768441;4119;2814;329;246210560;38748937;49304937
1522070768542;4129;2820;329;246210560;38749153;49305454
1522070768642;4139;2827;332;246210560;38749261;49305712
1522070768745;4150;2834;332;246210560;38749477;49306228
1522070768845;4160;2839;333;246210560;38749693;49306742
1522070768946;4170;2847;334;246210560;38749801;49306999
1522070769046;4180;2853;334;246210560;38750017;49307513
1522070769146;4190;2860;335;246210560;38750233;49308031
1522070769246;4200;2867;335;246210560;38750341;49308287
1522070769346;4210;2874;336;246210560;38750557;49308804
1522070769446;4220;2882;336;246210560;38750773;49309321
1522070769547;4230;2889;336;246210560;38750989;49309836
1522070769647;4240;2896;337;246210560;38751205;49310354
1522070769747;4250;2903;338;246210560;38751421;49310869
1522070769848;4260;2908;340;246210560;38751637;49311382
1522070769948;4270;2914;341;246210560;38751745;49311639
1522070770049;4280;2921;342;246210560;38751961;49312154
1522070770149;4290;2928;344;246210560;38752177;49312668
1522070770250;4300;2934;344;246210560;38752393;49313183
1522070770350;4310;2942;344;246210560;38752501;49313441
1522070770450;4320;2948;346;246210560;38752717;49313958
1522070770550;4330;2954;347;246210560;38752933;49314472
1522070770650;4340;2960;348;246210560;38753149;49314987
1522070770751;4350;2967;349;246210560;38753257;49315245
1522070770851;4360;2973;349;246210560;38753473;49315760
1522070770951;4370;2980;350;246210560;38753689;49316276
1522070771053;4380;2987;350;246210560;38753905;49316791
1522070771153;4390;2994;351;246210560;38754013;49317050
1522070771253;4400;3001;352;246210560;38754229;49317564
1522070771353;4410;3006;354;246210560;38754445;49318082
1522070771453;4420;3012;355;246210560;38754661;49318594
1522070771553;4430;3019;356;246210560;38754877;49319110
1522070771654;4440;3026;357;246210560;38754985;49319369
1522070771754;4450;3032;358;246210560;38755201;49319884
1522070771854;4461;3039;359;246210560;38755417;49320401
1522070771954;4471;3045;360;246210560;38755633;49320919
1522070772054;4480;3052;360;246210560;38755741;49321175
1522070772154;4490;3059;361;246210560;38755957;49321690
1522070772254;4501;3067;362;246210560;38756173;49322204
1522070772355;4511;3072;363;246210560;38756389;49322721
1522070772455;4521;3079;364;246210560;38756605;49323236
1522070772555;4531;3085;366;246210560;38756821;49323755
1522070772655;4541;3091;367;246210560;38756929;49324011
1522070772756;4551;3098;368;246210560;38757145;49324525
1522070772856;4561;3105;369;246210560;38757361;49325041
1522070772956;4571;3112;369;246210560;38757577;49325555
1522070773056;4581;3118;370;246210560;38757793;49326072
1522070773156;4591;3125;371;246210560;38758009;49326585
1522070773256;4601;3132;371;246210560;38758225;49327100
1522070773356;4611;3138;372;246210560;38758333;49327357
1522070773456;4621;3146;373;246210560;38758549;49327870
1522070773556;4631;3152;374;246210560;38758765;49328386
1522070773656;4641;3158;375;246210560;38758981;49328903
1522070773756;4651;3165;376;246210560;38759197;49329421
1522070773856;4661;3171;377;246210560;38759413;49329935
1522070773956;4671;3178;378;246210560;38759521;49330191
1522070774057;4681;3185;378;246210560;38759737;49330709
1522070774157;4691;3192;379;246210560;38759953;49331223
1522070774258;4701;3198;381;246210560;38760169;49331737
1522070774358;4711;3204;382;246210560;38760385;49332252
1522070774458;4721;3210;383;246210560;38760601;49332768
1522070774558;4731;3216;385;246210560;38760709;49333024
1522070774659;4741;3223;386;246210560;38760925;49333540
1522070774759;4751;3230;387;246210560;38761141;49334054
1522070774859;4761;3237;387;246210560;38761357;49334571
1522070774959;4771;3244;388;246210560;38761573;49335087
1522070775059;4781;3252;389;246210560;38761681;49335344
1522070775159;4791;3260;389;246210560;38761897;49335858
1522070775260;4801;3266;390;246210560;38762113;49336375
1522070775360;4811;3273;391;246210560;38762329;49336889
1522070775460;4821;3280;392;246210560;38762437;49337148
1522070775560;4831;3288;392;246210560;38762653;49337663
1522070775660;4841;3294;394;246210560;38762869;49338177
1522070775760;4851;3300;395;246210560;38763085;49338693
1522070775861;4861;3306;396;246210560;38763301;49339210
1522070775961;4871;3312;397;246210560;38763517;49339722
1522070776061;4881;3320;398;246210560;38763625;49339978
1522070776162;4891;3327;399;246210560;38763841;49340493
1522070776262;4901;3333;400;246210560;38764057;49341010
1522070776362;4911;3340;401;246210560;38764273;49341526
1522070776462;4921;3347;401;246210560;38764489;49342041
1522070776562;4931;3353;402;246210560;38764705;49342556
1522070776662;4941;3361;403;246210560;38764813;49342814
1522070776762;4951;3368;404;246210560;38765029;49343330
1522070776862;4961;3375;405;246210560;38765245;49343847
1522070776962;4971;3382;406;246210560;38765461;49344310
1522070777062;4981;3389;407;246210560;38765569;49344616
1522070777162;4991;3396;407;246210560;38765785;49345129
1522070777263;5001;3402;408;246210560;38766001;49345644
1522070777363;5011;3408;410;246210560;38766217;49346159
1522070777463;5021;3415;410;246210560;38766433;49346671
1522070777563;5031;3421;412;246210560;38766649;49347188
1522070777663;5041;3427;413;246210560;38766757;49347446
1522070777764;5051;3434;414;246210560;38766973;49347963
1522070777864;5062;3442;414;246210560;38767189;49348479
1522070777964;5071;3448;416;246210560;38767405;49348994
1522070778064;5081;3454;416;246210560;38767621;49349508
1522070778164;5091;3462;418;246210560;38767729;49349766
1522070778264;5101;3470;418;246210560;38768273;49350283
1522070778365;5112;3477;418;246210560;38768489;49350800
1522070778465;5122;3482;420;246210560;38768705;49351316
1522070778565;5132;3489;421;246210560;38768921;49351833
1522070778665;5142;3496;422;246210560;38769029;49352089
1522070778765;5152;3502;423;246210560;38769245;49352605
1522070778865;5162;3510;424;246210560;38769461;49353120
1522070778965;5172;3515;425;246210560;38769677;49353637
1522070779066;5182;3521;426;246210560;38769893;49354150
1522070779166;5192;3526;427;246210560;38770001;49354406
1522070779266;5202;3531;428;246210560;38770217;49354920
1522070779368;5212;3538;428;246210560;38770433;49355437
1522070779468;5222;3546;428;246210560;38770541;49355693
1522070779568;5232;3552;430;246210560;38770757;49356208
1522070779668;5242;3558;431;246210560;38770973;49356723
1522070779768;5252;3565;431;246210560;38771189;49357235
1522070779868;5262;3572;432;246210560;38771405;49357749
1522070779968;5272;3578;432;246210560;38771513;49358006
1522070780068;5282;3585;433;246210560;38771729;49358519
1522070780169;5292;3592;434;246210560;38771945;49359033
1522070780269;5302;3599;434;246210560;38772161;49359547
1522070780369;5312;3606;434;246210560;38772377;49360063
1522070780473;5322;3613;434;246210560;38772485;49360319
1522070780574;5332;3620;436;246210560;38772701;49360830
1522070780674;5342;3626;437;246210560;38772917;49361343
1522070780774;5352;3632;438;246210560;38773133;49361859
1522070780874;5362;3639;439;246210560;38773241;49362118
1522070780975;5373;3646;440;246210560;38773457;49362632
1522070781075;5383;3652;441;246210560;38773673;49363147
1522070781175;5393;3658;442;246210560;38773889;49363663
1522070781275;5403;3664;444;246210560;38774105;49364177
1522070781376;5413;3671;444;246210560;38774213;49364437
1522070781476;5423;3678;444;246210560;38774429;49364953
1522070781576;5433;3686;445;246210560;38774645;49365469
1522070781676;5443;3692;446;246210560;38774861;49365985
1522070781776;5453;3698;447;246210560;38775077;49366500
1522070781876;5463;3705;447;246210560;38775293;49367014
1522070781977;5473;3712;448;246210560;38775509;49367531
1522070782077;5483;3718;448;246210560;38775713;49367788
1522070782177;5493;3725;450;246210560;38775929;49368304
1522070782278;5503;3733;450;246210560;38776145;49368819
1522070782378;5513;3740;450;246210560;38776361;49369333
1522070782478;5523;3747;450;246210560;38776577;49369847
1522070782578;5533;3753;451;246210560;38776793;49370362
1522070782681;5543;3759;452;246210560;38776901;49370623
1522070782781;5553;3766;454;246210560;38777117;49371139
1522070782881;5563;3773;454;246210560;38777333;49371653
1522070782981;5573;3778;456;246210560;38777549;49372167
1522070783081;5583;3785;456;246210560;38777765;49372682
1522070783181;5593;3791;457;246210560;38777981;49373145
1522070783282;5603;3799;458;246210560;38778089;49373454
1522070783382;5613;3805;459;246210560;38778305;49373967
1522070783482;5623;3811;460;246210560;38778521;49374483
1522070783582;5633;3817;462;246210560;38778737;49374999
1522070783682;5643;3823;463;246210560;38778953;49375513
1522070783782;5653;3828;465;246210560;38779169;49376029
1522070783882;5663;3834;466;246210560;38779277;49376287
1522070783982;5673;3842;467;246210560;38779493;49376801
1522070784083;5683;3849;467;246210560;38779709;49377318
1522070784183;5693;3856;468;246210560;38779925;49377834
1522070784283;5703;3862;469;246210560;38780141;49378350
1522070784384;5713;3869;469;246210560;38780357;49378865
1522070784485;5724;3876;470;246210560;38780465;49379122
1522070784585;5734;3883;470;246210560;38780681;49379637
1522070784686;5744;3890;471;246210560;38780897;49380154
1522070784786;5754;3896;471;246210560;38781113;49380666
1522070784887;5764;3903;472;246210560;38781329;49381179
1522070784987;5774;3910;473;246210560;38781545;49381696
1522070785087;5784;3916;474;246210560;38781653;49381953
1522070785187;5794;3922;476;246210560;38781869;49382466
1522070785287;5804;3929;476;246210560;38782085;49382984
1522070785387;5814;3935;477;246210560;38782301;49383497
1522070785487;5824;3942;478;246210560;38782517;49384014
1522070785588;5834;3948;479;246210560;38782733;49384526
1522070785688;5844;3956;479;246210560;38782841;49384784
1522070785788;5854;3963;480;246210560;38783445;49385300
1522070785888;5864;3970;480;246210560;38783661;49385814
1522070785988;5874;3976;481;246210560;38783877;49386331
1522070786088;5884;3983;482;246210560;38784093;49386849
1522070786188;5894;3990;482;246210560;38784201;49387106
1522070786288;5904;3997;483;246210560;38784417;49387620
1522070786388;5914;4004;483;246210560;38784633;49388135
1522070786488;5924;4011;484;246210560;38784849;49388651
1522070786589;5934;4019;484;246210560;38785065;49389165
1522070786689;5944;4024;485;246210560;38785281;49389679
1522070786789;5954;4030;486;246210560;38785497;49390141
1522070786890;5964;4038;486;246210560;38785605;49390450
1522070786990;5974;4045;487;246210560;38785821;49390964
1522070787090;5984;4053;488;246210560;38786037;49391481
1522070787190;5994;4059;488;246210560;38786253;49391999
1522070787291;6004;4066;489;246210560;38786469;49392515
1522070787391;6014;4072;490;246210560;38786685;49393029
1522070787491;6024;4078;491;246210560;38786901;49393543
1522070787591;6034;4085;492;246210560;38787009;49393800
1522070787691;6044;4094;492;246210560;38787225;49394313
1522070787792;6054;4100;493;246210560;38787441;49394828
1522070787892;6064;4107;493;246210560;38787657;49395341
1522070787992;6074;4115;494;246210560;38787765;49395598
1522070788092;6084;4122;494;246210560;38787981;49396113
1522070788192;6095;4129;494;246210560;38788197;49396630
1522070788292;6104;4137;495;246210560;38788305;49396887
1522070788393;6114;4144;495;246210560;38788521;49397401
1522070788493;6124;4150;496;246210560;38788737;49397917
1522070788593;6134;4157;497;246210560;38788845;49398174
1522070788693;6144;4164;498;246210560;38789061;49398691
1522070788794;6154;4171;499;246210560;38789277;49399207
1522070788894;6164;4178;500;246210560;38789493;49399722
1522070788994;6174;4184;501;246210560;38789709;49400238
1522070789094;6185;4191;501;246210560;38789817;49400495
1522070789195;6195;4198;502;246210560;38790033;49401010
1522070789295;6205;4206;502;246210560;38790249;49401525
1522070789395;6215;4216;502;246349824;38790249;49401525
1522070789496;6225;4221;503;246349824;38790357;49401783
1522070789597;6235;4229;504;246349824;38790573;49402296
1522070789697;6245;4236;504;246349824;38790789;49402810
1522070789797;6255;4242;505;246349824;38791005;49403326
1522070789898;6265;4248;506;246349824;38791221;49403843
1522070789999;6275;4255;507;246349824;38791437;49404359
1522070790099;6285;4262;508;246349824;38791545;49404617
1522070790200;6295;4269;509;246349824;38791761;49405135
1522070790300;6305;4276;510;246349824;38791869;49405393
1522070790400;6315;4282;512;246349824;38791977;49405649
1522070790500;6325;4291;513;246349824;38792193;49406162
1522070790600;6335;4298;513;246349824;38792409;49406674
1522070790700;6345;4303;515;246349824;38792625;49407189
1522070790800;6355;4310;515;246349824;38792733;49407447
1522070790900;6365;4318;516;246349824;38792949;49407960
1522070791003;6375;4324;518;246349824;38793165;49408473
1522070791104;6385;4330;519;246349824;38793381;49408990
1522070791205;6396;4337;519;246349824;38793597;49409503
1522070791305;6406;4344;520;246349824;38793705;49409760
1522070791406;6416;4351;521;246349824;38793921;49410277
1522070791506;6426;4358;522;246349824;38794137;49410793
1522070791606;6436;4364;522;246349824;38794353;49411308
1522070791706;6446;4370;524;246349824;38794569;49411824
1522070791807;6456;4378;524;246349824;38794677;49412081
1522070791907;6466;4386;524;246349824;38794893;49412597
1522070792007;6476;4391;526;246349824;38795109;49413113
1522070792107;6486;4398;526;246349824;38795325;49413628
1522070792208;6496;4404;527;246349824;38795541;49414090
1522070792308;6506;4412;528;246349824;38795649;49414400
1522070792408;6516;4419;528;246349824;38795865;49414914
1522070792508;6526;4425;529;246349824;38796081;49415431
1522070792608;6536;4432;530;246349824;38796297;49415894
1522070792708;6546;4440;530;246349824;38796405;49416204
1522070792808;6556;4446;532;246349824;38796621;49416722
1522070792908;6566;4452;532;246349824;38796837;49417237
1522070793008;6576;4458;534;246349824;38797053;49417753
1522070793108;6586;4465;534;246349824;38797269;49418272
1522070793208;6596;4471;535;246349824;38797485;49418788
1522070793308;6606;4478;536;246349824;38797593;49419045
1522070793408;6616;4486;536;246349824;38797809;49419561
1522070793509;6626;4492;537;246349824;38798025;49420081
1522070793609;6636;4498;538;246349824;38798241;49420597
1522070793710;6646;4504;540;246349824;38798457;49421111
1522070793810;6656;4510;540;246349824;38798565;49421367
1522070793910;6666;4517;541;246349824;38798781;49421881
1522070794010;6676;4524;542;246349824;38798997;49422398
1522070794110;6686;4529;544;246349824;38799213;49422912
1522070794211;6696;4535;545;246349824;38799321;49423168
1522070794311;6706;4542;546;246349824;38799537;49423681
1522070794411;6716;4547;548;246349824;38799753;49424197
1522070794511;6726;4554;548;246349824;38799969;49424713
1522070794612;6736;4562;549;246349824;38800077;49424969
1522070794712;6746;4569;550;246349824;38800185;49425226
1522070794812;6756;4576;550;246349824;38800401;49425738
1522070794912;6766;4582;552;246349824;38800617;49426251
1522070795012;6776;4587;553;246349824;38800833;49426762
1522070795112;6786;4594;554;246349824;38800941;49427021
1522070795212;6796;4600;554;246349824;38801157;49427536
1522070795312;6806;4607;555;246349824;38801373;49428051
1522070795412;6816;4613;556;246349824;38801589;49428565
1522070795512;6826;4621;556;246349824;38801697;49428822
1522070795612;6836;4628;557;246349824;38801913;49429337
1522070795712;6846;4634;558;246349824;38802129;49429854
1522070795812;6856;4641;558;246349824;38802237;49430110
1522070795912;6866;4647;560;246349824;38802453;49430627
1522070796017;6877;4654;561;246349824;38802669;49431143
1522070796118;6887;4660;562;246349824;38802885;49431657
1522070796218;6897;4668;562;246349824;38802993;49431915
1522070796318;6907;4675;562;246349824;38803209;49432429
1522070796418;6917;4682;563;246349824;38803317;49432685
1522070796518;6927;4689;564;246349824;38803533;49433198
1522070796618;6937;4695;564;246349824;38803749;49433713
1522070796718;6947;4702;565;246349824;38803965;49434227
1522070796818;6957;4709;566;246349824;38804073;49434486
1522070796918;6967;4714;568;246349824;38804289;49434998
1522070797018;6977;4720;570;246349824;38804505;49435517
1522070797118;6987;4726;570;246349824;38804817;49436039
1522070797218;6997;4732;571;246349824;38804925;49436296
1522070797319;7007;4740;572;246349824;38805141;49436811
1522070797421;7017;4746;573;246349824;38805357;49437325
1522070797521;7027;4752;574;246349824;38805465;49437581
1522070797622;7037;4760;574;246349824;38805681;49438096
1522070797722;7047;4766;576;246349824;38805897;49438612
1522070797822;7057;4772;576;246349824;38806005;49438870
1522070797922;7067;4778;577;246349824;38806221;49439389
1522070798022;7077;4785;578;246349824;38806329;49439646
1522070798122;7087;4791;579;246349824;38806545;49440164
1522070798222;7097;4798;579;246349824;38806761;49440680
1522070798323;7107;4806;580;246349824;38806869;49440938
1522070798423;7117;4814;580;246349824;38807085;49441460
1522070798523;7127;4820;580;246349824;38807301;49441976
1522070798623;7137;4828;580;246349824;38807409;49442233
1522070798724;7147;4835;581;246349824;38807625;49442749
1522070798824;7157;4842;582;246349824;38807841;49443263
1522070798924;7167;4846;584;246349824;38808057;49443778
1522070799025;7178;4854;584;246349824;38808165;49444037
1522070799125;7188;4860;585;246349824;38808381;49444554
1522070799225;7198;4867;586;246349824;38808597;49445068
1522070799326;7208;4876;586;246349824;38808705;49445324
1522070799426;7218;4883;586;246349824;38808921;49445839
1522070799526;7228;4890;587;246349824;38809029;49446099
1522070799627;7238;4898;587;246349824;38809245;49446614
1522070799727;7248;4904;588;246349824;38809461;49447130
1522070799827;7258;4910;589;246349824;38809569;49447388
1522070799927;7268;4918;590;246349824;38809785;49447902
1522070800028;7278;4924;590;246349824;38810001;49448419
1522070800128;7288;4930;592;246349824;38810109;49448676
1522070800228;7298;4935;594;246349824;38810325;49449193
1522070800328;7308;4942;595;246349824;38810541;49449711
1522070800428;7318;4947;597;246349824;38810649;49449970
1522070800529;7328;4954;598;246349824;38810865;49450487
1522070800629;7338;4961;598;246349824;38811081;49451003
1522070800729;7348;4967;599;246349824;38811297;49451523
1522070800829;7358;4974;600;246349824;38811405;49451783
1522070800930;7368;4981;600;246349824;38811621;49452298
1522070801030;7378;4986;602;246349824;38811837;49452810
1522070801131;7388;4992;603;246349824;38812053;49453328
1522070801231;7398;4999;604;246349824;38812161;49453585
1522070801331;7408;5006;605;246349824;38812377;49454101
1522070801431;7418;5012;606;246349824;38812593;49454617
1522070801531;7428;5019;607;246349824;38812809;49455135
1522070801631;7438;5026;608;246349824;38813025;49455649
1522070801732;7448;5032;609;246349824;38813241;49456163
1522070801832;7458;5039;610;246349824;38813457;49456681
1522070801933;7468;5046;611;246349824;38813565;49456940
1522070802033;7478;5054;611;246349824;38813781;49457457
1522070802133;7488;5060;612;246349824;38813941;49457922
1522070802233;7498;5068;612;246349824;38814105;49458231
1522070802333;7508;5074;614;246349824;38814321;49458748
1522070802433;7518;5081;614;246349824;38814537;49459261
1522070802533;7528;5088;615;246349824;38814753;49459725
1522070802633;7538;5095;616;246349824;38814861;49460034
1522070802734;7548;5102;617;246349824;38815077;49460548
1522070802834;7558;5110;618;246349824;38815293;49461065
1522070802935;7569;5116;619;246349824;38815509;49461579
1522070803035;7579;5123;620;246349824;38815617;49461836
1522070803135;7589;5130;621;246349824;38815833;49462352
1522070803235;7599;5137;622;246349824;38816049;49462865
1522070803335;7609;5145;622;246349824;38816157;49463122
1522070803435;7619;5153;622;246349824;38816373;49463637
1522070803536;7629;5160;623;246349824;38816589;49464153
1522070803636;7639;5167;623;246349824;38816697;49464411
1522070803736;7649;5175;623;246349824;38816913;49464929
1522070803836;7659;5182;624;246349824;38817129;49465446
1522070803936;7669;5189;626;246349824;38817237;49465704
1522070804036;7679;5196;626;246349824;38817453;49466221
1522070804136;7689;5202;627;246349824;38817669;49466737
1522070804236;7699;5211;627;246349824;38817777;49466995
1522070804336;7709;5218;628;246349824;38817993;49467524
1522070804436;7719;5226;628;246349824;38818101;49467790
1522070804536;7729;5232;630;246349824;38818317;49468323
1522070804636;7739;5238;630;246349824;38818533;49468854
1522070804736;7749;5247;630;246349824;38818641;49469120
1522070804839;7759;5254;631;246349824;38818857;49469653
1522070804939;7769;5260;633;246349824;38819073;49470181
1522070805039;7779;5268;634;246349824;38819181;49470444
1522070805140;7789;5276;634;246349824;38819397;49470972
1522070805240;7799;5282;635;246349824;38819613;49471496
1522070805340;7809;5290;635;246349824;38819721;49471758
1522070805440;7819;5298;636;246349824;38819937;49472284
1522070805541;7829;5306;636;246349824;38820045;49472550
1522070805641;7839;5313;637;246349824;38820261;49473080
1522070805741;7849;5320;637;246349824;38820369;49473342
1522070805841;7859;5328;638;246349824;38820585;49473870
1522070805941;7869;5334;640;246349824;38820801;49474398
1522070806041;7879;5341;640;246349824;38820909;49474662
1522070806142;7889;5346;643;246349824;38821125;49475188
1522070806242;7899;5352;644;246349824;38821341;49475663
1522070806343;7909;5359;645;246349824;38821449;49475979
1522070806443;7919;5366;646;246349824;38821665;49476506
1522070806543;7929;5372;648;246349824;38821881;49477032
1522070806643;7939;5380;648;246349824;38821989;49477297
1522070806744;7949;5386;650;246349824;38822205;49477826
1522070806844;7960;5393;650;246349824;38822313;49478089
1522070806944;7970;5400;651;246349824;38822529;49478617
1522070807044;7979;5407;651;246349824;38822745;49479145
1522070807144;7990;5414;652;246349824;38822961;49479671
1522070807244;8000;5422;652;246349824;38823069;49479934
1522070807344;8010;5429;652;246349824;38823285;49480462
1522070807444;8020;5436;653;246349824;38823501;49480989
1522070807544;8030;5443;654;246349824;38823609;49481253
1522070807645;8040;5449;655;246349824;38823825;49481770
1522070807745;8050;5456;656;246349824;38823933;49482031
1522070807845;8060;5463;657;246349824;38824149;49482547
1522070807945;8070;5470;657;246349824;38824365;49483062
1522070808045;8080;5476;658;246349824;38824581;49483578
1522070808145;8090;5485;658;246349824;38824689;49483835
1522070808245;8100;5491;660;246349824;38824905;49484351
1522070808345;8110;5498;661;246349824;38825013;49484611
1522070808445;8120;5503;662;246349824;38825229;49485130
1522070808546;8130;5510;664;246349824;38825337;49485389
1522070808646;8140;5516;665;246349824;38825553;49485905
1522070808746;8150;5523;665;246349824;38825769;49486421
1522070808846;8160;5530;666;246349824;38825877;49486681
1522070808946;8170;5536;668;246349824;38826093;49487199
1522070809046;8180;5543;668;246349824;38826309;49487717
1522070809147;8190;5549;670;246349824;38826525;49488236
1522070809247;8200;5557;671;246349824;38826633;49488496
1522070809347;8210;5564;672;246349824;38826849;49489015
1522070809448;8220;5572;672;246349824;38827065;49489532
1522070809548;8230;5578;673;246349824;38827173;49489790
1522070809648;8240;5585;673;246349824;38827389;49490309
1522070809748;8250;5593;674;246349824;38827497;49490568
1522070809848;8260;5600;674;246349824;38827713;49491087
1522070809948;8270;5607;674;246349824;38827929;49491607
1522070810048;8280;5616;674;246349824;38828037;49491866
1522070810149;8290;5624;675;246349824;38828253;49492384
1522070810249;8300;5630;676;246349824;38828361;49492644
1522070810350;8310;5638;676;246349824;38828577;49493164
1522070810450;8320;5646;676;246349824;38828793;49493684
1522070810550;8330;5652;677;246349824;38829009;49494203
1522070810650;8340;5660;678;246349824;38829117;49494462
1522070810750;8350;5666;679;246349824;38829333;49494982
1522070810851;8360;5673;680;246349824;38829441;49495243
1522070810951;8370;5679;682;246349824;38829657;49495761
1522070811051;8380;5685;683;246349824;38829873;49496279
1522070811151;8390;5692;684;246349824;38830089;49496800
1522070811251;8400;5700;684;246349824;38830197;49497060
1522070811352;8410;5708;684;246349824;38830413;49497579
1522070811452;8420;5714;686;246349824;38830629;49498098
1522070811552;8430;5722;686;246349824;38830737;49498357
1522070811652;8440;5728;688;246349824;38830953;49498876
1522070811752;8450;5736;688;246349824;38831169;49499395
1522070811852;8460;5744;689;246349824;38831277;49499653
1522070811952;8470;5750;690;246349824;38831493;49500173
1522070812053;8480;5759;690;246349824;38831701;49500432
1522070812153;8490;5765;691;246349824;38831917;49500951
1522070812253;8500;5772;692;246349824;38832133;49501470
1522070812353;8510;5778;693;246349824;38832241;49501730
1522070812453;8520;5785;694;246349824;38832457;49502247
1522070812553;8530;5793;694;246349824;38832673;49502767
1522070812653;8540;5799;695;246349824;38832781;49503025
1522070812754;8550;5807;696;246349824;38832997;49503544
1522070812854;8560;5814;697;246349824;38833213;49504064
1522070812954;8570;5820;697;246349824;38833429;49504586
1522070813054;8581;5829;697;246349824;38833537;49504845
1522070813154;8590;5836;698;246349824;38833753;49505364
1522070813254;8600;5844;698;246349824;38833861;49505624
1522070813354;8610;5852;698;246349824;38834077;49506143
1522070813454;8621;5858;700;246349824;38834293;49506663
1522070813555;8631;5866;700;246349824;38834401;49506920
1522070813655;8641;5874;701;246349824;38834617;49507437
1522070813755;8651;5880;702;246349824;38834833;49507956
1522070813856;8661;5889;702;246349824;38834941;49508215
1522070813956;8671;5895;704;246349824;38835157;49508734
1522070814056;8681;5902;704;246349824;38835373;49509252
1522070814159;8691;5910;705;246349824;38835481;49509512
1522070814259;8701;5916;706;246349824;38835697;49510032
1522070814359;8711;5923;707;246349824;38835913;49510550
1522070814459;8721;5930;708;246349824;38836129;49511068
1522070814559;8731;5937;708;246349824;38836237;49511328
1522070814659;8741;5944;709;246349824;38836453;49511847
1522070814759;8751;5951;710;246349824;38836669;49512368
1522070814860;8761;5958;710;246349824;38836885;49512887
1522070814960;8771;5966;711;246349824;38836993;49513146
1522070815060;8781;5972;712;246349824;38837209;49513666
1522070815160;8791;5978;714;246349824;38837425;49514185
1522070815260;8801;5985;714;246349824;38837533;49514444
1522070815360;8811;5992;716;246349824;38837749;49514963
1522070815460;8821;5997;718;246349824;38837965;49515481
1522070815560;8831;6003;719;246349824;38838181;49516001
1522070815660;8841;6010;720;246349824;38838289;49516261
1522070815761;8851;6016;722;246349824;38838505;49516780
1522070815861;8861;6024;722;246349824;38839001;49517040
1522070815961;8871;6032;722;246349824;38839217;49517557
1522070816061;8881;6038;723;246349824;38839433;49518074
1522070816161;8891;6046;723;246349824;38839541;49518334
1522070816261;8901;6052;724;246349824;38839757;49518853
1522070816361;8911;6059;725;246349824;38839973;49519373
1522070816461;8921;6066;725;246349824;38840081;49519631
1522070816562;8931;6073;726;246349824;38840297;49520150
1522070816662;8941;6078;728;246349824;38840513;49520670
1522070816762;8951;6086;729;246349824;38840621;49520929
1522070816863;8961;6093;730;246349824;38840837;49521447
1522070816963;8971;6100;731;246349824;38841053;49521967
1522070817063;8981;6108;732;246349824;38841161;49522227
1522070817164;8991;6114;733;246349824;38841269;49522486
1522070817264;9002;6122;734;246349824;38841485;49523005
1522070817364;9011;6129;734;246349824;38841701;49523523
1522070817465;9022;6135;735;246349824;38841917;49524043
1522070817565;9032;6143;735;246349824;38842133;49524559
1522070817665;9042;6150;737;246349824;38842241;49524819
1522070817765;9052;6157;737;246349824;38842457;49525336
1522070817866;9062;6164;737;246349824;38842673;49525852
1522070817966;9072;6170;739;246349824;38842781;49526111
1522070818066;9082;6177;740;246349824;38842997;49526629
1522070818166;9092;6184;740;246349824;38843213;49527149
1522070818267;9102;6191;741;246349824;38843321;49527408
1522070818369;9112;6198;742;246349824;38843537;49527926
1522070818469;9122;6204;743;246349824;38843753;49528442
1522070818569;9132;6210;745;246349824;38843861;49528701
1522070818669;9142;6218;746;246349824;38844077;49529220
1522070818770;9152;6224;747;246349824;38844293;49529738
1522070818870;9162;6232;748;246349824;38844401;49529997
1522070818971;9172;6238;749;246349824;38844617;49530514
1522070819071;9182;6245;749;246349824;38844725;49530774
1522070819171;9192;6252;750;246349824;38844941;49531292
1522070819272;9202;6260;751;246349824;38845157;49531812
1522070819372;9212;6267;751;246349824;38845265;49532072
1522070819473;9222;6275;752;246349824;38845481;49532591
1522070819573;9232;6282;752;246349824;38845697;49533108
1522070819673;9242;6289;752;246349824;38845805;49533367
1522070819777;9253;6297;753;246349824;38846021;49533885
1522070819877;9263;6304;753;246349824;38846237;49534404
1522070819977;9273;6310;754;246349824;38846453;49534924
1522070820077;9283;6318;754;246349824;38846561;49535183
1522070820177;9293;6324;756;246349824;38846777;49535701
1522070820277;9303;6330;757;246349824;38846993;49536219
1522070820378;9313;6337;758;246349824;38847101;49536479
1522070820478;9323;6344;759;246349824;38847317;49536997
1522070820578;9333;6351;761;246349824;38847533;49537516
1522070820678;9343;6358;762;246349824;38847641;49537776
1522070820778;9353;6366;763;246349824;38847857;49538293
1522070820878;9363;6372;764;246349824;38848073;49538812
1522070820978;9373;6379;765;246349824;38848181;49539071
1522070821078;9383;6386;766;246349824;38848397;49539590
1522070821178;9393;6393;766;246349824;38848613;49540108
1522070821279;9403;6400;766;246349824;38848721;49540367
1522070821379;9413;6409;766;246349824;38848937;49540885
1522070821479;9423;6415;767;246349824;38849153;49541402
1522070821580;9433;6421;768;246349824;38849369;49541867
1522070821680;9443;6429;769;246349824;38849477;49542176
1522070821780;9453;6435;770;246349824;38849693;49542695
1522070821880;9463;6442;770;246349824;38849801;49542952
1522070821980;9473;6451;771;246349824;38850017;49543471
1522070822080;9483;6458;772;246349824;38850125;49543730
1522070822181;9493;6466;772;246349824;38850341;49544249
1522070822281;9503;6473;773;246349824;38850557;49544768
1522070822381;9513;6479;774;246349824;38850773;49545286
1522070822482;9523;6486;774;246349824;38850881;49545546
1522070822582;9533;6494;774;246349824;38851097;49546064
1522070822682;9543;6500;776;246349824;38851313;49546584
1522070822783;9553;6507;776;246349824;38851529;49547103
1522070822883;9563;6514;776;246349824;38851745;49547570
1522070822983;9573;6522;777;246349824;38851853;49547882
1522070823083;9583;6529;777;246349824;38852069;49548401
1522070823183;9593;6536;778;246349824;38852285;49548920
1522070823283;9603;6542;778;246349824;38852393;49549177
1522070823383;9613;6549;780;246349824;38852609;49549696
1522070823484;9623;6556;781;246349824;38852825;49550215
1522070823584;9633;6563;781;246349824;38852933;49550474
1522070823684;9644;6570;782;246349824;38853149;49550995
1522070823784;9653;6577;782;246349824;38853365;49551513
1522070823884;9664;6584;783;246349824;38853473;49551773
1522070823984;9673;6590;784;246349824;38853689;49552290
1522070824084;9684;6597;785;246349824;38853905;49552808
1522070824184;9693;6604;785;246349824;38854013;49553067
1522070824284;9704;6610;785;246349824;38854229;49553586
1522070824384;9713;6618;786;246349824;38854337;49553844
1522070824484;9724;6624;787;246349824;38854553;49554362
1522070824584;9733;6630;788;246349824;38854661;49554620
1522070824684;9744;6638;788;246349824;38854877;49555138
1522070824784;9753;6643;789;246349824;38855093;49555658
1522070824884;9764;6648;790;246349824;38855201;49555917
1522070824984;9773;6656;792;246349824;38855417;49556438
1522070825084;9783;6661;793;246349824;38855633;49556955
1522070825185;9794;6669;794;246349824;38855741;49557211
1522070825285;9804;6675;795;246349824;38855957;49557728
1522070825385;9814;6680;796;246349824;38856173;49558248
1522070825485;9824;6689;796;246349824;38856281;49558508
1522070825585;9834;6694;797;246349824;38856497;49559024
1522070825685;9844;6701;797;246349824;38856605;49559284
1522070825785;9854;6707;799;246349824;38856821;49559804
1522070825885;9864;6712;800;246349824;38857037;49560324
1522070825985;9874;6719;801;246349824;38857145;49560584
1522070826085;9884;6726;801;246349824;38857361;49561103
1522070826185;9894;6730;803;246349824;38857577;49561621
1522070826285;9904;6737;804;246349824;38857685;49561879
1522070826385;9914;6742;805;246349824;38857901;49562400
1522070826485;9924;6749;806;246349824;38858117;49562921
1522070826585;9934;6758;807;246349824;38858225;49563181
1522070826685;9944;6764;808;246349824;38858333;49563441
1522070826785;9954;6770;810;246349824;38858549;49563959
1522070826886;9964;6776;810;246349824;38858765;49564477
1522070826986;9974;6784;810;246349824;38858873;49564738
1522070827086;9984;6790;810;246349824;38859189;49565258
1522070827186;9994;6796;811;246349824;38859405;49565774
1522070827287;10004;6804;812;246349824;38859513;49566034
1522070827387;10014;6810;813;246349824;38859729;49566550
1522070827487;10024;6816;813;246349824;38859837;49566810
1522070827588;10034;6825;814;246349824;38859945;49567069
1522070827688;10044;6833;814;246349824;38860161;49567585
1522070827788;10054;6839;815;246349824;38860377;49568105
1522070827888;10064;6847;816;246349824;38860485;49568364
1522070827988;10074;6852;817;246349824;38860701;49568885
1522070828088;10084;6857;818;246349824;38860917;49569403
1522070828188;10094;6863;820;246349824;38861025;49569662
1522070828288;10104;6869;821;246349824;38861241;49570179
1522070828388;10114;6875;821;246349824;38861457;49570698
1522070828488;10124;6882;822;246349824;38861565;49570957
1522070828589;10134;6888;823;246349824;38861781;49571475
1522070828690;10144;6894;823;246349824;38861997;49571994
1522070828790;10154;6901;825;246349824;38862105;49572254
1522070828890;10164;6906;827;246349824;38862321;49572771
1522070828990;10174;6911;829;246349824;38862669;49573287
1522070829090;10184;6918;829;246349824;38862777;49573545
1522070829190;10194;6924;830;246349824;38862993;49574063
1522070829290;10204;6930;830;246349824;38863209;49574579
1522070829390;10214;6937;832;246349824;38863317;49574837
1522070829490;10224;6944;832;246349824;38863533;49575353
1522070829591;10234;6950;833;246349824;38863749;49575873
1522070829691;10244;6958;833;246349824;38863857;49576130
1522070829791;10254;6964;834;246349824;38864073;49576649
1522070829891;10264;6970;834;246349824;38864181;49576909
1522070829992;10274;6974;835;246349824;38864397;49577429
1522070830092;10284;6980;837;246349824;38864505;49577688
1522070830192;10294;6987;838;246349824;38864721;49578206
1522070830292;10304;6993;838;246349824;38864937;49578725
1522070830392;10314;7000;840;246349824;38865045;49578985
1522070830492;10324;7005;841;246349824;38865261;49579505
1522070830593;10334;7011;841;246349824;38865369;49579765
1522070830693;10344;7018;842;246349824;38865585;49580284
1522070830793;10354;7023;843;246349824;38865801;49580800
1522070830894;10364;7030;844;246349824;38865909;49581061
1522070830994;10374;7036;846;246349824;38866125;49581582
1522070831094;10384;7042;846;246349824;38866233;49581842
1522070831194;10395;7050;846;246349824;38866449;49582360
1522070831295;10405;7055;848;246349824;38866665;49582877
1522070831395;10415;7062;848;246349824;38866773;49583137
1522070831496;10425;7069;849;246349824;38866989;49583658
1522070831596;10435;7074;851;246349824;38867205;49584174
1522070831696;10445;7080;852;246349824;38867313;49584434
1522070831796;10455;7087;852;246349824;38867529;49584953
1522070831897;10465;7093;853;246349824;38867745;49585471
1522070831997;10475;7100;854;246349824;38867853;49585731
1522070832097;10485;7106;854;246349824;38868069;49586249
1522070832198;10495;7112;855;246349824;38868177;49586509
1522070832298;10505;7119;856;246349824;38868393;49587027
1522070832398;10515;7124;857;246349824;38868609;49587544
1522070832498;10525;7130;858;246349824;38868717;49587803
1522070832598;10535;7138;858;246349824;38868933;49588322
1522070832698;10545;7144;859;246349824;38869149;49588841
1522070832799;10555;7150;860;246349824;38869257;49589100
1522070832899;10565;7157;860;246349824;38869473;49589617
1522070832999;10575;7162;861;246349824;38869689;49590133
1522070833099;10585;7170;862;246349824;38869797;49590392
1522070833200;10595;7176;862;246349824;38870013;49590911
1522070833300;10605;7182;863;246349824;38870229;49591429
1522070833400;10615;7190;864;246349824;38870337;49591689
1522070833500;10625;7195;865;246349824;38870553;49592207
1522070833600;10635;7201;866;246349824;38870661;49592466
1522070833700;10645;7208;867;246349824;38870877;49592985
1522070833800;10655;7213;868;246349824;38871093;49593503
1522070833900;10665;7218;870;246349824;38871201;49593763
1522070834000;10675;7226;870;246349824;38871417;49594281
1522070834101;10685;7232;871;246349824;38871633;49594801
1522070834201;10695;7238;872;246349824;38871741;49595061
1522070834301;10705;7246;872;246349824;38871957;49595581
1522070834401;10715;7252;872;246349824;38872173;49596099
1522070834502;10725;7258;873;246349824;38872281;49596356
1522070834602;10735;7266;873;246349824;38872497;49596873
1522070834702;10745;7271;874;246349824;38872713;49597387
1522070834802;10755;7278;874;246349824;38872821;49597645
1522070834902;10765;7286;875;246349824;38873037;49598164
1522070835002;10775;7292;876;246349824;38873253;49598684
1522070835102;10785;7298;876;246349824;38873361;49598942
1522070835203;10795;7305;876;246349824;38873577;49599463
1522070835303;10805;7311;877;246349824;38873793;49599982
1522070835403;10815;7317;878;246349824;38873901;49600240
1522070835503;10825;7325;878;246349824;38874117;49600759
1522070835604;10835;7330;880;246349824;38874333;49601276
1522070835704;10845;7335;881;246349824;38874441;49601536
1522070835805;10856;7342;882;246349824;38874657;49602055
1522070835905;10866;7348;882;246349824;38874873;49602570
1522070836006;10876;7355;882;246349824;38874981;49602829
1522070836106;10886;7362;884;246349824;38875197;49603349
1522070836207;10896;7367;885;246349824;38875413;49603866
1522070836307;10906;7374;885;246349824;38875521;49604125
1522070836407;10916;7381;886;246349824;38875737;49604644
1522070836507;10926;7386;887;246349824;38875953;49605163
1522070836608;10936;7392;888;246349824;38876061;49605422
1522070836709;10946;7399;889;246349824;38876277;49605943
1522070836809;10956;7404;890;246349824;38876493;49606469
1522070836909;10966;7411;891;246349824;38876601;49606737
1522070837009;10976;7418;892;246349824;38876817;49607269
1522070837109;10986;7424;892;246349824;38877033;49607803
1522070837209;10996;7430;893;246349824;38877249;49608334
1522070837310;11006;7437;894;246349824;38877357;49608601
1522070837410;11016;7444;894;246349824;38877573;49609131
1522070837511;11026;7450;895;246349824;38877789;49609608
1522070837611;11036;7456;896;246349824;38877897;49609924
1522070837716;11047;7463;898;246349824;38878113;49610460
1522070837817;11057;7470;898;246349824;38878221;49610724
1522070837917;11067;7476;899;246349824;38878437;49611252
1522070838017;11077;7484;900;246349824;38878545;49611517
1522070838117;11087;7489;901;246349824;38878761;49612044
1522070838217;11097;7496;902;246349824;38878869;49612308
1522070838317;11107;7502;902;246349824;38879085;49612838
1522070838417;11117;7508;902;246349824;38879193;49613101
1522070838517;11127;7517;902;246349824;38879409;49613628
1522070838617;11137;7522;904;246349824;38879625;49614159
1522070838717;11147;7529;904;246349824;38879733;49614423
1522070838817;11157;7534;906;246349824;38879949;49614955
1522070838917;11167;7540;907;246349824;38880165;49615486
1522070839017;11177;7548;907;246349824;38880273;49615751
1522070839118;11187;7553;908;246349824;38880489;49616227
1522070839218;11197;7560;909;246349824;38880597;49616543
1522070839318;11207;7567;910;246349824;38880813;49617075
1522070839419;11217;7574;910;246349824;38881029;49617605
1522070839520;11227;7581;910;246349824;38881137;49617867
1522070839620;11237;7587;910;246349824;38881353;49618396
1522070839720;11247;7594;911;246349824;38881569;49618924
1522070839820;11257;7602;911;246349824;38881677;49619189
1522070839920;11267;7606;912;246349824;38881785;49619455
1522070840020;11277;7606;912;246349824;38881785;49619455
1522070840120;11287;7606;912;246349824;38881785;49619455
1522070840220;11297;7606;912;246349824;38881785;49619455
1522070840321;11307;7609;913;246349824;38881893;49619718
1522070840421;11317;7609;913;246349824;38881893;49619718
1522070840521;11327;7610;914;246349824;38882001;49619982
1522070840622;11337;7617;915;246349824;38882109;49620242
1522070840722;11347;7623;916;246349824;38882325;49620769
1522070840822;11357;7629;917;246349824;38882541;49621296
1522070840922;11367;7636;917;246349824;38882649;49621561
1522070841022;11377;7642;917;246349824;38882865;49622035
1522070841122;11387;7651;917;246349824;38882973;49622352
1522070841222;11397;7656;918;246349824;38883189;49622882
1522070841322;11407;7662;919;246349824;38883405;49623410
1522070841423;11417;7670;919;246349824;38883513;49623674
1522070841523;11427;7676;920;246349824;38883729;49624207
1522070841623;11437;7684;920;246349824;38883945;49624735
1522070841723;11447;7690;921;246349824;38884053;49624999
1522070841823;11457;7696;922;246349824;38884269;49625531
1522070841923;11467;7703;922;246349824;38884485;49626061
1522070842024;11477;7710;922;246349824;38884643;49626326
1522070842124;11488;7717;924;246349824;38884909;49626853
1522070842224;11497;7722;925;246349824;38885125;49627383
1522070842324;11508;7728;926;246349824;38885341;49627913
1522070842424;11517;7736;926;246349824;38885449;49628176
1522070842524;11527;7742;927;246349824;38885665;49628702
1522070842624;11537;7748;927;246349824;38885773;49628965
1522070842725;11548;7755;929;246349824;38885989;49629494
1522070842825;11558;7761;929;246349824;38886205;49630020
1522070842925;11568;7766;931;246349824;38886421;49630550
1522070843025;11578;7774;932;246349824;38886529;49630817
1522070843125;11588;7779;934;246349824;38886745;49631347
1522070843225;11598;7786;934;246349824;38886961;49631882
1522070843325;11608;7793;935;246349824;38887069;49632148
1522070843425;11618;7799;936;246349824;38887285;49632679
1522070843525;11628;7805;937;246349824;38887501;49633204
1522070843626;11638;7811;938;246349824;38887609;49633472
1522070843726;11648;7819;938;246349824;38887825;49634002
1522070843826;11658;7825;939;246349824;38888041;49634530
1522070843927;11668;7830;941;246349824;38888257;49635060
1522070844027;11678;7838;942;246349824;38888365;49635323
1522070844127;11688;7844;943;246349824;38888581;49635846
1522070844228;11698;7849;944;246349824;38888797;49636357
1522070844328;11708;7855;945;246349824;38888905;49636613
1522070844428;11718;7861;946;246349824;38889121;49637127
1522070844528;11728;7867;947;246349824;38889337;49637643
1522070844629;11738;7873;949;246349824;38889445;49637900
1522070844729;11748;7880;950;246349824;38889661;49638414
1522070844830;11758;7887;950;246349824;38889769;49638673
1522070844930;11768;7893;952;246349824;38889985;49639188
1522070845030;11778;7899;952;246349824;38890201;49639708
1522070845130;11788;7904;954;246349824;38890309;49639967
1522070845230;11798;7912;954;246349824;38890525;49640482
1522070845330;11808;7919;954;246349824;38890741;49640999
1522070845430;11818;7925;955;246349824;38890957;49641515
1522070845530;11828;7931;956;246349824;38891065;49641773
1522070845630;11838;7937;957;246349824;38891281;49642291
1522070845731;11848;7944;958;246349824;38891497;49642807
1522070845831;11858;7950;959;246349824;38891605;49643065
1522070845931;11868;7957;960;246349824;38892209;49643580
1522070846031;11878;7963;960;246349824;38892425;49644096
1522070846131;11888;7969;961;246349824;38892533;49644353
1522070846232;11898;7976;962;246349824;38892749;49644871
1522070846332;11908;7981;963;246349824;38892965;49645388
1522070846432;11918;7988;964;246349824;38893073;49645648
1522070846533;11928;7996;964;246349824;38893289;49646166
1522070846633;11938;8003;964;246349824;38893505;49646683
1522070846733;11948;8009;965;246349824;38893721;49647202
1522070846833;11958;8017;965;246349824;38893829;49647459
1522070846933;11968;8023;966;246349824;38894045;49647977
1522070847033;11978;8030;966;246349824;38894153;49648234
1522070847134;11988;8036;967;246349824;38894369;49648752
1522070847234;11998;8042;968;246349824;38894585;49649271
1522070847335;12009;8049;968;246349824;38894693;49649530
1522070847435;12019;8057;968;246349824;38894909;49650048
1522070847535;12029;8062;970;246349824;38895125;49650563
1522070847635;12039;8070;970;246349824;38895233;49650821
1522070847736;12049;8078;970;246349824;38895449;49651338
1522070847836;12059;8084;970;246349824;38895665;49651854
1522070847936;12069;8090;971;246349824;38895881;49652374
1522070848036;12079;8097;972;246349824;38895989;49652632
1522070848137;12089;8102;973;246349824;38896205;49653150
1522070848237;12099;8109;974;246349824;38896313;49653411
1522070848337;12109;8116;974;246349824;38896529;49653929
1522070848438;12119;8123;975;246349824;38896745;49654445
1522070848538;12129;8130;975;246349824;38896853;49654702
1522070848638;12139;8136;976;246349824;38897069;49655219
1522070848738;12149;8142;977;246349824;38897285;49655735
1522070848839;12159;8149;978;246349824;38897501;49656201
1522070848939;12169;8156;979;246349824;38897609;49656512
1522070849039;12179;8161;980;246349824;38897825;49657027
1522070849140;12189;8166;982;246349824;38898041;49657542
1522070849240;12199;8173;983;246349824;38898149;49657801
1522070849340;12209;8180;983;246349824;38898365;49658319
1522070849440;12219;8185;984;246349824;38898581;49658837
1522070849540;12229;8192;986;246349824;38898689;49659097
1522070849640;12239;8198;986;246349824;38898905;49659613
1522070849740;12249;8206;986;246349824;38899013;49659874
1522070849840;12259;8213;987;246349824;38899121;49660130
1522070849940;12269;8220;988;246349824;38899337;49660645
1522070850040;12279;8225;990;246349824;38899553;49661162
1522070850141;12289;8231;990;246349824;38899769;49661627
1522070850241;12299;8238;991;246349824;38899877;49661936
1522070850341;12309;8244;992;246349824;38900093;49662452
1522070850441;12319;8251;993;246349824;38900201;49662709
1522070850541;12329;8260;993;246349824;38900309;49662966
1522070850641;12339;8270;993;246349824;38900309;49662966
1522070850741;12349;8280;993;246349824;38900309;49662966
1522070850842;12359;8290;993;246349824;38900309;49662966
1522070850942;12369;8300;993;246349824;38900309;49662966
1522070851042;12379;8309;994;246349824;38900309;49662966
1522070851142;12389;8319;994;246349824;38900309;49662966
1522070851242;12399;8329;994;246349824;38900309;49662966
1522070851342;12409;8338;994;246349824;38900309;49662966
1522070851443;12419;8347;994;246349824;38900417;49663226
1522070851543;12429;8357;994;246349824;38900417;49663226
1522070851643;12439;8366;994;246349824;38900417;49663226
1522070851743;12449;8376;994;246349824;38900417;49663226
1522070851843;12459;8386;994;246349824;38900417;49663226
1522070851943;12469;8396;994;246349824;38900417;49663226
1522070852043;12479;8405;995;246349824;38900417;49663226
1522070852143;12489;8412;996;246349824;38900525;49663485
1522070852243;12499;8418;996;246349824;38900741;49664003
1522070852343;12509;8423;998;246349824;38900849;49664263
1522070852443;12519;8431;998;246349824;38900957;49664522
1522070852543;12529;8437;999;246349824;38901173;49665042
1522070852643;12539;8444;1000;246349824;38901281;49665302
1522070852744;12549;8450;1000;246349824;38901497;49665819
1522070852844;12559;8458;1001;246349824;38901605;49666078
1522070852944;12570;8464;1002;246349824;38901821;49666596
1522070853044;12580;8470;1003;246349824;38902037;49667113
1522070853144;12589;8476;1004;246349824;38902145;49667371
1522070853245;12600;8483;1005;246349824;38902361;49667889
1522070853345;12610;8489;1005;246349824;38902577;49668407
1522070853445;12620;8496;1006;246349824;38902685;49668667
1522070853545;12630;8504;1006;246349824;38902901;49669180
1522070853645;12640;8511;1007;246349824;38903009;49669438
1522070853745;12650;8517;1008;246349824;38903225;49669957
1522070853846;12660;8523;1009;246349824;38903333;49670217
1522070853946;12670;8530;1010;246349824;38903549;49670737
1522070854046;12680;8536;1010;246349824;38903765;49671255
1522070854146;12690;8542;1012;246349824;38903873;49671513
1522070854247;12700;8549;1012;246349824;38904089;49672031
1522070854347;12710;8555;1014;246349824;38904197;49672290
1522070854447;12720;8562;1015;246349824;38904413;49672808
1522070854547;12730;8567;1016;246349824;38904629;49673326
1522070854648;12740;8574;1017;246349824;38904737;49673586
1522070854748;12750;8580;1018;246349824;38904953;49674105
1522070854848;12760;8586;1019;246349824;38905169;49674620
1522070854948;12770;8592;1020;246349824;38905277;49674877
1522070855048;12780;8599;1020;246349824;38905493;49675394
1522070855148;12790;8605;1021;246349824;38905709;49675912
1522070855248;12800;8613;1021;246349824;38905817;49676171
1522070855348;12810;8621;1021;246349824;38905925;49676430
1522070855448;12820;8629;1022;246349824;38906033;49676691
1522070855548;12830;8637;1022;246349824;38906033;49676691
1522070855648;12840;8645;1023;246349824;38906249;49677210
1522070855748;12850;8650;1024;246349824;38906465;49677724
1522070855848;12860;8657;1025;246349824;38906573;49677985
1522070855948;12870;8663;1025;246349824;38906789;49678500
1522070856048;12880;8669;1026;246349824;38907005;49679019
1522070856148;12890;8676;1027;246349824;38907113;49679278
1522070856248;12900;8682;1028;246349824;38907329;49679795
1522070856349;12910;8689;1029;246349824;38907437;49680053
1522070856449;12920;8696;1029;246349824;38907653;49680569
1522070856549;12930;8702;1029;246349824;38907869;49681089
1522070856649;12940;8707;1031;246349824;38907977;49681346
1522070856750;12950;8714;1032;246349824;38908193;49681862
1522070856850;12960;8720;1034;246349824;38908409;49682381
1522070856950;12970;8728;1034;246349824;38908517;49682640
1522070857050;12980;8735;1035;246349824;38908783;49683157
1522070857151;12990;8741;1036;246349824;38909049;49683675
1522070857251;13000;8748;1036;246349824;38909157;49683934
1522070857352;13010;8754;1037;246349824;38909373;49684454
1522070857452;13020;8762;1038;246349824;38909481;49684714
1522070857552;13030;8767;1039;246349824;38909697;49685231
1522070857652;13040;8773;1040;246349824;38909805;49685491
1522070857752;13050;8777;1040;246349824;38910021;49686007
1522070857853;13060;8780;1040;246349824;38910021;49686007
1522070857953;13070;8780;1040;246349824;38910021;49686007
1522070858053;13080;8780;1040;246349824;38910021;49686007
1522070858154;13090;8780;1040;246349824;38910021;49686007
1522070858254;13100;8780;1040;246349824;38910021;49686007
1522070858354;13111;8781;1041;246349824;38910129;49686266
1522070858454;13121;8788;1042;246349824;38910345;49686730
1522070858554;13130;8797;1042;246349824;38910453;49687043
1522070858654;13140;8803;1043;246349824;38910669;49687563
1522070858754;13151;8812;1043;246349824;38910777;49687820
1522070858854;13160;8818;1044;246349824;38910993;49688339
1522070858954;13170;8825;1044;246349824;38911209;49688854
1522070859054;13180;8832;1046;246349824;38911317;49689115
1522070859154;13190;8838;1047;246349824;38911533;49689632
1522070859254;13201;8844;1048;246349824;38911749;49690150
1522070859355;13211;8852;1049;246349824;38911857;49690410
1522070859455;13221;8859;1049;246349824;38912073;49690928
1522070859555;13231;8865;1050;246349824;38912289;49691445
1522070859655;13241;8872;1051;246349824;38912397;49691704
1522070859756;13251;8878;1052;246349824;38912613;49692219
1522070859856;13261;8884;1053;246349824;38912721;49692480
1522070859956;13271;8892;1054;246349824;38912937;49692996
1522070860056;13281;8898;1054;246349824;38913153;49693513
1522070860156;13291;8906;1055;246349824;38913261;49693771
1522070860256;13301;8912;1056;246349824;38913477;49694290
1522070860356;13311;8918;1058;246349824;38913693;49694810
1522070860456;13321;8925;1059;246349824;38913801;49695070
1522070860556;13331;8932;1060;246349824;38914017;49695589
1522070860657;13341;8939;1060;246349824;38914233;49696108
1522070860757;13351;8946;1061;246349824;38914341;49696367
1522070860857;13361;8952;1062;246349824;38914557;49696884
1522070860957;13371;8959;1063;246349824;38914773;49697404
1522070861057;13381;8965;1064;246349824;38914881;49697661
1522070861157;13391;8973;1064;246349824;38915097;49698177
1522070861258;13401;8979;1065;246349824;38915313;49698695
1522070861358;13411;8986;1066;246349824;38915529;49699212
1522070861458;13421;8994;1066;246349824;38915637;49699471
1522070861558;13431;9000;1066;246349824;38915853;49699990
1522070861659;13441;9007;1067;246349824;38916069;49700510
1522070861759;13451;9015;1067;246349824;38916177;49700767
1522070861859;13461;9022;1068;246349824;38916393;49701285
1522070861959;13471;9028;1069;246349824;38916609;49701804
1522070862059;13481;9036;1070;246349824;38916717;49702064
1522070862159;13491;9041;1070;246349824;38916933;49702583
1522070862259;13501;9048;1071;246349824;38917149;49703050
1522070862359;13511;9055;1072;246349824;38917257;49703362
1522070862460;13521;9061;1073;246349824;38917473;49703879
1522070862560;13531;9068;1074;246349824;38917581;49704139
1522070862660;13541;9074;1075;246349824;38917797;49704659
1522070862760;13551;9083;1075;246349824;38917905;49704917
1522070862860;13561;9090;1076;246349824;38918121;49705438
1522070862961;13571;9097;1076;246349824;38918337;49705956
1522070863061;13581;9102;1078;246349824;38918553;49706474
1522070863161;13591;9110;1078;246349824;38918661;49706734
1522070863261;13601;9117;1079;246349824;38918877;49707252
1522070863361;13611;9123;1080;246349824;38919093;49707768
1522070863461;13621;9129;1081;246349824;38919201;49708026
1522070863561;13631;9134;1081;246349824;38919361;49708490
1522070863661;13641;9141;1082;246349824;38919525;49708801
1522070863762;13651;9146;1084;246349824;38919741;49709317
1522070863863;13661;9153;1084;246349824;38919957;49709835
1522070863963;13671;9160;1084;246349824;38920065;49710094
1522070864063;13681;9168;1085;246349824;38920281;49710613
1522070864163;13691;9174;1086;246349824;38920497;49711132
1522070864263;13701;9181;1086;246349824;38920713;49711652
1522070864363;13711;9190;1086;246349824;38920821;49711911
1522070864464;13721;9196;1087;246349824;38921037;49712431
1522070864564;13731;9202;1087;246349824;38921253;49712948
1522070864664;13742;9209;1088;246349824;38921361;49713208
1522070864764;13751;9215;1090;246349824;38921577;49713727
1522070864864;13762;9222;1090;246349824;38921793;49714245
1522070864964;13771;9228;1092;246349824;38921901;49714502
1522070865064;13782;9235;1093;246349824;38922117;49715020
1522070865164;13791;9241;1094;246349824;38922333;49715537
1522070865264;13802;9247;1095;246349824;38922549;49716055
1522070865364;13811;9253;1096;246349824;38922765;49716522
1522070865464;13822;9260;1097;246349824;38922873;49716834
1522070865564;13831;9268;1097;246349824;38923089;49717350
1522070865664;13842;9274;1097;246349824;38923305;49717868
1522070865764;13852;9282;1097;246349824;38923521;49718384
1522070865864;13861;9288;1099;246349824;38923629;49718644
1522070865964;13872;9294;1100;246349824;38923845;49719160
1522070866064;13881;9298;1101;246349824;38923953;49719418
1522070866164;13892;9304;1101;246349824;38924169;49719933
1522070866264;13901;9310;1102;246349824;38924277;49720193
1522070866364;13912;9318;1102;246349824;38924493;49720710
1522070866464;13921;9326;1103;246349824;38924601;49720971
1522070866564;13932;9332;1104;246349824;38924817;49721488
1522070866664;13942;9340;1104;246349824;38924925;49721749
1522070866764;13951;9346;1104;246349824;38925141;49722268
1522070866864;13962;9353;1106;246349824;38925249;49722528
1522070866964;13971;9359;1107;246349824;38925465;49723046
1522070867064;13981;9366;1107;246349824;38925573;49723303
1522070867164;13991;9372;1108;246349824;38925789;49723819
1522070867264;14001;9380;1108;246349824;38925897;49724078
1522070867364;14012;9386;1110;246349824;38926113;49724597
1522070867464;14021;9393;1110;246349824;38926221;49724855
1522070867565;14032;9399;1111;246349824;38926437;49725376
1522070867665;14042;9406;1111;246349824;38926545;49725634
1522070867765;14052;9412;1112;246349824;38926761;49726155
1522070867866;14062;9420;1113;246349824;38926869;49726413
1522070867966;14072;9426;1114;246349824;38927085;49726933
1522070868067;14082;9434;1115;246349824;38927193;49727193
1522070868167;14092;9438;1117;246349824;38927409;49727658
1522070868267;14102;9446;1117;246349824;38927517;49727968
1522070868367;14112;9453;1117;246349824;38927733;49728485
1522070868467;14122;9460;1118;246349824;38927841;49728745
1522070868567;14132;9466;1119;246349824;38928057;49729264
1522070868667;14142;9472;1120;246349824;38928165;49729523
1522070868767;14152;9479;1121;246349824;38928381;49730042
1522070868867;14162;9486;1122;246349824;38928489;49730300
1522070868967;14172;9492;1122;246349824;38928705;49730815
1522070869067;14182;9496;1125;246349824;38928921;49731333
1522070869167;14192;9503;1126;246349824;38929029;49731589
1522070869268;14202;9508;1127;246349824;38929245;49732105
1522070869369;14212;9516;1128;246349824;38929353;49732366
1522070869469;14222;9522;1129;246349824;38929569;49732885
1522070869572;14232;9530;1129;246349824;38929677;49733144
1522070869672;14242;9534;1131;246349824;38929893;49733661
1522070869772;14252;9542;1132;246349824;38930001;49733920
1522070869872;14262;9547;1133;246349824;38930217;49734437
1522070869972;14272;9554;1134;246349824;38930325;49734696
1522070870072;14282;9561;1135;246349824;38930541;49735214
1522070870172;14292;9567;1135;246349824;38930757;49735732
1522070870272;14302;9574;1136;246349824;38930865;49735990
1522070870372;14312;9579;1137;246349824;38931081;49736509
1522070870473;14322;9587;1138;246349824;38931189;49736768
1522070870573;14332;9592;1139;246349824;38931405;49737287
1522070870673;14342;9600;1139;246349824;38931513;49737545
1522070870777;14353;9605;1141;246349824;38931729;49738064
1522070870877;14363;9613;1141;246349824;38931837;49738324
1522070870977;14373;9619;1142;246349824;38932053;49738840
1522070871077;14383;9625;1142;246349824;38932161;49739099
1522070871177;14393;9633;1143;246349824;38932377;49739616
1522070871277;14403;9640;1143;246349824;38932485;49739874
1522070871377;14413;9647;1144;246349824;38932701;49740395
1522070871478;14423;9652;1145;246349824;38932917;49740913
1522070871578;14433;9659;1146;246349824;38933025;49741173
1522070871678;14443;9666;1146;246349824;38933241;49741639
1522070871778;14453;9673;1147;246349824;38933349;49741950
1522070871878;14463;9679;1148;246349824;38933565;49742468
1522070871979;14473;9686;1149;246349824;38933673;49742726
1522070872079;14483;9693;1149;246349824;38933939;49743239
1522070872179;14493;9700;1149;246349824;38934097;49743496
1522070872279;14503;9707;1150;246349824;38934313;49744014
1522070872379;14514;9713;1151;246349824;38934529;49744535
1522070872479;14523;9719;1152;246349824;38934637;49744789
1522070872579;14533;9725;1154;246349824;38934853;49745307
1522070872679;14543;9732;1155;246349824;38934961;49745565
1522070872779;14553;9738;1155;246349824;38935177;49746085
1522070872879;14563;9746;1156;246349824;38935285;49746346
1522070872979;14573;9751;1158;246349824;38935501;49746863
1522070873079;14583;9760;1158;246349824;38935609;49747122
1522070873184;14593;9765;1160;246349824;38935825;49747641
1522070873284;14604;9771;1161;246349824;38935933;49747900
1522070873384;14613;9776;1163;246349824;38936149;49748415
1522070873484;14624;9782;1164;246349824;38936365;49748876
1522070873584;14633;9790;1164;246349824;38936473;49749186
1522070873685;14644;9796;1164;246349824;38936689;49749702
1522070873785;14654;9804;1164;246349824;38936797;49749959
1522070873885;14664;9810;1164;246349824;38937013;49750475
1522070873986;14674;9817;1166;246349824;38937121;49750733
1522070874086;14684;9824;1167;246349824;38937337;49751250
1522070874186;14694;9830;1167;246349824;38937445;49751508
1522070874287;14704;9836;1168;246349824;38937661;49752021
1522070874387;14714;9842;1169;246349824;38937769;49752278
1522070874487;14724;9848;1170;246349824;38937985;49752795
1522070874587;14734;9855;1170;246349824;38938093;49753054
1522070874687;14744;9859;1170;246349824;38938201;49753312
1522070874788;14754;9859;1170;246349824;38938201;49753312
1522070874888;14764;9859;1170;246349824;38938201;49753312
1522070874989;14774;9859;1170;246349824;38938201;49753312
1522070875089;14784;9859;1170;246349824;38938201;49753312
1522070875190;14794;9859;1170;246349824;38938201;49753312
1522070875290;14804;9859;1170;246349824;38938201;49753312
1522070875391;14814;9859;1170;246349824;38938201;49753312
1522070875491;14824;9859;1170;246349824;38938201;49753312
1522070875592;14834;9861;1170;246349824;38938309;49753572
1522070875692;14844;9868;1171;246349824;38938417;49753830
1522070875792;14854;9875;1172;246349824;38938633;49754349
1522070875893;14864;9882;1172;246349824;38938741;49754606
1522070875993;14874;9889;1173;246349824;38939345;49755123
1522070876093;14884;9896;1174;246349824;38939561;49755640
1522070876194;14894;9904;1174;246349824;38939669;49755898
1522070876294;14904;9910;1175;246349824;38939885;49756420
1522070876394;14915;9918;1176;246349824;38939993;49756680
1522070876495;14925;9924;1177;246349824;38940209;49757198
1522070876596;14935;9931;1178;246349824;38940425;49757716
1522070876696;14945;9939;1178;246349824;38940533;49757976
1522070876796;14955;9946;1178;246349824;38940749;49758494
1522070876896;14965;9954;1178;246349824;38940857;49758752
1522070876996;14975;9960;1180;246349824;38941073;49759268
1522070877097;14985;9968;1180;246349824;38941181;49759528
1522070877197;14995;9975;1180;246349824;38941397;49760044
1522070877297;15005;9982;1180;246349824;38941613;49760564
1522070877397;15015;9991;1180;246349824;38941721;49760822
1522070877497;15025;9998;1180;246349824;38941937;49761339
1522070877597;15035;10005;1181;246349824;38942153;49761855
1522070877697;15045;10011;1182;246349824;38942261;49762114
1522070877797;15055;10018;1184;246349824;38942477;49762629
1522070877897;15065;10024;1186;246349824;38942693;49763148
1522070877997;15075;10030;1187;246349824;38942909;49763668
1522070878097;15085;10038;1187;246349824;38943017;49763927
1522070878197;15095;10046;1188;246349824;38943233;49764447
1522070878297;15105;10052;1189;246349824;38943449;49764966
1522070878398;15115;10060;1189;246349824;38943557;49765224
1522070878498;15125;10067;1191;246349824;38943773;49765742
1522070878599;15135;10074;1192;246349824;38943989;49766263
1522070878699;15145;10082;1192;246349824;38944097;49766523
1522070878800;15155;10088;1194;246349824;38944313;49767040
1522070878900;15165;10094;1195;246349824;38944421;49767298
1522070879000;15175;10102;1195;246349824;38944637;49767815
1522070879100;15185;10108;1196;246349824;38944853;49768333
1522070879200;15195;10115;1197;246349824;38945069;49768854
1522070879300;15205;10123;1197;246349824;38945177;49769114
1522070879400;15215;10130;1198;246349824;38945393;49769631
1522070879500;15225;10137;1199;246349824;38945609;49770149
1522070879600;15235;10146;1200;246349824;38945717;49770409
1522070879700;15245;10152;1201;246349824;38945933;49770929
1522070879800;15255;10159;1201;246349824;38946149;49771447
1522070879900;15265;10167;1202;246349824;38946257;49771706
1522070880001;15275;10173;1203;246349824;38946473;49772225
1522070880101;15285;10180;1204;246349824;38946689;49772740
1522070880201;15295;10187;1204;246349824;38946797;49773000
1522070880301;15305;10195;1205;246349824;38947013;49773518
1522070880401;15315;10201;1206;246349824;38947229;49774031
1522070880501;15325;10209;1206;246349824;38947337;49774290
1522070880601;15335;10217;1206;246349824;38947553;49774811
1522070880701;15345;10224;1206;246349824;38947769;49775330
1522070880802;15355;10230;1207;246349824;38947877;49775589
1522070880902;15365;10238;1207;246349824;38948093;49776110
1522070881002;15375;10245;1208;246349824;38948309;49776627
1522070881102;15385;10252;1208;246349824;38948525;49777146
1522070881202;15395;10261;1208;246349824;38948633;49777405
1522070881302;15405;10268;1208;246349824;38948849;49777925
1522070881402;15415;10275;1209;246349824;38948957;49778185
1522070881502;15425;10282;1209;246349824;38949173;49778702
1522070881602;15435;10289;1210;246349824;38949389;49779222
1522070881702;15445;10297;1210;246349824;38949497;49779483
1522070881802;15455;10304;1210;246349824;38949713;49780002
1522070881902;15465;10312;1211;246349824;38949821;49780262
1522070882003;15475;10319;1212;246349824;38950037;49780781
1522070882103;15485;10326;1212;246349824;38950253;49781299
1522070882203;15495;10333;1213;246349824;38950361;49781558
1522070882303;15505;10340;1214;246349824;38950577;49782075
1522070882404;15515;10346;1215;246349824;38950685;49782337
1522070882504;15526;10352;1217;246349824;38950901;49782857
1522070882604;15535;10359;1218;246349824;38951117;49783378
1522070882704;15546;10366;1219;246349824;38951225;49783636
1522070882804;15555;10374;1220;246349824;38951441;49784152
1522070882905;15566;10380;1220;246349824;38951657;49784667
1522070883005;15576;10388;1221;246349824;38951765;49784925
1522070883106;15586;10394;1222;246349824;38951981;49785441
1522070883206;15596;10402;1222;246349824;38952197;49785959
1522070883306;15606;10410;1223;246349824;38952305;49786217
1522070883406;15616;10416;1225;246349824;38952521;49786736
1522070883507;15626;10422;1226;246349824;38952737;49787257
1522070883607;15636;10428;1227;246349824;38952845;49787515
1522070883707;15646;10437;1227;246349824;38953061;49788031
1522070883807;15656;10445;1227;246349824;38953277;49788545
1522070883907;15666;10451;1228;246349824;38953493;49789063
1522070884007;15676;10458;1229;246349824;38953601;49789322
1522070884107;15686;10466;1230;246349824;38953817;49789840
1522070884208;15696;10472;1230;246349824;38954033;49790357
1522070884308;15706;10479;1231;246349824;38954249;49790876
1522070884408;15716;10486;1231;246349824;38954357;49791136
1522070884508;15726;10495;1231;246349824;38954573;49791652
1522070884608;15736;10500;1233;246349824;38954789;49792172
1522070884708;15746;10507;1235;246349824;38954897;49792432
1522070884808;15756;10513;1236;246349824;38955113;49792948
1522070884908;15766;10520;1237;246349824;38955329;49793466
1522070885008;15776;10528;1238;246349824;38955437;49793724
1522070885109;15786;10535;1238;246349824;38955653;49794241
1522070885209;15796;10543;1240;246349824;38955761;49794500
1522070885309;15806;10551;1240;246349824;38955977;49795021
1522070885409;15816;10557;1241;246349824;38956193;49795538
1522070885509;15826;10565;1242;246349824;38956301;49795796
1522070885609;15836;10572;1242;246349824;38956517;49796315
1522070885709;15846;10579;1244;246349824;38956625;49796575
1522070885809;15856;10586;1244;246349824;38956841;49797093
1522070885909;15866;10592;1245;246349824;38957057;49797610
1522070886009;15876;10601;1245;246349824;38957165;49797869
1522070886109;15886;10608;1246;246349824;38957381;49798387
1522070886210;15896;10615;1247;246349824;38957489;49798645
1522070886310;15906;10622;1248;246349824;38957705;49799163
1522070886411;15916;10629;1249;246349824;38957921;49799681
1522070886511;15926;10635;1250;246349824;38958137;49800201
1522070886611;15936;10640;1252;246349824;38958353;49800719
1522070886711;15946;10648;1254;246349824;38958461;49800978
1522070886811;15956;10654;1255;246349824;38958677;49801499
1522070886911;15966;10660;1256;246349824;38958893;49802019
1522070887011;15976;10667;1256;246349824;38959109;49802536
1522070887111;15986;10675;1257;246349824;38959267;49802795
1522070887212;15996;10682;1258;246349824;38959533;49803314
1522070887313;16006;10688;1259;246349824;38959749;49803833
1522070887413;16016;10696;1260;246349824;38959857;49804091
1522070887513;16026;10702;1261;246349824;38960073;49804606
1522070887614;16037;10710;1262;246349824;38960289;49805070
1522070887714;16046;10717;1262;246349824;38960397;49805381
1522070887814;16056;10723;1264;246349824;38960613;49805900
1522070887914;16067;10730;1265;246349824;38960721;49806158
1522070888015;16077;10738;1265;246349824;38960937;49806676
1522070888115;16087;10743;1267;246349824;38961153;49807195
1522070888215;16097;10749;1268;246349824;38961369;49807710
1522070888315;16107;10757;1268;246349824;38961477;49807970
1522070888416;16117;10763;1270;246349824;38961693;49808486
1522070888516;16127;10769;1271;246349824;38961909;49809004
1522070888617;16137;10777;1272;246349824;38962017;49809263
1522070888717;16147;10784;1272;246349824;38962233;49809783
1522070888817;16157;10790;1274;246349824;38962449;49810303
1522070888917;16167;10797;1275;246349824;38962557;49810563
1522070889017;16177;10804;1275;246349824;38962773;49811082
1522070889117;16187;10811;1276;246349824;38962881;49811342
1522070889217;16197;10818;1277;246349824;38963097;49811858
1522070889318;16207;10824;1279;246349824;38963313;49812374
1522070889419;16217;10831;1279;246349824;38963529;49812894
1522070889519;16227;10839;1280;246349824;38963637;49813154
1522070889619;16237;10845;1281;246349824;38963853;49813622
1522070889719;16247;10853;1281;246349824;38963961;49813934
1522070889820;16257;10860;1282;246349824;38964177;49814455
1522070889920;16267;10868;1282;246349824;38964285;49814717
1522070890020;16277;10876;1283;246349824;38964501;49815232
1522070890120;16287;10882;1284;246349824;38964717;49815749
1522070890220;16297;10890;1284;246349824;38964825;49816007
1522070890321;16307;10897;1284;246349824;38965041;49816523
1522070890421;16317;10903;1286;246349824;38965257;49817043
1522070890521;16327;10910;1287;246349824;38965365;49817302
1522070890621;16337;10918;1287;246349824;38965581;49817820
1522070890721;16347;10924;1288;246349824;38965797;49818336
1522070890821;16357;10930;1289;246349824;38965905;49818596
1522070890921;16367;10937;1290;246349824;38966121;49819115
1522070891021;16377;10944;1291;246349824;38966337;49819632
1522070891122;16387;10950;1292;246349824;38966553;49820151
1522070891222;16397;10956;1293;246349824;38966661;49820409
1522070891322;16407;10964;1294;246349824;38966877;49820927
1522070891422;16417;10970;1296;246349824;38967093;49821448
1522070891522;16427;10975;1297;246349824;38967309;49821969
1522070891622;16437;10982;1298;246349824;38967417;49822228
