currentTs;total_time;user_time;sys_time;virtual_size;in_octets;out_octets
1522071144609;0;0;0;1400832;39249103;50475653
1522071144709;10;7;2;201318400;39249103;50475653
1522071144809;20;16;3;202891264;39249103;50475653
1522071144909;30;23;5;205238272;39249103;50475653
1522071145009;40;32;6;205238272;39249103;50475653
1522071145109;50;41;7;206090240;39249103;50475653
1522071145209;60;49;9;208232448;39249103;50475653
1522071145310;70;58;10;210112512;39249103;50475653
1522071145410;80;66;11;210112512;39249103;50475653
1522071145510;90;76;11;210112512;39249103;50475653
1522071145610;100;86;11;210112512;39249103;50475653
1522071145711;110;96;11;210112512;39249103;50475653
1522071145811;120;104;12;210112512;39249103;50475653
1522071145911;130;114;12;210112512;39249103;50475653
1522071146011;140;123;14;210112512;39249103;50475653
1522071146112;150;132;14;210112512;39249103;50475653
1522071146212;160;141;14;239730688;39249103;50475653
1522071146313;170;150;16;239730688;39249491;50475653
1522071146413;180;158;17;240058368;39249491;50475653
1522071146513;190;167;18;240521216;39249607;50475765
1522071146613;200;175;19;241176576;39249715;50475901
1522071146713;210;184;20;241197056;39249715;50475901
1522071146813;220;192;22;241328128;39249715;50475901
1522071146913;230;201;23;241328128;39249715;50475901
1522071147014;240;209;24;241328128;39249715;50475901
1522071147114;250;218;25;241328128;39249715;50475901
1522071147214;260;227;26;241328128;39249715;50475901
1522071147314;271;237;26;241328128;39249715;50475901
1522071147415;281;246;27;241328128;39249715;50475901
1522071147515;291;255;28;241328128;39249715;50475901
1522071147615;301;264;28;241328128;39249761;50475953
1522071147715;311;274;28;241328128;39249761;50475953
1522071147815;321;282;29;241692672;39249761;50475953
1522071147915;331;292;30;241696768;39249761;50475953
1522071148015;341;301;30;241696768;39249761;50475953
1522071148116;351;309;32;242745344;39249761;50475953
1522071148216;361;318;32;243793920;39249761;50475953
1522071148316;371;328;33;243793920;39249761;50475953
1522071148416;381;337;34;243793920;39249761;50475953
1522071148516;391;346;35;243793920;39249761;50475953
1522071148616;401;355;35;243793920;39249761;50475953
1522071148716;411;364;36;243793920;39249761;50475953
1522071148816;421;374;36;243793920;39249807;50476005
1522071148916;431;383;37;243793920;39249807;50476005
1522071149017;441;392;38;243793920;39249807;50476005
1522071149117;451;401;38;244842496;39249807;50476005
1522071149217;461;410;39;244842496;39249807;50476005
1522071149318;471;420;39;244842496;39249807;50476005
1522071149418;481;429;40;244842496;39249807;50476005
1522071149518;491;438;40;244842496;39249807;50476005
1522071149618;501;448;40;244842496;39249807;50476005
1522071149718;511;456;42;244842496;39249807;50476005
1522071149818;521;465;43;244842496;39249807;50476005
1522071149918;531;474;44;245891072;39249807;50476005
1522071150018;541;484;44;245891072;39249853;50476057
1522071150118;551;493;44;245891072;39249853;50476057
1522071150219;561;502;44;245891072;39249853;50476057
1522071150319;571;512;45;245891072;39249853;50476057
1522071150419;581;522;45;245891072;39249853;50476057
1522071150519;591;530;46;245891072;39249853;50476057
1522071150620;601;540;47;245891072;39249853;50476057
1522071150720;611;549;48;245891072;39249853;50476057
1522071150821;621;557;48;245891072;39249961;50476320
1522071150921;631;567;48;245891072;39249961;50476320
1522071151021;641;574;49;245891072;39250069;50476584
1522071151121;651;582;50;245891072;39250177;50476849
1522071151221;661;590;51;245891072;39250285;50477107
1522071151321;671;597;52;245891072;39250393;50477365
1522071151421;681;604;52;245891072;39250501;50477623
1522071151521;691;610;54;245891072;39250609;50477878
1522071151621;701;618;55;245891072;39250717;50478136
1522071151721;711;625;56;245891072;39250825;50478389
1522071151822;721;632;57;245891072;39250933;50478647
1522071151922;731;639;57;245891072;39251149;50479160
1522071152022;741;646;58;245891072;39251149;50479160
1522071152122;751;654;60;245891072;39251365;50479673
1522071152223;761;661;60;245891072;39251473;50479930
1522071152323;771;669;60;245891072;39251581;50480136
1522071152423;781;677;61;245891072;39251689;50480444
1522071152523;791;684;62;245891072;39251797;50480701
1522071152623;801;692;63;245891072;39251905;50480958
1522071152724;811;699;64;245891072;39252013;50481214
1522071152824;821;706;65;245891072;39252121;50481471
1522071152925;832;713;65;245891072;39252337;50481986
1522071153025;842;722;66;246210560;39252445;50482242
1522071153127;852;730;66;246210560;39252553;50482500
1522071153228;862;738;66;246210560;39252661;50482758
1522071153328;872;746;67;246210560;39252769;50483016
1522071153428;882;753;68;246210560;39252877;50483274
1522071153529;892;760;69;246210560;39253093;50483787
1522071153629;902;769;70;246210560;39253201;50484043
1522071153729;912;777;70;246210560;39253309;50484300
1522071153829;922;785;70;246210560;39253417;50484557
1522071153930;932;791;71;246210560;39253633;50485073
1522071154030;942;799;72;246210560;39253741;50485330
1522071154130;952;807;72;246210560;39253849;50485586
1522071154230;962;814;72;246210560;39254065;50486101
1522071154330;972;822;72;246210560;39254173;50486357
1522071154430;982;830;73;246210560;39254281;50486616
1522071154530;992;836;74;246210560;39254497;50487131
1522071154630;1002;844;74;246210560;39254605;50487388
1522071154730;1012;848;76;246210560;39254821;50487902
1522071154830;1022;856;77;246210560;39254929;50488160
1522071154931;1032;864;78;246210560;39255037;50488417
1522071155031;1042;871;78;246210560;39255253;50488932
1522071155131;1052;879;79;246210560;39255361;50489189
1522071155231;1062;886;80;246210560;39255469;50489445
1522071155331;1072;892;80;246210560;39255685;50489959
1522071155432;1082;901;80;246210560;39255793;50490215
1522071155532;1092;907;81;246210560;39256009;50490730
1522071155632;1102;913;83;246210560;39256117;50490987
1522071155732;1112;920;83;246210560;39256225;50491245
1522071155832;1122;927;84;246210560;39256441;50491760
1522071155932;1132;932;86;246210560;39256657;50492275
1522071156032;1142;939;86;246210560;39256765;50492533
1522071156132;1152;946;88;246210560;39256873;50492791
1522071156232;1162;953;88;246210560;39257089;50493304
1522071156333;1172;961;89;246210560;39257197;50493562
1522071156433;1182;967;90;246210560;39257413;50494076
1522071156533;1192;974;90;246210560;39257521;50494334
1522071156633;1202;981;90;246210560;39257737;50494850
1522071156733;1212;988;91;246210560;39257845;50495109
1522071156833;1222;997;92;246210560;39257953;50495365
1522071156934;1232;1003;93;246210560;39258169;50495882
1522071157034;1243;1011;94;246210560;39258327;50496141
1522071157135;1253;1017;94;246210560;39258589;50496658
1522071157235;1263;1025;95;246210560;39258697;50496916
1522071157335;1273;1030;96;246210560;39258805;50497174
1522071157436;1283;1038;97;246210560;39259021;50497690
1522071157536;1293;1046;97;246210560;39259129;50497949
1522071157636;1303;1052;98;246210560;39259345;50498465
1522071157736;1313;1058;99;246210560;39259453;50498723
1522071157836;1323;1065;100;246210560;39259669;50499239
1522071157936;1333;1072;101;246210560;39259777;50499494
1522071158036;1343;1078;103;246210560;39259993;50500010
1522071158136;1353;1085;104;246210560;39260101;50500267
1522071158236;1363;1091;105;246210560;39260209;50500525
1522071158337;1373;1098;105;246210560;39260425;50501040
1522071158437;1383;1104;106;246210560;39260533;50501297
1522071158537;1393;1113;106;246210560;39260749;50501813
1522071158638;1403;1120;106;246210560;39260857;50502071
1522071158738;1413;1125;108;246210560;39261073;50502587
1522071158839;1423;1132;109;246210560;39261289;50503102
1522071158939;1433;1140;110;246210560;39261397;50503359
1522071159040;1443;1146;111;246210560;39261613;50503875
1522071159140;1453;1152;113;246210560;39261721;50504132
1522071159241;1463;1158;114;246210560;39261937;50504648
1522071159341;1473;1167;114;246210560;39262045;50504906
1522071159442;1483;1174;114;246210560;39262153;50505164
1522071159542;1493;1180;116;246210560;39262369;50505679
1522071159642;1503;1186;117;246210560;39262477;50505937
1522071159743;1513;1194;117;246210560;39262693;50506455
1522071159843;1523;1200;117;246210560;39262801;50506713
1522071159943;1533;1208;118;246210560;39263017;50507230
1522071160043;1543;1214;119;246210560;39263233;50507744
1522071160143;1553;1222;120;246210560;39263341;50508003
1522071160243;1563;1230;120;246210560;39263557;50508517
1522071160343;1573;1238;120;246210560;39263665;50508775
1522071160443;1583;1246;121;246210560;39263773;50509033
1522071160543;1593;1252;122;246210560;39263989;50509549
1522071160643;1603;1259;123;246210560;39264097;50509806
1522071160743;1613;1266;124;246210560;39264313;50510321
1522071160843;1623;1272;124;246210560;39264529;50510784
1522071160943;1633;1280;125;246210560;39264637;50511094
1522071161043;1643;1288;125;246210560;39264745;50511352
1522071161143;1653;1294;126;246210560;39264961;50511867
1522071161244;1663;1300;127;246210560;39265177;50512382
1522071161344;1673;1308;128;246210560;39265285;50512639
1522071161444;1684;1314;130;246210560;39265501;50513154
1522071161544;1693;1320;131;246210560;39265609;50513414
1522071161644;1704;1327;132;246210560;39265825;50513930
1522071161744;1713;1334;132;246210560;39266041;50514446
1522071161844;1724;1343;133;246210560;39266149;50514704
1522071161944;1733;1351;133;246210560;39266257;50514962
1522071162044;1744;1357;134;246210560;39266473;50515478
1522071162144;1753;1364;134;246210560;39266689;50515941
1522071162245;1764;1370;135;246210560;39266797;50516250
1522071162345;1774;1378;136;246210560;39267013;50516764
1522071162445;1784;1386;136;246210560;39267121;50517022
1522071162545;1794;1392;137;246210560;39267337;50517536
1522071162645;1804;1399;137;246210560;39267445;50517794
1522071162745;1814;1407;137;246210560;39267661;50518309
1522071162846;1824;1414;138;246210560;39267877;50518824
1522071162946;1834;1422;139;246210560;39267985;50519081
1522071163046;1844;1428;140;246210560;39268201;50519597
1522071163146;1854;1436;141;246210560;39268309;50519854
1522071163247;1864;1443;142;246210560;39268525;50520368
1522071163347;1874;1450;142;246210560;39268741;50520883
1522071163447;1884;1456;143;246210560;39268849;50521142
1522071163547;1894;1462;144;246210560;39269065;50521658
1522071163648;1904;1469;145;246210560;39269281;50522174
1522071163748;1914;1476;145;246210560;39269389;50522432
1522071163849;1924;1484;145;246210560;39269605;50522948
1522071163949;1934;1491;145;246210560;39269821;50523465
1522071164050;1944;1497;146;246210560;39270037;50523930
1522071164150;1954;1505;147;246210560;39270145;50524240
1522071164251;1964;1514;148;246210560;39270253;50524497
1522071164353;1974;1519;149;246210560;39270469;50525013
1522071164453;1984;1528;149;246210560;39270577;50525270
1522071164553;1994;1534;150;246210560;39270793;50525787
1522071164654;2004;1540;151;246210560;39271009;50526303
1522071164754;2014;1548;152;246210560;39271117;50526560
1522071164854;2024;1554;152;246210560;39271333;50527075
1522071164954;2035;1561;153;246210560;39271549;50527591
1522071165055;2045;1567;154;246210560;39271657;50527848
1522071165155;2055;1574;155;246210560;39271873;50528365
1522071165255;2065;1579;156;246210560;39271981;50528623
1522071165355;2075;1586;156;246210560;39272197;50529137
1522071165456;2085;1592;158;246210560;39272413;50529648
1522071165556;2095;1598;158;246210560;39272521;50529905
1522071165656;2105;1606;158;246210560;39272737;50530421
1522071165756;2115;1612;158;246210560;39272953;50530937
1522071165856;2125;1620;160;246210560;39273061;50531194
1522071165956;2135;1627;160;246210560;39273277;50531708
1522071166056;2145;1634;161;246210560;39273385;50531965
1522071166156;2155;1641;162;246210560;39273601;50532481
1522071166257;2165;1647;163;246210560;39273817;50532997
1522071166357;2175;1654;163;246210560;39274033;50533513
1522071166457;2185;1661;164;246210560;39274141;50533770
1522071166557;2195;1667;165;246210560;39274357;50534285
1522071166657;2205;1674;165;246210560;39274573;50534800
1522071166757;2215;1680;167;246210560;39274681;50535058
1522071166858;2225;1686;168;246210560;39274897;50535573
1522071166958;2235;1693;168;246210560;39275113;50536087
1522071167058;2245;1699;169;246210560;39275221;50536346
1522071167158;2255;1706;170;246210560;39275437;50536860
1522071167258;2265;1713;171;246210560;39275653;50537371
1522071167358;2275;1720;171;246210560;39275761;50537628
1522071167458;2285;1728;172;246210560;39275977;50538144
1522071167558;2295;1735;172;246210560;39276193;50538660
1522071167658;2305;1742;173;246210560;39276301;50538919
1522071167758;2315;1748;174;246210560;39276517;50539434
1522071167858;2325;1753;176;246210560;39276733;50539951
1522071167958;2335;1760;177;246210560;39276841;50540208
1522071168058;2345;1770;177;246210560;39276949;50540466
1522071168158;2355;1776;178;246210560;39277165;50540983
1522071168258;2365;1784;179;246210560;39277273;50541238
1522071168358;2375;1792;180;246210560;39277489;50541752
1522071168458;2385;1798;180;246210560;39277597;50542011
1522071168558;2395;1805;182;246210560;39277813;50542527
1522071168658;2405;1810;184;246210560;39278029;50543039
1522071168758;2415;1816;184;246210560;39278137;50543296
1522071168858;2425;1824;185;246210560;39278353;50543811
1522071168959;2435;1830;186;246210560;39278569;50544326
1522071169059;2445;1836;187;246210560;39278677;50544583
1522071169159;2455;1843;188;246210560;39278893;50545099
1522071169259;2465;1849;189;246210560;39279109;50545613
1522071169359;2475;1856;189;246210560;39279217;50545872
1522071169459;2485;1862;190;246210560;39279433;50546388
1522071169559;2495;1870;190;246210560;39279649;50546904
1522071169659;2505;1876;192;246210560;39279757;50547163
1522071169759;2515;1883;192;246210560;39279973;50547677
1522071169860;2525;1889;193;246210560;39280189;50548191
1522071169960;2535;1896;194;246210560;39280297;50548448
1522071170061;2545;1903;194;246210560;39280513;50548961
1522071170161;2555;1910;195;246210560;39280621;50549219
1522071170262;2565;1917;196;246210560;39280837;50549738
1522071170362;2575;1923;197;246210560;39280945;50549996
1522071170462;2585;1930;198;246210560;39281161;50550510
1522071170562;2595;1937;198;246210560;39281377;50551027
1522071170663;2605;1945;198;246210560;39281485;50551285
1522071170763;2615;1952;198;246210560;39281701;50551798
1522071170863;2625;1958;199;246210560;39281809;50552053
1522071170963;2635;1966;199;246210560;39282025;50552570
1522071171063;2645;1972;200;246210560;39282133;50552826
1522071171163;2655;1980;202;246210560;39282349;50553343
1522071171263;2665;1989;202;246210560;39282457;50553601
1522071171363;2675;1995;203;246210560;39282565;50553859
1522071171464;2685;2002;204;246210560;39282781;50554377
1522071171564;2696;2008;205;246210560;39282997;50554843
1522071171665;2706;2016;205;246210560;39283105;50555153
1522071171765;2716;2022;206;246210560;39283321;50555667
1522071171865;2726;2028;207;246210560;39283537;50556132
1522071171965;2736;2035;208;246210560;39283645;50556442
1522071172065;2746;2041;209;246210560;39283911;50556957
1522071172166;2756;2047;210;246210560;39284127;50557473
1522071172266;2766;2055;211;246210560;39284285;50557732
1522071172366;2776;2062;212;246210560;39284393;50557990
1522071172466;2786;2070;212;246210560;39284609;50558507
1522071172567;2796;2076;213;246210560;39284717;50558765
1522071172667;2806;2084;213;246210560;39284933;50559282
1522071172767;2816;2091;214;246210560;39285149;50559798
1522071172867;2826;2096;215;246210560;39285365;50560313
1522071172967;2836;2104;216;246210560;39285473;50560571
1522071173067;2846;2110;217;246210560;39285689;50561084
1522071173167;2856;2116;218;246210560;39285905;50561597
1522071173267;2866;2122;219;246210560;39286013;50561854
1522071173367;2876;2129;220;246210560;39286229;50562371
1522071173467;2886;2136;220;246210560;39286445;50562887
1522071173567;2896;2141;221;246210560;39286661;50563400
1522071173667;2906;2148;222;246210560;39286769;50563658
1522071173767;2916;2156;222;246210560;39286985;50564175
1522071173867;2926;2161;224;246210560;39287201;50564690
1522071173967;2936;2167;224;246210560;39287309;50564949
1522071174068;2946;2172;227;246210560;39287525;50565463
1522071174168;2956;2177;229;246210560;39287741;50565981
1522071174268;2966;2183;230;246210560;39287957;50566497
1522071174368;2976;2191;230;246210560;39288161;50566755
1522071174468;2986;2197;231;246210560;39288377;50567272
1522071174568;2996;2203;232;246210560;39288593;50567787
1522071174669;3006;2210;233;246210560;39288701;50568044
1522071174769;3016;2217;234;246210560;39288917;50568562
1522071174869;3026;2223;235;246210560;39289133;50569077
1522071174969;3036;2230;235;246210560;39289241;50569334
1522071175070;3046;2238;235;246210560;39289457;50569851
1522071175170;3056;2244;235;246210560;39289673;50570365
1522071175270;3066;2250;237;246210560;39289781;50570621
1522071175370;3076;2257;238;246210560;39289997;50571138
1522071175470;3086;2261;240;246210560;39290213;50571654
1522071175570;3096;2267;242;246210560;39290321;50571912
1522071175670;3106;2273;243;246210560;39290537;50572428
1522071175771;3116;2282;244;246210560;39290645;50572686
1522071175871;3126;2288;244;246210560;39290861;50573200
1522071175971;3136;2294;245;246210560;39291077;50573712
1522071176071;3146;2302;246;246210560;39291185;50573969
1522071176171;3156;2306;248;246210560;39291401;50574484
1522071176271;3166;2313;249;246210560;39291509;50574743
1522071176371;3176;2321;249;246210560;39292113;50575259
1522071176472;3186;2327;250;246210560;39292329;50575776
1522071176572;3196;2335;251;246210560;39292437;50576033
1522071176672;3206;2340;252;246210560;39292653;50576550
1522071176772;3216;2346;253;246210560;39292869;50577066
1522071176872;3226;2352;254;246210560;39292977;50577323
1522071176973;3236;2358;256;246210560;39293193;50577839
1522071177073;3246;2363;257;246210560;39293409;50578356
1522071177174;3256;2370;258;246210560;39293625;50578872
1522071177274;3266;2378;258;246210560;39293733;50579129
1522071177374;3276;2384;260;246210560;39293949;50579643
1522071177474;3287;2390;260;246210560;39294057;50579899
1522071177575;3297;2397;261;246210560;39294273;50580418
1522071177677;3307;2403;262;246210560;39294489;50580932
1522071177777;3317;2410;262;246210560;39294597;50581190
1522071177877;3327;2417;263;246210560;39294813;50581704
1522071177978;3337;2423;264;246210560;39295029;50582219
1522071178078;3347;2430;264;246210560;39295245;50582735
1522071178179;3357;2438;265;246210560;39295461;50583251
1522071178279;3367;2445;265;246210560;39295569;50583510
1522071178380;3377;2452;266;246210560;39295785;50584024
1522071178480;3387;2459;267;246210560;39296001;50584540
1522071178580;3397;2465;269;246210560;39296217;50585055
1522071178680;3407;2472;270;246210560;39296433;50585569
1522071178781;3417;2478;271;246210560;39296649;50586087
1522071178881;3427;2486;272;246210560;39296757;50586345
1522071178981;3437;2492;273;246210560;39296973;50586861
1522071179082;3447;2499;274;246210560;39297189;50587377
1522071179182;3457;2506;274;246210560;39297297;50587637
1522071179282;3467;2514;274;246210560;39297513;50588153
1522071179382;3477;2521;276;246210560;39297729;50588668
1522071179482;3487;2528;276;246210560;39297945;50589184
1522071179583;3497;2535;276;246210560;39298053;50589441
1522071179683;3507;2542;278;246210560;39298269;50589957
1522071179783;3517;2549;279;246210560;39298485;50590473
1522071179884;3527;2555;280;246210560;39298701;50590988
1522071179984;3537;2562;281;246210560;39298917;50591503
1522071180085;3548;2570;282;246210560;39299025;50591760
1522071180185;3558;2575;284;246210560;39299241;50592275
1522071180285;3568;2581;286;246210560;39299457;50592791
1522071180385;3578;2588;287;246210560;39299673;50593307
1522071180485;3588;2594;288;246210560;39299889;50593824
1522071180585;3598;2602;288;246210560;39299997;50594082
1522071180685;3608;2608;289;246210560;39300213;50594596
1522071180785;3618;2614;291;246210560;39300429;50595112
1522071180885;3628;2620;292;246210560;39300645;50595626
1522071180989;3638;2627;293;246210560;39300861;50596140
1522071181089;3648;2633;294;246210560;39301077;50596655
1522071181189;3658;2640;295;246210560;39301185;50596912
1522071181289;3668;2647;296;246210560;39301401;50597428
1522071181389;3678;2654;298;246210560;39301617;50597943
1522071181490;3688;2661;298;246210560;39301833;50598459
1522071181590;3698;2668;298;246210560;39302049;50598973
1522071181690;3708;2675;299;246210560;39302265;50599487
1522071181790;3718;2681;300;246210560;39302481;50599999
1522071181890;3728;2688;302;246210560;39302589;50600257
1522071181990;3738;2695;302;246210560;39302805;50600771
1522071182091;3748;2702;302;246210560;39303021;50601286
1522071182191;3758;2708;304;246210560;39303237;50601800
1522071182291;3768;2714;305;246210560;39303453;50602317
1522071182391;3778;2721;306;246210560;39303669;50602833
1522071182491;3788;2729;306;246210560;39303777;50603090
1522071182591;3798;2736;306;246210560;39303993;50603605
1522071182692;3808;2741;308;246210560;39304209;50604116
1522071182792;3818;2748;308;246210560;39304425;50604632
1522071182892;3828;2758;309;246210560;39304533;50604889
1522071182992;3838;2765;309;246210560;39304749;50605408
1522071183092;3848;2773;310;246210560;39304857;50605666
1522071183192;3858;2780;310;246210560;39305073;50606180
1522071183292;3868;2787;311;246210560;39305289;50606695
1522071183392;3878;2794;311;246210560;39305505;50607211
1522071183492;3888;2800;312;246210560;39305721;50607728
1522071183592;3898;2806;314;246210560;39305829;50607986
1522071183692;3908;2813;315;246210560;39306045;50608502
1522071183792;3918;2817;315;246210560;39306153;50608759
1522071183892;3928;2826;315;246210560;39306369;50609275
1522071183992;3938;2832;316;246210560;39306477;50609533
1522071184092;3948;2840;316;246210560;39306693;50610049
1522071184192;3958;2847;316;246210560;39306909;50610565
1522071184292;3968;2853;318;246210560;39307125;50611082
1522071184392;3978;2862;318;246210560;39307233;50611340
1522071184492;3988;2868;319;246210560;39307449;50611856
1522071184592;3998;2874;320;246210560;39307665;50612370
1522071184693;4008;2881;321;246210560;39307773;50612627
1522071184793;4018;2888;322;246210560;39307989;50613141
1522071184893;4028;2895;322;246210560;39308205;50613659
1522071184993;4038;2900;323;246210560;39308313;50613915
1522071185093;4048;2908;324;246210560;39308529;50614432
1522071185193;4058;2914;325;246210560;39308745;50614949
1522071185293;4068;2921;326;246210560;39308853;50615206
1522071185393;4078;2927;327;246210560;39309069;50615723
1522071185493;4088;2935;328;246210560;39309285;50616239
1522071185593;4098;2941;328;246210560;39309501;50616754
1522071185693;4108;2948;328;246210560;39309717;50617267
1522071185793;4118;2956;329;246210560;39309825;50617524
1522071185894;4128;2962;330;246210560;39310041;50618038
1522071185994;4138;2969;331;246210560;39310257;50618555
1522071186094;4148;2976;332;246210560;39310473;50619069
1522071186194;4159;2983;333;246210560;39310581;50619327
1522071186295;4169;2988;335;246210560;39310797;50619842
1522071186395;4179;2995;336;246210560;39311013;50620357
1522071186495;4189;3001;337;246210560;39311229;50620873
1522071186595;4199;3007;338;246210560;39311445;50621388
1522071186695;4209;3015;339;246210560;39311553;50621645
1522071186795;4219;3022;340;246210560;39311769;50622162
1522071186895;4229;3028;341;246210560;39311985;50622678
1522071186995;4239;3034;343;246210560;39312201;50623192
1522071187096;4249;3040;344;246210560;39312513;50623710
1522071187196;4259;3047;345;246210560;39312729;50624222
1522071187297;4269;3054;346;246210560;39312837;50624479
1522071187397;4279;3061;346;246210560;39313053;50624997
1522071187497;4289;3067;348;246210560;39313269;50625512
1522071187597;4299;3072;350;246210560;39313485;50626029
1522071187697;4309;3079;350;246210560;39313593;50626288
1522071187797;4319;3086;351;246210560;39313809;50626803
1522071187897;4329;3094;352;246210560;39314025;50627318
1522071187997;4339;3100;353;246210560;39314241;50627832
1522071188098;4349;3107;354;246210560;39314457;50628349
1522071188198;4359;3113;355;246210560;39314673;50628864
1522071188298;4369;3121;355;246210560;39314781;50629123
1522071188398;4379;3127;357;246210560;39314997;50629639
1522071188499;4389;3134;358;246210560;39315213;50630153
1522071188599;4399;3142;358;246210560;39315429;50630669
1522071188699;4409;3148;359;246210560;39315537;50630927
1522071188799;4419;3156;359;246210560;39315753;50631442
1522071188900;4429;3163;360;246210560;39315969;50631957
1522071189000;4439;3170;360;246210560;39316185;50632470
1522071189100;4449;3177;361;246210560;39316401;50632985
1522071189200;4459;3183;362;246210560;39316617;50633498
1522071189300;4469;3190;362;246210560;39316725;50633756
1522071189400;4479;3197;363;246210560;39316941;50634274
1522071189500;4489;3204;364;246210560;39317157;50634792
1522071189600;4499;3211;364;246210560;39317373;50635306
1522071189700;4509;3217;365;246210560;39317589;50635819
1522071189800;4519;3223;366;246210560;39317697;50636078
1522071189900;4529;3230;366;246210560;39317913;50636594
1522071190000;4539;3236;368;246210560;39318129;50637108
1522071190101;4549;3242;369;246210560;39318345;50637623
1522071190201;4559;3248;369;246210560;39318453;50637880
1522071190301;4569;3254;371;246210560;39318669;50638396
1522071190402;4579;3260;372;246210560;39318885;50638911
1522071190505;4590;3266;373;246210560;39318993;50639168
1522071190605;4600;3274;374;246210560;39319209;50639682
1522071190706;4610;3280;374;246210560;39319425;50640199
1522071190806;4620;3286;376;246210560;39319641;50640715
1522071190906;4630;3293;376;246210560;39319857;50641229
1522071191006;4640;3299;377;246210560;39319965;50641486
1522071191107;4650;3306;378;246210560;39320181;50642003
1522071191207;4660;3313;378;246210560;39320397;50642517
1522071191307;4670;3319;380;246210560;39320613;50643034
1522071191407;4680;3327;380;246210560;39320721;50643291
1522071191507;4690;3334;381;246210560;39320937;50643805
1522071191607;4700;3339;382;246210560;39321153;50644321
1522071191707;4710;3344;384;246210560;39321369;50644838
1522071191807;4720;3352;385;246210560;39321477;50645095
1522071191907;4730;3358;386;246210560;39321693;50645606
1522071192007;4740;3365;386;246210560;39321909;50646121
1522071192108;4750;3372;387;246210560;39322125;50646638
1522071192208;4760;3379;387;246210560;39322233;50646896
1522071192308;4770;3385;389;246210560;39322449;50647410
1522071192408;4780;3391;390;246210560;39322665;50647926
1522071192508;4790;3397;391;246210560;39322881;50648442
1522071192608;4800;3403;392;246210560;39323097;50648958
1522071192708;4810;3411;392;246210560;39323205;50649216
1522071192808;4820;3418;393;246210560;39323421;50649732
1522071192908;4830;3425;393;246210560;39323637;50650244
1522071193008;4840;3432;394;246210560;39323853;50650705
1522071193108;4850;3439;395;246210560;39323961;50651014
1522071193208;4860;3446;395;246210560;39324177;50651529
1522071193308;4870;3453;396;246210560;39324393;50652042
1522071193408;4880;3459;396;246210560;39324609;50652557
1522071193508;4890;3465;397;246210560;39324825;50653074
1522071193608;4900;3472;398;246210560;39324933;50653332
1522071193708;4910;3478;400;246210560;39325149;50653849
1522071193808;4920;3484;401;246210560;39325365;50654363
1522071193908;4930;3490;402;246210560;39325581;50654879
1522071194008;4940;3497;402;246210560;39325689;50655136
1522071194108;4950;3504;403;246210560;39325905;50655652
1522071194209;4960;3510;404;246210560;39326121;50656168
1522071194309;4970;3516;405;246210560;39326337;50656685
1522071194409;4980;3523;406;246210560;39326553;50657201
1522071194509;4990;3530;406;246210560;39326661;50657461
1522071194609;5000;3537;407;246210560;39326877;50657976
1522071194713;5010;3544;408;246210560;39327093;50658491
1522071194813;5020;3550;409;246210560;39327309;50659007
1522071194914;5030;3557;409;246210560;39327525;50659522
1522071195017;5041;3564;410;246210560;39327633;50659778
1522071195117;5051;3571;410;246210560;39327849;50660292
1522071195217;5061;3578;412;246210560;39328065;50660805
1522071195317;5071;3583;413;246210560;39328281;50661321
1522071195418;5081;3588;415;246210560;39328497;50661836
1522071195518;5091;3595;416;246210560;39328605;50662094
1522071195618;5101;3603;416;246210560;39328821;50662609
1522071195718;5111;3609;417;246210560;39329037;50663120
1522071195818;5121;3615;418;246210560;39329253;50663634
1522071195918;5131;3622;418;246210560;39329469;50664147
1522071196019;5141;3628;419;246210560;39329685;50664661
1522071196120;5151;3635;420;246210560;39329793;50664918
1522071196220;5161;3642;420;246210560;39330009;50665434
1522071196321;5171;3648;422;246210560;39330225;50665947
1522071196421;5181;3655;422;246210560;39330441;50666458
1522071196521;5191;3660;424;246210560;39330549;50666714
1522071196621;5201;3669;424;246210560;39330765;50667228
1522071196722;5211;3675;426;246210560;39330981;50667746
1522071196822;5221;3682;426;246210560;39331197;50668260
1522071196922;5231;3688;428;246210560;39331413;50668775
1522071197022;5241;3695;428;246210560;39331629;50669291
1522071197122;5251;3701;431;246210560;39331845;50669805
1522071197223;5261;3707;432;246210560;39332005;50670270
1522071197323;5271;3713;434;246210560;39332169;50670581
1522071197423;5281;3720;436;246210560;39332385;50671097
1522071197524;5291;3727;436;246210560;39332601;50671613
1522071197624;5301;3734;437;246210560;39332817;50672128
1522071197724;5312;3740;438;246210560;39333033;50672642
1522071197824;5321;3746;439;246210560;39333249;50673159
1522071197924;5331;3752;440;246210560;39333465;50673675
1522071198024;5341;3760;441;246210560;39333573;50673932
1522071198124;5351;3766;443;246210560;39333789;50674447
1522071198224;5361;3772;444;246210560;39334005;50674961
1522071198324;5372;3776;445;246210560;39334221;50675475
1522071198424;5381;3782;447;246210560;39334329;50675732
1522071198524;5392;3788;448;246210560;39334545;50676251
1522071198624;5401;3794;450;246210560;39334761;50676767
1522071198724;5412;3800;450;246210560;39334977;50677281
1522071198824;5421;3806;451;246210560;39335085;50677537
1522071198925;5432;3813;452;246210560;39335301;50678053
1522071199025;5442;3819;453;246210560;39335517;50678567
1522071199125;5452;3826;453;246210560;39335733;50679082
1522071199225;5462;3833;454;246210560;39335841;50679337
1522071199325;5472;3840;454;246210560;39336057;50679854
1522071199425;5482;3846;455;246210560;39336273;50680369
1522071199525;5492;3852;456;246210560;39336489;50680885
1522071199626;5502;3859;456;246210560;39336597;50681141
1522071199726;5512;3865;458;246210560;39336813;50681657
1522071199826;5522;3872;458;246210560;39337029;50682172
1522071199926;5532;3878;459;246210560;39337245;50682687
1522071200027;5542;3885;460;246210560;39337461;50683204
1522071200128;5552;3892;460;246210560;39337569;50683462
1522071200228;5562;3898;461;246210560;39337785;50683978
1522071200328;5572;3905;462;246210560;39338001;50684493
1522071200428;5582;3911;463;246210560;39338217;50685007
1522071200528;5592;3918;463;246210560;39338325;50685265
1522071200628;5602;3925;464;246210560;39338541;50685782
1522071200728;5612;3931;465;246210560;39338757;50686294
1522071200829;5622;3938;465;246210560;39338973;50686807
1522071200929;5632;3944;465;246210560;39339189;50687324
1522071201029;5642;3952;465;246210560;39339297;50687581
1522071201129;5652;3959;466;246210560;39339513;50688094
1522071201229;5662;3965;467;246210560;39339729;50688612
1522071201329;5672;3970;468;246210560;39339945;50689125
1522071201429;5682;3977;470;246210560;39340053;50689385
1522071201529;5692;3984;470;246210560;39340269;50689899
1522071201629;5702;3991;470;246210560;39340485;50690412
1522071201729;5712;3997;471;246210560;39340701;50690928
1522071201829;5722;4004;471;246210560;39340917;50691442
1522071201929;5732;4010;472;246210560;39341025;50691701
1522071202029;5742;4016;473;246210560;39341291;50692218
1522071202130;5752;4022;475;246210560;39341507;50692734
1522071202230;5762;4028;476;246210560;39341773;50693196
1522071202330;5772;4035;476;246210560;39341881;50693505
1522071202430;5782;4042;477;246210560;39342097;50694021
1522071202530;5792;4048;478;246210560;39342313;50694535
1522071202630;5802;4054;478;246210560;39342529;50695049
1522071202731;5812;4060;480;246210560;39342745;50695512
1522071202831;5822;4068;480;246210560;39342853;50695821
1522071202931;5832;4074;482;246210560;39343069;50696336
1522071203031;5842;4080;482;246210560;39343285;50696851
1522071203131;5852;4086;483;246210560;39343501;50697367
1522071203231;5862;4094;484;246210560;39343609;50697627
1522071203332;5872;4100;484;246210560;39343825;50698143
1522071203432;5882;4106;484;246210560;39344041;50698657
1522071203533;5892;4112;486;246210560;39344257;50699171
1522071203637;5903;4119;487;246210560;39344473;50699632
1522071203737;5913;4126;488;246210560;39344581;50699941
1522071203837;5923;4132;489;246210560;39344797;50700456
1522071203937;5933;4137;490;246210560;39344905;50700712
1522071204037;5943;4142;492;246210560;39345121;50701226
1522071204138;5953;4149;492;246210560;39345337;50701741
1522071204238;5963;4153;494;246210560;39345553;50702258
1522071204338;5973;4160;496;246210560;39345661;50702515
1522071204438;5983;4165;498;246210560;39345877;50703029
1522071204538;5993;4170;500;246210560;39346093;50703545
1522071204639;6003;4176;501;246210560;39346309;50704061
1522071204740;6013;4181;503;246210560;39346525;50704576
1522071204840;6023;4189;503;246210560;39346633;50704835
1522071204940;6033;4196;503;246210560;39346849;50705350
1522071205040;6043;4203;504;246210560;39347065;50705866
1522071205140;6053;4208;505;246210560;39347281;50706381
1522071205240;6063;4215;506;246210560;39347389;50706638
1522071205340;6073;4221;507;246210560;39347605;50707153
1522071205440;6083;4227;508;246210560;39347713;50707411
1522071205540;6093;4231;508;246210560;39347821;50707668
1522071205640;6103;4231;508;246210560;39347821;50707668
1522071205740;6113;4231;508;246210560;39347821;50707668
1522071205841;6123;4231;508;246210560;39347821;50707668
1522071205941;6133;4231;508;246210560;39347821;50707668
1522071206041;6143;4231;508;246210560;39347821;50707668
1522071206142;6153;4232;508;246210560;39347821;50707668
1522071206242;6163;4232;508;246210560;39347821;50707668
1522071206342;6173;4232;508;246210560;39348209;50707668
1522071206442;6183;4234;508;246210560;39348317;50707924
1522071206543;6193;4240;508;246210560;39348533;50708438
1522071206643;6203;4249;509;246210560;39348641;50708696
1522071206743;6213;4256;510;246210560;39348857;50709212
1522071206843;6223;4263;511;246210560;39348965;50709471
1522071206943;6233;4270;512;246210560;39349181;50709987
1522071207043;6243;4276;513;246210560;39349397;50710505
1522071207143;6253;4283;515;246210560;39349613;50711021
1522071207243;6263;4290;516;246210560;39349721;50711277
1522071207343;6273;4295;518;246210560;39349937;50711790
1522071207443;6283;4303;518;246210560;39350153;50712302
1522071207543;6293;4310;520;246210560;39350369;50712817
1522071207644;6303;4316;521;246210560;39350585;50713331
1522071207744;6313;4323;522;246210560;39350693;50713588
1522071207844;6323;4330;523;246210560;39350909;50714101
1522071207944;6333;4337;524;246210560;39351125;50714618
1522071208044;6343;4343;525;246210560;39351341;50715131
1522071208144;6353;4350;526;246210560;39351557;50715647
1522071208244;6363;4356;527;246210560;39351773;50716163
1522071208344;6373;4362;528;246210560;39351989;50716679
1522071208445;6384;4370;529;246210560;39352097;50716936
1522071208545;6394;4378;529;246210560;39352313;50717452
1522071208645;6404;4384;530;246210560;39352529;50717968
1522071208746;6414;4394;530;246358016;39352529;50717968
1522071208846;6424;4400;531;246358016;39352745;50718483
1522071208946;6434;4408;532;246358016;39352853;50718741
1522071209047;6444;4415;533;246358016;39353069;50719256
1522071209147;6454;4422;534;246358016;39353177;50719515
1522071209247;6464;4430;535;246358016;39353393;50720028
1522071209348;6474;4436;536;246358016;39353609;50720542
1522071209448;6484;4442;537;246358016;39353825;50721059
1522071209548;6494;4450;537;246358016;39354041;50721574
1522071209648;6504;4458;537;246358016;39354149;50721832
1522071209748;6514;4466;538;246358016;39354365;50722350
1522071209848;6524;4472;538;246358016;39354581;50722865
1522071209949;6534;4480;538;246358016;39354797;50723381
1522071210049;6544;4488;539;246358016;39354905;50723640
1522071210149;6554;4494;540;246358016;39355121;50724159
1522071210249;6564;4500;542;246358016;39355337;50724673
1522071210349;6574;4507;543;246358016;39355445;50724929
1522071210450;6584;4514;544;246358016;39355661;50725447
1522071210550;6594;4520;546;246358016;39355877;50725965
1522071210651;6604;4527;546;246358016;39356093;50726482
1522071210751;6614;4535;546;246358016;39356201;50726739
1522071210851;6624;4543;547;246358016;39356417;50727251
1522071210952;6634;4549;548;246358016;39356633;50727768
1522071211052;6644;4556;549;246358016;39356849;50728284
1522071211152;6654;4563;549;246358016;39357065;50728796
1522071211252;6664;4569;550;246358016;39357173;50729053
1522071211352;6674;4576;552;246358016;39357389;50729566
1522071211452;6684;4582;553;246358016;39357605;50730084
1522071211552;6694;4590;553;246358016;39357821;50730597
1522071211652;6704;4596;554;246358016;39358037;50731110
1522071211752;6714;4603;555;246358016;39358145;50731366
1522071211852;6724;4610;556;246358016;39358361;50731879
1522071211952;6734;4617;557;246358016;39358577;50732390
1522071212052;6744;4622;558;246358016;39358793;50732905
1522071212153;6754;4629;560;246358016;39359009;50733421
1522071212253;6764;4636;560;246358016;39359117;50733679
1522071212353;6774;4643;561;246358016;39359333;50734193
1522071212453;6784;4648;563;246358016;39359549;50734708
1522071212553;6794;4655;564;246358016;39359765;50735223
1522071212653;6804;4662;564;246358016;39359873;50735482
1522071212753;6814;4670;564;246358016;39360089;50735996
1522071212853;6824;4677;565;246358016;39360305;50736513
1522071212953;6834;4684;566;246358016;39360521;50737029
1522071213054;6844;4691;566;246358016;39360737;50737543
1522071213154;6854;4698;567;246358016;39360845;50737800
1522071213254;6864;4705;568;246358016;39361061;50738313
1522071213354;6875;4712;568;246358016;39361277;50738826
1522071213454;6884;4719;569;246358016;39361493;50739341
1522071213554;6894;4726;569;246358016;39361709;50739855
1522071213654;6904;4733;570;246358016;39361817;50740114
1522071213754;6914;4740;571;246358016;39362033;50740626
1522071213854;6924;4745;573;246358016;39362249;50741145
1522071213954;6934;4750;575;246358016;39362465;50741667
1522071214054;6945;4756;577;246358016;39362681;50742131
1522071214154;6954;4762;579;246358016;39362789;50742439
1522071214254;6964;4769;579;246358016;39363005;50742953
1522071214354;6974;4774;582;246358016;39363221;50743468
1522071214455;6985;4782;582;246358016;39363329;50743724
1522071214555;6995;4789;583;246358016;39363545;50744188
1522071214655;7005;4796;584;246358016;39363653;50744498
1522071214756;7015;4803;585;246358016;39363869;50745017
1522071214856;7025;4810;586;246358016;39364085;50745532
1522071214956;7035;4816;586;246358016;39364301;50746049
1522071215056;7045;4824;587;246358016;39364409;50746308
1522071215156;7055;4830;589;246358016;39364625;50746827
1522071215256;7065;4837;589;246358016;39364841;50747345
1522071215357;7075;4843;590;246358016;39365057;50747861
1522071215457;7085;4849;592;246358016;39365273;50748377
1522071215557;7095;4856;593;246358016;39365381;50748633
1522071215657;7105;4862;595;246358016;39365597;50749149
1522071215757;7115;4869;596;246358016;39365813;50749665
1522071215857;7125;4875;597;246358016;39365921;50749922
1522071215957;7135;4883;598;246358016;39366137;50750440
1522071216057;7145;4889;599;246358016;39366353;50750952
1522071216157;7155;4896;600;246358016;39366461;50751211
1522071216258;7165;4904;600;246358016;39366677;50751727
1522071216358;7175;4911;601;246358016;39366893;50752242
1522071216458;7185;4918;601;246358016;39367109;50752758
1522071216558;7195;4924;602;246358016;39367325;50753273
1522071216659;7205;4932;603;246358016;39367433;50753530
1522071216759;7215;4939;604;246358016;39367649;50754047
1522071216859;7225;4944;606;246358016;39367757;50754304
1522071216959;7235;4952;606;246358016;39367973;50754821
1522071217060;7245;4958;608;246358016;39368239;50755339
1522071217160;7255;4964;609;246358016;39368455;50755856
1522071217260;7265;4972;609;246358016;39368721;50756372
1522071217360;7276;4978;610;246358016;39368937;50756891
1522071217460;7285;4986;610;246358016;39369045;50757151
1522071217560;7295;4994;610;246358016;39369261;50757666
1522071217661;7305;5000;611;246358016;39369477;50758181
1522071217761;7315;5006;613;246358016;39369693;50758698
1522071217861;7325;5013;613;246358016;39369909;50759213
1522071217961;7335;5020;614;246358016;39370017;50759471
1522071218061;7345;5025;615;246358016;39370233;50759987
1522071218161;7355;5032;616;246358016;39370449;50760504
1522071218261;7365;5039;618;246358016;39370557;50760763
1522071218361;7375;5044;620;246358016;39370773;50761277
1522071218461;7385;5051;620;246358016;39370989;50761791
1522071218561;7395;5058;620;246358016;39371205;50762309
1522071218662;7405;5065;622;246358016;39371421;50762774
1522071218762;7415;5072;623;246358016;39371529;50763085
1522071218862;7425;5078;624;246358016;39371745;50763602
1522071218963;7435;5084;626;246358016;39371961;50764118
1522071219063;7445;5091;626;246358016;39372177;50764633
1522071219165;7456;5098;628;246358016;39372393;50765147
1522071219265;7466;5105;628;246358016;39372501;50765405
1522071219365;7476;5111;630;246358016;39372717;50765918
1522071219465;7486;5119;630;246358016;39372825;50766176
1522071219565;7496;5126;631;246358016;39373041;50766693
1522071219665;7506;5134;631;246358016;39373257;50767207
1522071219766;7516;5141;632;246358016;39373365;50767464
1522071219866;7526;5149;633;246358016;39373581;50767980
1522071219967;7536;5155;634;246358016;39373797;50768493
1522071220067;7546;5163;636;246358016;39373905;50768750
1522071220167;7556;5169;637;246358016;39374121;50769265
1522071220267;7566;5176;637;246358016;39374337;50769781
1522071220368;7576;5185;638;246358016;39374445;50770039
1522071220468;7586;5192;638;246358016;39374661;50770557
1522071220568;7596;5198;640;246358016;39374769;50770816
1522071220668;7606;5205;641;246358016;39374985;50771332
1522071220768;7616;5212;642;246358016;39375201;50771849
1522071220868;7626;5218;642;246358016;39375417;50772365
1522071220968;7636;5227;642;246358016;39375525;50772623
1522071221068;7646;5234;643;246358016;39375741;50773152
1522071221168;7656;5240;644;246358016;39375957;50773686
1522071221268;7666;5246;644;246358016;39376065;50773951
1522071221368;7676;5252;645;246358016;39376281;50774482
1522071221468;7686;5260;645;246358016;39376389;50774748
1522071221568;7696;5265;646;246358016;39376605;50775281
1522071221668;7706;5272;646;246358016;39376713;50775547
1522071221769;7716;5279;648;246358016;39376929;50776072
1522071221869;7726;5285;649;246358016;39377145;50776600
1522071221969;7736;5290;650;246358016;39377361;50777072
1522071222070;7746;5297;651;246358016;39377469;50777386
1522071222170;7756;5303;652;246358016;39377685;50777912
1522071222270;7766;5309;654;246358016;39377901;50778392
1522071222370;7776;5315;655;246358016;39378009;50778708
1522071222470;7786;5321;656;246358016;39378225;50779234
1522071222570;7796;5329;656;246358016;39378333;50779498
1522071222670;7806;5336;658;246358016;39378549;50780026
1522071222770;7816;5341;659;246358016;39378765;50780554
1522071222870;7826;5348;659;246358016;39378981;50781027
1522071222970;7836;5355;660;246358016;39379089;50781343
1522071223070;7846;5362;660;246358016;39379305;50781871
1522071223170;7856;5368;661;246358016;39379413;50782134
1522071223270;7866;5376;662;246358016;39379629;50782660
1522071223370;7876;5381;663;246358016;39379845;50783190
1522071223470;7886;5388;664;246358016;39379953;50783454
1522071223570;7896;5395;664;246358016;39380169;50783981
1522071223670;7906;5401;665;246358016;39380385;50784508
1522071223770;7916;5407;666;246358016;39380493;50784773
1522071223871;7926;5414;667;246358016;39380709;50785299
1522071223971;7936;5420;667;246358016;39380925;50785826
1522071224071;7946;5428;668;246358016;39381033;50786090
1522071224171;7956;5434;669;246358016;39381249;50786617
1522071224272;7966;5439;670;246358016;39381465;50787138
1522071224372;7976;5447;670;246358016;39381573;50787398
1522071224472;7986;5453;671;246358016;39381789;50787916
1522071224572;7996;5460;671;246358016;39381897;50788175
1522071224672;8006;5465;672;246358016;39382113;50788690
1522071224772;8016;5472;672;246358016;39382221;50788948
1522071224872;8026;5479;673;246358016;39382437;50789463
1522071224972;8036;5485;674;246358016;39382545;50789720
1522071225072;8046;5492;675;246358016;39382761;50790239
1522071225172;8056;5498;676;246358016;39382869;50790499
1522071225272;8066;5505;677;246358016;39383085;50791017
1522071225372;8076;5511;677;246358016;39383301;50791533
1522071225472;8086;5517;678;246358016;39383409;50791791
1522071225573;8096;5523;680;246358016;39383625;50792309
1522071225673;8106;5530;681;246358016;39383865;50792568
1522071225773;8116;5536;682;246358016;39384081;50793085
1522071225873;8126;5543;683;246358016;39384189;50793345
1522071225973;8136;5549;684;246358016;39384405;50793864
1522071226073;8146;5556;684;246358016;39384513;50794124
1522071226173;8156;5563;685;246358016;39384729;50794643
1522071226273;8166;5570;686;246358016;39384837;50794900
1522071226373;8176;5578;686;246358016;39384945;50795160
1522071226474;8186;5585;687;246358016;39385161;50795678
1522071226574;8196;5591;688;246358016;39385377;50796196
1522071226674;8206;5598;689;246358016;39385485;50796455
1522071226774;8217;5605;689;246358016;39385701;50796975
1522071226875;8227;5612;690;246358016;39385809;50797235
1522071226975;8237;5620;690;246358016;39386025;50797753
1522071227075;8247;5627;690;246358016;39386133;50798012
1522071227176;8257;5636;690;246358016;39386349;50798532
1522071227276;8267;5644;691;246358016;39386457;50798792
1522071227377;8277;5650;692;246358016;39386673;50799312
1522071227477;8287;5656;693;246358016;39386781;50799572
1522071227577;8297;5663;694;246358016;39386997;50800090
1522071227677;8307;5670;695;246358016;39387213;50800610
1522071227777;8317;5676;696;246358016;39387321;50800871
1522071227877;8327;5681;698;246358016;39387537;50801389
1522071227978;8337;5688;699;246358016;39387753;50801855
1522071228078;8347;5695;699;246358016;39387861;50802167
1522071228178;8357;5700;701;246358016;39388077;50802688
1522071228278;8367;5708;701;246358016;39388185;50802947
1522071228379;8377;5712;702;246358016;39388774;50803207
1522071228479;8387;5712;702;246358016;39388774;50803207
1522071228579;8397;5712;702;246358016;39388774;50803207
1522071228680;8407;5712;702;246358016;39388774;50803207
1522071228780;8417;5712;702;246358016;39388774;50803207
1522071228880;8427;5712;702;246358016;39388774;50803207
1522071228980;8437;5712;702;246358016;39388774;50803207
1522071229080;8447;5712;702;246358016;39388774;50803207
1522071229181;8457;5712;702;246358016;39388774;50803207
1522071229281;8467;5712;702;246358016;39388774;50803207
1522071229382;8477;5717;702;246358016;39388990;50803726
1522071229482;8487;5725;702;246358016;39389098;50803985
1522071229582;8497;5732;702;246358016;39389314;50804504
1522071229682;8507;5740;703;246358016;39389422;50804764
1522071229783;8517;5747;704;246358016;39389638;50805281
1522071229883;8527;5754;704;246358016;39389746;50805541
1522071229984;8537;5762;705;246358016;39389962;50806060
1522071230084;8547;5768;706;246358016;39390178;50806579
1522071230185;8558;5774;707;246358016;39390286;50806838
1522071230285;8568;5781;708;246358016;39390502;50807358
1522071230385;8578;5788;708;246358016;39390718;50807875
1522071230485;8588;5796;709;246358016;39390826;50808135
1522071230585;8598;5804;710;246358016;39391042;50808653
1522071230685;8608;5810;711;246358016;39391258;50809172
1522071230785;8618;5816;712;246358016;39391366;50809432
1522071230886;8628;5824;713;246358016;39391582;50809954
1522071230986;8638;5830;714;246358016;39391798;50810473
1522071231086;8648;5838;715;246358016;39391906;50810732
1522071231186;8658;5844;717;246358016;39392122;50811252
1522071231287;8668;5852;718;246358016;39392230;50811512
1522071231387;8678;5860;718;246358016;39392446;50812031
1522071231487;8688;5867;718;246358016;39392662;50812548
1522071231587;8698;5874;719;246358016;39392770;50812806
1522071231687;8708;5880;720;246358016;39392986;50813325
1522071231787;8718;5887;721;246358016;39393094;50813584
1522071231888;8728;5894;722;246358016;39393310;50814103
1522071231988;8738;5900;724;246358016;39393526;50814621
1522071232089;8748;5908;724;246358016;39393792;50815088
1522071232189;8758;5915;724;246358016;39393900;50815401
1522071232289;8768;5922;725;246358016;39394166;50815918
1522071232389;8778;5928;726;246358016;39394382;50816436
1522071232490;8788;5937;726;246358016;39394490;50816696
1522071232590;8798;5944;727;246358016;39394706;50817216
1522071232690;8808;5952;728;246358016;39394814;50817475
1522071232790;8818;5959;728;246358016;39395030;50817996
1522071232891;8828;5966;730;246358016;39395246;50818515
1522071232991;8838;5972;731;246358016;39395354;50818774
1522071233091;8848;5979;732;246358016;39395570;50819294
1522071233192;8858;5986;732;246358016;39395786;50819761
1522071233292;8868;5995;733;246358016;39395894;50820072
1522071233392;8878;6001;734;246358016;39396110;50820591
1522071233492;8888;6008;734;246358016;39396218;50820850
1522071233592;8898;6016;735;246358016;39396434;50821369
1522071233692;8908;6022;735;246358016;39396650;50821889
1522071233792;8918;6031;735;246358016;39396758;50822148
1522071233892;8928;6039;736;246358016;39396974;50822668
1522071233992;8938;6045;737;246358016;39397082;50822927
1522071234092;8948;6052;738;246358016;39397298;50823442
1522071234192;8958;6059;738;246358016;39397514;50823962
1522071234292;8968;6067;738;246358016;39397622;50824221
1522071234392;8978;6073;739;246358016;39397838;50824741
1522071234492;8988;6080;740;246358016;39398054;50825259
1522071234592;8998;6087;741;246358016;39398162;50825519
1522071234692;9008;6093;742;246358016;39398378;50826039
1522071234793;9018;6099;743;246358016;39398594;50826557
1522071234893;9028;6106;744;246358016;39398702;50826817
1522071234993;9038;6113;745;246358016;39398918;50827335
1522071235093;9048;6119;746;246358016;39399134;50827855
1522071235193;9058;6126;747;246358016;39399242;50828114
1522071235293;9068;6133;748;246358016;39399458;50828633
1522071235393;9078;6139;749;246358016;39399674;50829151
1522071235493;9088;6147;749;246358016;39399782;50829411
1522071235593;9098;6154;750;246358016;39399998;50829928
1522071235693;9108;6162;750;246358016;39400106;50830187
1522071235794;9118;6169;750;246358016;39400322;50830706
1522071235894;9128;6175;751;246358016;39400538;50831222
1522071235994;9138;6182;752;246358016;39400646;50831480
1522071236094;9149;6190;752;246358016;39400862;50831997
1522071236194;9158;6198;753;246358016;39400970;50832257
1522071236294;9168;6204;754;246358016;39401186;50832777
1522071236394;9178;6211;754;246358016;39401790;50833295
1522071236494;9189;6217;755;246358016;39401898;50833554
1522071236594;9198;6224;757;246358016;39402114;50834070
1522071236694;9208;6230;757;246358016;39402330;50834589
1522071236794;9219;6238;758;246358016;39402438;50834848
1522071236895;9229;6245;758;246358016;39402654;50835366
1522071236995;9239;6252;759;246358016;39402870;50835884
1522071237095;9249;6258;760;246358016;39403086;50836402
1522071237195;9259;6266;760;246358016;39403194;50836662
1522071237295;9269;6274;760;246358016;39403410;50837180
1522071237395;9279;6280;762;246358016;39403626;50837700
1522071237495;9289;6287;762;246358016;39403842;50838167
1522071237596;9299;6294;763;246358016;39403950;50838477
1522071237696;9309;6301;764;246358016;39404166;50838995
1522071237797;9319;6308;765;246358016;39404382;50839513
1522071237897;9329;6315;766;246358016;39404490;50839772
1522071237997;9339;6322;767;246358016;39404706;50840291
1522071238098;9349;6328;768;246358016;39404922;50840811
1522071238198;9359;6335;769;246358016;39405030;50841071
1522071238298;9369;6342;770;246358016;39405246;50841587
1522071238398;9379;6350;770;246358016;39405354;50841847
1522071238498;9389;6357;771;246358016;39405570;50842365
1522071238598;9399;6364;772;246358016;39405678;50842625
1522071238699;9409;6372;773;246358016;39405894;50843144
1522071238799;9419;6380;773;246358016;39406002;50843404
1522071238899;9429;6386;774;246358016;39406218;50843921
1522071238999;9439;6393;776;246358016;39406434;50844440
1522071239099;9449;6399;777;246358016;39406542;50844699
1522071239199;9459;6406;778;246358016;39406758;50845218
1522071239299;9469;6414;778;246358016;39406974;50845736
1522071239399;9479;6420;778;246358016;39407082;50845995
1522071239499;9489;6428;780;246358016;39407298;50846513
1522071239599;9499;6435;780;246358016;39407514;50847030
1522071239699;9509;6442;780;246358016;39407730;50847547
1522071239799;9519;6448;781;246358016;39407838;50847804
1522071239899;9529;6456;782;246358016;39408054;50848323
1522071239999;9539;6463;782;246358016;39408270;50848840
1522071240099;9549;6470;783;246358016;39408486;50849306
1522071240199;9559;6477;784;246358016;39408594;50849618
1522071240299;9569;6483;785;246358016;39408810;50850136
1522071240399;9579;6490;787;246358016;39408918;50850396
1522071240499;9589;6497;788;246358016;39409134;50850914
1522071240599;9599;6505;788;246358016;39409242;50851174
1522071240699;9609;6512;790;246358016;39409458;50851692
1522071240800;9619;6518;791;246358016;39409566;50851952
1522071240900;9629;6527;792;246358016;39409782;50852472
1522071241000;9639;6534;792;246358016;39409998;50852991
1522071241100;9649;6542;794;246358016;39410106;50853250
1522071241200;9659;6548;796;246358016;39410322;50853770
1522071241300;9669;6554;797;246358016;39410430;50854029
1522071241400;9679;6563;797;246358016;39410646;50854548
1522071241500;9689;6568;799;246358016;39410862;50855064
1522071241600;9699;6576;799;246358016;39411078;50855583
1522071241700;9709;6582;801;246358016;39411186;50855843
1522071241801;9719;6590;802;246358016;39411402;50856362
1522071241901;9729;6595;803;246358016;39411618;50856882
1522071242001;9739;6602;804;246358016;39411834;50857401
1522071242102;9749;6609;804;246358016;39412050;50857866
1522071242202;9759;6617;805;246358016;39412158;50858177
1522071242302;9769;6624;806;246358016;39412374;50858695
1522071242402;9779;6631;806;246358016;39412590;50859214
1522071242502;9789;6638;807;246358016;39412698;50859472
1522071242603;9799;6645;808;246358016;39412914;50859990
1522071242703;9809;6651;810;246358016;39413130;50860508
1522071242803;9819;6658;812;246358016;39413238;50860766
1522071242904;9829;6665;812;246358016;39413454;50861286
1522071243004;9840;6672;814;246358016;39413670;50861806
1522071243104;9849;6679;815;246358016;39413886;50862324
1522071243204;9860;6686;816;246358016;39413994;50862583
1522071243304;9869;6692;818;246358016;39414210;50863096
1522071243405;9880;6698;819;246358016;39414426;50863616
1522071243505;9890;6706;820;246358016;39414534;50863876
1522071243605;9900;6714;820;246358016;39414750;50864395
1522071243706;9910;6720;821;246358016;39414966;50864912
1522071243806;9920;6727;821;246358016;39415182;50865432
1522071243906;9930;6734;822;246358016;39415290;50865692
1522071244006;9940;6742;823;246358016;39415506;50866212
1522071244107;9950;6748;824;246358016;39415722;50866731
1522071244207;9960;6755;825;246358016;39415938;50867249
1522071244307;9970;6763;826;246358016;39416046;50867507
1522071244407;9980;6769;827;246358016;39416262;50868028
1522071244507;9990;6774;830;246358016;39416478;50868549
1522071244607;10000;6781;830;246358016;39416694;50869069
1522071244707;10010;6788;831;246358016;39416802;50869328
1522071244808;10020;6795;832;246358016;39417018;50869846
1522071244908;10030;6802;833;246358016;39417234;50870366
1522071245009;10040;6808;834;246358016;39417450;50870886
1522071245109;10050;6815;836;246358016;39417558;50871145
1522071245209;10060;6822;837;246358016;39417774;50871662
1522071245309;10070;6828;838;246358016;39417990;50872178
1522071245409;10080;6836;839;246358016;39418098;50872438
1522071245509;10090;6842;841;246358016;39418314;50872953
1522071245610;10100;6848;842;246358016;39418530;50873473
1522071245713;10110;6856;843;246358016;39418638;50873733
1522071245813;10120;6862;844;246358016;39418854;50874252
1522071245913;10130;6866;846;246358016;39418962;50874513
1522071246014;10140;6873;847;246358016;39419178;50875031
1522071246114;10150;6880;848;246358016;39419394;50875549
1522071246214;10160;6886;849;246358016;39419610;50876067
1522071246314;10171;6893;850;246358016;39419718;50876326
1522071246415;10181;6900;852;246358016;39419934;50876845
1522071246515;10191;6908;852;246358016;39420150;50877363
1522071246615;10201;6917;852;246358016;39420258;50877622
1522071246715;10211;6923;854;246358016;39420474;50878142
1522071246815;10221;6930;854;246358016;39420690;50878658
1522071246915;10231;6937;854;246358016;39420798;50878915
1522071247016;10241;6944;856;246358016;39421014;50879432
1522071247116;10251;6951;856;246358016;39421326;50879948
1522071247216;10261;6958;858;246358016;39421434;50880207
1522071247316;10271;6965;858;246358016;39421650;50880723
1522071247416;10281;6970;860;246358016;39421866;50881241
1522071247516;10291;6977;861;246358016;39421974;50881501
1522071247617;10301;6985;862;246358016;39422190;50882017
1522071247717;10311;6992;862;246358016;39422406;50882537
1522071247818;10321;6998;863;246358016;39422622;50883057
1522071247918;10331;7006;863;246358016;39422730;50883316
1522071248019;10341;7014;864;246358016;39422946;50883834
1522071248119;10351;7020;864;246358016;39423162;50884353
1522071248219;10361;7027;866;246358016;39423378;50884874
1522071248319;10371;7033;867;246358016;39423486;50885133
1522071248420;10381;7040;868;246358016;39423702;50885652
1522071248520;10391;7047;869;246358016;39423918;50886171
1522071248620;10401;7054;870;246358016;39424134;50886689
1522071248720;10411;7061;870;246358016;39424242;50886949
1522071248820;10421;7068;872;246358016;39424458;50887470
1522071248920;10431;7075;872;246358016;39424674;50887988
1522071249020;10441;7081;874;246358016;39424890;50888505
1522071249125;10452;7090;874;246358016;39424998;50888765
1522071249226;10462;7098;875;246358016;39425214;50889286
1522071249326;10472;7104;876;246358016;39425322;50889544
1522071249427;10482;7113;876;246358016;39425538;50890062
1522071249527;10492;7119;878;246358016;39425754;50890581
1522071249627;10502;7126;878;246358016;39425862;50890841
1522071249727;10512;7133;880;246358016;39426078;50891359
1522071249827;10522;7139;881;246358016;39426294;50891877
1522071249927;10532;7146;882;246358016;39426510;50892396
1522071250027;10542;7154;882;246358016;39426726;50892915
1522071250128;10552;7161;882;246358016;39426834;50893172
1522071250228;10562;7168;883;246358016;39427050;50893691
1522071250328;10572;7175;884;246358016;39427266;50894209
1522071250428;10582;7181;885;246358016;39427482;50894728
1522071250528;10592;7188;886;246358016;39427590;50894986
1522071250628;10602;7195;887;246358016;39427806;50895502
1522071250728;10612;7201;888;246358016;39428022;50896020
1522071250828;10622;7208;889;246358016;39428238;50896539
1522071250928;10632;7214;890;246358016;39428454;50897057
1522071251028;10642;7222;891;246358016;39428562;50897317
1522071251128;10652;7228;892;246358016;39428778;50897835
1522071251228;10662;7234;893;246358016;39428994;50898353
1522071251328;10672;7240;895;246358016;39429102;50898613
1522071251428;10682;7248;895;246358016;39429318;50899131
1522071251528;10692;7255;896;246358016;39429534;50899650
1522071251629;10702;7260;897;246358016;39429642;50899909
1522071251729;10712;7267;899;246358016;39429858;50900429
1522071251829;10722;7272;900;246358016;39430074;50900949
1522071251929;10732;7280;901;246358016;39430182;50901209
1522071252029;10742;7287;902;246358016;39430398;50901727
1522071252129;10752;7293;903;246358016;39430614;50902241
1522071252229;10762;7300;904;246358016;39430830;50902759
1522071252330;10772;7308;905;246358016;39430938;50903015
1522071252430;10782;7314;906;246358016;39431154;50903532
1522071252530;10792;7320;907;246358016;39431370;50904053
1522071252630;10802;7329;907;246358016;39431478;50904312
1522071252731;10812;7334;909;246358016;39431694;50904830
1522071252831;10822;7340;910;246358016;39431910;50905350
1522071252932;10832;7348;911;246358016;39432126;50905868
1522071253032;10842;7355;912;246358016;39432234;50906127
1522071253132;10852;7363;912;246358016;39432450;50906646
1522071253233;10862;7371;912;246358016;39432558;50906904
1522071253333;10872;7378;914;246358016;39432774;50907423
1522071253433;10882;7384;915;246358016;39432990;50907939
1522071253533;10892;7390;916;246358016;39433206;50908457
1522071253634;10902;7397;917;246358016;39433422;50908977
1522071253734;10912;7404;918;246358016;39433530;50909234
1522071253834;10923;7410;920;246358016;39433746;50909753
1522071253934;10933;7417;920;246358016;39433962;50910272
1522071254034;10942;7424;922;246358016;39434070;50910532
1522071254134;10952;7431;922;246358016;39434286;50911050
1522071254234;10963;7439;923;246358016;39434502;50911571
1522071254335;10973;7445;924;246358016;39434718;50912097
1522071254435;10983;7452;926;246358016;39434826;50912365
1522071254535;10993;7459;926;246358016;39435042;50912897
1522071254635;11003;7464;928;246358016;39435258;50913431
1522071254735;11013;7471;929;246358016;39435474;50913962
1522071254835;11023;7478;930;246358016;39435582;50914229
1522071254936;11033;7484;932;246358016;39435798;50914759
1522071255036;11043;7490;933;246358016;39436014;50915288
1522071255136;11053;7497;933;246358016;39436230;50915820
1522071255236;11063;7504;933;246358016;39436338;50916088
1522071255336;11073;7512;934;246358016;39436554;50916615
1522071255436;11083;7518;936;246358016;39436770;50917145
1522071255536;11093;7524;936;246358016;39436878;50917408
1522071255636;11103;7532;936;246358016;39437094;50917936
1522071255736;11113;7539;937;246358016;39437310;50918466
1522071255836;11123;7545;938;246358016;39437526;50918993
1522071255936;11133;7551;939;246358016;39437742;50919523
1522071256036;11143;7559;940;246358016;39437850;50919787
1522071256136;11153;7565;941;246358016;39438066;50920317
1522071256236;11163;7572;941;246358016;39438282;50920851
1522071256337;11173;7578;943;246358016;39438390;50921114
1522071256437;11183;7586;943;246358016;39438606;50921642
1522071256537;11193;7592;944;246358016;39438822;50922171
1522071256637;11203;7599;944;246358016;39439038;50922703
1522071256738;11213;7606;944;246358016;39439146;50922967
1522071256838;11223;7614;944;246358016;39439362;50923495
1522071256938;11233;7621;945;246358016;39439578;50924024
1522071257038;11243;7628;946;246358016;39439686;50924287
1522071257139;11253;7636;946;246358016;39439902;50924817
1522071257239;11263;7642;947;246358016;39440118;50925346
1522071257339;11273;7649;948;246358016;39440334;50925818
1522071257439;11283;7656;949;246358016;39440442;50926134
1522071257539;11293;7662;951;246358016;39440658;50926661
1522071257639;11303;7668;952;246358016;39440874;50927189
1522071257740;11313;7674;953;246358016;39441090;50927715
1522071257840;11323;7682;953;246358016;39441198;50927980
1522071257940;11333;7689;954;246358016;39441414;50928510
1522071258040;11343;7696;955;246358016;39441630;50929038
1522071258140;11353;7702;955;246358016;39441846;50929568
1522071258240;11363;7709;956;246358016;39441954;50929835
1522071258343;11373;7717;957;246358016;39442170;50930363
1522071258443;11383;7724;958;246358016;39442386;50930894
1522071258544;11393;7730;959;246358016;39442602;50931424
1522071258644;11403;7737;960;246358016;39442818;50931902
1522071258744;11414;7745;960;246358016;39442926;50932217
1522071258844;11423;7752;960;246358016;39443142;50932747
1522071258944;11434;7759;961;246358016;39443358;50933276
1522071259044;11444;7766;962;246358016;39443574;50933804
1522071259144;11454;7773;963;246358016;39443682;50934066
1522071259244;11463;7779;964;246358016;39443898;50934593
1522071259344;11473;7786;965;246358016;39444114;50935122
1522071259445;11484;7794;965;246358016;39444222;50935383
1522071259545;11494;7800;966;246358016;39444438;50935913
1522071259645;11504;7807;967;246358016;39444654;50936445
1522071259746;11514;7814;968;246358016;39444870;50936975
1522071259846;11524;7822;968;246358016;39444978;50937242
1522071259947;11534;7827;970;246358016;39445194;50937776
1522071260047;11544;7834;971;246358016;39445410;50938307
1522071260148;11554;7840;972;246358016;39445626;50938832
1522071260248;11564;7847;972;246358016;39445734;50939100
1522071260348;11574;7854;974;246358016;39445950;50939630
1522071260448;11584;7860;974;246358016;39446166;50940158
1522071260548;11594;7868;974;246358016;39446274;50940424
1522071260648;11604;7874;976;246358016;39446490;50940951
1522071260748;11614;7881;977;246358016;39446706;50941474
1522071260848;11624;7887;978;246358016;39446814;50941729
1522071260948;11634;7895;979;246358016;39447030;50942241
1522071261048;11644;7902;980;246358016;39447246;50942755
1522071261148;11654;7908;980;246358016;39447462;50943271
1522071261248;11664;7914;982;246358016;39447570;50943528
1522071261348;11674;7922;982;246358016;39447786;50944042
1522071261448;11684;7929;983;246358016;39448002;50944558
1522071261548;11694;7936;984;246358016;39448218;50945077
1522071261648;11704;7942;985;246358016;39448326;50945336
1522071261748;11714;7949;986;246358016;39448542;50945853
1522071261849;11724;7958;986;246358016;39448650;50946110
1522071261949;11734;7966;987;246358016;39448866;50946627
1522071262050;11744;7973;988;246358016;39449132;50947143
1522071262150;11754;7980;988;246358016;39449286;50947401
1522071262250;11764;7988;988;246358016;39449502;50947919
1522071262350;11774;7994;990;246358016;39449718;50948435
1522071262450;11784;8002;990;246358016;39449826;50948693
1522071262553;11794;8009;991;246358016;39450042;50949208
1522071262653;11804;8017;992;246358016;39450150;50949465
1522071262753;11814;8025;992;246358016;39450366;50949981
1522071262853;11824;8031;993;246358016;39450582;50950499
1522071262953;11834;8038;993;246358016;39450798;50951016
1522071263053;11844;8045;994;246358016;39450906;50951276
1522071263153;11854;8052;994;246358016;39451122;50951794
1522071263253;11864;8059;995;246358016;39451338;50952311
1522071263354;11874;8065;996;246358016;39451446;50952571
1522071263454;11884;8073;996;246358016;39451662;50953087
1522071263554;11894;8079;997;246358016;39451878;50953605
1522071263655;11905;8085;998;246358016;39452094;50954120
1522071263755;11915;8093;999;246358016;39452202;50954380
1522071263855;11925;8100;1000;246358016;39452418;50954899
1522071263955;11935;8106;1000;246358016;39452634;50955416
1522071264056;11945;8112;1003;246358016;39452742;50955676
1522071264156;11955;8119;1003;246358016;39452958;50956191
1522071264256;11965;8125;1004;246358016;39453066;50956449
1522071264356;11975;8133;1004;246358016;39453282;50956966
1522071264456;11985;8140;1004;246358016;39453498;50957482
1522071264556;11995;8147;1005;246358016;39453714;50958002
1522071264656;12005;8153;1006;246358016;39453822;50958260
1522071264756;12015;8161;1006;246358016;39454038;50958778
1522071264856;12025;8168;1007;246358016;39454254;50959297
1522071264956;12035;8174;1008;246358016;39454362;50959557
1522071265056;12045;8182;1008;246358016;39454578;50960073
1522071265157;12055;8189;1009;246358016;39454794;50960588
1522071265257;12065;8195;1010;246358016;39455010;50961106
1522071265357;12075;8202;1011;246358016;39455118;50961363
1522071265457;12085;8209;1011;246358016;39455334;50961881
1522071265557;12095;8215;1012;246358016;39455550;50962396
1522071265657;12105;8222;1013;246358016;39455658;50962655
1522071265758;12115;8230;1014;246358016;39455874;50963170
1522071265858;12125;8234;1015;246358016;39456090;50963689
1522071265959;12135;8241;1016;246358016;39456306;50964207
1522071266059;12145;8249;1016;246358016;39456414;50964465
1522071266159;12155;8256;1016;246358016;39456630;50964983
1522071266259;12165;8262;1017;246358016;39456846;50965502
1522071266359;12175;8270;1018;246358016;39456954;50965758
1522071266459;12185;8278;1018;246358016;39457558;50966273
1522071266560;12195;8284;1019;246358016;39457774;50966790
1522071266660;12205;8290;1021;246358016;39457882;50967048
1522071266760;12215;8297;1022;246358016;39458098;50967564
1522071266860;12225;8303;1022;246358016;39458314;50968080
1522071266960;12235;8311;1023;246358016;39458422;50968337
1522071267061;12245;8318;1024;246358016;39458638;50968854
1522071267161;12255;8325;1025;246358016;39458746;50969113
1522071267261;12265;8331;1026;246358016;39458962;50969631
1522071267361;12275;8339;1027;246358016;39459070;50969891
1522071267461;12285;8345;1027;246358016;39459286;50970410
1522071267561;12295;8350;1029;246358016;39459502;50970930
1522071267661;12305;8356;1031;246358016;39459610;50971189
1522071267761;12315;8364;1032;246358016;39459826;50971706
1522071267862;12325;8370;1034;246358016;39460042;50972224
1522071267962;12335;8376;1034;246358016;39460258;50972741
1522071268062;12345;8384;1035;246358016;39460366;50972999
1522071268162;12355;8388;1036;246358016;39460474;50973259
1522071268262;12365;8396;1038;246358016;39460690;50973776
1522071268362;12375;8401;1039;246358016;39460906;50974295
1522071268462;12385;8408;1039;246358016;39461014;50974548
1522071268562;12395;8416;1039;246358016;39461230;50975066
1522071268663;12405;8422;1041;246358016;39461446;50975585
1522071268763;12415;8429;1041;246358016;39461554;50975845
1522071268863;12425;8436;1041;246358016;39461770;50976365
1522071268963;12435;8442;1042;246358016;39461986;50976883
1522071269063;12445;8449;1043;246358016;39462094;50977141
1522071269163;12455;8456;1044;246358016;39462310;50977659
1522071269263;12465;8466;1044;246358016;39462310;50977659
1522071269363;12475;8476;1044;246358016;39462310;50977659
1522071269464;12485;8486;1044;246358016;39462310;50977659
1522071269564;12495;8495;1044;246358016;39462310;50977659
1522071269664;12505;8505;1044;246358016;39462310;50977659
1522071269765;12516;8514;1044;246358016;39462310;50977659
1522071269865;12526;8524;1045;246358016;39462310;50977659
1522071269965;12536;8532;1045;246358016;39462418;50977918
1522071270065;12546;8542;1045;246358016;39462418;50977918
1522071270165;12556;8552;1045;246358016;39462418;50977918
1522071270265;12566;8562;1045;246358016;39462418;50977918
1522071270366;12576;8572;1045;246358016;39462418;50977918
1522071270466;12586;8582;1045;246358016;39462418;50977918
1522071270566;12596;8591;1045;246358016;39462418;50977918
1522071270666;12606;8599;1046;246358016;39462526;50978177
1522071270766;12616;8608;1046;246358016;39462526;50978177
1522071270866;12626;8618;1046;246358016;39462526;50978177
1522071270967;12636;8628;1046;246358016;39462526;50978177
1522071271067;12646;8638;1046;246358016;39462526;50978177
1522071271167;12656;8648;1046;246358016;39462526;50978177
1522071271267;12666;8657;1046;246358016;39462526;50978177
1522071271367;12676;8666;1047;246358016;39462634;50978436
1522071271467;12686;8674;1048;246358016;39462742;50978694
1522071271567;12696;8680;1049;246358016;39462958;50979214
1522071271667;12706;8685;1050;246358016;39463174;50979733
1522071271767;12716;8692;1051;246358016;39463282;50979991
1522071271867;12726;8700;1051;246358016;39463390;50980248
1522071271967;12736;8708;1051;246358016;39463606;50980764
1522071272067;12746;8714;1052;246358016;39463714;50981022
1522071272167;12756;8720;1054;246358016;39463930;50981540
1522071272268;12766;8726;1054;246358016;39464146;50982058
1522071272368;12776;8735;1054;246358016;39464254;50982319
1522071272468;12786;8741;1056;246358016;39464470;50982838
1522071272568;12796;8747;1057;246358016;39464578;50983095
1522071272668;12806;8753;1058;246358016;39464794;50983613
1522071272769;12816;8758;1060;246358016;39465010;50984128
1522071272869;12826;8766;1061;246358016;39465118;50984388
1522071272969;12836;8772;1062;246358016;39465334;50984906
1522071273069;12846;8778;1062;246358016;39465442;50985162
1522071273169;12856;8785;1064;246358016;39465658;50985681
1522071273270;12866;8790;1065;246358016;39465874;50986197
1522071273370;12876;8797;1066;246358016;39465982;50986457
1522071273470;12886;8805;1066;246358016;39466198;50986974
1522071273570;12896;8810;1068;246358016;39466414;50987490
1522071273670;12906;8817;1068;246358016;39466522;50987750
1522071273770;12916;8824;1069;246358016;39466738;50988268
1522071273870;12926;8830;1070;246358016;39466954;50988785
1522071273970;12936;8836;1071;246358016;39467062;50989042
1522071274071;12946;8844;1071;246358016;39467278;50989562
1522071274171;12956;8850;1073;246358016;39467494;50990082
1522071274271;12966;8856;1074;246358016;39467602;50990342
1522071274371;12976;8863;1075;246358016;39467818;50990859
1522071274471;12986;8869;1075;246358016;39468034;50991378
1522071274571;12996;8876;1076;246358016;39468142;50991635
1522071274671;13006;8884;1076;246358016;39468358;50992152
1522071274771;13016;8891;1077;246358016;39468466;50992410
1522071274872;13026;8898;1078;246358016;39468574;50992671
1522071274972;13036;8905;1079;246358016;39468790;50993191
1522071275072;13046;8912;1079;246358016;39469006;50993708
1522071275172;13056;8920;1079;246358016;39469114;50993967
1522071275272;13066;8927;1079;246358016;39469330;50994482
1522071275372;13077;8933;1080;246358016;39469546;50995000
1522071275472;13086;8940;1081;246358016;39469654;50995260
1522071275572;13096;8946;1082;246358016;39469870;50995778
1522071275672;13106;8955;1082;246358016;39469978;50996038
1522071275772;13116;8961;1083;246358016;39470194;50996504
1522071275873;13126;8968;1084;246358016;39470302;50996816
1522071275973;13136;8974;1084;246358016;39470518;50997332
1522071276073;13146;8983;1084;246358016;39470626;50997590
1522071276173;13156;8988;1086;246358016;39470842;50998108
1522071276273;13166;8995;1086;246358016;39470950;50998366
1522071276374;13176;9002;1088;246358016;39471166;50998882
1522071276474;13186;9008;1088;246358016;39471382;50999399
1522071276574;13196;9014;1089;246358016;39471490;50999660
1522071276674;13207;9021;1090;246358016;39471706;51000178
1522071276775;13217;9028;1090;246358016;39471922;51000646
1522071276875;13227;9035;1092;246358016;39472030;51000958
1522071276976;13237;9041;1092;246358016;39472246;51001476
1522071277076;13247;9050;1092;246358016;39472404;51001736
1522071277176;13257;9056;1093;246358016;39472652;51002287
1522071277276;13267;9062;1094;246358016;39472760;51002544
1522071277376;13277;9069;1095;246358016;39472976;51003064
1522071277476;13287;9076;1095;246358016;39473084;51003321
1522071277577;13297;9082;1097;246358016;39473300;51003837
1522071277677;13307;9089;1097;246358016;39473408;51004097
1522071277777;13317;9097;1098;246358016;39473624;51004612
1522071277878;13327;9103;1099;246358016;39473840;51005131
1522071277981;13337;9110;1099;246358016;39474056;51005650
1522071278082;13347;9116;1100;246358016;39474164;51005910
1522071278182;13357;9120;1101;246358016;39474272;51006170
1522071278282;13367;9120;1101;246358016;39474272;51006170
1522071278383;13377;9120;1101;246358016;39474272;51006170
1522071278483;13387;9120;1101;246358016;39474272;51006170
1522071278583;13397;9120;1101;246358016;39474272;51006170
1522071278683;13407;9120;1101;246358016;39474272;51006170
1522071278784;13417;9120;1101;246358016;39474272;51006170
1522071278884;13428;9120;1101;246358016;39474272;51006170
1522071278985;13438;9121;1101;246358016;39474272;51006170
1522071279085;13448;9121;1101;246358016;39474272;51006170
1522071279185;13458;9129;1101;246358016;39474488;51006685
1522071279286;13468;9136;1102;246358016;39474704;51007205
1522071279386;13478;9144;1103;246358016;39474812;51007464
1522071279486;13488;9151;1103;246358016;39475028;51007983
1522071279586;13498;9157;1104;246358016;39475244;51008503
1522071279687;13508;9164;1105;246358016;39475460;51009022
1522071279787;13518;9172;1106;246358016;39475568;51009279
1522071279887;13528;9180;1106;246358016;39475784;51009799
1522071279988;13538;9186;1108;246358016;39476000;51010319
1522071280088;13548;9194;1108;246358016;39476108;51010577
1522071280188;13558;9201;1108;246358016;39476324;51011098
1522071280288;13568;9207;1110;246358016;39476540;51011616
1522071280388;13578;9215;1110;246358016;39476648;51011875
1522071280488;13588;9222;1111;246358016;39476864;51012394
1522071280589;13598;9229;1112;246358016;39477080;51012912
1522071280689;13608;9237;1112;246358016;39477296;51013428
1522071280789;13618;9245;1112;246358016;39477404;51013686
1522071280890;13628;9251;1113;246358016;39477620;51014202
1522071280991;13638;9258;1114;246358016;39477836;51014719
1522071281091;13648;9264;1116;246358016;39477944;51014977
1522071281191;13658;9273;1116;246358016;39478160;51015495
1522071281292;13668;9278;1118;246358016;39478376;51016014
1522071281392;13678;9284;1119;246358016;39478592;51016533
1522071281493;13688;9292;1120;246358016;39478808;51017052
1522071281593;13698;9300;1120;246358016;39478916;51017312
1522071281693;13708;9307;1121;246358016;39479132;51017832
1522071281794;13718;9316;1121;246358016;39479240;51018091
1522071281894;13728;9324;1121;246358016;39479456;51018608
1522071281994;13738;9330;1122;246358016;39479672;51019127
1522071282094;13749;9338;1123;246358016;39479780;51019387
1522071282194;13758;9344;1125;246358016;39479996;51019905
1522071282294;13768;9350;1126;246358016;39480212;51020421
1522071282397;13779;9356;1128;246358016;39480320;51020680
1522071282501;13789;9365;1128;246358016;39480536;51021197
1522071282601;13799;9372;1129;246358016;39480752;51021715
1522071282701;13809;9379;1130;246358016;39480968;51022234
1522071282803;13819;9385;1132;246358016;39481184;51022752
1522071282903;13829;9392;1133;246358016;39481292;51023010
1522071283003;13839;9399;1133;246358016;39481508;51023528
1522071283103;13849;9406;1134;246358016;39481724;51024044
1522071283203;13859;9412;1135;246358016;39481832;51024304
1522071283303;13869;9420;1136;246358016;39482048;51024820
1522071283403;13879;9426;1138;246358016;39482264;51025335
1522071283504;13889;9432;1139;246358016;39482480;51025853
1522071283604;13899;9439;1140;246358016;39482588;51026112
1522071283704;13909;9447;1140;246358016;39482804;51026631
1522071283804;13919;9453;1141;246358016;39483020;51027148
1522071283904;13929;9460;1142;246358016;39483128;51027409
1522071284004;13939;9467;1143;246358016;39483344;51027928
1522071284104;13950;9473;1144;246358016;39483560;51028447
1522071284204;13959;9480;1145;246358016;39483668;51028706
1522071284304;13970;9487;1146;246358016;39483884;51029222
1522071284404;13979;9494;1147;246358016;39484100;51029738
1522071284504;13989;9502;1147;246358016;39484208;51029997
1522071284605;14000;9510;1147;246358016;39484424;51030515
1522071284705;14010;9516;1148;246358016;39484640;51031036
1522071284805;14020;9523;1149;246358016;39484748;51031294
1522071284905;14030;9530;1150;246358016;39484964;51031815
1522071285005;14040;9537;1150;246358016;39485072;51032073
1522071285105;14050;9546;1150;246358016;39485288;51032593
1522071285206;14060;9552;1151;246358016;39485504;51033112
1522071285306;14070;9559;1152;246358016;39485612;51033370
1522071285406;14080;9566;1152;246358016;39485828;51033886
1522071285507;14090;9573;1152;246358016;39485936;51034145
1522071285607;14100;9580;1154;246358016;39486152;51034664
1522071285707;14110;9586;1155;246358016;39486368;51035183
1522071285807;14120;9593;1156;246358016;39486476;51035444
1522071285907;14130;9602;1156;246358016;39486692;51035960
1522071286007;14140;9608;1157;246358016;39486908;51036475
1522071286107;14150;9617;1157;246358016;39487016;51036734
1522071286207;14160;9624;1158;246358016;39487232;51037249
1522071286308;14170;9630;1159;246358016;39487448;51037765
1522071286408;14180;9638;1160;246358016;39487556;51038026
1522071286508;14190;9644;1162;246358016;39487772;51038545
1522071286608;14200;9650;1162;246358016;39487880;51038804
1522071286708;14210;9658;1163;246358016;39488096;51039321
1522071286808;14220;9664;1164;246358016;39488312;51039840
1522071286908;14230;9673;1164;246358016;39488420;51040097
1522071287009;14240;9679;1165;246358016;39488636;51040615
1522071287109;14250;9685;1166;246358016;39488744;51040874
1522071287209;14260;9694;1166;246358016;39488960;51041392
1522071287309;14270;9700;1168;246358016;39489176;51041912
1522071287409;14280;9706;1168;246358016;39489284;51042169
1522071287509;14290;9715;1169;246358016;39489500;51042688
1522071287609;14300;9720;1171;246358016;39489716;51043205
1522071287710;14310;9727;1172;246358016;39489932;51043672
1522071287810;14320;9734;1172;246358016;39490040;51043984
1522071287911;14330;9742;1173;246358016;39490256;51044500
1522071288011;14340;9748;1174;246358016;39490472;51045017
1522071288111;14350;9754;1177;246358016;39490580;51045276
1522071288211;14360;9759;1179;246358016;39490796;51045796
1522071288312;14370;9766;1180;246358016;39491012;51046314
1522071288412;14380;9774;1181;246358016;39491120;51046573
1522071288512;14390;9780;1182;246358016;39491336;51047092
1522071288612;14400;9787;1182;246358016;39491552;51047558
1522071288713;14410;9795;1183;246358016;39491660;51047868
1522071288813;14420;9800;1185;246358016;39491876;51048386
1522071288914;14430;9808;1185;246358016;39492092;51048899
1522071289014;14440;9816;1186;246358016;39492200;51049156
1522071289114;14451;9822;1186;246358016;39492416;51049674
1522071289214;14460;9830;1186;246358016;39492524;51049935
1522071289314;14470;9837;1188;246358016;39492740;51050449
1522071289415;14481;9843;1188;246358016;39492848;51050709
1522071289515;14491;9850;1189;246358016;39493064;51051225
1522071289615;14501;9856;1190;246358016;39493280;51051745
1522071289716;14511;9864;1190;246358016;39493388;51052006
1522071289816;14521;9871;1191;246358016;39493604;51052523
1522071289917;14531;9878;1192;246358016;39493820;51053041
1522071290017;14541;9885;1193;246358016;39493928;51053301
1522071290117;14551;9892;1194;246358016;39494144;51053818
1522071290217;14561;9900;1194;246358016;39494252;51054075
1522071290317;14571;9906;1195;246358016;39494468;51054588
1522071290418;14581;9914;1196;246358016;39494684;51055052
1522071290521;14591;9921;1197;246358016;39494792;51055362
1522071290621;14601;9928;1198;246358016;39495008;51055878
1522071290721;14611;9934;1199;246358016;39495224;51056393
1522071290821;14621;9942;1200;246358016;39495332;51056652
1522071290921;14631;9948;1202;246358016;39495548;51057168
1522071291021;14641;9954;1202;246358016;39495764;51057681
1522071291122;14651;9963;1202;246358016;39495872;51057938
1522071291222;14661;9970;1203;246358016;39496088;51058455
1522071291322;14671;9977;1204;246358016;39496196;51058714
1522071291422;14681;9984;1205;246358016;39496412;51059232
1522071291522;14691;9992;1205;246358016;39496628;51059750
1522071291625;14702;10000;1205;246358016;39496736;51060009
1522071291725;14712;10007;1206;246358016;39496952;51060525
1522071291826;14722;10014;1208;246358016;39497168;51061042
1522071291926;14732;10021;1208;246358016;39497384;51061558
1522071292026;14742;10029;1209;246358016;39497542;51061818
1522071292126;14752;10036;1210;246358016;39497758;51062340
1522071292227;14762;10042;1211;246358016;39498020;51062806
1522071292327;14772;10050;1212;246358016;39498128;51063117
1522071292427;14782;10057;1212;246358016;39498344;51063636
1522071292528;14792;10066;1213;246358016;39498452;51063896
1522071292628;14802;10071;1215;246358016;39498668;51064412
1522071292728;14812;10078;1216;246358016;39498776;51064670
1522071292828;14822;10085;1218;246358016;39498992;51065188
1522071292928;14832;10092;1218;246358016;39499208;51065704
1522071293028;14842;10099;1219;246358016;39499316;51065965
1522071293128;14852;10106;1220;246358016;39499532;51066482
1522071293228;14862;10112;1221;246358016;39499748;51066999
1522071293328;14872;10120;1222;246358016;39499856;51067257
1522071293428;14882;10124;1224;246358016;39500072;51067774
1522071293528;14892;10132;1224;246358016;39500180;51068033
1522071293628;14902;10138;1225;246358016;39500396;51068498
1522071293728;14912;10146;1226;246358016;39500504;51068808
1522071293828;14922;10153;1227;246358016;39500612;51069067
1522071293928;14932;10159;1228;246358016;39500828;51069587
1522071294029;14942;10165;1229;246358016;39501044;51070107
1522071294129;14952;10173;1231;246358016;39501152;51070366
1522071294229;14962;10180;1231;246358016;39501368;51070884
1522071294329;14972;10188;1232;246358016;39501476;51071142
1522071294429;14982;10194;1232;246358016;39501692;51071661
1522071294529;14992;10200;1233;246358016;39501908;51072183
1522071294629;15002;10208;1234;246358016;39502016;51072442
1522071294729;15012;10215;1235;246358016;39502824;51072958
1522071294829;15022;10222;1236;246358016;39502932;51073216
1522071294930;15032;10230;1236;246358016;39503148;51073734
1522071295030;15042;10236;1237;246358016;39503364;51074253
1522071295130;15052;10244;1237;246358016;39503472;51074514
1522071295230;15062;10252;1237;246358016;39503688;51075032
1522071295331;15072;10257;1239;246358016;39503796;51075291
1522071295431;15082;10266;1239;246358016;39504012;51075809
1522071295531;15092;10272;1240;246358016;39504228;51076330
1522071295631;15102;10280;1241;246358016;39504336;51076589
1522071295732;15112;10288;1241;246358016;39504552;51077107
1522071295832;15122;10294;1242;246358016;39504660;51077366
1522071295932;15132;10300;1244;246358016;39504876;51077885
1522071296032;15142;10307;1244;246358016;39505092;51078400
1522071296133;15152;10313;1245;246358016;39505200;51078660
1522071296233;15162;10321;1246;246358016;39505416;51079178
1522071296334;15172;10327;1247;246358016;39505632;51079691
1522071296434;15182;10335;1248;246358016;39505740;51079950
1522071296534;15192;10342;1248;246358016;39506344;51080471
1522071296634;15203;10349;1249;246358016;39506452;51080730
1522071296734;15212;10356;1250;246358016;39506668;51081249
1522071296834;15222;10363;1250;246358016;39506776;51081511
1522071296934;15232;10370;1251;246358016;39506992;51082028
1522071297034;15243;10378;1251;246358016;39507100;51082287
1522071297134;15252;10386;1251;246358016;39507316;51082806
1522071297234;15263;10393;1252;246358016;39507532;51083324
1522071297335;15273;10400;1252;246358016;39507640;51083585
1522071297435;15283;10408;1253;246358016;39507856;51084104
1522071297535;15293;10415;1253;246358016;39508072;51084622
1522071297636;15303;10421;1254;246358016;39508180;51084882
1522071297737;15313;10429;1255;246358016;39508396;51085402
1522071297837;15323;10436;1256;246358016;39508612;51085922
1522071297937;15333;10442;1257;246358016;39508828;51086389
1522071298038;15343;10451;1257;246358016;39508936;51086699
1522071298138;15353;10458;1258;246358016;39509152;51087218
1522071298239;15363;10464;1260;246358016;39509368;51087735
1522071298340;15373;10472;1260;246358016;39509476;51087997
1522071298440;15383;10478;1262;246358016;39509692;51088517
1522071298540;15393;10484;1263;246358016;39509908;51088986
1522071298640;15403;10492;1263;246358016;39510016;51089296
1522071298740;15413;10499;1264;246358016;39510232;51089812
1522071298840;15423;10506;1264;246358016;39510448;51090327
1522071298940;15433;10514;1264;246358016;39510556;51090585
1522071299042;15443;10521;1266;246358016;39510772;51091101
1522071299143;15453;10528;1267;246358016;39510988;51091619
1522071299243;15463;10536;1268;246358016;39511096;51091877
1522071299343;15473;10543;1269;246358016;39511312;51092396
1522071299443;15483;10550;1270;246358016;39511420;51092656
1522071299544;15493;10558;1270;246358016;39511636;51093175
1522071299644;15503;10564;1271;246358016;39511852;51093691
1522071299744;15513;10571;1273;246358016;39511960;51093947
1522071299844;15524;10579;1274;246358016;39512176;51094464
1522071299944;15533;10587;1274;246358016;39512284;51094723
1522071300044;15544;10594;1275;246358016;39512500;51095240
1522071300144;15553;10601;1276;246358016;39512716;51095759
1522071300244;15563;10608;1276;246358016;39512824;51096017
1522071300345;15574;10615;1278;246358016;39513040;51096536
1522071300445;15584;10620;1280;246358016;39513256;51097054
1522071300545;15594;10628;1280;246358016;39513364;51097312
1522071300645;15604;10636;1281;246358016;39513580;51097832
1522071300745;15614;10643;1282;246358016;39513796;51098350
1522071300845;15624;10651;1282;246358016;39513904;51098608
1522071300945;15634;10658;1284;246358016;39514120;51099126
1522071301045;15644;10664;1284;246358016;39514336;51099644
1522071301145;15654;10672;1286;246358016;39514444;51099901
1522071301245;15664;10679;1286;246358016;39514660;51100420
1522071301345;15674;10686;1287;246358016;39514876;51100939
1522071301445;15684;10693;1288;246358016;39515092;51101456
1522071301545;15694;10700;1289;246358016;39515200;51101716
1522071301645;15704;10707;1290;246358016;39515416;51102235
1522071301745;15714;10714;1290;246358016;39515632;51102753
1522071301845;15724;10720;1292;246358016;39515848;51103270
1522071301946;15734;10727;1292;246358016;39516064;51103788
1522071302046;15744;10735;1293;246358016;39516172;51104047
1522071302146;15754;10743;1294;246358016;39516388;51104565
1522071302246;15764;10750;1294;246358016;39516604;51105083
1522071302346;15774;10756;1295;246358016;39516820;51105550
1522071302446;15784;10764;1296;246358016;39516928;51105861
1522071302546;15794;10770;1298;246358016;39517144;51106379
1522071302646;15804;10775;1300;246358016;39517360;51106899
1522071302747;15814;10782;1300;246358016;39517576;51107366
1522071302847;15824;10790;1300;246358016;39517684;51107679
1522071302947;15834;10796;1302;246358016;39517900;51108196
1522071303048;15844;10803;1303;246358016;39518008;51108455
1522071303148;15854;10811;1304;246358016;39518224;51108974
1522071303249;15864;10818;1304;246358016;39518440;51109493
1522071303349;15874;10824;1306;246358016;39518548;51109751
1522071303449;15884;10832;1306;246358016;39518764;51110266
1522071303549;15894;10839;1308;246358016;39518980;51110782
1522071303649;15904;10846;1308;246358016;39519196;51111301
1522071303750;15914;10854;1309;246358016;39519304;51111560
1522071303850;15924;10861;1310;246358016;39519520;51112075
1522071303950;15934;10868;1311;246358016;39519628;51112336
1522071304050;15944;10877;1311;246358016;39519844;51112855
1522071304150;15954;10883;1312;246358016;39520060;51113370
1522071304250;15964;10890;1312;246358016;39520276;51113888
1522071304350;15974;10898;1313;246358016;39520384;51114146
1522071304450;15984;10905;1314;246358016;39520600;51114664
1522071304551;15994;10912;1314;246358016;39520816;51115184
1522071304651;16004;10920;1315;246358016;39520924;51115443
1522071304751;16014;10926;1316;246358016;39521140;51115963
1522071304851;16024;10931;1318;246358016;39521356;51116483
1522071304951;16034;10940;1318;246358016;39521464;51116742
1522071305051;16044;10947;1319;246358016;39521680;51117261
1522071305151;16054;10953;1320;246358016;39521896;51117775
1522071305251;16064;10960;1321;246358016;39522074;51118034
1522071305351;16074;10968;1322;246358016;39522290;51118554
1522071305451;16084;10975;1322;246358016;39522398;51118814
1522071305552;16094;10982;1323;246358016;39522614;51119334
1522071305652;16104;10989;1324;246358016;39522830;51119854
1522071305752;16114;10996;1325;246358016;39522938;51120115
1522071305852;16124;11004;1325;246358016;39523154;51120633
1522071305952;16134;11010;1326;246358016;39523370;51121150
1522071306052;16144;11018;1327;246358016;39523478;51121409
1522071306152;16154;11024;1328;246358016;39523694;51121925
1522071306252;16164;11031;1328;246358016;39523910;51122441
1522071306352;16174;11038;1330;246358016;39524018;51122703
1522071306452;16184;11043;1332;246358016;39524234;51123221
1522071306553;16194;11050;1333;246358016;39524450;51123739
1522071306654;16204;11056;1334;246358016;39524666;51124256
1522071306754;16214;11063;1336;246358016;39524774;51124517
1522071306854;16225;11070;1336;246358016;39524990;51125033
1522071306955;16235;11077;1337;246358016;39525206;51125551
1522071307055;16245;11084;1338;246358016;39525364;51125811
1522071307155;16255;11091;1339;246358016;39525612;51126359
1522071307256;16265;11097;1340;246358016;39525828;51126880
1522071307356;16275;11103;1341;246358016;39526044;51127402
1522071307456;16285;11110;1342;246358016;39526152;51127661
1522071307556;16295;11117;1343;246685696;39526524;51128337
