currentTs;total_time;user_time;sys_time;virtual_size;in_octets;out_octets
1522070951633;0;0;0;1400832;38968967;49822677
1522070951733;10;5;3;201318400;38968967;49822677
1522070951834;20;13;5;202891264;38968967;49822677
1522070951934;30;22;6;205238272;38968967;49822677
1522070952034;40;31;6;205238272;38968967;49822677
1522070952134;51;40;8;206090240;38968967;49822677
1522070952235;61;48;9;208232448;38968967;49822677
1522070952335;71;57;10;208973824;38968967;49822677
1522070952435;81;66;11;210112512;38968967;49822677
1522070952535;91;74;13;210112512;38968967;49822677
1522070952636;101;82;15;210112512;38968967;49822677
1522070952736;111;91;16;210112512;38968967;49822677
1522070952837;121;100;16;210112512;38968967;49822677
1522070952937;131;108;18;210112512;38968967;49822677
1522070953037;141;117;19;210112512;38968967;49822677
1522070953138;151;126;20;210112512;38968967;49822677
1522070953238;161;135;21;239730688;38968967;49822677
1522070953338;171;144;21;239730688;38968967;49822677
1522070953438;181;153;22;240058368;38968967;49822677
1522070953539;191;162;23;240521216;38969083;49822789
1522070953639;201;171;23;241176576;38969191;49822925
1522070953739;211;180;24;241197056;38969191;49822925
1522070953839;221;188;25;241328128;38969191;49822925
1522070953939;231;197;27;241328128;38969191;49822925
1522070954039;241;205;28;241328128;38969191;49822925
1522070954139;251;214;29;241328128;38969191;49822925
1522070954240;261;223;30;241328128;38969191;49822925
1522070954340;271;232;30;241328128;38969191;49822925
1522070954440;281;242;31;241328128;38969191;49822925
1522070954540;291;251;32;241328128;38969191;49822925
1522070954640;301;260;32;241328128;38969237;49822977
1522070954740;311;269;33;241328128;38969237;49822977
1522070954840;321;278;33;241549312;38969237;49822977
1522070954940;331;287;34;241553408;38969237;49822977
1522070955040;341;297;34;241553408;38969237;49822977
1522070955140;351;306;34;242601984;38969237;49822977
1522070955240;361;316;34;243650560;38969237;49822977
1522070955340;371;326;34;243650560;38969237;49822977
1522070955440;381;335;35;243650560;38969237;49822977
1522070955540;391;345;35;243650560;38969237;49822977
1522070955640;401;354;36;243650560;38969237;49822977
1522070955740;411;362;37;243650560;38969283;49823029
1522070955840;421;372;37;243650560;38969283;49823029
1522070955940;431;382;37;243650560;38969283;49823029
1522070956040;441;392;37;243650560;38969283;49823029
1522070956140;451;401;38;244699136;38969283;49823029
1522070956240;461;410;38;244699136;38969283;49823029
1522070956340;471;418;40;244699136;38969283;49823029
1522070956440;481;428;40;244699136;38969283;49823029
1522070956540;491;437;40;244699136;38969283;49823029
1522070956641;501;446;42;244699136;38969283;49823029
1522070956741;511;454;43;244699136;38969283;49823029
1522070956841;521;464;44;244699136;38969329;49823081
1522070956942;531;473;44;244834304;38969329;49823081
1522070957042;541;482;44;245882880;38969329;49823081
1522070957142;551;491;46;245882880;38969329;49823081
1522070957242;561;500;46;245882880;38969329;49823081
1522070957342;571;509;47;245882880;38969329;49823081
1522070957442;581;519;47;245882880;38969329;49823081
1522070957542;591;528;47;245882880;38969329;49823081
1522070957643;601;538;48;245882880;38969329;49823081
1522070957743;611;546;49;245882880;38969329;49823081
1522070957843;621;556;50;245882880;38969375;49823133
1522070957943;631;563;51;245882880;38969483;49823396
1522070958044;641;572;51;245882880;38969591;49823660
1522070958144;651;579;52;245882880;38969699;49823925
1522070958244;662;587;53;245882880;38969807;49824183
1522070958344;671;594;54;245882880;38969915;49824441
1522070958444;681;602;55;245882880;38970023;49824699
1522070958544;692;610;56;245882880;38970131;49824954
1522070958644;701;618;56;245882880;38970239;49825212
1522070958744;712;626;57;245882880;38970347;49825465
1522070958844;721;633;58;245882880;38970563;49825979
1522070958944;731;641;58;245882880;38970671;49826236
1522070959044;741;650;59;245882880;38970779;49826493
1522070959144;751;657;60;245882880;38970887;49826749
1522070959244;762;665;61;245882880;38970995;49827006
1522070959344;771;673;61;245882880;38971103;49827264
1522070959445;782;681;62;245882880;38971211;49827520
1522070959545;792;688;63;245882880;38971319;49827777
1522070959646;802;695;64;245882880;38971535;49828290
1522070959746;812;703;64;245882880;38971643;49828547
1522070959846;822;711;64;245882880;38971751;49828805
1522070959947;832;720;64;245882880;38971859;49829062
1522070960047;842;727;65;246210560;38972075;49829524
1522070960147;852;736;65;246210560;38972183;49829834
1522070960247;862;744;65;246210560;38972291;49830092
1522070960349;872;752;66;246210560;38972399;49830350
1522070960449;882;760;68;246210560;38972507;49830607
1522070960550;892;767;69;246210560;38972723;49831119
1522070960650;902;775;69;246210560;38972831;49831376
1522070960751;912;782;70;246210560;38972939;49831633
1522070960851;922;791;71;246210560;38973047;49831891
1522070960951;932;798;72;246210560;38973263;49832406
1522070961051;942;805;73;246210560;38973371;49832662
1522070961151;952;811;74;246210560;38973479;49832920
1522070961251;962;819;74;246210560;38973695;49833433
1522070961351;972;827;75;246210560;38973803;49833692
1522070961452;982;834;76;246210560;38974019;49834207
1522070961552;992;841;77;246210560;38974127;49834464
1522070961652;1002;848;77;246210560;38974343;49834926
1522070961752;1012;855;78;246210560;38974451;49835236
1522070961852;1022;862;78;246210560;38974559;49835493
1522070961952;1032;871;78;246210560;38974667;49835751
1522070962052;1042;878;80;246210560;38974933;49836265
1522070962152;1052;887;80;246210560;38975041;49836521
1522070962252;1062;893;80;246210560;38975199;49836779
1522070962352;1072;900;81;246210560;38975415;49837291
1522070962452;1082;906;82;246210560;38975523;49837549
1522070962552;1092;913;84;246210560;38975739;49838063
1522070962652;1102;920;85;246210560;38975847;49838321
1522070962753;1112;926;86;246210560;38976063;49838836
1522070962857;1123;932;87;246210560;38976279;49839351
1522070962957;1133;940;88;246210560;38976387;49839609
1522070963058;1143;948;88;246210560;38976495;49839867
1522070963159;1153;956;88;246210560;38976711;49840380
1522070963259;1163;963;90;246210560;38976819;49840638
1522070963359;1173;970;91;246210560;38977035;49841152
1522070963459;1183;976;92;246210560;38977251;49841668
1522070963560;1193;984;92;246210560;38977359;49841926
1522070963660;1203;991;94;246210560;38977575;49842441
1522070963760;1213;998;96;246210560;38977683;49842699
1522070963861;1223;1004;96;246210560;38977899;49843217
1522070963961;1233;1012;97;246210560;38978007;49843476
1522070964061;1243;1019;97;246210560;38978223;49843992
1522070964161;1253;1027;98;246210560;38978331;49844250
1522070964262;1263;1034;99;246210560;38978547;49844766
1522070964363;1273;1041;100;246210560;38978655;49845025
1522070964463;1283;1048;101;246210560;38978871;49845541
1522070964563;1293;1056;101;246210560;38978979;49845799
1522070964664;1303;1063;102;246210560;38979195;49846315
1522070964764;1313;1071;102;246210560;38979303;49846570
1522070964865;1324;1078;103;246210560;38979519;49847086
1522070964965;1334;1085;104;246210560;38979627;49847343
1522070965066;1344;1092;104;246210560;38979843;49847859
1522070965166;1354;1100;105;246210560;38979951;49848116
1522070965266;1364;1107;106;246210560;38980167;49848631
1522070965366;1374;1114;107;246210560;38980275;49848889
1522070965467;1384;1120;108;246210560;38980491;49849405
1522070965567;1394;1126;109;246210560;38980707;49849919
1522070965667;1404;1134;110;246210560;38980815;49850178
1522070965767;1414;1140;110;246210560;38981031;49850693
1522070965867;1424;1148;111;246210560;38981139;49850951
1522070965967;1434;1156;111;246210560;38981355;49851466
1522070966067;1444;1163;112;246210560;38981851;49851724
1522070966167;1454;1170;113;246210560;38982067;49852240
1522070966267;1464;1178;113;246210560;38982175;49852498
1522070966367;1474;1184;115;246210560;38982391;49853013
1522070966469;1484;1191;116;246210560;38982607;49853531
1522070966569;1494;1199;116;246210560;38982715;49853789
1522070966669;1504;1204;118;246210560;38982931;49854306
1522070966769;1514;1210;119;246210560;38983147;49854768
1522070966869;1524;1217;121;246210560;38983255;49855079
1522070966969;1534;1224;123;246210560;38983363;49855335
1522070967069;1544;1232;123;246210560;38983579;49855851
1522070967169;1554;1238;125;246210560;38983795;49856367
1522070967269;1564;1247;126;246210560;38983903;49856625
1522070967369;1574;1253;127;246210560;38984119;49857138
1522070967469;1584;1262;128;246210560;38984227;49857397
1522070967569;1594;1269;128;246210560;38984443;49857912
1522070967669;1604;1276;129;246210560;38984551;49858170
1522070967769;1614;1284;130;246210560;38984767;49858685
1522070967869;1624;1291;131;246210560;38984983;49859201
1522070967970;1634;1298;131;246210560;38985091;49859458
1522070968070;1644;1305;133;246210560;38985307;49859973
1522070968171;1654;1312;133;246210560;38985523;49860490
1522070968271;1664;1318;135;246210560;38985739;49861006
1522070968371;1674;1326;136;246210560;38985847;49861264
1522070968471;1684;1334;136;246210560;38985955;49861522
1522070968571;1694;1342;137;246210560;38986171;49862038
1522070968671;1704;1349;138;246210560;38986387;49862554
1522070968772;1714;1357;138;246210560;38986495;49862812
1522070968872;1724;1363;140;246210560;38986711;49863326
1522070968972;1734;1370;141;246210560;38986927;49863840
1522070969073;1744;1378;142;246210560;38987035;49864098
1522070969173;1754;1384;143;246210560;38987251;49864612
1522070969273;1764;1390;146;246210560;38987467;49865128
1522070969374;1774;1396;147;246210560;38987575;49865385
1522070969474;1784;1404;148;246210560;38987791;49865900
1522070969574;1795;1411;150;246210560;38987899;49866157
1522070969674;1804;1418;150;246210560;38988115;49866673
1522070969774;1815;1426;151;246210560;38988331;49867187
1522070969875;1825;1434;151;246210560;38988547;49867702
1522070969975;1835;1441;152;246210560;38988655;49867959
1522070970075;1845;1448;153;246210560;38988871;49868476
1522070970175;1855;1456;153;246210560;38989087;49868991
1522070970275;1865;1462;154;246210560;38989303;49869508
1522070970376;1875;1469;155;246210560;38989519;49870024
1522070970476;1885;1475;157;246210560;38989627;49870283
1522070970576;1895;1483;158;246210560;38989843;49870800
1522070970676;1905;1489;158;246210560;38990059;49871316
1522070970776;1915;1498;159;246210560;38990167;49871573
1522070970876;1925;1507;159;246210560;38990383;49872037
1522070970976;1935;1514;160;246210560;38990491;49872346
1522070971077;1945;1521;161;246210560;38990707;49872863
1522070971177;1955;1529;161;246210560;38990923;49873379
1522070971278;1965;1535;162;246210560;38991139;49873894
1522070971378;1975;1542;163;246210560;38991355;49874409
1522070971478;1985;1549;164;246210560;38991463;49874667
1522070971578;1995;1556;165;246210560;38991679;49875183
1522070971678;2005;1563;166;246210560;38991895;49875699
1522070971778;2015;1570;166;246210560;38992111;49876213
1522070971879;2025;1578;167;246210560;38992219;49876468
1522070971979;2035;1584;168;246210560;38992435;49876981
1522070972079;2045;1591;170;246210560;38992651;49877497
1522070972180;2055;1598;170;246210560;38992867;49878013
1522070972281;2065;1606;170;246210560;38992975;49878270
1522070972381;2075;1614;172;246210560;38993191;49878784
1522070972481;2085;1620;173;246210560;38993407;49879299
1522070972581;2095;1627;173;246210560;38993623;49879815
1522070972681;2105;1635;174;246210560;38993731;49880073
1522070972781;2115;1642;175;246210560;38993947;49880589
1522070972882;2125;1647;178;246210560;38994163;49881103
1522070972982;2135;1654;178;246210560;38994379;49881618
1522070973082;2145;1661;178;246210560;38994487;49881876
1522070973182;2155;1669;179;246210560;38994703;49882391
1522070973282;2165;1676;179;246210560;38994919;49882906
1522070973382;2175;1682;180;246210560;38995135;49883422
1522070973482;2185;1689;181;246210560;38995351;49883936
1522070973582;2195;1697;181;246210560;38995459;49884193
1522070973682;2205;1704;183;246210560;38995675;49884704
1522070973783;2215;1710;184;246210560;38995891;49885220
1522070973884;2225;1716;185;246210560;38996107;49885736
1522070973985;2236;1724;186;246210560;38996215;49885995
1522070974085;2246;1731;187;246210560;38996431;49886510
1522070974185;2256;1737;188;246210560;38996647;49887027
1522070974285;2266;1745;189;246210560;38996755;49887284
1522070974385;2276;1753;189;246210560;38996863;49887542
1522070974485;2286;1762;190;246210560;38997079;49888059
1522070974586;2296;1763;190;246210560;38997079;49888059
1522070974686;2306;1767;191;246210560;38997187;49888314
1522070974786;2316;1774;192;246210560;38997403;49888828
1522070974886;2326;1781;194;246210560;38997511;49889087
1522070974986;2336;1788;194;246210560;38997727;49889603
1522070975086;2346;1795;194;246210560;38997943;49890115
1522070975187;2356;1802;194;246210560;38998051;49890372
1522070975287;2366;1810;195;246210560;38998267;49890887
1522070975387;2376;1817;196;246210560;38998483;49891402
1522070975487;2386;1824;196;246210560;38998699;49891916
1522070975588;2396;1830;198;246210560;38998915;49892432
1522070975689;2406;1837;198;246210560;38999131;49892948
1522070975789;2416;1843;200;246210560;38999239;49893207
1522070975889;2426;1850;201;246210560;38999455;49893722
1522070975989;2436;1857;202;246210560;38999671;49894239
1522070976089;2446;1863;203;246210560;38999779;49894495
1522070976189;2456;1871;204;246210560;38999995;49895010
1522070976289;2466;1876;206;246210560;39000211;49895524
1522070976389;2476;1884;206;246210560;39000319;49895782
1522070976489;2486;1891;207;246210560;39000535;49896295
1522070976590;2496;1896;209;246210560;39000751;49896814
1522070976690;2506;1905;209;246210560;39000859;49897072
1522070976790;2516;1911;210;246210560;39001075;49897586
1522070976891;2526;1919;210;246210560;39001291;49898103
1522070976991;2536;1926;212;246210560;39001399;49898361
1522070977091;2546;1932;212;246210560;39001665;49898874
1522070977191;2556;1939;213;246210560;39001881;49899387
1522070977291;2566;1946;214;246210560;39002039;49899646
1522070977391;2576;1953;215;246210560;39002255;49900160
1522070977491;2586;1962;215;246210560;39002363;49900419
1522070977591;2596;1972;216;246210560;39002471;49900677
1522070977691;2606;1978;216;246210560;39002687;49901194
1522070977792;2616;1986;216;246210560;39002795;49901453
1522070977893;2626;1993;218;246210560;39003011;49901971
1522070977993;2636;2000;218;246210560;39003227;49902488
1522070978093;2646;2007;218;246210560;39003443;49903001
1522070978194;2656;2014;219;246210560;39003551;49903260
1522070978294;2666;2022;219;246210560;39003767;49903775
1522070978394;2676;2028;220;246210560;39003983;49904291
1522070978494;2687;2034;222;246210560;39004199;49904808
1522070978595;2697;2042;223;246210560;39004307;49905066
1522070978695;2707;2049;224;246210560;39004415;49905325
1522070978795;2717;2056;225;246210560;39004631;49905841
1522070978895;2727;2063;226;246210560;39004847;49906358
1522070978996;2737;2070;226;246210560;39005063;49906874
1522070979096;2747;2078;227;246210560;39005279;49907389
1522070979196;2757;2086;228;246210560;39005387;49907647
1522070979296;2767;2093;228;246210560;39005603;49908160
1522070979396;2777;2099;229;246210560;39005819;49908673
1522070979496;2787;2106;229;246210560;39006035;49909188
1522070979596;2797;2112;230;246210560;39006251;49909705
1522070979696;2807;2120;230;246210560;39006359;49909963
1522070979796;2817;2127;231;246210560;39006575;49910476
1522070979896;2827;2134;232;246210560;39006791;49910993
1522070979996;2837;2141;232;246210560;39007007;49911510
1522070980096;2847;2148;233;246210560;39007223;49912025
1522070980196;2857;2154;235;246210560;39007331;49912283
1522070980296;2867;2160;236;246210560;39007547;49912797
1522070980397;2877;2166;237;246210560;39007763;49913314
1522070980497;2887;2172;238;246210560;39007979;49913831
1522070980597;2897;2179;240;246210560;39008087;49914090
1522070980698;2907;2184;242;246210560;39008303;49914605
1522070980798;2917;2192;242;246210560;39008519;49915120
1522070980898;2927;2199;242;246210560;39008735;49915638
1522070980998;2937;2206;243;246210560;39008951;49916153
1522070981099;2947;2213;244;246210560;39009059;49916410
1522070981199;2957;2220;245;246210560;39009275;49916927
1522070981299;2967;2227;245;246210560;39009491;49917441
1522070981399;2977;2234;245;246210560;39009707;49917955
1522070981499;2987;2240;246;246210560;39009815;49918214
1522070981600;2997;2248;247;246210560;39010031;49918730
1522070981700;3007;2255;248;246210560;39010247;49919245
1522070981800;3017;2262;249;246210560;39010355;49919504
1522070981900;3027;2270;250;246210560;39010571;49920019
1522070982000;3037;2276;252;246210560;39010787;49920532
1522070982100;3047;2282;253;246210560;39010895;49920788
1522070982200;3057;2289;254;246210560;39011111;49921302
1522070982300;3067;2296;255;246210560;39011327;49921819
1522070982400;3077;2302;256;246210560;39011543;49922335
1522070982500;3087;2309;257;246210560;39011651;49922593
1522070982605;3098;2316;258;246210560;39011867;49923109
1522070982705;3108;2323;260;246210560;39012083;49923626
1522070982806;3118;2329;261;246210560;39012299;49924142
1522070982906;3128;2336;262;246210560;39012407;49924399
1522070983006;3138;2343;263;246210560;39012623;49924915
1522070983106;3148;2350;264;246210560;39012839;49925432
1522070983207;3158;2355;266;246210560;39013055;49925948
1522070983307;3168;2362;266;246210560;39013271;49926462
1522070983407;3178;2369;268;246210560;39013379;49926719
1522070983508;3188;2377;268;246210560;39013595;49927234
1522070983608;3198;2382;270;246210560;39013811;49927752
1522070983708;3208;2389;271;246210560;39014027;49928266
1522070983808;3218;2395;272;246210560;39014135;49928524
1522070983908;3228;2402;273;246210560;39014351;49929038
1522070984008;3238;2410;274;246210560;39014567;49929553
1522070984108;3248;2416;275;246210560;39014783;49930069
1522070984208;3258;2421;277;246210560;39014999;49930586
1522070984309;3268;2427;278;246210560;39015215;49931100
1522070984409;3278;2435;279;246210560;39015323;49931358
1522070984509;3288;2442;280;246210560;39015539;49931874
1522070984609;3298;2449;280;246210560;39015755;49932386
1522070984710;3308;2456;280;246210560;39015971;49932903
1522070984810;3318;2462;282;246210560;39016187;49933421
1522070984910;3328;2470;283;246210560;39016295;49933678
1522070985010;3338;2476;284;246210560;39016511;49934195
1522070985110;3348;2482;285;246210560;39016727;49934713
1522070985210;3358;2490;286;246210560;39016835;49934971
1522070985310;3368;2496;287;246210560;39017051;49935486
1522070985410;3378;2502;289;246210560;39017267;49936000
1522070985510;3388;2509;290;246210560;39017483;49936517
1522070985611;3398;2515;290;246210560;39017591;49936775
1522070985711;3408;2522;292;246210560;39017807;49937290
1522070985811;3418;2529;293;246210560;39018023;49937807
1522070985911;3428;2536;294;246210560;39018239;49938320
1522070986011;3438;2543;294;246210560;39018455;49938836
1522070986112;3448;2550;295;246210560;39018671;49939351
1522070986212;3458;2556;296;246210560;39018779;49939608
1522070986312;3468;2563;296;246210560;39018995;49940126
1522070986412;3478;2571;297;246210560;39019211;49940642
1522070986512;3488;2578;298;246210560;39019427;49941158
1522070986612;3498;2584;299;246210560;39019643;49941672
1522070986712;3508;2590;300;246210560;39019859;49942188
1522070986812;3518;2598;300;246210560;39019967;49942444
1522070986912;3528;2604;301;246210560;39020183;49942957
1522070987013;3538;2612;302;246210560;39020399;49943473
1522070987113;3548;2618;303;246210560;39020615;49943988
1522070987213;3558;2625;303;246210560;39020831;49944504
1522070987314;3568;2632;304;246210560;39021047;49945019
1522070987415;3579;2638;305;246210560;39021207;49945483
1522070987515;3589;2644;307;246210560;39021371;49945792
1522070987615;3599;2651;308;246210560;39021587;49946305
1522070987715;3609;2658;309;246210560;39021803;49946819
1522070987815;3619;2664;310;246210560;39022019;49947333
1522070987915;3629;2670;312;246210560;39022235;49947847
1522070988015;3639;2674;314;246210560;39022451;49948362
1522070988115;3649;2678;314;246210560;39022451;49948362
1522070988215;3659;2682;315;246210560;39022559;49948620
1522070988315;3669;2682;315;246210560;39022559;49948620
1522070988416;3679;2682;315;246210560;39022559;49948620
1522070988516;3689;2682;315;246210560;39022559;49948620
1522070988616;3699;2682;315;246210560;39022559;49948620
1522070988716;3709;2682;315;246210560;39022559;49948620
1522070988816;3719;2682;315;246210560;39022559;49948620
1522070988916;3729;2682;315;246210560;39022559;49948620
1522070989017;3739;2682;315;246210560;39022559;49948620
1522070989117;3749;2682;315;246210560;39022559;49948620
1522070989217;3759;2682;315;246210560;39022605;49948672
1522070989317;3769;2682;315;246210560;39022605;49948672
1522070989418;3779;2682;315;246210560;39022605;49948672
1522070989518;3789;2686;316;246210560;39022821;49949186
1522070989619;3799;2692;318;246210560;39023037;49949704
1522070989719;3809;2699;319;246210560;39023145;49949961
1522070989819;3819;2706;320;246210560;39023361;49950475
1522070989919;3829;2712;321;246210560;39023577;49950989
1522070990019;3839;2718;322;246210560;39023793;49951500
1522070990119;3849;2725;323;246210560;39024009;49952017
1522070990219;3859;2733;324;246210560;39024117;49952277
1522070990319;3869;2741;324;246210560;39024225;49952536
1522070990420;3879;2748;326;246210560;39024441;49953052
1522070990520;3889;2754;326;246210560;39024657;49953567
1522070990620;3899;2761;327;246210560;39024873;49954081
1522070990720;3909;2768;328;246210560;39025089;49954597
1522070990820;3919;2774;329;246210560;39025305;49955114
1522070990920;3930;2782;329;246210560;39025521;49955630
1522070991021;3939;2789;330;246210560;39025737;49956145
1522070991121;3949;2797;330;246210560;39025845;49956403
1522070991221;3959;2804;332;246210560;39026061;49956921
1522070991321;3969;2810;333;246210560;39026277;49957435
1522070991422;3979;2818;334;246210560;39026385;49957693
1522070991522;3989;2825;335;246210560;39026601;49958210
1522070991622;3999;2832;336;246210560;39026817;49958725
1522070991722;4009;2840;336;246210560;39026925;49958984
1522070991822;4019;2847;337;246210560;39027141;49959498
1522070991922;4029;2854;338;246210560;39027357;49960011
1522070992022;4039;2861;339;246210560;39027623;49960528
1522070992122;4049;2867;340;246210560;39027871;49961075
1522070992222;4059;2873;342;246210560;39028087;49961592
1522070992322;4069;2882;342;246210560;39028195;49961851
1522070992423;4079;2890;342;246210560;39028411;49962366
1522070992523;4089;2897;342;246210560;39028627;49962883
1522070992623;4099;2904;343;246210560;39028843;49963399
1522070992723;4109;2910;344;246210560;39029059;49963914
1522070992824;4119;2918;345;246210560;39029275;49964427
1522070992924;4130;2924;346;246210560;39029491;49964942
1522070993024;4139;2932;346;246210560;39029599;49965198
1522070993124;4150;2940;346;246210560;39029815;49965715
1522070993224;4159;2947;347;246210560;39030031;49966229
1522070993324;4170;2953;348;246210560;39030247;49966746
1522070993424;4179;2961;349;246210560;39030355;49967002
1522070993524;4190;2968;349;246210560;39030571;49967517
1522070993624;4199;2974;350;246210560;39030787;49968033
1522070993724;4210;2982;351;246210560;39031003;49968548
1522070993824;4219;2988;352;246210560;39031219;49969064
1522070993924;4230;2995;352;246210560;39031327;49969322
1522070994024;4239;3003;353;246210560;39031543;49969838
1522070994124;4250;3010;354;246210560;39031759;49970352
1522070994224;4259;3016;355;246210560;39031975;49970870
1522070994324;4270;3023;356;246210560;39032191;49971382
1522070994424;4279;3029;357;246210560;39032407;49971898
1522070994525;4290;3035;359;246210560;39032623;49972415
1522070994625;4300;3042;360;246210560;39032731;49972672
1522070994725;4310;3049;360;246210560;39032947;49973189
1522070994825;4320;3055;362;246210560;39033163;49973707
1522070994926;4330;3062;363;246210560;39033379;49974221
1522070995026;4340;3069;364;246210560;39033595;49974736
1522070995126;4350;3076;364;246210560;39033811;49975250
1522070995229;4360;3084;365;246210560;39034027;49975768
1522070995329;4370;3091;365;246210560;39034135;49976024
1522070995430;4380;3099;366;246210560;39034351;49976543
1522070995530;4390;3106;366;246210560;39034567;49977056
1522070995630;4400;3113;367;246210560;39034783;49977572
1522070995730;4410;3120;368;246210560;39034999;49978087
1522070995831;4420;3125;371;246210560;39035215;49978602
1522070995931;4430;3131;372;246210560;39035431;49979117
1522070996031;4440;3137;373;246210560;39035647;49979630
1522070996131;4450;3144;374;246210560;39036251;49980145
1522070996231;4460;3151;375;246210560;39036359;49980402
1522070996332;4470;3158;376;246210560;39036575;49980916
1522070996432;4480;3164;377;246210560;39036791;49981434
1522070996532;4490;3170;378;246210560;39037007;49981952
1522070996632;4500;3176;380;246210560;39037223;49982466
1522070996732;4510;3184;380;246210560;39037439;49982979
1522070996832;4520;3190;380;246210560;39037547;49983238
1522070996932;4530;3198;381;246210560;39037763;49983754
1522070997033;4540;3204;382;246210560;39037979;49984268
1522070997133;4550;3209;383;246210560;39038195;49984783
1522070997233;4560;3216;384;246210560;39038411;49985299
1522070997333;4570;3222;386;246210560;39038627;49985812
1522070997434;4580;3229;386;246210560;39038735;49986071
1522070997534;4590;3235;388;246210560;39038951;49986587
1522070997634;4600;3242;388;246210560;39039167;49987100
1522070997734;4611;3250;388;246210560;39039383;49987616
1522070997834;4620;3255;390;246210560;39039599;49988132
1522070997934;4630;3262;391;246210560;39039707;49988389
1522070998034;4641;3269;392;246210560;39039923;49988904
1522070998135;4651;3277;392;246210560;39040139;49989419
1522070998235;4661;3283;393;246210560;39040355;49989936
1522070998335;4671;3289;395;246210560;39040571;49990451
1522070998436;4681;3294;397;246210560;39040787;49990965
1522070998536;4691;3302;398;246210560;39040895;49991223
1522070998636;4701;3310;398;246210560;39041111;49991739
1522070998736;4711;3317;399;246210560;39041219;49991998
1522070998836;4721;3323;400;246210560;39041435;49992510
1522070998936;4731;3330;401;246210560;39041651;49993024
1522070999036;4741;3336;403;246210560;39041867;49993540
1522070999136;4751;3343;404;246210560;39042083;49994056
1522070999236;4761;3349;405;246210560;39042299;49994570
1522070999336;4771;3356;406;246210560;39042515;49995086
1522070999436;4781;3364;406;246210560;39042623;49995344
1522070999536;4791;3370;407;246210560;39042839;49995860
1522070999636;4801;3376;409;246210560;39043055;49996376
1522070999736;4811;3382;410;246210560;39043271;49996892
1522070999836;4821;3388;412;246210560;39043487;49997404
1522070999937;4831;3396;413;246210560;39043703;49997917
1522071000037;4841;3402;414;246210560;39043811;49998174
1522071000137;4851;3408;416;246210560;39044027;49998689
1522071000238;4861;3416;416;246210560;39044243;49999202
1522071000338;4871;3422;416;246210560;39044459;49999717
1522071000438;4881;3429;417;246210560;39044675;50000234
1522071000538;4891;3434;420;246210560;39044891;50000751
1522071000638;4901;3441;420;246210560;39044999;50001009
1522071000738;4911;3450;420;246210560;39045215;50001523
1522071000838;4921;3456;420;246210560;39045431;50002039
1522071000939;4931;3464;421;246210560;39045647;50002554
1522071001039;4941;3469;422;246210560;39045863;50003071
1522071001139;4951;3476;424;246210560;39046079;50003588
1522071001239;4961;3482;424;246210560;39046295;50004104
1522071001340;4971;3490;424;246210560;39046403;50004361
1522071001440;4981;3496;426;246210560;39046619;50004877
1522071001540;4991;3504;426;246210560;39046835;50005393
1522071001640;5001;3511;426;246210560;39047051;50005908
1522071001740;5011;3517;428;246210560;39047267;50006425
1522071001840;5021;3524;428;246210560;39047483;50006938
1522071001940;5031;3531;429;246210560;39047699;50007452
1522071002040;5041;3538;429;246210560;39047807;50007708
1522071002140;5051;3544;429;246210560;39048023;50008225
1522071002241;5061;3551;430;246210560;39048239;50008737
1522071002341;5071;3558;430;246210560;39048455;50009254
1522071002442;5081;3565;431;246210560;39048671;50009769
1522071002542;5091;3572;432;246210560;39048779;50010023
1522071002642;5101;3579;433;246210560;39048995;50010537
1522071002742;5111;3586;434;246210560;39049211;50011051
1522071002843;5121;3591;436;246210560;39049427;50011563
1522071002943;5131;3598;436;246210560;39049643;50012078
1522071003043;5141;3604;438;246210560;39049859;50012594
1522071003144;5151;3610;440;246210560;39049967;50012851
1522071003244;5161;3618;440;246210560;39050183;50013362
1522071003344;5171;3625;440;246210560;39050399;50013874
1522071003444;5181;3631;441;246210560;39050615;50014388
1522071003544;5191;3638;442;246210560;39050831;50014906
1522071003644;5202;3645;442;246210560;39050939;50015165
1522071003744;5212;3652;443;246210560;39051155;50015676
1522071003844;5221;3659;444;246210560;39051371;50016193
1522071003944;5232;3666;445;246210560;39051587;50016708
1522071004044;5241;3671;446;246210560;39051803;50017225
1522071004145;5252;3678;448;246210560;39052019;50017741
1522071004245;5262;3685;448;246210560;39052127;50018000
1522071004345;5272;3692;448;246210560;39052343;50018515
1522071004445;5282;3700;449;246210560;39052559;50019032
1522071004545;5292;3707;450;246210560;39052775;50019546
1522071004645;5302;3714;451;246210560;39052991;50020061
1522071004745;5312;3720;452;246210560;39053207;50020576
1522071004845;5322;3728;452;246210560;39053423;50021092
1522071004945;5332;3734;452;246210560;39053639;50021607
1522071005045;5342;3741;453;246210560;39053855;50022121
1522071005145;5352;3748;454;246210560;39053963;50022379
1522071005245;5362;3755;455;246210560;39054179;50022892
1522071005345;5372;3761;456;246210560;39054395;50023411
1522071005446;5382;3768;457;246210560;39054611;50023927
1522071005546;5392;3774;458;246210560;39054827;50024441
1522071005646;5402;3782;458;246210560;39055043;50024955
1522071005746;5412;3788;460;246210560;39055259;50025470
1522071005846;5422;3794;461;246210560;39055419;50025933
1522071005946;5432;3801;462;246210560;39055583;50026242
1522071006046;5442;3808;463;246210560;39055799;50026755
1522071006147;5452;3814;464;246210560;39056015;50027271
1522071006247;5462;3822;464;246210560;39056231;50027787
1522071006347;5472;3829;465;246210560;39056447;50028301
1522071006447;5482;3836;465;246210560;39056663;50028817
1522071006547;5492;3842;467;246210560;39056879;50029332
1522071006647;5502;3848;468;246210560;39057095;50029847
1522071006750;5512;3855;469;246210560;39057311;50030364
1522071006850;5522;3862;470;246210560;39057419;50030622
1522071006950;5532;3869;471;246210560;39057635;50031138
1522071007050;5542;3875;473;246210560;39057901;50031653
1522071007150;5552;3881;474;246210560;39058117;50032167
1522071007251;5562;3888;475;246210560;39058379;50032685
1522071007353;5572;3894;476;246210560;39058595;50033198
1522071007453;5582;3901;477;246210560;39058811;50033711
1522071007553;5592;3907;478;246210560;39058919;50033967
1522071007654;5602;3914;480;246210560;39059135;50034484
1522071007754;5612;3921;480;246210560;39059351;50035000
1522071007855;5623;3927;482;246210560;39059567;50035514
1522071007955;5633;3934;483;246210560;39059783;50036030
1522071008055;5643;3940;484;246210560;39059999;50036545
1522071008155;5653;3948;484;246210560;39060215;50037059
1522071008256;5663;3955;484;246210560;39060431;50037572
1522071008356;5673;3962;485;246210560;39060647;50038088
1522071008457;5683;3968;486;246210560;39060863;50038602
1522071008557;5693;3975;487;246210560;39060971;50038861
1522071008657;5703;3983;488;246210560;39061187;50039378
1522071008757;5713;3990;488;246210560;39061403;50039894
1522071008857;5723;3997;489;246210560;39061619;50040408
1522071008957;5733;4004;489;246210560;39061835;50040923
1522071009057;5743;4011;490;246210560;39062051;50041439
1522071009157;5753;4017;491;246210560;39062267;50041953
1522071009257;5763;4024;491;246210560;39062483;50042467
1522071009358;5773;4032;492;246210560;39062699;50042981
1522071009459;5783;4039;492;246210560;39062915;50043496
1522071009559;5793;4046;493;246210560;39063023;50043752
1522071009659;5803;4053;494;246210560;39063239;50044269
1522071009759;5813;4059;496;246210560;39063455;50044787
1522071009859;5823;4065;497;246210560;39063671;50045303
1522071009959;5833;4071;498;246210560;39063887;50045817
1522071010059;5843;4078;500;246210560;39064103;50046331
1522071010159;5853;4084;500;246210560;39064319;50046844
1522071010260;5863;4091;501;246210560;39064535;50047360
1522071010360;5873;4099;501;246210560;39064643;50047616
1522071010460;5883;4106;502;246210560;39064859;50048129
1522071010560;5893;4112;504;246210560;39065075;50048644
1522071010660;5903;4117;506;246210560;39065291;50049158
1522071010760;5913;4124;506;246210560;39065507;50049675
1522071010860;5923;4131;507;246210560;39065615;50049933
1522071010960;5933;4138;508;246210560;39065831;50050447
1522071011060;5943;4145;508;246210560;39066047;50050962
1522071011160;5953;4151;510;246210560;39066263;50051479
1522071011260;5963;4157;511;246210560;39066479;50051995
1522071011360;5973;4163;512;246210560;39066695;50052510
1522071011460;5983;4169;513;246210560;39066911;50053026
1522071011560;5993;4176;514;246210560;39067019;50053283
1522071011660;6003;4183;515;246210560;39067235;50053798
1522071011761;6013;4189;517;246210560;39067451;50054313
1522071011861;6023;4194;519;246210560;39067667;50054828
1522071011961;6033;4201;519;246210560;39067883;50055340
1522071012062;6043;4209;519;246210560;39067991;50055598
1522071012162;6053;4216;520;246210560;39068207;50056114
1522071012262;6063;4222;522;246210560;39068423;50056631
1522071012362;6073;4228;522;246210560;39068639;50057147
1522071012463;6083;4235;524;246210560;39068747;50057405
1522071012564;6093;4243;524;246210560;39068963;50057923
1522071012664;6103;4250;524;246210560;39069179;50058437
1522071012764;6114;4257;525;246210560;39069395;50058950
1522071012864;6123;4264;525;246210560;39069611;50059462
1522071012964;6134;4272;525;246210560;39069827;50059977
1522071013064;6143;4279;526;246210560;39069935;50060235
1522071013164;6153;4287;526;246210560;39070151;50060748
1522071013264;6164;4294;527;246210560;39070367;50061261
1522071013364;6173;4300;528;246210560;39070583;50061778
1522071013464;6184;4306;529;246210560;39070799;50062291
1522071013564;6193;4312;530;246210560;39071015;50062807
1522071013664;6204;4319;531;246210560;39071231;50063323
1522071013764;6213;4325;532;246210560;39071339;50063581
1522071013864;6224;4332;534;246210560;39071555;50064096
1522071013964;6233;4339;534;246210560;39071771;50064612
1522071014065;6244;4348;534;246210560;39071879;50064869
1522071014165;6254;4355;535;246210560;39072095;50065385
1522071014265;6264;4362;536;246210560;39072311;50065901
1522071014365;6274;4368;537;246210560;39072527;50066416
1522071014465;6284;4374;538;246210560;39072635;50066675
1522071014565;6294;4381;539;246210560;39072851;50067188
1522071014665;6304;4388;540;246210560;39073067;50067702
1522071014765;6314;4393;542;246210560;39073283;50068219
1522071014865;6324;4400;543;246210560;39073499;50068734
1522071014965;6334;4407;544;246210560;39073659;50069201
1522071015065;6344;4415;544;246210560;39073823;50069510
1522071015165;6354;4422;544;246210560;39074039;50070025
1522071015265;6364;4428;545;246210560;39074255;50070489
1522071015365;6374;4435;546;246210560;39074363;50070800
1522071015466;6384;4443;546;246210560;39074579;50071319
1522071015566;6394;4450;547;246210560;39074795;50071833
1522071015666;6404;4456;548;246210560;39075011;50072349
1522071015766;6414;4462;549;246210560;39075227;50072869
1522071015867;6424;4469;550;246210560;39075443;50073385
1522071015967;6434;4476;551;246210560;39075551;50073642
1522071016067;6444;4483;552;246210560;39075767;50074155
1522071016167;6454;4490;553;246210560;39075983;50074669
1522071016268;6464;4499;553;246210560;39075983;50074669
1522071016368;6474;4507;553;246210560;39076199;50075186
1522071016468;6484;4512;555;246210560;39076415;50075700
1522071016568;6494;4520;555;246210560;39076631;50076213
1522071016668;6504;4526;556;246210560;39076847;50076726
1522071016768;6514;4534;556;246210560;39077063;50077244
1522071016868;6524;4541;556;246210560;39077171;50077501
1522071016968;6534;4548;558;246210560;39077279;50077757
1522071017068;6544;4555;558;246210560;39077495;50078270
1522071017168;6554;4562;559;246210560;39077711;50078783
1522071017268;6564;4569;560;246210560;39077927;50079293
1522071017368;6574;4576;560;246210560;39078143;50079809
1522071017468;6584;4583;561;246210560;39078251;50080065
1522071017568;6594;4590;562;246210560;39078467;50080581
1522071017668;6604;4597;563;246210560;39078683;50081096
1522071017768;6614;4603;564;246210560;39078899;50081610
1522071017868;6624;4611;565;246210560;39079007;50081868
1522071017968;6634;4617;566;246210560;39079223;50082383
1522071018069;6644;4623;567;246210560;39079439;50082898
1522071018169;6654;4630;568;246210560;39079547;50083156
1522071018269;6664;4638;568;246210560;39079763;50083673
1522071018369;6674;4645;569;246210560;39079979;50084189
1522071018469;6684;4652;569;246210560;39080195;50084703
1522071018569;6694;4658;570;246210560;39080303;50084960
1522071018669;6704;4666;571;246210560;39080519;50085473
1522071018769;6714;4673;571;246210560;39080735;50085986
1522071018869;6724;4679;572;246210560;39080951;50086501
1522071018969;6734;4686;572;246210560;39081059;50086757
1522071019070;6744;4693;573;246210560;39081275;50087274
1522071019170;6754;4700;574;246210560;39081491;50087786
1522071019270;6764;4706;576;246210560;39081707;50088305
1522071019370;6774;4712;577;246210560;39081923;50088827
1522071019470;6784;4719;578;246210560;39082031;50089084
1522071019570;6794;4726;578;246210560;39082247;50089599
1522071019670;6804;4733;578;246210560;39082463;50090113
1522071019771;6814;4740;578;246210560;39082679;50090628
1522071019871;6824;4748;578;246210560;39082895;50091142
1522071019971;6834;4754;580;246210560;39083003;50091400
1522071020071;6844;4760;582;246210560;39083219;50091918
1522071020172;6854;4766;582;246210560;39083435;50092434
1522071020272;6864;4773;583;246210560;39083651;50092952
1522071020372;6874;4778;585;246210560;39083867;50093468
1522071020472;6884;4786;586;246210560;39083975;50093726
1522071020572;6894;4793;586;246210560;39084191;50094248
1522071020672;6904;4798;587;246210560;39084407;50094764
1522071020772;6914;4805;587;246210560;39084515;50095021
1522071020873;6924;4812;588;246210560;39084731;50095537
1522071020973;6934;4818;589;246210560;39084947;50096051
1522071021074;6944;4824;591;246210560;39085163;50096566
1522071021177;6955;4830;592;246210560;39085379;50097082
1522071021277;6965;4838;592;246210560;39085595;50097600
1522071021377;6975;4845;592;246210560;39085703;50097856
1522071021478;6985;4852;593;246210560;39085919;50098371
1522071021578;6995;4858;594;246210560;39086135;50098887
1522071021678;7005;4865;594;246210560;39086351;50099402
1522071021779;7015;4871;596;246210560;39086567;50099918
1522071021879;7025;4878;597;246210560;39086675;50100176
1522071021979;7035;4885;598;246210560;39086891;50100690
1522071022079;7045;4891;599;246210560;39087157;50101207
1522071022179;7055;4896;601;246210560;39087419;50101722
1522071022279;7065;4898;602;246210560;39087419;50101722
1522071022379;7075;4898;602;246210560;39087419;50101722
1522071022480;7085;4898;602;246210560;39087419;50101722
1522071022580;7095;4898;602;246210560;39087419;50101722
1522071022680;7105;4898;602;246210560;39087419;50101722
1522071022780;7115;4898;602;246210560;39087419;50101722
1522071022880;7125;4898;602;246210560;39087419;50101722
1522071022981;7135;4898;602;246210560;39087419;50101722
1522071023081;7145;4898;602;246210560;39087419;50101722
1522071023181;7155;4898;602;246210560;39087419;50101722
1522071023282;7165;4898;602;246210560;39087465;50101774
1522071023382;7175;4898;602;246210560;39087465;50101774
1522071023482;7185;4898;602;246210560;39087465;50101774
1522071023583;7195;4898;602;246210560;39087465;50101774
1522071023683;7205;4898;602;246210560;39087465;50101774
1522071023783;7215;4898;602;246210560;39087465;50101774
1522071023884;7225;4898;602;246210560;39087465;50101774
1522071023984;7235;4898;602;246210560;39087465;50101774
1522071024085;7246;4898;602;246210560;39087465;50101774
1522071024185;7256;4898;602;246210560;39087465;50101774
1522071024285;7266;4900;602;246210560;39087619;50102085
1522071024385;7276;4906;603;246210560;39087835;50102603
1522071024486;7286;4912;604;246210560;39087943;50102862
1522071024586;7296;4920;605;246210560;39088159;50103379
1522071024686;7306;4926;606;246210560;39088375;50103895
1522071024786;7316;4932;607;246210560;39088591;50104415
1522071024886;7326;4939;607;246210560;39088699;50104675
1522071024986;7336;4946;608;246210560;39088915;50105190
1522071025087;7346;4953;609;246210560;39089131;50105702
1522071025187;7356;4960;610;246210560;39089347;50106220
1522071025287;7366;4966;610;246210560;39089563;50106735
1522071025388;7376;4972;611;246210560;39089779;50107251
1522071025489;7386;4979;612;246210560;39089887;50107509
1522071025589;7396;4986;613;246210560;39090103;50108027
1522071025689;7406;4994;613;246210560;39090319;50108541
1522071025789;7416;4999;615;246210560;39090535;50109055
1522071025889;7426;5006;616;246210560;39090643;50109315
1522071025989;7436;5013;617;246210560;39090751;50109573
1522071026089;7446;5020;618;246210560;39090967;50110090
1522071026189;7456;5027;619;246210560;39091571;50110607
1522071026289;7466;5034;620;246210560;39091787;50111123
1522071026389;7476;5039;621;246210560;39092003;50111640
1522071026489;7486;5046;622;246210560;39092219;50112153
1522071026589;7496;5052;623;246210560;39092327;50112411
1522071026689;7506;5060;623;246210560;39092543;50112926
1522071026789;7516;5067;624;246210560;39092759;50113440
1522071026889;7526;5074;624;246210560;39092975;50113957
1522071026989;7536;5082;624;246210560;39093083;50114213
1522071027089;7546;5089;625;246210560;39093299;50114728
1522071027189;7556;5095;626;246210560;39093515;50115244
1522071027289;7566;5101;627;246210560;39093731;50115757
1522071027389;7576;5107;629;246210560;39094275;50116271
1522071027490;7586;5115;629;246210560;39094383;50116529
1522071027590;7596;5122;629;246210560;39094599;50117045
1522071027690;7606;5130;630;246210560;39094707;50117303
1522071027790;7616;5136;632;246210560;39094923;50117821
1522071027890;7626;5142;633;246210560;39095139;50118338
1522071027990;7636;5150;633;246210560;39095247;50118596
1522071028090;7646;5157;633;246210560;39095463;50119113
1522071028191;7656;5164;634;246210560;39095679;50119629
1522071028291;7666;5172;634;246210560;39095787;50119887
1522071028391;7676;5179;634;246210560;39096135;50120416
1522071028492;7686;5186;635;246210560;39096351;50120950
1522071028592;7696;5191;637;246210560;39096567;50121481
1522071028693;7706;5198;638;246210560;39096783;50122012
1522071028793;7716;5205;638;246210560;39096999;50122545
1522071028893;7726;5212;639;246210560;39097107;50122811
1522071028994;7736;5219;640;246210560;39097323;50123336
1522071029094;7746;5226;641;246210560;39097539;50123864
1522071029194;7756;5232;642;246210560;39097755;50124388
1522071029294;7767;5239;642;246210560;39097971;50124912
1522071029395;7777;5244;644;246210560;39098187;50125442
1522071029495;7787;5251;645;246210560;39098295;50125708
1522071029595;7797;5258;646;246210560;39098511;50126234
1522071029695;7807;5265;647;246210560;39098727;50126762
1522071029795;7817;5271;648;246210560;39098943;50127290
1522071029895;7827;5278;649;246210560;39099159;50127818
1522071029995;7837;5284;650;246210560;39099375;50128343
1522071030096;7847;5290;651;246210560;39099591;50128871
1522071030196;7857;5297;652;246210560;39099699;50129135
1522071030297;7867;5305;652;246210560;39099915;50129661
1522071030397;7877;5312;653;246210560;39100131;50130189
1522071030497;7887;5318;654;246210560;39100347;50130718
1522071030598;7897;5324;656;246210560;39100563;50131245
1522071030698;7907;5332;656;246210560;39100671;50131509
1522071030798;7917;5340;656;246210560;39100887;50132037
1522071030899;7927;5346;657;246210560;39101103;50132563
1522071030999;7937;5354;658;246210560;39101211;50132826
1522071031099;7947;5361;658;246210560;39101427;50133354
1522071031199;7957;5368;658;246210560;39101643;50133881
1522071031300;7967;5376;658;246210560;39101751;50134145
1522071031400;7977;5382;659;246210560;39101967;50134662
1522071031500;7987;5390;660;246210560;39102075;50134923
1522071031600;7997;5397;660;246210560;39102291;50135439
1522071031701;8007;5404;661;246210560;39102507;50135954
1522071031801;8017;5412;661;246210560;39102615;50136212
1522071031901;8027;5418;662;246210560;39102831;50136727
1522071032002;8037;5424;663;246210560;39103047;50137243
1522071032102;8047;5432;664;246210560;39103155;50137503
1522071032202;8057;5438;665;246210560;39103371;50138022
1522071032303;8067;5444;666;246210560;39103587;50138537
1522071032403;8077;5450;667;246210560;39103803;50139055
1522071032503;8087;5457;667;246210560;39103911;50139313
1522071032603;8097;5463;669;246210560;39104127;50139832
1522071032704;8107;5470;670;246210560;39104343;50140349
1522071032804;8117;5476;671;246210560;39104559;50140868
1522071032904;8127;5482;672;246210560;39104775;50141388
1522071033005;8138;5489;672;246210560;39104991;50141907
1522071033105;8148;5496;674;246210560;39105099;50142164
1522071033205;8158;5502;675;246210560;39105315;50142682
1522071033306;8168;5510;676;246210560;39105531;50143201
1522071033406;8178;5517;676;246210560;39105747;50143719
1522071033506;8188;5524;678;246210560;39105963;50144239
1522071033606;8198;5530;678;246210560;39106179;50144758
1522071033707;8208;5537;680;246210560;39106395;50145276
1522071033807;8218;5543;681;246210560;39106611;50145796
1522071033907;8228;5549;682;246210560;39106827;50146316
1522071034007;8238;5556;683;246210560;39106935;50146576
1522071034108;8248;5560;683;246210560;39107043;50146836
1522071034208;8258;5560;683;246210560;39107043;50146836
1522071034309;8268;5560;683;246210560;39107043;50146836
1522071034409;8278;5560;683;246210560;39107043;50146836
1522071034509;8288;5560;683;246210560;39107043;50146836
1522071034610;8298;5560;683;246210560;39107043;50146836
1522071034710;8308;5560;683;246210560;39107043;50146836
1522071034810;8318;5560;683;246210560;39107043;50146836
1522071034911;8328;5560;683;246210560;39107043;50146836
1522071035011;8338;5560;684;246210560;39107043;50146836
1522071035111;8348;5560;684;246210560;39107043;50146836
1522071035212;8358;5560;684;246210560;39107089;50146888
1522071035312;8368;5560;684;246210560;39107089;50146888
1522071035412;8378;5562;684;246210560;39107197;50147147
1522071035512;8388;5569;685;246210560;39107413;50147666
1522071035612;8398;5576;686;246210560;39107629;50148187
1522071035712;8408;5583;686;246210560;39107737;50148446
1522071035812;8418;5588;688;246210560;39107953;50148965
1522071035912;8428;5596;690;246210560;39108169;50149483
1522071036012;8438;5601;692;246210560;39108385;50150004
1522071036112;8448;5609;693;246358016;39108493;50150263
1522071036212;8458;5615;694;246358016;39108601;50150523
1522071036312;8468;5622;696;246358016;39108817;50151042
1522071036412;8478;5628;697;246358016;39109033;50151561
1522071036512;8488;5633;700;246358016;39109249;50152080
1522071036612;8498;5639;702;246358016;39109465;50152597
1522071036712;8508;5646;702;246358016;39109573;50152857
1522071036812;8518;5653;704;246358016;39109789;50153376
1522071036913;8528;5660;704;246358016;39110005;50153895
1522071037013;8538;5666;706;246358016;39110271;50154414
1522071037113;8548;5672;708;246358016;39110533;50154932
1522071037217;8559;5678;709;246358016;39110749;50155451
1522071037317;8569;5685;710;246358016;39110965;50155969
1522071037417;8579;5692;711;246358016;39111073;50156228
1522071037518;8589;5699;712;246358016;39111289;50156748
1522071037618;8599;5706;713;246358016;39111505;50157270
1522071037718;8609;5713;714;246358016;39111613;50157530
1522071037818;8619;5719;715;246358016;39111829;50158048
1522071037918;8629;5726;716;246358016;39112045;50158568
1522071038018;8639;5733;718;246358016;39112261;50159087
1522071038119;8649;5740;718;246358016;39112477;50159607
1522071038219;8659;5746;719;246358016;39112693;50160122
1522071038319;8669;5753;720;246358016;39112909;50160641
1522071038419;8679;5760;721;246358016;39113017;50160900
1522071038519;8689;5768;722;246358016;39113233;50161419
1522071038619;8699;5774;723;246358016;39113449;50161937
1522071038719;8709;5779;726;246358016;39113665;50162456
1522071038820;8719;5786;726;246358016;39113881;50162976
1522071038920;8729;5792;728;246358016;39114097;50163494
1522071039020;8739;5802;728;246358016;39114205;50163752
1522071039120;8749;5808;729;246358016;39114421;50164272
1522071039220;8759;5816;729;246358016;39114637;50164791
1522071039320;8769;5822;730;246358016;39114853;50165312
1522071039420;8779;5828;731;246358016;39115069;50165831
1522071039520;8789;5835;733;246358016;39115177;50166090
1522071039620;8799;5842;734;246358016;39115393;50166610
1522071039720;8809;5847;736;246358016;39115609;50167129
1522071039820;8819;5854;736;246358016;39115825;50167647
1522071039920;8829;5861;737;246358016;39116041;50168166
1522071040021;8840;5868;738;246358016;39116257;50168685
1522071040122;8849;5875;738;246358016;39116473;50169205
1522071040222;8859;5882;740;246358016;39116581;50169464
1522071040323;8869;5888;741;246358016;39116797;50169984
1522071040423;8879;5894;742;246358016;39117013;50170501
1522071040523;8889;5903;742;246358016;39117121;50170758
1522071040623;8899;5910;742;246358016;39117337;50171278
1522071040724;8909;5917;742;246358016;39117553;50171797
1522071040824;8919;5925;743;246358016;39117661;50172057
1522071040924;8930;5932;744;246358016;39117877;50172575
1522071041024;8939;5939;744;246358016;39118093;50173042
1522071041124;8950;5947;745;246358016;39118201;50173355
1522071041224;8959;5953;746;246358016;39118417;50173873
1522071041324;8970;5962;746;246358016;39118525;50174133
1522071041424;8979;5968;748;246358016;39118741;50174651
1522071041524;8989;5974;748;246358016;39118849;50174911
1522071041624;8999;5982;749;246358016;39119065;50175430
1522071041724;9009;5988;751;246358016;39119281;50175949
1522071041824;9020;5996;752;246358016;39119389;50176209
1522071041924;9029;6002;753;246358016;39119605;50176727
1522071042025;9040;6008;754;246358016;39119821;50177244
1522071042125;9050;6015;756;246358016;39119929;50177503
1522071042225;9060;6021;757;246358016;39120145;50178022
1522071042325;9070;6028;758;246358016;39120361;50178538
1522071042425;9080;6036;758;246358016;39120469;50178796
1522071042525;9090;6044;758;246358016;39120685;50179313
1522071042625;9100;6052;758;246358016;39120793;50179573
1522071042725;9110;6058;759;246358016;39121009;50180093
1522071042825;9120;6066;760;246358016;39121117;50180352
1522071042925;9130;6074;760;246358016;39121333;50180870
1522071043025;9140;6082;761;246358016;39121441;50181129
1522071043125;9150;6089;762;246358016;39121657;50181645
1522071043225;9160;6096;762;246358016;39121873;50182164
1522071043325;9170;6102;763;246358016;39121981;50182422
1522071043425;9180;6109;764;246358016;39122197;50182941
1522071043525;9190;6116;764;246358016;39122413;50183458
1522071043625;9200;6124;765;246358016;39122521;50183718
1522071043726;9210;6132;765;246358016;39122737;50184236
1522071043826;9220;6139;766;246358016;39122953;50184756
1522071043926;9230;6146;766;246358016;39123061;50185016
1522071044026;9240;6153;768;246358016;39123277;50185535
1522071044127;9250;6159;769;246358016;39123493;50186052
1522071044227;9260;6166;770;246358016;39123709;50186570
1522071044327;9270;6172;771;246358016;39123925;50187088
1522071044428;9280;6180;772;246358016;39124033;50187348
1522071044528;9290;6185;774;246358016;39124249;50187868
1522071044629;9300;6191;775;246358016;39124465;50188387
1522071044729;9310;6200;775;246358016;39124573;50188645
1522071044829;9320;6206;776;246358016;39124789;50189163
1522071044929;9330;6213;777;246358016;39124897;50189423
1522071045029;9340;6220;778;246358016;39125113;50189941
1522071045129;9350;6228;778;246358016;39125329;50190460
1522071045232;9360;6236;779;246358016;39125437;50190720
1522071045333;9370;6244;780;246358016;39125653;50191237
1522071045433;9380;6250;781;246358016;39125869;50191756
1522071045533;9390;6258;781;246358016;39125977;50192015
1522071045633;9400;6265;781;246358016;39126193;50192534
1522071045733;9410;6272;782;246358016;39126409;50193052
1522071045837;9421;6279;782;246358016;39126625;50193570
1522071045937;9431;6288;783;246358016;39126733;50193829
1522071046037;9441;6294;784;246358016;39126949;50194346
1522071046138;9451;6301;784;246358016;39127057;50194604
1522071046238;9461;6310;784;246358016;39127273;50195120
1522071046338;9471;6316;785;246358016;39127489;50195639
1522071046439;9481;6324;785;246358016;39127597;50195896
1522071046541;9491;6332;785;246358016;39127813;50196415
1522071046641;9501;6339;786;246358016;39128029;50196934
1522071046741;9511;6346;787;246358016;39128245;50197452
1522071046841;9521;6354;788;246358016;39128353;50197712
1522071046945;9532;6361;789;246358016;39128569;50198230
1522071047045;9542;6368;789;246358016;39128785;50198749
1522071047146;9552;6376;790;246358016;39128893;50199008
1522071047246;9562;6384;790;246358016;39129109;50199528
1522071047346;9572;6391;791;246358016;39129325;50200047
1522071047446;9582;6399;792;246358016;39129433;50200307
1522071047546;9592;6406;793;246358016;39129649;50200826
1522071047648;9602;6412;794;246358016;39129865;50201345
1522071047748;9612;6420;795;246358016;39129973;50201604
1522071047848;9622;6427;795;246358016;39130189;50202121
1522071047948;9632;6433;797;246358016;39130405;50202640
1522071048048;9642;6440;798;246358016;39130513;50202899
1522071048148;9652;6447;798;246358016;39130729;50203418
1522071048249;9662;6454;800;246358016;39130945;50203939
1522071048349;9672;6461;801;246358016;39131053;50204198
1522071048449;9682;6469;801;246358016;39131269;50204717
1522071048549;9692;6476;802;246358016;39131485;50205234
1522071048649;9702;6483;803;246358016;39131593;50205493
1522071048749;9712;6489;804;246358016;39131809;50206011
1522071048849;9722;6496;805;246358016;39131917;50206271
1522071048949;9732;6504;806;246358016;39132133;50206788
1522071049050;9742;6510;806;246358016;39132293;50207254
1522071049150;9752;6518;808;246358016;39132457;50207564
1522071049250;9762;6525;808;246358016;39132673;50208082
1522071049350;9772;6533;810;246358016;39132781;50208342
1522071049450;9782;6539;811;246358016;39132997;50208861
1522071049551;9792;6546;812;246358016;39133213;50209382
1522071049651;9802;6554;812;246358016;39133321;50209640
1522071049751;9812;6560;813;246358016;39133537;50210155
1522071049852;9822;6568;814;246358016;39133645;50210412
1522071049952;9832;6575;815;246358016;39133861;50210932
1522071050052;9842;6582;815;246358016;39134077;50211452
1522071050152;9853;6588;816;246358016;39134293;50211968
1522071050252;9862;6596;816;246358016;39134401;50212228
1522071050352;9872;6603;817;246358016;39134617;50212748
1522071050452;9882;6609;818;246358016;39134833;50213268
1522071050552;9892;6616;819;246358016;39134941;50213528
1522071050652;9902;6623;820;246358016;39135157;50214047
1522071050752;9912;6630;820;246358016;39135265;50214306
1522071050852;9922;6637;821;246358016;39135481;50214823
1522071050952;9932;6644;822;246358016;39135697;50215344
1522071051052;9942;6650;822;246358016;39135913;50215865
1522071051153;9952;6658;823;246358016;39136021;50216125
1522071051253;9962;6664;825;246358016;39136237;50216644
1522071051353;9972;6670;826;246358016;39136453;50217162
1522071051454;9982;6676;827;246358016;39136669;50217682
1522071051554;9993;6684;828;246358016;39136777;50217942
1522071051654;10002;6690;829;246358016;39136993;50218461
1522071051754;10012;6697;830;246358016;39137209;50218978
1522071051854;10022;6704;831;246358016;39137317;50219236
1522071051955;10033;6711;832;246358016;39137533;50219754
1522071052055;10043;6718;832;246358016;39137691;50220013
1522071052155;10053;6725;834;246358016;39137957;50220529
1522071052255;10063;6732;834;246358016;39138173;50221049
1522071052356;10073;6740;834;246358016;39138281;50221308
1522071052456;10083;6747;836;246358016;39138497;50221829
1522071052556;10093;6753;838;246358016;39138713;50222347
1522071052656;10103;6760;838;246358016;39138821;50222606
1522071052756;10113;6767;839;246358016;39139037;50223123
1522071052856;10123;6773;840;246358016;39139253;50223642
1522071052957;10133;6780;841;246358016;39139361;50223901
1522071053057;10143;6788;842;246358016;39139577;50224419
1522071053158;10153;6796;842;246358016;39139793;50224938
1522071053258;10163;6804;842;246358016;39139901;50225198
1522071053358;10173;6811;843;246358016;39140117;50225715
1522071053458;10183;6818;844;246358016;39140333;50226231
1522071053559;10193;6824;845;246358016;39140549;50226748
1522071053659;10203;6830;846;246358016;39140657;50227007
1522071053760;10213;6838;847;246358016;39140873;50227523
1522071053860;10223;6844;848;246358016;39141089;50228039
1522071053961;10233;6850;850;246358016;39141197;50228297
1522071054061;10243;6854;850;246358016;39141305;50228557
1522071054162;10253;6854;850;246358016;39141305;50228557
1522071054262;10263;6854;850;246358016;39141305;50228557
1522071054362;10273;6854;850;246358016;39141305;50228557
1522071054463;10283;6854;850;246358016;39141305;50228557
1522071054563;10293;6854;850;246358016;39141305;50228557
1522071054663;10303;6854;850;246358016;39141305;50228557
1522071054763;10313;6854;850;246358016;39141305;50228557
1522071054863;10323;6854;850;246358016;39141305;50228557
1522071054963;10333;6858;851;246358016;39141413;50228817
1522071055063;10343;6858;851;246358016;39141413;50228817
1522071055165;10354;6864;852;246358016;39141629;50229333
1522071055266;10364;6870;852;246358016;39141845;50229801
1522071055366;10374;6879;853;246358016;39141953;50230113
1522071055466;10384;6884;855;246358016;39142169;50230632
1522071055566;10394;6891;856;246358016;39142277;50230891
1522071055666;10404;6898;857;246358016;39142493;50231410
1522071055766;10414;6906;857;246358016;39142601;50231669
1522071055867;10424;6913;858;246358016;39142709;50231929
1522071055967;10434;6920;859;246358016;39142925;50232449
1522071056068;10444;6926;860;246358016;39143239;50232968
1522071056168;10454;6932;862;246358016;39143735;50233228
1522071056268;10464;6938;863;246358016;39143951;50233744
1522071056368;10474;6944;863;246358016;39144167;50234265
1522071056468;10484;6951;865;246358016;39144275;50234526
1522071056568;10494;6957;866;246358016;39144491;50235044
1522071056668;10504;6962;867;246358016;39144599;50235304
1522071056768;10514;6968;869;246358016;39144815;50235821
1522071056868;10524;6975;870;246358016;39145031;50236341
1522071056969;10534;6980;871;246358016;39145247;50236860
1522071057069;10544;6987;872;246358016;39145355;50237118
1522071057169;10554;6993;873;246358016;39145571;50237637
1522071057270;10564;7000;874;246358016;39145679;50237897
1522071057370;10574;7008;874;246358016;39145895;50238415
1522071057470;10584;7014;874;246358016;39146111;50238933
1522071057570;10594;7020;875;246358016;39146327;50239401
1522071057670;10604;7028;875;246358016;39146435;50239712
1522071057770;10614;7033;876;246358016;39146651;50240231
1522071057870;10624;7041;877;246358016;39146759;50240488
1522071057970;10634;7048;877;246358016;39146975;50241007
1522071058070;10644;7054;878;246358016;39147191;50241525
1522071058170;10654;7062;878;246358016;39147299;50241785
1522071058271;10664;7068;879;246358016;39147515;50242302
1522071058371;10674;7074;880;246358016;39147623;50242561
1522071058471;10684;7081;880;246358016;39147839;50243077
1522071058571;10694;7088;880;246358016;39148055;50243596
1522071058671;10704;7096;881;246358016;39148163;50243855
1522071058771;10714;7101;882;246358016;39148323;50244321
1522071058871;10724;7108;883;246358016;39148487;50244633
1522071058972;10734;7114;884;246358016;39148703;50245151
1522071059072;10744;7122;885;246358016;39148811;50245410
1522071059172;10754;7128;885;246358016;39149027;50245929
1522071059272;10764;7133;885;246358016;39149135;50246189
1522071059372;10774;7136;886;246358016;39149135;50246189
1522071059472;10784;7136;886;246358016;39149135;50246189
1522071059572;10794;7136;886;246358016;39149135;50246189
1522071059672;10804;7136;886;246358016;39149135;50246189
1522071059772;10814;7136;886;246358016;39149135;50246189
1522071059873;10824;7136;886;246358016;39149135;50246189
1522071059973;10834;7136;886;246358016;39149135;50246189
1522071060073;10844;7136;886;246358016;39149135;50246189
1522071060174;10854;7140;886;246358016;39149243;50246447
1522071060274;10864;7146;887;246358016;39149459;50246966
1522071060374;10874;7153;887;246358016;39149567;50247225
1522071060474;10885;7161;888;246358016;39149783;50247745
1522071060575;10895;7167;889;246358016;39149999;50248265
1522071060675;10905;7176;889;246358016;39150107;50248525
1522071060775;10915;7182;891;246358016;39150323;50249043
1522071060876;10925;7188;892;246358016;39150539;50249557
1522071060976;10935;7196;892;246358016;39150647;50249817
1522071061076;10945;7203;893;246358016;39150863;50250331
1522071061176;10955;7210;894;246358016;39150971;50250589
1522071061276;10965;7218;895;246358016;39151187;50251108
1522071061376;10975;7224;896;246358016;39151403;50251628
1522071061477;10985;7231;896;246358016;39151511;50251886
1522071061577;10995;7239;897;246358016;39151727;50252407
1522071061677;11005;7245;898;246358016;39151943;50252926
1522071061777;11015;7251;899;246358016;39152159;50253443
1522071061877;11025;7259;899;246358016;39152267;50253703
1522071061977;11035;7267;900;246358016;39152483;50254220
1522071062077;11045;7273;902;246358016;39152699;50254739
1522071062178;11055;7280;902;246358016;39152807;50254999
1522071062278;11065;7287;904;246358016;39153023;50255514
1522071062378;11075;7294;904;246358016;39153239;50256033
1522071062478;11085;7302;905;246358016;39153347;50256293
1522071062579;11095;7309;905;246358016;39153563;50256810
1522071062679;11105;7316;906;246358016;39153671;50257069
1522071062779;11115;7323;907;246358016;39153887;50257588
1522071062880;11125;7329;908;246358016;39154103;50258107
1522071062980;11135;7337;909;246358016;39154211;50258366
1522071063080;11145;7343;910;246358016;39154427;50258887
1522071063180;11155;7349;910;246358016;39154643;50259413
1522071063280;11165;7356;912;246358016;39154751;50259681
1522071063380;11175;7363;913;246358016;39154967;50260213
1522071063481;11185;7368;914;246358016;39155183;50260747
1522071063581;11195;7376;916;246358016;39155291;50261013
1522071063681;11205;7381;918;246358016;39155507;50261545
1522071063782;11215;7388;918;246358016;39155723;50262075
1522071063882;11225;7395;919;246358016;39155831;50262340
1522071063982;11235;7402;920;246358016;39156047;50262868
1522071064082;11245;7409;920;246358016;39156263;50263404
1522071064182;11255;7415;921;246358016;39156479;50263879
1522071064282;11265;7424;922;246358016;39156587;50264196
1522071064382;11275;7430;923;246358016;39156803;50264724
1522071064482;11285;7438;923;246358016;39156911;50264988
1522071064582;11295;7446;924;246358016;39157127;50265517
1522071064683;11305;7452;924;246358016;39157343;50266045
1522071064783;11315;7458;927;246358016;39157451;50266309
1522071064883;11325;7465;928;246358016;39157667;50266839
1522071064983;11335;7470;929;246358016;39157883;50267367
1522071065084;11345;7477;930;246358016;39158099;50267899
1522071065184;11355;7484;931;246358016;39158207;50268167
1522071065284;11366;7491;932;246358016;39158423;50268695
1522071065384;11375;7497;933;246358016;39158639;50269223
1522071065484;11386;7503;934;246358016;39158747;50269487
1522071065584;11395;7510;934;246358016;39158963;50270019
1522071065684;11405;7516;935;246358016;39159179;50270549
1522071065784;11415;7523;936;246358016;39159287;50270811
1522071065884;11426;7530;936;246358016;39159503;50271340
1522071065984;11435;7538;937;246358016;39159611;50271603
1522071066085;11446;7546;938;246358016;39159827;50272133
1522071066185;11456;7555;938;246358016;39159935;50272399
1522071066285;11466;7562;938;246358016;39160151;50272926
1522071066385;11476;7568;940;246358016;39160367;50273450
1522071066486;11486;7574;942;246358016;39160583;50273977
1522071066586;11496;7582;942;246358016;39160691;50274240
1522071066686;11506;7588;944;246358016;39160907;50274766
1522071066786;11516;7596;944;246358016;39161015;50275031
1522071066886;11526;7602;945;246358016;39161231;50275561
1522071066986;11536;7608;947;246358016;39161447;50276092
1522071067086;11546;7615;948;246358016;39161605;50276354
1522071067187;11556;7622;950;246358016;39161867;50276884
1522071067287;11566;7627;952;246358016;39162083;50277416
1522071067387;11576;7634;952;246358016;39162299;50277943
1522071067488;11586;7640;954;246358016;39162515;50278475
1522071067588;11596;7646;954;246358016;39162623;50278740
1522071067688;11606;7654;956;246358016;39162839;50279270
1522071067789;11616;7660;956;246358016;39163055;50279797
1522071067890;11626;7666;958;246358016;39163271;50280327
1522071067990;11636;7674;958;246358016;39163379;50280592
1522071068091;11646;7680;959;246358016;39163595;50281120
1522071068191;11656;7687;960;246358016;39163811;50281646
1522071068291;11666;7695;960;246358016;39163919;50281909
1522071068391;11676;7702;961;246358016;39164135;50282438
1522071068491;11686;7707;963;246358016;39164351;50282964
1522071068591;11696;7714;964;246358016;39164567;50283494
1522071068692;11706;7720;966;246358016;39164675;50283761
1522071068792;11716;7727;966;246358016;39164891;50284291
1522071068892;11726;7733;968;246358016;39165107;50284826
1522071068992;11736;7738;970;246358016;39165323;50285357
1522071069092;11746;7745;970;246358016;39165539;50285886
1522071069193;11756;7753;971;246358016;39165647;50286148
1522071069293;11766;7758;973;246358016;39165863;50286681
1522071069393;11776;7764;974;246358016;39166079;50287211
1522071069493;11786;7772;974;246358016;39166187;50287474
1522071069594;11796;7779;974;246358016;39166403;50288004
1522071069694;11806;7785;976;246358016;39166619;50288530
1522071069794;11816;7792;976;246358016;39166727;50288790
1522071069894;11826;7799;977;246358016;39166943;50289301
1522071069994;11836;7806;978;246358016;39167159;50289815
1522071070094;11846;7812;979;246358016;39167375;50290328
1522071070194;11857;7818;980;246358016;39167591;50290792
1522071070294;11866;7825;982;246358016;39167699;50291100
1522071070394;11876;7831;982;246358016;39167915;50291617
1522071070494;11887;7838;982;246358016;39168131;50292132
1522071070595;11897;7845;983;246358016;39168239;50292393
1522071070695;11907;7852;984;246358016;39168455;50292911
1522071070795;11917;7859;984;246358016;39168671;50293426
1522071070895;11927;7864;986;246358016;39168779;50293684
1522071070995;11937;7872;987;246358016;39168995;50294201
1522071071095;11947;7878;987;246358016;39169211;50294717
1522071071195;11957;7885;988;246358016;39169427;50295235
1522071071296;11967;7893;988;246358016;39169535;50295493
1522071071396;11977;7900;988;246358016;39169751;50296009
1522071071496;11987;7907;989;246358016;39169967;50296524
1522071071597;11997;7913;990;246358016;39170183;50296988
1522071071697;12007;7920;991;246358016;39170291;50297297
1522071071797;12017;7927;992;246358016;39170507;50297815
1522071071898;12027;7934;992;246358016;39170723;50298332
1522071071998;12037;7941;992;246358016;39170939;50298799
1522071072098;12047;7949;992;246358016;39171047;50299110
1522071072198;12057;7955;994;246358016;39171263;50299627
1522071072298;12067;7962;994;246358016;39171479;50300146
1522071072398;12077;7969;994;246358016;39171587;50300403
1522071072498;12087;7976;995;246358016;39171803;50300921
1522071072598;12097;7981;997;246358016;39172019;50301436
1522071072701;12107;7987;999;246358016;39172127;50301696
1522071072801;12117;7995;1000;246358016;39172343;50302215
1522071072902;12127;8001;1000;246358016;39172559;50302732
1522071073002;12137;8008;1000;246358016;39172775;50303250
1522071073102;12147;8016;1001;246358016;39172883;50303507
1522071073202;12157;8022;1002;246358016;39173099;50304023
1522071073303;12167;8029;1002;246358016;39173207;50304282
1522071073403;12177;8037;1003;246358016;39173423;50304798
1522071073503;12187;8042;1005;246358016;39173639;50305318
1522071073603;12197;8048;1006;246358016;39173855;50305835
1522071073703;12207;8056;1006;246358016;39173963;50306094
1522071073803;12217;8062;1007;246358016;39174179;50306613
1522071073903;12227;8068;1008;246358016;39174395;50307130
1522071074003;12237;8074;1009;246358016;39174503;50307389
1522071074104;12247;8082;1010;246358016;39174719;50307904
1522071074204;12257;8087;1011;246358016;39174935;50308422
1522071074304;12268;8094;1012;246358016;39175151;50308937
1522071074404;12277;8101;1012;246358016;39175259;50309197
1522071074504;12288;8107;1014;246358016;39175475;50309712
1522071074604;12297;8114;1014;246358016;39175691;50310229
1522071074704;12308;8120;1015;246358016;39175799;50310486
1522071074804;12317;8126;1017;246358016;39176015;50311005
1522071074905;12328;8133;1017;246358016;39176231;50311523
1522071075005;12338;8140;1018;246358016;39176339;50311781
1522071075105;12348;8148;1018;246358016;39176555;50312299
1522071075205;12358;8154;1019;246358016;39176771;50312818
1522071075305;12368;8161;1020;246358016;39176879;50313074
1522071075405;12378;8167;1021;246358016;39177095;50313589
1522071075505;12388;8173;1022;246358016;39177311;50314106
1522071075605;12398;8180;1022;246358016;39177419;50314364
1522071075705;12408;8188;1023;246358016;39177635;50314880
1522071075805;12418;8194;1024;246358016;39177851;50315396
1522071075905;12428;8200;1024;246358016;39178067;50315910
1522071076005;12438;8207;1025;246358016;39178175;50316170
1522071076105;12448;8214;1026;246358016;39178391;50316689
1522071076205;12458;8220;1027;246358016;39178607;50317207
1522071076305;12468;8227;1028;246358016;39178715;50317466
1522071076405;12478;8234;1029;246358016;39178931;50317986
1522071076505;12488;8241;1030;246358016;39179147;50318505
1522071076606;12498;8248;1031;246358016;39179255;50318763
1522071076706;12508;8255;1033;246358016;39179471;50319280
1522071076806;12518;8262;1033;246358016;39179687;50319797
1522071076906;12528;8269;1034;246358016;39179795;50320057
1522071077007;12538;8277;1034;246358016;39180011;50320575
1522071077107;12548;8283;1036;246358016;39180227;50321092
1522071077207;12558;8290;1037;246358016;39180443;50321611
1522071077307;12568;8297;1037;246358016;39180551;50321864
1522071077408;12578;8304;1038;246358016;39180767;50322382
1522071077508;12588;8312;1039;246358016;39180983;50322901
1522071077608;12598;8319;1040;246358016;39181199;50323420
1522071077708;12608;8326;1040;246358016;39181307;50323681
1522071077809;12618;8334;1042;246358016;39181523;50324199
1522071077909;12628;8340;1043;246358016;39181739;50324717
1522071078009;12638;8346;1044;246358016;39181955;50325234
1522071078109;12648;8354;1044;246358016;39182517;50325493
1522071078210;12658;8361;1045;246358016;39182783;50326010
1522071078310;12668;8368;1046;246358016;39182999;50326530
1522071078410;12678;8376;1046;246358016;39183107;50326789
1522071078510;12688;8382;1048;246358016;39183323;50327307
1522071078611;12698;8389;1049;246358016;39183539;50327821
1522071078711;12708;8396;1050;246358016;39183647;50328080
1522071078811;12718;8402;1052;246358016;39183863;50328597
1522071078911;12728;8409;1052;246358016;39184079;50329115
1522071079012;12738;8418;1052;246358016;39184369;50329374
1522071079112;12748;8426;1053;246358016;39184585;50329895
1522071079213;12758;8433;1053;246358016;39186735;50330154
1522071079313;12768;8440;1054;246358016;39186951;50330668
1522071079413;12778;8448;1054;246358016;39187167;50331135
1522071079514;12788;8456;1055;246358016;39187275;50331444
1522071079614;12798;8463;1055;246358016;39187491;50331963
1522071079714;12809;8470;1056;246358016;39187707;50332478
1522071079815;12819;8478;1056;246358016;39187815;50332739
1522071079915;12829;8486;1057;246358016;39188031;50333256
1522071080015;12839;8493;1058;246358016;39188247;50333773
1522071080115;12849;8499;1059;246358016;39188463;50334290
1522071080216;12859;8505;1061;246358016;39188571;50334549
1522071080316;12869;8512;1062;246358016;39188787;50335066
1522071080417;12879;8519;1063;246358016;39189003;50335584
1522071080518;12889;8526;1064;246358016;39189219;50336101
1522071080618;12899;8534;1064;246358016;39189327;50336358
1522071080718;12909;8542;1064;246358016;39189543;50336878
1522071080819;12919;8550;1065;246358016;39189651;50337138
1522071080919;12929;8556;1067;246358016;39189759;50337398
1522071081019;12939;8564;1068;246358016;39189975;50337915
1522071081119;12949;8571;1068;246358016;39190191;50338383
1522071081219;12959;8577;1070;246358016;39190299;50338694
1522071081319;12969;8585;1070;246358016;39190515;50339210
1522071081419;12979;8592;1072;246358016;39190623;50339468
1522071081520;12989;8598;1074;246358016;39190839;50339987
1522071081620;12999;8605;1075;246358016;39190947;50340245
1522071081720;13009;8612;1076;246358016;39191163;50340764
1522071081820;13019;8619;1076;246358016;39191271;50341024
1522071081920;13029;8626;1078;246358016;39191487;50341540
1522071082020;13039;8632;1078;246358016;39191909;50342059
1522071082120;13049;8638;1080;246358016;39192225;50342576
1522071082220;13059;8645;1081;246358016;39192441;50343094
1522071082320;13069;8652;1082;246358016;39192549;50343354
1522071082420;13079;8659;1084;246358016;39192765;50343872
1522071082520;13089;8665;1085;246358016;39192981;50344389
1522071082620;13099;8672;1085;246358016;39193197;50344906
1522071082720;13109;8678;1087;246358016;39193413;50345424
1522071082820;13119;8685;1088;246358016;39193629;50345940
1522071082920;13129;8691;1090;246358016;39193737;50346198
1522071083021;13139;8697;1090;246358016;39193953;50346715
1522071083121;13149;8704;1091;246358016;39194169;50347234
1522071083221;13159;8712;1092;246358016;39194277;50347494
1522071083322;13169;8720;1092;246358016;39194493;50348014
1522071083422;13179;8727;1092;246358016;39194709;50348533
1522071083522;13189;8733;1093;246358016;39194925;50349052
1522071083622;13199;8740;1094;246358016;39195033;50349311
1522071083723;13209;8747;1095;246358016;39195249;50349828
1522071083823;13219;8754;1096;246358016;39195465;50350348
1522071083923;13229;8760;1098;246358016;39195681;50350865
1522071084023;13239;8767;1098;246358016;39195789;50351121
1522071084124;13249;8776;1098;246358016;39196005;50351639
1522071084224;13259;8782;1100;246358016;39196221;50352156
1522071084324;13269;8788;1102;246358016;39196329;50352415
1522071084424;13280;8795;1104;246358016;39196545;50352934
1522071084524;13289;8802;1105;246358016;39196653;50353194
1522071084624;13300;8810;1106;246358016;39196761;50353454
1522071084724;13309;8815;1108;246358016;39196977;50353969
1522071084824;13320;8821;1110;246358016;39197193;50354489
1522071084924;13330;8828;1110;246358016;39197409;50354956
1522071085024;13339;8836;1111;246358016;39197517;50355267
1522071085125;13350;8843;1112;246358016;39197733;50355787
1522071085225;13360;8850;1113;246358016;39197949;50356306
1522071085325;13370;8857;1115;246358016;39198057;50356563
1522071085425;13380;8863;1116;246358016;39198273;50357083
1522071085525;13390;8870;1116;246358016;39198381;50357343
1522071085625;13400;8876;1118;246358016;39198489;50357603
1522071085725;13410;8883;1119;246358016;39198705;50358121
1522071085826;13420;8890;1120;246358016;39198921;50358640
1522071085926;13430;8896;1120;246358016;39199137;50359159
1522071086026;13440;8904;1122;246358016;39199245;50359418
1522071086126;13450;8911;1122;246358016;39199461;50359936
1522071086227;13460;8918;1122;246358016;39200065;50360454
1522071086327;13470;8925;1123;246358016;39200281;50360970
1522071086427;13480;8932;1124;246358016;39200389;50361229
1522071086527;13490;8938;1126;246358016;39200605;50361745
1522071086627;13500;8945;1127;246358016;39200821;50362261
1522071086727;13510;8951;1128;246358016;39201037;50362779
1522071086827;13520;8958;1129;246358016;39201253;50363298
1522071086927;13530;8966;1129;246358016;39201361;50363557
1522071087028;13540;8972;1130;246358016;39201577;50364076
1522071087128;13550;8980;1131;246358016;39201685;50364336
1522071087228;13560;8987;1132;246358016;39201901;50364855
1522071087328;13570;8996;1132;246358016;39202009;50365116
1522071087429;13580;9003;1132;246358016;39202225;50365633
1522071087529;13590;9010;1132;246358016;39202441;50366100
1522071087629;13600;9018;1133;246358016;39202549;50366411
1522071087730;13610;9025;1134;246358016;39202765;50366929
1522071087830;13620;9032;1134;246358016;39202981;50367446
1522071087930;13630;9040;1134;246358016;39203089;50367705
1522071088030;13640;9048;1135;246358016;39203197;50367964
1522071088130;13650;9054;1137;246358016;39203413;50368481
1522071088230;13660;9061;1138;246358016;39203629;50368999
1522071088330;13670;9069;1138;246358016;39203737;50369258
1522071088430;13680;9076;1139;246358016;39203953;50369778
1522071088530;13690;9083;1140;246358016;39204169;50370294
1522071088630;13700;9089;1141;246358016;39204385;50370812
1522071088730;13710;9096;1142;246358016;39204493;50371071
1522071088830;13720;9103;1143;246358016;39204709;50371588
1522071088930;13730;9109;1144;246358016;39204925;50372104
1522071089030;13740;9116;1146;246358016;39205033;50372362
1522071089130;13750;9122;1148;246358016;39205249;50372877
1522071089231;13760;9128;1149;246358016;39205465;50373396
1522071089331;13770;9134;1151;246358016;39205681;50373915
1522071089431;13780;9141;1152;246358016;39205789;50374173
1522071089531;13790;9147;1154;246358016;39206005;50374693
1522071089631;13800;9154;1154;246358016;39206221;50375212
1522071089732;13810;9161;1155;246358016;39206437;50375731
1522071089832;13820;9169;1155;246358016;39206545;50375990
1522071089932;13830;9175;1157;246358016;39206761;50376506
1522071090032;13840;9181;1158;246358016;39206977;50377022
1522071090132;13850;9191;1158;246358016;39207085;50377281
1522071090233;13860;9198;1158;246358016;39207301;50377799
1522071090333;13870;9206;1159;246358016;39207409;50378059
1522071090433;13880;9213;1160;246358016;39207625;50378578
1522071090533;13890;9220;1160;246358016;39207841;50379047
1522071090633;13900;9226;1162;246358016;39207949;50379357
1522071090733;13910;9231;1163;246358016;39208165;50379877
1522071090833;13920;9239;1163;246358016;39208273;50380137
1522071090933;13930;9246;1164;246358016;39208489;50380654
1522071091034;13940;9253;1164;246358016;39208705;50381170
1522071091134;13950;9260;1165;246358016;39208813;50381429
1522071091234;13960;9268;1166;246358016;39209029;50381948
1522071091335;13971;9275;1166;246358016;39209137;50382208
1522071091435;13981;9281;1168;246358016;39209353;50382728
1522071091535;13991;9287;1169;246358016;39209569;50383244
1522071091635;14001;9295;1170;246358016;39209677;50383502
1522071091736;14011;9302;1170;246358016;39209893;50384018
1522071091836;14021;9308;1172;246358016;39210109;50384533
1522071091937;14031;9316;1172;246358016;39210217;50384790
1522071092037;14041;9323;1172;246358016;39210433;50385310
1522071092137;14051;9331;1173;246358016;39210541;50385569
1522071092238;14061;9338;1174;246358016;39210757;50386088
1522071092338;14071;9344;1174;246358016;39210973;50386605
1522071092438;14081;9351;1176;246358016;39211081;50386864
1522071092538;14091;9358;1177;246358016;39211297;50387381
1522071092638;14101;9366;1178;246358016;39211405;50387640
1522071092739;14111;9372;1179;246358016;39211621;50388158
1522071092839;14121;9378;1180;246358016;39211837;50388624
1522071092939;14131;9384;1182;246358016;39211945;50388934
1522071093040;14141;9390;1184;246358016;39212161;50389453
1522071093140;14151;9398;1184;246358016;39212269;50389712
1522071093240;14161;9404;1186;246358016;39212485;50390231
1522071093340;14171;9412;1186;246358016;39212593;50390489
1522071093441;14181;9419;1188;246358016;39212809;50391008
1522071093541;14191;9426;1188;246358016;39213025;50391474
1522071093641;14201;9434;1189;246358016;39213133;50391784
1522071093741;14211;9440;1190;246358016;39213349;50392301
1522071093841;14221;9447;1191;246358016;39213457;50392560
1522071093941;14231;9453;1192;246358016;39213673;50393080
1522071094042;14241;9460;1193;246358016;39213781;50393339
1522071094142;14251;9467;1194;246358016;39213997;50393857
1522071094243;14261;9474;1194;246358016;39214213;50394376
1522071094343;14271;9482;1195;246358016;39214321;50394635
1522071094443;14281;9490;1195;246358016;39214537;50395152
1522071094543;14291;9496;1195;246358016;39214753;50395670
1522071094644;14301;9503;1197;246358016;39214861;50395927
1522071094744;14311;9510;1197;246358016;39215077;50396440
1522071094844;14322;9516;1198;246358016;39215293;50396958
1522071094944;14331;9524;1198;246358016;39215401;50397219
1522071095045;14342;9531;1199;246358016;39215617;50397733
1522071095145;14352;9538;1200;246358016;39215833;50398251
1522071095245;14362;9546;1201;246358016;39215941;50398509
1522071095345;14372;9552;1201;246358016;39216157;50399029
1522071095449;14382;9560;1201;246358016;39216373;50399548
1522071095549;14392;9568;1202;246358016;39216481;50399807
1522071095649;14402;9574;1202;246358016;39216697;50400325
1522071095750;14412;9582;1203;246358016;39216805;50400585
1522071095850;14422;9588;1204;246358016;39217021;50401102
1522071095950;14432;9594;1206;246358016;39217237;50401615
1522071096050;14442;9602;1207;246358016;39217345;50401872
1522071096151;14452;9608;1208;246358016;39217561;50402388
1522071096251;14462;9615;1208;246358016;39217777;50402903
1522071096351;14472;9622;1209;246358016;39217885;50403162
1522071096452;14482;9630;1209;246358016;39218101;50403677
1522071096552;14492;9635;1211;246358016;39218317;50404194
1522071096652;14502;9642;1212;246358016;39218533;50404709
1522071096752;14512;9649;1213;246358016;39218641;50404965
1522071096852;14522;9655;1214;246358016;39218857;50405481
1522071096952;14532;9662;1214;246358016;39219073;50405998
1522071097052;14542;9669;1215;246358016;39219231;50406256
1522071097152;14552;9676;1216;246358016;39219447;50406774
1522071097253;14562;9682;1218;246358016;39219695;50407273
1522071097353;14572;9689;1219;246358016;39219803;50407582
1522071097453;14582;9695;1221;246358016;39220019;50408099
1522071097553;14592;9703;1222;246358016;39220127;50408358
1522071097654;14602;9711;1222;246358016;39220343;50408874
1522071097754;14612;9718;1222;246358016;39220559;50409396
1522071097854;14622;9725;1224;246358016;39220667;50409656
1522071097954;14633;9732;1224;246358016;39220883;50410174
1522071098055;14643;9740;1224;246358016;39221099;50410692
1522071098155;14653;9745;1225;246358016;39221207;50410952
1522071098255;14663;9752;1225;246358016;39221423;50411470
1522071098355;14673;9760;1225;246358016;39221531;50411728
1522071098456;14683;9767;1225;246358016;39221747;50412244
1522071098556;14693;9774;1226;246358016;39221855;50412504
1522071098656;14703;9780;1227;246358016;39222071;50413020
1522071098756;14713;9787;1228;246358016;39222179;50413281
1522071098856;14723;9794;1228;246358016;39222395;50413798
1522071098956;14733;9800;1229;246358016;39222503;50414056
1522071099056;14743;9807;1229;246358016;39222719;50414573
1522071099156;14753;9812;1231;246358016;39222935;50415090
1522071099256;14763;9818;1232;246358016;39223151;50415605
1522071099356;14773;9824;1235;246358016;39223259;50415866
1522071099457;14783;9829;1236;246358016;39223475;50416383
1522071099557;14793;9836;1237;246358016;39223583;50416644
1522071099657;14803;9842;1238;246358016;39223799;50417163
1522071099757;14813;9848;1239;246358016;39223907;50417423
1522071099857;14823;9856;1239;246358016;39224123;50417942
1522071099957;14833;9861;1240;246358016;39224339;50418406
1522071100057;14843;9869;1241;246358016;39224447;50418718
1522071100157;14853;9874;1242;246358016;39224663;50419187
1522071100257;14863;9882;1242;246358016;39224771;50419499
1522071100358;14873;9888;1244;246358016;39224987;50420016
1522071100458;14883;9896;1244;246358016;39225095;50420274
1522071100558;14893;9902;1246;246358016;39225311;50420791
1522071100658;14903;9908;1246;246358016;39225527;50421309
1522071100759;14913;9915;1247;246358016;39225635;50421569
1522071100859;14923;9920;1248;246358016;39225851;50422090
1522071100959;14933;9928;1249;246358016;39225959;50422348
1522071101059;14943;9934;1250;246358016;39226175;50422865
1522071101161;14953;9940;1251;246358016;39226391;50423385
1522071101261;14963;9947;1252;246358016;39226499;50423646
1522071101361;14973;9952;1254;246358016;39226715;50424164
1522071101462;14983;9958;1254;246358016;39226931;50424630
1522071101562;14993;9966;1256;246358016;39227039;50424941
1522071101662;15003;9972;1256;246358016;39227255;50425458
1522071101762;15013;9978;1258;246358016;39227363;50425716
1522071101862;15023;9985;1259;246358016;39227579;50426236
1522071101963;15033;9993;1260;246358016;39227687;50426494
1522071102063;15043;9999;1260;246358016;39227903;50427007
1522071102163;15053;10005;1261;246358016;39228011;50427266
1522071102263;15063;10012;1263;246358016;39228227;50427787
1522071102364;15073;10018;1263;246358016;39228443;50428306
1522071102465;15084;10025;1263;246358016;39228659;50428775
1522071102565;15094;10032;1265;246358016;39228767;50429086
1522071102666;15104;10037;1266;246358016;39228983;50429603
1522071102766;15114;10044;1266;246358016;39229091;50429863
1522071102866;15124;10052;1266;246358016;39229307;50430381
1522071102966;15134;10061;1267;246358016;39229415;50430640
1522071103067;15144;10067;1268;246358016;39229631;50431161
1522071103167;15154;10073;1268;246358016;39229847;50431678
1522071103267;15164;10080;1270;246358016;39229955;50431938
1522071103367;15174;10086;1270;246358016;39230063;50432198
1522071103468;15184;10094;1271;246358016;39230279;50432718
1522071103568;15194;10100;1272;246358016;39230495;50433238
1522071103668;15204;10107;1273;246358016;39230603;50433499
1522071103768;15214;10113;1273;246358016;39230819;50434015
1522071103868;15224;10120;1274;246358016;39230927;50434275
1522071103968;15234;10126;1274;246358016;39231143;50434792
1522071104068;15244;10132;1276;246358016;39231251;50435051
1522071104168;15254;10139;1276;246358016;39231467;50435573
1522071104268;15264;10144;1278;246358016;39231683;50436093
1522071104368;15274;10151;1278;246358016;39231791;50436354
1522071104468;15284;10158;1279;246358016;39232007;50436870
1522071104568;15294;10164;1280;246358016;39232223;50437386
1522071104669;15304;10171;1281;246358016;39232331;50437643
1522071104769;15314;10177;1282;246358016;39232547;50438160
1522071104870;15324;10183;1283;246358016;39232655;50438417
1522071104970;15334;10190;1284;246358016;39232871;50438935
1522071105070;15344;10196;1284;246358016;39233087;50439454
1522071105170;15354;10204;1284;246358016;39233195;50439712
1522071105271;15364;10210;1285;246358016;39233411;50440233
1522071105371;15374;10216;1286;246358016;39233519;50440491
1522071105471;15384;10224;1287;246358016;39233735;50441007
1522071105571;15394;10230;1288;246358016;39233951;50441521
1522071105671;15404;10238;1288;246358016;39234059;50441780
1522071105771;15414;10245;1288;246358016;39234275;50442298
1522071105873;15424;10251;1289;246358016;39234491;50442816
1522071105973;15434;10258;1290;246358016;39234599;50443075
1522071106073;15444;10264;1291;246358016;39234815;50443593
1522071106173;15454;10271;1292;246358016;39234923;50443852
1522071106273;15464;10277;1292;246358016;39235139;50444370
1522071106373;15474;10283;1294;246358016;39235247;50444628
1522071106473;15484;10290;1294;246358016;39235463;50445148
1522071106573;15494;10296;1294;246358016;39235571;50445408
1522071106673;15504;10296;1294;246358016;39235571;50445408
1522071106774;15514;10296;1294;246358016;39235571;50445408
1522071106874;15524;10297;1294;246358016;39235571;50445408
1522071106974;15535;10297;1294;246358016;39235571;50445408
1522071107075;15545;10297;1294;246358016;39235571;50445408
1522071107175;15555;10297;1294;246358016;39235571;50445408
1522071107275;15565;10297;1294;246358016;39235571;50445408
1522071107376;15575;10297;1294;246358016;39235571;50445408
1522071107476;15585;10298;1294;246358016;39235679;50445666
1522071107576;15595;10304;1296;246358016;39235895;50446182
1522071107676;15605;10312;1296;246358016;39236003;50446442
1522071107776;15615;10317;1298;246358016;39236219;50446960
1522071107876;15625;10326;1298;246358016;39236327;50447217
1522071107977;15635;10334;1298;246358016;39236543;50447736
1522071108077;15645;10341;1299;246358016;39236759;50448255
1522071108177;15655;10347;1300;246358016;39236975;50448772
1522071108278;15665;10356;1300;246358016;39237083;50449032
1522071108378;15675;10363;1300;246358016;39237299;50449551
1522071108478;15685;10370;1302;246358016;39237515;50450069
1522071108578;15695;10376;1303;246358016;39237623;50450330
1522071108679;15705;10384;1304;246358016;39237839;50450845
1522071108779;15715;10391;1304;246358016;39238055;50451363
1522071108879;15725;10398;1306;246358016;39238163;50451621
1522071108979;15735;10406;1306;246358016;39238379;50452139
1522071109079;15745;10412;1307;246358016;39238595;50452657
1522071109179;15755;10419;1308;246358016;39238703;50452918
1522071109280;15765;10426;1309;246358016;39238919;50453436
1522071109380;15775;10433;1310;246358016;39239135;50453954
1522071109480;15785;10439;1311;246358016;39239351;50454475
1522071109580;15795;10448;1312;246358016;39239459;50454734
1522071109680;15805;10454;1312;246358016;39239675;50455253
1522071109780;15815;10461;1314;246358016;39239783;50455512
1522071109880;15825;10468;1315;246358016;39239999;50456031
1522071109980;15835;10473;1317;246358016;39240215;50456549
1522071110080;15845;10478;1319;246358016;39240431;50457067
1522071110180;15855;10487;1319;246358016;39240539;50457323
1522071110280;15865;10494;1320;246358016;39240755;50457839
1522071110380;15875;10500;1321;246358016;39240971;50458357
1522071110480;15885;10506;1322;246358016;39241079;50458617
1522071110580;15895;10512;1324;246358016;39241295;50459134
1522071110680;15905;10519;1325;246358016;39241511;50459652
1522071110780;15915;10524;1327;246358016;39241727;50460171
1522071110880;15925;10531;1328;246358016;39241943;50460686
1522071110980;15935;10538;1329;246358016;39242051;50460946
1522071111081;15945;10546;1330;246358016;39242267;50461462
1522071111181;15955;10552;1330;246358016;39242483;50461980
1522071111281;15965;10559;1331;246358016;39242699;50462500
1522071111381;15975;10567;1331;246358016;39242807;50462759
1522071111481;15985;10574;1332;246358016;39243023;50463279
1522071111582;15995;10582;1332;246358016;39243239;50463799
1522071111682;16005;10588;1334;246358016;39243455;50464318
1522071111782;16015;10596;1334;246358016;39243563;50464577
1522071111882;16025;10603;1334;246358016;39243779;50465091
1522071111982;16035;10610;1335;246358016;39243995;50465611
1522071112082;16045;10618;1335;246358016;39244185;50465902
1522071112183;16055;10625;1336;246358016;39244401;50466422
1522071112285;16066;10631;1338;246358016;39244617;50466942
1522071112385;16076;10637;1339;246358016;39244833;50467463
1522071112485;16086;10646;1339;246358016;39244941;50467725
1522071112585;16096;10652;1340;246358016;39245157;50468240
1522071112685;16106;10660;1341;246358016;39245373;50468757
1522071112785;16116;10667;1342;246358016;39245481;50469015
1522071112886;16126;10674;1343;246358016;39245697;50469531
1522071112986;16136;10682;1344;246358016;39245805;50469789
1522071113086;16146;10689;1345;246358016;39246021;50470310
1522071113186;16156;10695;1347;246358016;39246237;50470828
1522071113287;16166;10701;1348;246358016;39246453;50471344
1522071113387;16176;10708;1349;246358016;39246669;50471865
1522071113487;16186;10716;1349;246358016;39246777;50472123
1522071113588;16196;10722;1350;246358016;39246993;50472640
1522071113688;16206;10729;1352;246358016;39247209;50473159
1522071113789;16216;10735;1353;246358016;39247425;50473675
1522071113889;16226;10742;1354;246358016;39247533;50473935
1522071113989;16236;10748;1356;246358016;39247749;50474456
1522071114090;16246;10754;1358;246358016;39247965;50474977
1522071114190;16256;10761;1359;246358016;39248073;50475236
