currentTs;total_time;user_time;sys_time;virtual_size;in_octets;out_octets
1520090786725;1;0;0;13340672;441265;954493
1520090786825;11;9;1;302473216;441265;954493
1520090786925;21;19;1;306909184;441265;954493
1520090787025;31;29;1;306909184;441265;954493
1520090787125;41;41;3;312807424;441265;954493
1520090787226;51;53;3;313946112;441265;954493
1520090787327;61;64;3;313946112;441265;954493
1520090787428;71;79;3;313946112;441265;954493
1520090787529;81;89;4;313946112;441265;954493
1520090787629;91;97;5;313946112;441265;954493
1520090787729;101;107;6;313946112;441265;954493
1520090787829;111;121;7;314019840;441265;954493
1520090787929;122;130;9;314019840;441265;954493
1520090788029;132;140;10;314019840;441265;954493
1520090788129;142;153;10;314019840;441265;954493
1520090788229;152;165;10;314019840;441265;954493
1520090788329;162;175;12;343498752;441265;954493
1520090788429;172;186;12;343588864;441265;954493
1520090788529;182;198;13;345292800;441265;954493
1520090788629;192;208;13;345292800;441265;954493
1520090788729;202;220;13;345292800;441265;954493
1520090788829;212;233;13;345292800;441265;954493
1520090788929;222;242;14;345292800;441526;954758
1520090789029;232;254;15;346341376;442062;954977
1520090789129;242;264;15;347389952;442062;954977
1520090789229;252;274;16;347389952;442062;954977
1520090789329;262;285;16;347389952;442062;954977
1520090789429;272;296;16;347389952;442062;954977
1520090789529;282;307;16;347389952;442062;954977
1520090789629;292;317;16;347389952;442062;954977
1520090789729;302;327;16;348438528;442062;954977
1520090789829;312;341;16;348438528;442062;954977
1520090789929;322;351;17;348438528;442062;954977
1520090790029;332;360;18;348438528;442062;954977
1520090790129;342;371;18;348438528;442108;955029
1520090790229;352;382;18;348438528;442500;955167
1520090790329;362;393;18;348438528;442500;955167
1520090790429;372;404;18;349487104;442500;955167
1520090790529;382;414;18;349552640;442500;955167
1520090790629;392;425;18;349552640;442500;955167
1520090790729;402;436;18;349552640;442500;955167
1520090790829;412;450;18;351649792;442500;955167
1520090790929;422;461;18;351649792;442500;955167
1520090791029;432;472;18;352698368;442500;955167
1520090791129;442;483;18;353026048;442500;955167
1520090791229;452;495;18;353177600;442500;955167
1520090791329;462;505;18;353271808;442546;955219
1520090791429;472;518;19;353419264;442546;955219
1520090791529;482;531;19;353419264;442546;955219
1520090791629;492;541;19;353419264;442546;955219
1520090791729;502;551;19;353419264;442635;955219
1520090791829;512;562;19;353419264;442635;955219
1520090791929;522;573;19;354467840;442635;955219
1520090792029;532;586;19;354467840;442751;955331
1520090792129;542;597;19;354467840;442751;955331
1520090792229;552;608;19;354467840;442751;955331
1520090792329;562;619;19;354467840;442797;955383
1520090792429;572;629;19;354467840;443263;955623
1520090792529;582;640;19;354467840;443263;955623
1520090792629;592;651;19;354467840;443263;955623
1520090792729;602;663;19;354467840;443904;955902
1520090792829;612;682;19;354467840;444370;956142
1520090792929;622;703;20;355516416;445328;957461
1520090793029;632;715;20;355516416;445656;958255
1520090793129;642;727;20;355516416;445984;958994
1520090793229;652;738;20;355516416;446312;959731
1520090793329;662;752;20;355516416;446640;960471
1520090793429;672;765;20;355516416;446968;961211
1520090793529;682;777;20;355516416;447342;962002
1520090793629;692;790;20;355516416;447846;963176
1520090793729;702;801;21;355516416;448286;963967
1520090793829;712;813;21;355516416;448706;964812
1520090793929;722;828;21;355516416;449086;965870
1520090794029;732;842;21;355516416;449526;966664
1520090794129;742;856;21;355516416;449854;967405
1520090794229;752;871;21;355516416;450346;968513
1520090794329;762;886;21;355516416;450838;969625
1520090794429;772;897;21;355516416;451166;970364
1520090794529;782;910;21;355516416;451658;971474
1520090794629;792;922;22;355516416;452150;972587
1520090794729;802;932;24;355516416;452576;973697
1520090794829;812;943;24;355516416;453016;974490
1520090794929;822;959;24;355516416;453600;975705
1520090795029;832;972;24;355516416;453928;976445
1520090795129;842;985;24;355516416;454420;977554
1520090795229;852;997;24;355516416;454912;978665
1520090795329;862;1010;24;355516416;455404;979776
1520090795429;872;1021;24;355516416;455896;980889
1520090795529;882;1036;25;355516416;456388;981999
1520090795629;892;1047;25;355516416;456716;982739
1520090795729;902;1059;26;355516416;457208;983852
1520090795829;912;1072;27;355516416;457746;985016
1520090795929;922;1083;28;355516416;458238;986132
1520090796029;932;1094;29;355516416;458822;987349
1520090796129;942;1107;29;355516416;459314;988463
1520090796229;952;1119;29;355516416;459806;989576
1520090796329;962;1132;29;355516416;460186;990634
1520090796429;972;1146;29;355516416;460626;991428
1520090796529;982;1158;29;355516416;461118;992540
1520090796629;992;1170;29;355516416;461610;993651
1520090796729;1002;1181;30;355516416;462102;994764
1520090796829;1012;1192;30;355516416;462982;995876
1520090796929;1022;1207;30;355516416;463644;997156
1520090797029;1032;1220;30;355516416;464136;998268
1520090797129;1042;1233;30;355516416;464720;999485
1520090797229;1052;1244;31;355516416;465212;1000599
1520090797329;1062;1256;31;355516416;465704;1001712
1520090797429;1072;1267;31;355516416;466196;1002824
1520090797529;1082;1282;31;355516416;466688;1003936
1520090797629;1092;1292;32;355516416;467180;1005049
1520090797729;1102;1304;32;355516416;467672;1006159
1520090797829;1112;1315;32;355516416;468260;1007272
1520090797929;1122;1327;33;355516416;468752;1008384
1520090798029;1132;1339;33;355516416;469786;1009548
1520090798129;1142;1353;33;355516416;470278;1010659
1520090798229;1152;1365;33;355516416;470862;1011878
1520090798329;1162;1377;35;355516416;471354;1012991
1520090798429;1172;1391;35;355516416;471846;1014104
1520090798529;1182;1402;35;355516416;472338;1015215
1520090798629;1192;1414;35;355516416;472876;1016326
1520090798729;1202;1426;35;355516416;473368;1017437
1520090798829;1212;1439;35;355516416;473860;1018548
1520090798929;1222;1452;36;355516416;474352;1019660
1520090799029;1232;1463;36;355516416;474844;1020771
1520090799129;1242;1474;36;355516416;475434;1022254
1520090799229;1252;1485;36;355516416;476038;1023418
1520090799329;1262;1497;36;355516416;476622;1024635
1520090799429;1272;1509;36;355516416;477114;1025750
1520090799529;1282;1521;37;355516416;477606;1026864
1520090799629;1292;1535;37;355516416;478098;1027976
1520090799729;1302;1547;37;355516416;478590;1029089
1520090799829;1312;1558;37;355516416;479082;1030201
1520090799929;1322;1569;37;355516416;479574;1031313
1520090800029;1332;1580;38;355516416;480066;1032426
1520090800129;1342;1591;39;355516416;480558;1033538
1520090800229;1352;1602;39;355516416;481050;1034963
1520090800329;1362;1617;39;355516416;481830;1036245
1520090800429;1372;1629;40;355516416;482414;1037459
1520090800529;1382;1644;40;355516416;482906;1038570
1520090800629;1392;1656;40;355516416;483398;1039683
1520090800729;1402;1667;41;355516416;483890;1040795
1520090800829;1412;1678;41;355516416;484382;1041906
1520090800929;1422;1688;42;355516416;484874;1043018
1520090801029;1432;1698;43;355516416;485366;1044129
1520090801129;1442;1710;43;355516416;485910;1045559
1520090801229;1452;1721;43;355516416;486514;1046719
1520090801329;1462;1732;44;355516416;487006;1047832
1520090801429;1472;1742;45;355516416;487544;1048997
1520090801529;1482;1754;46;355516416;488128;1050214
1520090801629;1492;1772;46;355516416;488620;1051328
1520090801729;1502;1784;46;355516416;489112;1052436
1520090801829;1512;1795;46;355516416;489604;1053550
1520090801929;1522;1806;47;355516416;490096;1054658
1520090802029;1532;1817;47;355516416;490752;1056140
1520090802129;1542;1827;48;355516416;491244;1057252
1520090802229;1552;1839;48;355516416;491736;1058364
1520090802329;1562;1852;48;355516416;492228;1059477
1520090802429;1572;1864;48;355516416;492720;1060589
1520090802529;1582;1874;49;355516416;493212;1061700
1520090802629;1592;1885;50;355516416;493750;1062861
1520090802729;1602;1897;50;355516416;494334;1064081
1520090802829;1612;1907;51;355516416;494826;1065192
1520090802929;1622;1919;51;355516416;495318;1066306
1520090803029;1632;1931;51;355516416;495810;1067413
1520090803129;1642;1944;52;355516416;496302;1068525
1520090803229;1652;1960;52;355516416;496794;1069639
1520090803329;1662;1975;53;355516416;497286;1070754
1520090803429;1672;1985;54;355516416;497778;1071869
1520090803529;1682;1996;54;355516416;498270;1072980
1520090803629;1692;2006;55;355516416;499050;1074580
1520090803729;1702;2017;55;355516416;499634;1075798
1520090803829;1712;2029;55;355516416;500126;1076912
1520090803929;1722;2041;55;355516416;500618;1078026
1520090804029;1732;2051;56;355516416;501162;1079457
1520090804129;1742;2062;56;355516416;501766;1080619
1520090804229;1752;2077;56;355516416;502258;1081728
1520090804329;1762;2088;56;355516416;502750;1082842
1520090804429;1772;2099;56;355516416;503242;1083952
1520090804529;1782;2109;57;355516416;503786;1085386
1520090804629;1792;2120;57;355516416;504390;1086550
1520090804729;1802;2131;57;355516416;504928;1087715
1520090804829;1812;2142;57;355516416;505512;1088932
1520090804929;1822;2152;58;355516416;506056;1090364
1520090805029;1832;2164;58;355516416;506660;1091530
1520090805129;1842;2176;58;355516416;507152;1092641
1520090805229;1852;2185;59;355516416;507644;1093754
1520090805329;1862;2197;59;355516416;508136;1094864
1520090805429;1872;2210;59;355516416;508792;1096349
1520090805529;1882;2224;59;355516416;509284;1097462
1520090805629;1892;2236;60;355516416;509776;1098571
1520090805729;1902;2246;61;355516416;510268;1099680
1520090805829;1912;2257;61;355516416;510760;1100795
1520090805929;1922;2268;61;355516416;511462;1102330
1520090806029;1932;2281;61;355516416;512046;1103548
1520090806129;1942;2291;61;355516416;512538;1104660
1520090806229;1952;2302;61;355516416;513030;1105774
1520090806329;1962;2311;63;355516416;513574;1107204
1520090806429;1972;2323;63;355516416;514178;1108367
1520090806529;1982;2334;63;355516416;514670;1109480
1520090806629;1992;2347;63;355516416;515162;1110591
1520090806729;2002;2359;64;355516416;515654;1111703
1520090806829;2012;2370;65;355516416;516198;1113136
1520090806929;2022;2381;65;355516416;516972;1114467
1520090807029;2032;2396;65;355516416;517556;1115683
1520090807129;2042;2407;65;355516416;518048;1116794
1520090807229;2052;2418;65;355516416;518592;1118228
1520090807329;2062;2430;65;355516416;519196;1119395
1520090807429;2072;2443;65;355516416;519688;1120455
1520090807529;2082;2455;65;355516416;520180;1121620
1520090807629;2092;2463;67;355516416;520672;1122732
1520090807729;2102;2475;67;355516416;521328;1124215
1520090807829;2112;2484;68;355516416;521820;1125326
1520090807929;2122;2496;68;355516416;522312;1126437
1520090808029;2132;2508;68;355516416;522804;1127551
1520090808129;2142;2520;68;355516416;523342;1128717
1520090808229;2152;2530;69;355516416;524090;1130303
1520090808329;2162;2540;69;355516416;524582;1131411
1520090808429;2172;2550;70;355516416;525074;1132524
1520090808529;2182;2561;70;355516416;525618;1133955
1520090808629;2192;2572;70;355516416;526222;1135119
1520090808729;2202;2583;70;355516416;526714;1136228
1520090808829;2212;2593;71;355516416;527206;1137337
1520090808929;2222;2604;71;355516416;527951;1138820
1520090809029;2232;2616;71;355516416;528443;1139929
1520090809129;2242;2629;71;355516416;528935;1141044
1520090809229;2252;2638;73;355516416;529473;1142206
1520090809329;2262;2651;73;355516416;530109;1143735
1520090809429;2272;2667;73;355516416;530713;1144903
1520090809529;2282;2679;73;355516416;531205;1146017
1520090809629;2292;2690;73;355516416;531697;1147127
1520090809729;2302;2701;73;355516416;532278;1148240
1520090809829;2312;2712;73;355516416;532822;1149673
1520090809929;2322;2723;73;355516416;533426;1150837
1520090810029;2332;2734;74;355516416;533918;1151950
1520090810129;2342;2745;74;355516416;534410;1153064
1520090810229;2352;2757;74;355516416;535066;1154548
1520090810329;2362;2768;74;355516416;535682;1155774
1520090810429;2372;2780;74;355516416;536266;1156990
1520090810529;2382;2790;75;355516416;536810;1158422
1520090810629;2392;2802;75;355516416;537414;1159587
1520090810729;2402;2814;75;355516416;537906;1160702
1520090810829;2412;2826;75;355516416;538398;1161813
1520090810929;2422;2836;75;355516416;538890;1162922
1520090811029;2432;2848;75;355516416;539546;1164405
1520090811129;2442;2859;75;355516416;540038;1165516
1520090811229;2452;2869;76;355516416;540530;1166628
1520090811329;2462;2879;76;355516416;541186;1168109
1520090811429;2472;2890;76;355516416;541724;1169275
1520090811529;2482;2901;76;355516416;542308;1170492
1520090811629;2492;2912;76;355516416;542800;1171924
1520090811729;2502;2926;76;355516416;543344;1173032
1520090811829;2512;2939;76;355516416;543948;1174199
1520090811929;2522;2951;76;355516416;544440;1175312
1520090812029;2532;2962;76;355516416;544984;1176744
1520090812129;2542;2973;76;355516416;545588;1177906
1520090812229;2552;2983;77;355516416;546080;1179021
1520090812329;2562;2994;77;355516416;546572;1180135
1520090812429;2572;3005;77;355516416;547064;1181564
1520090812529;2582;3013;79;355516416;547720;1182726
1520090812629;2592;3024;79;355516416;548258;1183891
1520090812729;2602;3036;79;355516416;548842;1185105
1520090812829;2612;3047;79;355516416;549683;1186585
1520090812929;2622;3058;79;355516416;550175;1187699
1520090813029;2632;3069;79;355516416;550667;1188813
1520090813129;2642;3080;79;355516416;551159;1189924
1520090813229;2652;3091;79;355516416;551749;1191354
1520090813329;2662;3102;79;355516416;552353;1192517
1520090813429;2672;3113;79;355516416;552845;1193628
1520090813529;2682;3125;80;355516416;553337;1194742
1520090813629;2692;3136;80;355516416;554117;1196339
1520090813729;2702;3144;82;355516416;554609;1197451
1520090813829;2712;3155;82;355516416;555193;1198668
1520090813929;2722;3166;82;355516416;555685;1199780
1520090814029;2732;3177;82;355516416;556229;1201209
1520090814129;2742;3186;83;355516416;556909;1202398
1520090814229;2752;3197;83;355516416;557401;1203560
1520090814329;2762;3207;84;355516416;557945;1204990
1520090814429;2772;3218;84;355516416;558549;1206155
1520090814529;2782;3228;84;355516416;559041;1207266
1520090814629;2792;3239;84;355516416;559533;1208379
1520090814729;2802;3250;84;355516416;560071;1209545
1520090814829;2812;3260;85;355516416;560727;1210973
1520090814929;2822;3271;85;355516416;561219;1212133
1520090815029;2832;3281;86;355516416;561691;1213294
1520090815129;2842;3291;86;355516416;562295;1214459
1520090815229;2852;3302;86;355516416;562951;1215892
1520090815329;2862;3313;86;355516416;563443;1217056
1520090815429;2872;3323;86;355516416;563935;1218167
1520090815529;2882;3334;86;355516416;564427;1219280
1520090815629;2892;3347;87;355516416;565083;1220713
1520090815729;2902;3358;87;355516416;565575;1221879
1520090815829;2912;3369;87;355516416;566113;1223042
1520090815929;2922;3380;87;355516416;566605;1224155
1520090816029;2932;3391;87;355516416;567149;1225581
1520090816129;2942;3402;87;355516416;567845;1226849
1520090816229;2952;3414;87;355516416;568337;1227961
1520090816329;2962;3425;87;355516416;568829;1229069
1520090816429;2972;3437;87;355516416;569485;1230497
1520090816529;2982;3448;87;355516416;569977;1231658
1520090816629;2992;3457;89;355516416;570469;1232770
1520090816729;3002;3468;89;355516416;570961;1233877
1520090816829;3012;3479;89;355516416;571453;1234985
1520090816929;3022;3493;89;355516416;572155;1236523
1520090817029;3032;3504;89;355516416;572771;1237748
1520090817129;3042;3517;89;355516416;573263;1238860
1520090817229;3052;3527;90;355516416;573847;1240077
1520090817329;3062;3539;90;355516416;574503;1241510
1520090817429;3072;3550;90;355516416;574995;1242674
1520090817529;3082;3560;90;355516416;575487;1243786
1520090817629;3092;3572;90;355516416;575979;1244899
1520090817729;3102;3583;90;355516416;576635;1246380
1520090817829;3112;3594;90;355516416;577127;1247490
1520090817929;3122;3606;90;355516416;577619;1248605
1520090818029;3132;3617;90;355516416;578111;1249716
1520090818129;3142;3627;91;355516416;578813;1251250
1520090818229;3152;3637;91;355516416;579305;1252361
1520090818329;3162;3648;91;355516416;579889;1253574
1520090818429;3172;3658;91;355516416;580433;1255006
1520090818529;3182;3670;91;355516416;581037;1256171
1520090818629;3192;3681;91;355516416;581529;1257281
1520090818729;3202;3692;91;355516416;582021;1258394
1520090818830;3212;3704;91;355516416;582677;1259878
1520090818931;3222;3715;91;355516416;583169;1260989
1520090819031;3232;3726;91;355516416;583661;1262103
1520090819131;3242;3737;91;355516416;584317;1263529
1520090819232;3252;3749;91;355516416;584809;1264693
1520090819333;3262;3759;91;355516416;585347;1265854
1520090819434;3272;3770;91;355516416;585891;1267285
1520090819534;3282;3781;91;355516416;586587;1268554
1520090819634;3292;3792;91;355516416;587079;1269665
1520090819734;3302;3802;91;355516416;587571;1270775
1520090819834;3312;3813;91;355516416;588227;1272262
1520090819934;3322;3825;91;355516416;588719;1273372
1520090820034;3332;3836;91;355516416;589375;1274855
1520090820135;3342;3846;92;355516416;589867;1275964
1520090820236;3352;3857;92;355516416;590359;1277075
1520090820337;3362;3868;92;355516416;591027;1278621
1520090820437;3372;3878;93;355516416;591631;1279788
1520090820537;3382;3889;93;355516416;592123;1280901
1520090820638;3392;3899;94;355516416;592707;1282114
1520090820738;3402;3910;94;355516416;593199;1283223
1520090820838;3412;3922;94;355516416;593855;1284703
1520090820938;3422;3935;94;355516416;594347;1285814
1520090821038;3432;3945;94;355516416;595003;1287298
1520090821138;3442;3956;94;355516416;595495;1288409
1520090821239;3452;3969;94;355516416;595987;1289522
1520090821339;3462;3979;95;355516416;596531;1290953
1520090821439;3473;3989;95;355516416;597181;1292169
1520090821539;3483;4000;95;355516416;597673;1293282
1520090821639;3493;4013;95;355516416;598329;1294761
1520090821739;3503;4024;95;355516416;599002;1295976
1520090821839;3513;4035;95;355516416;599494;1297090
1520090821939;3523;4044;96;355516416;600150;1298576
1520090822039;3533;4055;96;355516416;600642;1299687
1520090822139;3543;4066;96;355516416;601134;1300795
1520090822239;3553;4076;96;355516416;601678;1302224
1520090822340;3563;4087;96;355516416;602282;1303385
1520090822441;3573;4098;97;355516416;602774;1304497
1520090822542;3583;4110;97;355516416;603318;1305926
1520090822642;3593;4122;97;355516416;603968;1307143
1520090822742;3603;4133;97;355516416;604460;1308255
1520090822842;3613;4144;97;355516416;604952;1309368
1520090822942;3623;4154;97;355516416;605700;1310955
1520090823043;3633;4165;97;355516416;606192;1312065
1520090823144;3643;4176;97;355516416;606684;1313176
1520090823245;3653;4186;97;355516416;607340;1314660
1520090823345;3663;4197;97;355516416;607832;1315775
1520090823446;3673;4207;97;355516416;608324;1316888
1520090823546;3683;4218;97;355516416;608980;1318375
1520090823646;3693;4229;97;355516416;609596;1319600
1520090823746;3703;4240;98;355516416;610088;1320719
1520090823846;3713;4251;98;355516416;610744;1322201
1520090823946;3723;4261;98;355516416;611236;1323310
1520090824046;3733;4272;98;355516416;611820;1324528
1520090824146;3743;4283;98;355516416;612476;1325953
1520090824247;3753;4293;98;355516416;612968;1327119
1520090824348;3763;4304;98;355516416;613460;1328228
1520090824449;3773;4315;98;355516416;614004;1329653
1520090824549;3783;4326;98;355516416;614608;1330814
1520090824649;3793;4336;98;355516416;615100;1331925
1520090824749;3803;4348;98;355516416;615638;1333088
1520090824849;3814;4359;98;355516416;616294;1334570
1520090824949;3824;4369;98;355516416;616786;1335682
1520090825049;3834;4380;98;355516416;617278;1336796
1520090825149;3844;4389;99;355516416;617934;1338277
1520090825249;3854;4401;99;355516416;618518;1339488
1520090825349;3864;4411;100;355516416;619010;1340600
1520090825449;3874;4425;100;355516416;619502;1341712
1520090825549;3884;4436;100;355516416;619994;1342823
1520090825649;3894;4448;100;355516416;620650;1344313
1520090825749;3904;4458;100;355516416;621142;1345425
1520090825849;3914;4470;100;355516416;621680;1346587
1520090825949;3924;4482;100;355516416;622224;1348017
1520090826049;3934;4493;100;355516416;622828;1349184
1520090826149;3944;4505;100;355516416;623320;1350298
1520090826249;3954;4515;101;355516416;623812;1351415
1520090826349;3964;4524;103;355516416;624560;1353005
1520090826449;3974;4535;103;355516416;625052;1354116
1520090826549;3984;4545;104;355516416;625544;1355228
1520090826649;3994;4559;104;355516416;626200;1356714
1520090826749;4004;4571;104;355516416;626692;1357824
1520090826849;4014;4582;104;355516416;627184;1358936
1520090826950;4024;4594;104;355516416;628234;1360536
1520090827050;4034;4606;104;355516416;628890;1361701
1520090827150;4044;4617;104;355516416;629382;1362812
1520090827250;4054;4628;104;355516416;629874;1363928
1520090827350;4064;4639;104;355516416;630418;1365361
1520090827450;4074;4653;104;355516416;630950;1366583
1520090827550;4084;4664;104;355516416;631606;1367749
1520090827650;4094;4675;104;355516416;632098;1368860
1520090827750;4104;4688;104;355516416;632590;1369972
1520090827850;4114;4698;104;355516416;633132;1371085
1520090827950;4124;4710;104;355516416;633670;1372199
1520090828050;4134;4722;104;355516416;634208;1373361
1520090828150;4144;4734;104;355516416;634864;1374796
1520090828250;4154;4745;104;355516416;635356;1375963
1520090828350;4164;4755;104;355516416;635848;1377076
1520090828450;4174;4767;104;355516416;636386;1378186
1520090828550;4184;4778;104;355516416;637022;1379719
1520090828650;4194;4788;105;355516416;637626;1380883
1520090828750;4204;4799;105;355516416;638118;1381996
1520090828850;4214;4810;106;355516416;638610;1383105
1520090828950;4224;4822;106;355516416;639102;1384216
1520090829050;4234;4834;106;355516416;639594;1385329
1520090829150;4244;4845;106;355516416;640086;1386445
1520090829250;4254;4857;106;355516416;640624;1387611
1520090829350;4264;4868;106;355516416;641116;1388724
1520090829450;4274;4880;106;355516416;641772;1390229
1520090829550;4284;4891;106;355516416;642264;1391367
1520090829650;4294;4902;106;355516416;642756;1392502
1520090829750;4304;4913;106;355516416;643392;1394065
1520090829850;4314;4924;106;355516416;643996;1395246
1520090829950;4324;4935;106;355516416;644488;1396371
1520090830050;4334;4945;106;355516416;644980;1397506
1520090830150;4344;4957;106;355516416;645472;1398960
1520090830251;4354;4968;106;355516416;646128;1400143
1520090830352;4364;4979;106;355516416;646744;1401387
1520090830452;4374;4992;106;355516416;647236;1402518
1520090830552;4384;5004;106;355516416;647728;1403646
1520090830652;4394;5015;106;355516416;648220;1404779
1520090830752;4404;5027;106;355516416;648712;1405909
1520090830852;4414;5039;106;355516416;649296;1407145
1520090830952;4424;5050;106;355516416;649788;1408272
1520090831052;4434;5062;106;355516416;650280;1409402
1520090831152;4444;5074;106;355516416;650824;1410844
1520090831252;4454;5087;106;355516416;651316;1411956
1520090831352;4464;5099;106;355516416;651920;1413121
1520090831452;4474;5110;106;355516416;652458;1414285
1520090831552;4484;5121;106;355516416;652950;1415403
1520090831652;4494;5133;106;355516416;653442;1416517
1520090831752;4504;5145;106;355516416;653934;1417632
1520090831852;4514;5156;106;355516416;654590;1419120
1520090831953;4524;5167;106;355516416;655174;1420342
1520090832053;4534;5179;106;355516416;655666;1421457
1520090832154;4544;5191;106;355516416;656158;1422574
1520090832255;4554;5202;106;355516416;656650;1423690
1520090832355;4564;5213;107;355516416;657142;1424809
1520090832455;4574;5224;108;355516416;657634;1425925
1520090832555;4584;5235;108;355516416;658178;1427365
1520090832656;4594;5246;108;355516416;658828;1428587
1520090832757;4604;5259;108;355516416;659320;1429705
1520090832857;4614;5271;108;355516416;659812;1430823
1520090832957;4624;5282;108;355516416;660304;1431940
1520090833057;4634;5295;108;355516416;660796;1433059
1520090833157;4644;5307;108;355516416;661380;1434281
1520090833257;4654;5320;108;355516416;661872;1435398
1520090833357;4664;5332;108;355516416;662528;1436887
1520090833457;4674;5343;108;355516416;663020;1438004
1520090833557;4684;5355;108;355516416;663512;1439122
1520090833657;4694;5368;108;355516416;664128;1440354
1520090833757;4704;5379;108;355516416;664620;1441471
1520090833857;4714;5391;108;355516416;665112;1442589
1520090833957;4724;5404;108;355516416;665604;1443710
1520090834057;4734;5415;108;355516416;666096;1444827
1520090834157;4744;5428;108;355516416;666588;1445945
1520090834257;4754;5439;108;355516416;667224;1447484
1520090834357;4764;5450;108;355516416;667828;1448653
1520090834457;4774;5461;108;355516416;668320;1449770
1520090834557;4784;5472;109;355516416;668812;1450887
1520090834657;4794;5484;109;355516416;669304;1452004
1520090834757;4804;5496;109;355516416;669842;1453173
1520090834857;4814;5508;109;355516416;670334;1454291
1520090834957;4824;5519;109;355516416;670826;1455411
1520090835057;4834;5530;109;355516416;671370;1456849
1520090835157;4844;5541;110;355516416;671974;1458018
1520090835257;4854;5552;110;355516416;672466;1459135
1520090835357;4864;5563;110;355516416;672958;1460253
1520090835457;4874;5574;110;355516416;673542;1461475
1520090835557;4884;5585;110;355516416;674034;1462591
1520090835657;4894;5595;111;355516416;674526;1463707
1520090835757;4904;5609;111;355516416;675018;1464825
1520090835857;4914;5619;112;355516416;675510;1465942
1520090835957;4924;5633;112;355516416;676048;1467112
1520090836057;4934;5645;113;355516416;676540;1468228
1520090836157;4944;5656;113;355516416;677084;1469667
1520090836257;4954;5668;113;355516416;677688;1470837
1520090836357;4964;5679;113;355516416;678180;1471954
1520090836457;4974;5691;113;355516416;678672;1473069
1520090836557;4984;5703;113;355516416;679256;1474287
1520090836657;4994;5714;113;355516416;679748;1475401
1520090836757;5004;5726;113;355516416;680240;1476520
1520090836857;5014;5738;114;355516416;680732;1477636
1520090836957;5024;5749;115;355516416;681388;1479123
1520090837057;5034;5760;115;355516416;682004;1480355
1520090837157;5044;5771;115;355516416;682496;1481470
1520090837257;5054;5782;115;355516416;682988;1482587
1520090837357;5064;5794;115;355516416;683480;1483706
1520090837457;5074;5806;115;355516416;684024;1485142
1520090837557;5084;5818;115;355516416;684628;1486310
1520090837657;5094;5831;115;355516416;685212;1487531
1520090837757;5104;5841;115;355516416;685704;1488650
1520090837858;5114;5852;115;355516416;686196;1489765
1520090837959;5124;5864;115;355516416;686852;1491255
1520090838059;5134;5875;115;355516416;687344;1492371
1520090838159;5144;5886;115;355516416;687882;1493540
1520090838259;5154;5897;115;355516416;688374;1494657
1520090838359;5165;5908;115;355516416;688866;1495773
1520090838459;5175;5922;115;355516416;689522;1497260
1520090838559;5185;5933;115;355516416;690014;1498373
1520090838659;5195;5946;115;355516416;690506;1499488
1520090838759;5205;5958;115;355516416;690998;1500605
1520090838859;5215;5970;115;355516416;691582;1501826
1520090838959;5225;5981;115;355516416;692327;1503316
1520090839059;5235;5992;115;355516416;692819;1504433
1520090839159;5245;6003;115;355516416;693311;1505551
1520090839259;5255;6016;115;355516416;693849;1506721
1520090839359;5265;6026;116;355516416;694341;1508159
1520090839459;5275;6038;116;355516416;694661;1509170
1520090839559;5285;6049;116;355516416;695489;1510443
1520090839659;5295;6060;116;355516416;695981;1511562
1520090839759;5305;6071;116;355516416;696473;1512998
1520090839859;5314;6081;116;355516416;697017;1514114
1520090839959;5325;6092;116;355516416;697802;1515386
1520090840059;5335;6103;116;355516416;698294;1516501
1520090840159;5345;6113;118;355516416;698786;1517618
1520090840259;5355;6125;118;355516416;699278;1518737
1520090840359;5365;6136;118;355516416;699894;1520286
1520090840459;5375;6149;119;355516416;700550;1521454
1520090840559;5385;6161;119;355516416;701042;1522572
1520090840659;5395;6172;119;355516416;701534;1523688
1520090840759;5405;6183;119;355516416;702026;1524807
1520090840859;5415;6194;119;355516416;702518;1525925
1520090840959;5425;6205;119;355516416;703174;1527413
1520090841059;5435;6217;119;355516416;703758;1528638
1520090841159;5445;6228;119;355516416;704250;1529756
1520090841259;5455;6238;119;355516416;704742;1530872
1520090841359;5465;6249;120;355516416;705234;1531992
1520090841459;5475;6261;120;355516416;705936;1533530
1520090841559;5485;6272;121;355516416;706428;1534646
1520090841659;5495;6288;121;355516416;706920;1535761
1520090841759;5505;6300;121;355516416;707412;1536879
1520090841859;5515;6311;121;355516416;707904;1537997
1520090841959;5525;6323;121;355516416;708560;1539485
1520090842059;5535;6334;121;355516416;709052;1540602
1520090842159;5545;6345;121;355516416;709636;1541822
1520090842259;5555;6357;121;355516416;710128;1542938
1520090842359;5565;6368;121;355516416;710620;1544051
1520090842459;5575;6380;121;355516416;711276;1545537
1520090842559;5585;6392;121;355516416;711814;1546702
1520090842659;5595;6402;122;355516416;712306;1547818
1520090842759;5605;6413;122;355516416;712887;1548936
1520090842859;5615;6425;122;355516416;713429;1550054
1520090842959;5625;6438;122;355516416;714085;1551543
1520090843059;5635;6449;122;355516416;714577;1552662
1520090843159;5645;6460;122;355516416;715069;1553780
1520090843259;5655;6471;122;355516416;715699;1555000
1520090843359;5665;6481;123;355516416;716191;1556439
1520090843459;5675;6493;123;355516416;716897;1557607
1520090843559;5685;6504;123;355516416;717389;1558727
1520090843659;5695;6518;123;355516416;718051;1560010
1520090843759;5705;6530;123;355516416;718543;1561128
1520090843859;5715;6541;123;355516416;719087;1562564
1520090843959;5725;6552;123;355516416;719691;1563733
1520090844059;5735;6563;123;355516416;720183;1564848
1520090844159;5745;6575;123;355516416;720675;1565965
1520090844259;5755;6586;123;355516416;721167;1567081
1520090844359;5765;6598;123;355516416;721711;1568515
1520090844459;5775;6609;123;355516416;722407;1569788
1520090844559;5785;6621;123;355516416;722899;1570906
1520090844659;5795;6633;123;355516416;723391;1572021
1520090844759;5805;6644;123;355516416;723929;1573190
1520090844859;5815;6657;123;355516416;724585;1574680
1520090844959;5825;6668;123;355516416;725077;1575799
1520090845059;5835;6679;123;355516416;725569;1576916
1520090845159;5845;6690;123;355516416;726061;1578029
1520090845259;5855;6699;126;355516416;726605;1579460
1520090845359;5865;6709;127;355516416;727209;1580631
1520090845459;5875;6720;127;355516416;727701;1581749
1520090845559;5885;6730;127;355516416;728285;1582969
1520090845659;5895;6741;127;355516416;728777;1584086
1520090845759;5905;6753;127;355516416;729433;1585575
1520090845860;5915;6764;128;355516416;729925;1586688
1520090845961;5925;6775;128;355516416;730463;1587856
1520090846062;5935;6786;128;355516416;730955;1588975
1520090846163;5945;6798;128;355516416;731447;1590091
1520090846264;5955;6810;128;355516416;732103;1591583
1520090846365;5965;6821;129;355516416;732595;1592721
1520090846466;5975;6833;129;355516416;733087;1593861
1520090846567;5985;6843;130;355516416;733579;1594998
1520090846668;5995;6854;130;355516416;734235;1596509
1520090846768;6005;6865;130;355516416;734819;1597752
1520090846868;6015;6878;131;355516416;735311;1598883
1520090846968;6025;6891;131;355516416;735803;1600014
1520090847068;6035;6903;131;355516416;736419;1601587
1520090847168;6045;6914;131;355516416;737075;1602772
1520090847268;6055;6926;131;355516416;737567;1603905
1520090847368;6065;6937;131;355516416;738059;1605041
1520090847468;6075;6948;131;355516416;738551;1606173
1520090847568;6085;6959;131;355516416;739207;1607685
1520090847668;6095;6970;131;355516416;739699;1608816
1520090847768;6105;6981;131;355516416;740191;1609948
1520090847868;6115;6992;131;355516416;740775;1611185
1520090847968;6125;7004;131;355516416;741319;1612636
1520090848068;6135;7015;131;355516416;741969;1613871
1520090848168;6145;7026;131;355516416;742461;1615001
1520090848268;6155;7037;131;355516416;742953;1616136
1520090848368;6165;7048;132;355516416;743497;1617595
1520090848468;6175;7061;132;355516416;744101;1618778
1520090848568;6185;7072;132;355516416;744593;1619914
1520090848668;6195;7083;132;355516416;745085;1621046
1520090848768;6205;7097;132;355516416;745577;1622179
1520090848868;6215;7108;132;355516416;746233;1623686
1520090848968;6225;7120;132;355516416;746725;1624816
1520090849068;6235;7131;132;355516416;747309;1626050
1520090849168;6245;7142;132;355516416;747853;1627512
1520090849268;6255;7154;132;355516416;748503;1628755
1520090849369;6265;7165;132;355516416;748995;1629891
1520090849469;6275;7176;132;355516416;749487;1631023
1520090849569;6285;7188;132;355516416;750143;1632533
1520090849669;6295;7196;134;355516416;750635;1633665
1520090849769;6305;7207;134;355516416;751127;1634782
1520090849869;6316;7218;134;355516416;751619;1635891
1520090849969;6326;7231;134;355516416;752163;1637320
1520090850069;6336;7241;135;355516416;752767;1638484
1520090850169;6346;7252;135;355516416;753351;1639703
1520090850269;6356;7261;136;355516416;753843;1640818
1520090850369;6366;7276;136;355516416;754669;1642470
1520090850469;6376;7286;136;355516416;755161;1643584
1520090850569;6386;7298;137;355516416;755653;1644698
1520090850669;6396;7310;137;355516416;756145;1645810
1520090850769;6406;7320;138;355516416;756689;1647241
1520090850869;6416;7333;138;355516416;757293;1648409
1520090850969;6426;7343;139;355516416;757785;1649526
1520090851069;6436;7353;139;355516416;758277;1650642
1520090851169;6446;7363;139;355516416;758769;1651757
1520090851269;6456;7376;139;355516416;759353;1652921
1520090851369;6466;7392;139;355516416;759733;1654039
1520090851470;6476;7403;139;355516416;760219;1654886
1520090851571;6486;7415;139;355516416;760711;1656000
1520090851671;6496;7427;139;355516416;761203;1657114
1520090851771;6506;7438;139;355516416;761747;1658550
1520090851871;6516;7450;139;355516416;762440;1659717
1520090851971;6526;7461;139;355516416;762932;1660835
1520090852071;6536;7475;139;355516416;763424;1661947
1520090852171;6546;7485;140;355516416;763916;1663062
1520090852271;6556;7496;140;355516416;764408;1664176
1520090852371;6566;7507;140;355516416;764992;1665393
1520090852471;6576;7517;141;355516416;765648;1666879
1520090852571;6586;7528;141;355516416;766186;1668046
1520090852671;6596;7541;142;355516416;766678;1669161
1520090852771;6606;7551;143;355516416;767170;1670276
1520090852871;6616;7562;144;355516416;767662;1671388
1520090852971;6626;7574;145;355516416;767930;1672397
1520090853071;6636;7591;146;355516416;768646;1673613
1520090853171;6646;7603;146;355516416;769138;1674728
1520090853271;6656;7614;147;355516416;769630;1675845
1520090853371;6666;7625;147;355516416;770122;1676963
1520090853471;6676;7636;148;355516416;770758;1678503
1520090853571;6686;7649;148;355516416;771198;1679299
1520090853671;6696;7660;149;355516416;771912;1680902
1520090853771;6706;7670;151;355516416;772404;1682017
1520090853871;6716;7681;151;355516416;772560;1682973
1520090853971;6726;7692;151;355516416;773500;1684245
1520090854071;6736;7706;152;355516416;773992;1685416
1520090854171;6746;7719;152;355516416;774484;1686531
1520090854271;6756;7730;152;355516416;774976;1687647
1520090854371;6766;7744;152;355516416;775468;1688762
1520090854471;6776;7755;153;355516416;775848;1689828
1520090854571;6786;7767;153;355516416;776452;1690994
1520090854671;6796;7778;153;355516416;777036;1692211
1520090854771;6806;7787;155;355516416;777528;1693327
1520090854871;6816;7803;156;355516416;778066;1694498
1520090854971;6826;7815;157;355516416;778558;1695610
1520090855071;6836;7826;157;355516416;779050;1696725
1520090855171;6846;7837;158;355516416;779542;1697842
1520090855271;6856;7848;159;355516416;780034;1698956
1520090855371;6866;7861;159;355516416;780526;1700071
1520090855471;6876;7872;159;355516416;781018;1701186
1520090855571;6886;7890;159;355516416;781510;1702301
1520090855671;6896;7903;159;355516416;782002;1703416
1520090855771;6906;7915;159;355516416;782586;1704636
1520090855871;6916;7926;159;355516416;783078;1705755
1520090855971;6926;7938;160;355516416;783616;1706923
1520090856071;6936;7949;161;355516416;784108;1708037
1520090856171;6946;7961;161;355516416;784652;1709472
1520090856271;6956;7979;161;356564992;785256;1710642
1520090856371;6966;7992;162;356564992;785748;1711755
1520090856471;6976;8003;163;356564992;786240;1712872
1520090856571;6986;8015;163;356564992;786732;1713989
1520090856671;6996;8025;163;356564992;787112;1715054
1520090856771;7006;8037;163;356564992;787552;1715848
1520090856871;7016;8052;163;356564992;788136;1717067
1520090856971;7026;8062;164;356564992;789016;1718180
1520090857071;7036;8074;164;356564992;789632;1719413
1520090857171;7046;8085;164;356564992;790124;1720530
1520090857271;7056;8095;165;356564992;790616;1721648
1520090857371;7066;8109;165;356564992;791108;1722765
1520090857471;7076;8121;165;356564992;791600;1723882
1520090857571;7086;8133;165;356564992;792092;1724997
1520090857671;7096;8143;166;356564992;792748;1726480
1520090857771;7106;8154;167;356564992;793240;1727598
1520090857871;7116;8165;167;356564992;793828;1728716
1520090857971;7126;8176;167;356564992;794320;1729830
1520090858071;7136;8189;167;356564992;794904;1731052
1520090858171;7146;8201;167;356564992;795442;1732222
1520090858271;7156;8213;167;356564992;795934;1733658
1520090858371;7166;8225;168;356564992;796590;1734829
1520090858471;7176;8237;168;356564992;797082;1735947
1520090858571;7186;8250;168;356564992;797574;1737063
1520090858671;7196;8261;168;356564992;798112;1738179
1520090858771;7206;8272;168;356564992;798604;1739294
1520090858871;7216;8284;168;356564992;799096;1740407
1520090858971;7226;8294;169;356564992;799588;1741521
1520090859071;7236;8307;169;356564992;800224;1743062
1520090859171;7246;8320;169;356564992;800874;1744283
1520090859271;7256;8331;169;356564992;801366;1745401
1520090859371;7266;8344;169;356564992;801858;1746518
1520090859471;7276;8354;170;356564992;802350;1747635
1520090859572;7286;8368;170;356564992;802842;1748752
1520090859673;7296;8379;171;356564992;803334;1749866
1520090859773;7306;8390;171;356564992;803826;1750982
1520090859873;7316;8402;171;356564992;804318;1752098
1520090859973;7326;8413;172;356564992;804862;1753534
1520090860073;7336;8428;172;356564992;805466;1754699
1520090860173;7346;8441;172;356564992;805958;1755814
1520090860273;7356;8452;172;356564992;806542;1757030
1520090860373;7366;8465;172;356564992;807204;1758314
1520090860473;7376;8478;172;356564992;807696;1759431
1520090860573;7386;8490;172;356564992;808240;1760871
1520090860673;7396;8502;172;356564992;808844;1761985
1520090860773;7406;8515;172;356564992;809336;1763151
1520090860873;7416;8528;172;356564992;809828;1764267
1520090860973;7426;8538;173;356564992;810320;1765385
1520090861073;7436;8550;173;356564992;810812;1766503
1520090861173;7446;8561;174;356564992;811468;1767994
1520090861273;7456;8576;174;356564992;811960;1769107
1520090861373;7466;8587;174;356564992;812544;1770328
1520090861473;7476;8599;174;356564992;813082;1771499
1520090861573;7486;8611;174;356564992;813626;1772930
1520090861673;7496;8622;174;356564992;814230;1774095
1520090861773;7506;8634;174;356564992;814722;1775211
1520090861873;7516;8644;174;356564992;815214;1776328
1520090861973;7526;8657;174;356564992;815810;1777443
1520090862073;7536;8670;175;356564992;816302;1778558
1520090862173;7546;8684;175;356564992;816846;1779994
1520090862273;7556;8694;176;356564992;817450;1781162
1520090862373;7566;8706;176;356564992;817942;1782279
1520090862473;7576;8720;176;356564992;818526;1783499
1520090862573;7586;8731;176;356564992;819064;1784666
1520090862673;7596;8741;177;356564992;819720;1786152
1520090862773;7606;8753;178;356564992;820212;1787271
1520090862873;7616;8764;178;356564992;820704;1788388
1520090862973;7626;8777;178;356564992;821196;1789503
1520090863073;7636;8787;179;356564992;821688;1790617
1520090863173;7646;8798;179;356564992;822344;1792100
1520090863273;7656;8809;180;356564992;822836;1793214
1520090863373;7666;8820;180;356564992;823328;1794329
1520090863473;7676;8832;180;356564992;823820;1795449
1520090863573;7686;8845;180;356564992;824312;1796564
1520090863673;7696;8856;180;356564992;825020;1797901
1520090863773;7706;8870;180;356564992;825564;1799329
1520090863873;7716;8881;180;356564992;826168;1800494
1520090863973;7726;8896;180;356564992;826660;1801606
1520090864073;7736;8908;181;356564992;827152;1802720
1520090864173;7746;8922;181;356564992;827644;1803830
1520090864273;7756;8934;181;356564992;828300;1805315
1520090864373;7766;8945;181;356564992;828792;1806430
1520090864473;7776;8955;181;356564992;829284;1807493
1520090864573;7786;8966;182;356564992;829776;1808660
1520090864673;7796;8978;183;356564992;830268;1809775
1520090864773;7806;8991;183;356564992;830852;1810999
1520090864873;7816;9003;183;356564992;831554;1812540
1520090864973;7826;9014;183;356564992;832046;1813655
1520090865073;7836;9025;183;356564992;832538;1814770
1520090865173;7846;9041;183;356564992;833030;1815886
1520090865273;7856;9052;183;356564992;833574;1817320
1520090865373;7866;9061;185;356564992;834014;1818114
1520090865473;7876;9072;186;356564992;834670;1819601
1520090865573;7886;9084;187;356564992;835162;1820718
1520090865673;7896;9095;187;356564992;835654;1821836
1520090865773;7906;9106;187;356564992;836198;1823271
1520090865873;7916;9119;187;356564992;836894;1824547
1520090865973;7926;9130;187;356564992;837432;1825715
1520090866073;7936;9145;187;356564992;837924;1826829
1520090866173;7946;9157;187;356564992;838416;1827946
1520090866273;7956;9168;187;356564992;839072;1829384
1520090866373;7966;9180;187;356564992;839564;1830553
1520090866473;7976;9192;188;356564992;840056;1831671
1520090866573;7986;9205;188;356564992;840548;1832787
1520090866673;7996;9216;188;356564992;841204;1834222
1520090866773;8006;9227;188;356564992;841696;1835388
1520090866873;8016;9238;188;356564992;842188;1836501
1520090866973;8026;9253;188;356564992;842772;1837725
1520090867073;8036;9265;188;356564992;843552;1839331
1520090867173;8046;9276;188;356564992;844044;1840448
1520090867273;8056;9287;188;356564992;844536;1841566
1520090867373;8066;9298;189;356564992;845192;1843055
1520090867473;8076;9310;189;356564992;845684;1844174
1520090867573;8086;9320;189;356564992;846176;1845294
1520090867673;8096;9332;190;356564992;846720;1846729
1520090867773;8106;9343;190;356564992;847324;1847847
1520090867873;8116;9357;190;356564992;847816;1848966
1520090867973;8126;9368;190;356564992;848308;1850082
1520090868073;8136;9379;190;356564992;848944;1851617
1520090868173;8146;9389;190;356564992;849594;1852836
1520090868273;8156;9400;190;356564992;849974;1853900
1520090868374;8166;9412;191;356564992;850578;1855070
1520090868474;8176;9429;191;356564992;851070;1856183
1520090868574;8186;9441;191;356564992;851562;1857295
1520090868675;8196;9452;191;356564992;852143;1858410
1520090868776;8206;9462;191;356564992;852635;1859526
1520090868877;8216;9475;191;356564992;853179;1860963
1520090868978;8226;9489;191;356564992;853783;1862132
1520090869079;8236;9501;191;356564992;854275;1863247
1520090869179;8247;9512;191;356564992;854911;1864787
1520090869279;8257;9527;191;356564992;855561;1866006
1520090869379;8267;9539;191;356564992;856053;1867123
1520090869479;8276;9550;191;356564992;856545;1868239
1520090869579;8287;9561;191;356564992;857089;1869678
1520090869679;8297;9577;191;356564992;857782;1870843
1520090869779;8307;9588;192;356564992;858274;1871959
1520090869879;8317;9600;192;356564992;858766;1873074
1520090869979;8327;9611;194;356564992;859422;1874564
1520090870079;8337;9621;195;356564992;859914;1875683
1520090870179;8347;9634;195;356564992;860406;1876800
1520090870279;8357;9644;195;356564992;861042;1878341
1520090870379;8367;9658;195;356564992;861770;1879625
1520090870479;8377;9669;195;356564992;862262;1880736
1520090870579;8387;9679;195;356564992;862754;1881853
1520090870679;8397;9690;195;356564992;863410;1883340
1520090870779;8407;9702;195;356564992;863902;1884455
1520090870879;8417;9713;195;356564992;864394;1885570
1520090870979;8427;9723;196;356564992;865050;1887057
1520090871079;8437;9736;196;356564992;865542;1888177
1520090871179;8447;9748;196;356564992;866034;1889295
1520090871279;8457;9759;197;356564992;866578;1890730
1520090871379;8467;9770;197;356564992;867274;1892002
1520090871479;8477;9781;198;356564992;867812;1893172
1520090871579;8487;9791;198;356564992;868304;1894291
1520090871679;8497;9802;199;356564992;868796;1895409
1520090871779;8507;9812;200;356564992;869288;1896524
1520090871879;8517;9823;200;356564992;869780;1897585
1520090871979;8527;9832;201;356564992;870108;1898383
1520090872079;8537;9844;201;356564992;870600;1899499
1520090872179;8547;9852;202;356564992;871092;1900614
1520090872279;8557;9863;202;356564992;871584;1901730
1520090872379;8567;9874;202;356564992;872076;1902847
1520090872479;8577;9885;203;356564992;872568;1903962
1520090872579;8587;9896;204;356564992;873316;1905560
1520090872679;8597;9906;204;356564992;874334;1906940
