currentTs;total_time;user_time;sys_time;virtual_size;in_octets;out_octets
1520089977590;1;0;0;2400256;310287;518389
1520089977691;11;10;0;300900352;310287;518389
1520089977792;21;19;1;306909184;310287;518389
1520089977893;31;28;2;306909184;310287;518389
1520089977994;41;41;3;312807424;310287;518389
1520089978095;51;52;4;313946112;310287;518389
1520089978196;61;63;4;313946112;310287;518389
1520089978297;72;76;6;313946112;310287;518389
1520089978397;82;86;7;313946112;310287;518389
1520089978497;92;95;7;313946112;310287;518389
1520089978597;102;104;9;313946112;310287;518389
1520089978697;112;118;9;313946112;310287;518389
1520089978797;122;129;9;314019840;310287;518389
1520089978897;132;140;9;314019840;310287;518389
1520089978997;142;153;9;314019840;310287;518389
1520089979097;152;164;10;314019840;310287;518389
1520089979197;162;176;10;343498752;310287;518389
1520089979297;172;188;10;343588864;310287;518389
1520089979397;182;200;10;345292800;310287;518389
1520089979497;192;210;10;345292800;310287;518389
1520089979597;202;223;10;345292800;310287;518389
1520089979697;212;235;10;345292800;310287;518389
1520089979797;222;246;10;345292800;310548;518654
1520089979897;232;259;10;346341376;311084;518873
1520089979997;242;269;10;347389952;311084;518873
1520089980097;252;280;10;347389952;311084;518873
1520089980197;262;291;10;347389952;311084;518873
1520089980297;272;302;10;347389952;311084;518873
1520089980397;282;313;10;347389952;311084;518873
1520089980497;292;323;10;347389952;311084;518873
1520089980597;302;333;10;348438528;311084;518873
1520089980697;312;347;10;348438528;311084;518873
1520089980797;322;358;10;348438528;311084;518873
1520089980898;332;368;11;348438528;311084;518873
1520089980999;342;378;12;348438528;311130;518925
1520089981100;352;389;12;348438528;311522;519063
1520089981200;362;400;12;348438528;311522;519063
1520089981300;372;409;12;349487104;311522;519063
1520089981400;382;418;13;349552640;311522;519063
1520089981500;392;427;14;349552640;311522;519063
1520089981600;402;437;14;349552640;311522;519063
1520089981700;412;452;14;351649792;311522;519063
1520089981800;422;462;14;351649792;311611;519063
1520089981900;432;472;15;352698368;311611;519063
1520089982000;442;483;15;353026048;311611;519063
1520089982100;452;495;15;353177600;311611;519063
1520089982200;462;505;15;353177600;311657;519115
1520089982300;472;517;16;353415168;311657;519115
1520089982400;482;531;16;353419264;311657;519115
1520089982500;492;541;16;353419264;311657;519115
1520089982600;502;551;16;353419264;311657;519115
1520089982700;512;562;16;353419264;311657;519115
1520089982800;522;572;17;354467840;311657;519115
1520089982900;532;585;17;354467840;311657;519115
1520089983000;542;595;17;354467840;311773;519227
1520089983100;552;605;17;354467840;311773;519227
1520089983200;562;616;17;354467840;311773;519227
1520089983300;572;625;18;354467840;312285;519519
1520089983400;582;635;18;354467840;312285;519519
1520089983500;592;645;19;354467840;312285;519519
1520089983600;602;657;19;354467840;312926;519798
1520089983707;613;672;19;354467840;313392;520038
1520089983807;623;692;21;355516416;313672;520526
1520089983907;633;706;23;355516416;314514;521676
1520089984007;643;718;23;355516416;314842;522470
1520089984107;653;731;23;355516416;315302;523209
1520089984207;663;745;23;355516416;315682;524263
1520089984307;673;757;23;355516416;316122;525055
1520089984407;683;768;24;355516416;316496;525846
1520089984507;693;780;24;355516416;316948;526702
1520089984607;703;794;24;355516416;317276;527442
1520089984707;713;806;24;355516416;317748;528604
1520089984807;723;821;24;355516416;318188;529395
1520089984907;733;836;24;355516416;318568;530456
1520089985007;743;849;24;355516416;319008;531249
1520089985107;753;864;24;355516416;319500;532357
1520089985207;763;877;25;355516416;319828;533098
1520089985307;773;890;25;355516416;320320;534208
1520089985407;783;902;25;355516416;320812;535318
1520089985507;793;915;25;355516416;321350;536483
1520089985607;803;927;25;355516416;321678;537224
1520089985707;813;939;25;355516416;322170;538334
1520089985807;823;954;25;355516416;322754;539549
1520089985907;833;967;25;355516416;323134;540606
1520089986007;843;979;26;355516416;323962;541398
1520089986107;853;992;26;355516416;324454;542509
1520089986207;863;1004;26;355516416;324946;543620
1520089986307;873;1016;26;355516416;325438;544733
1520089986407;883;1030;27;355516416;325930;545843
1520089986507;893;1042;27;355516416;326310;546902
1520089986608;903;1055;27;355516416;326750;548016
1520089986708;913;1069;27;355516416;327288;548860
1520089986809;923;1081;27;355516416;327780;549976
1520089986910;933;1091;29;355516416;328272;551089
1520089987010;943;1105;29;355516416;328856;552307
1520089987110;953;1117;29;355516416;329348;553420
1520089987211;963;1129;29;355516416;329840;554530
1520089987312;973;1143;29;355516416;330332;555642
1520089987413;983;1156;29;355516416;330824;556754
1520089987513;993;1168;29;355516416;331316;557866
1520089987613;1003;1180;29;355516416;331808;558979
1520089987713;1013;1192;29;355516416;332300;560090
1520089987813;1023;1207;29;355516416;332966;561318
1520089987913;1033;1220;29;355516416;333504;562431
1520089988013;1043;1233;29;355516416;333996;563543
1520089988113;1053;1245;29;355516416;334580;564762
1520089988213;1063;1256;29;355516416;335072;565876
1520089988313;1073;1266;30;355516416;335610;566988
1520089988413;1083;1281;30;355516416;336102;568099
1520089988513;1093;1292;30;355516416;336594;569212
1520089988613;1103;1304;30;355516416;337086;570323
1520089988713;1113;1315;31;355516416;337578;571435
1520089988813;1123;1327;31;355516416;338070;572547
1520089988913;1133;1338;32;355516416;338608;574029
1520089989013;1143;1351;33;355516416;339100;574824
1520089989113;1153;1363;34;355516416;339644;576256
1520089989213;1163;1379;34;355516416;340136;577369
1520089989313;1173;1392;34;355516416;340720;578585
1520089989413;1183;1403;34;355516416;341324;579695
1520089989513;1193;1415;34;355516416;341816;580858
1520089989613;1203;1427;34;355516416;342308;581970
1520089989713;1213;1441;34;355516416;342800;583081
1520089989813;1223;1452;34;355516416;343292;584193
1520089989913;1233;1463;35;355516416;343784;585304
1520089990013;1243;1474;35;355516416;344374;586788
1520089990113;1253;1486;35;355516416;344978;587953
1520089990213;1263;1498;35;355516416;345470;589067
1520089990313;1273;1510;35;355516416;345962;590181
1520089990413;1283;1524;35;355516416;346546;591397
1520089990513;1293;1535;35;355516416;347038;592509
1520089990613;1303;1547;35;355516416;347582;593941
1520089990713;1313;1559;35;355516416;348074;595053
1520089990813;1323;1571;35;355516416;348678;596218
1520089990913;1333;1582;35;355516416;349170;597330
1520089991013;1343;1594;35;355516416;349662;598437
1520089991113;1353;1607;36;355516416;350324;599717
1520089991213;1363;1620;36;355516416;350816;600829
1520089991313;1373;1635;37;355516416;351360;602258
1520089991413;1383;1646;38;355516416;351964;603371
1520089991513;1393;1658;38;355516416;352548;604639
1520089991613;1403;1669;38;355516416;353040;605750
1520089991713;1413;1681;38;355516416;353532;606862
1520089991813;1423;1692;38;355516416;354024;607973
1520089991913;1433;1703;38;355516416;354516;609085
1520089992013;1443;1715;38;355516416;355172;610563
1520089992113;1453;1726;38;355516416;355664;611676
1520089992214;1463;1737;38;355516416;356156;612789
1520089992315;1473;1749;38;355516416;356694;613954
1520089992416;1483;1769;38;355516416;357186;615068
1520089992517;1494;1781;38;355516416;357842;616496
1520089992617;1504;1791;39;355516416;358334;617660
1520089992717;1514;1802;39;355516416;358918;618873
1520089992817;1524;1813;39;355516416;359410;619984
1520089992917;1534;1825;39;355516416;359902;621096
1520089993017;1544;1837;39;355516416;360558;622580
1520089993117;1554;1849;39;355516416;361050;623692
1520089993217;1564;1861;39;355516416;361542;624804
1520089993317;1574;1872;39;355516416;362034;625914
1520089993417;1584;1884;39;355516416;362572;627076
1520089993517;1594;1896;39;355516416;363064;628192
1520089993617;1604;1908;39;355516416;363556;629303
1520089993717;1614;1919;39;355516416;364048;630416
1520089993817;1624;1932;39;355516416;364632;631628
1520089993917;1634;1944;39;355516416;365124;632740
1520089994017;1644;1963;40;355516416;365616;633854
1520089994117;1654;1974;41;355516416;366108;634970
1520089994217;1664;1986;41;355516416;366764;636453
1520089994317;1674;1997;41;355516416;367256;637567
1520089994417;1684;2008;41;355516416;367748;638679
1520089994517;1694;2019;41;355516416;368416;640229
1520089994617;1704;2029;43;355516416;369020;641394
1520089994718;1714;2043;43;355516416;369512;642508
1520089994819;1724;2058;43;355516416;370004;643620
1520089994920;1734;2070;43;355516416;370548;645046
1520089995021;1744;2082;43;355516416;371244;646315
1520089995121;1754;2092;43;355516416;371736;647427
1520089995221;1764;2104;43;355516416;372228;648539
1520089995322;1774;2115;43;355516416;372884;650023
1520089995422;1784;2126;43;355516416;373376;651134
1520089995522;1794;2137;43;355516416;373868;652249
1520089995622;1804;2148;43;355516416;374458;653733
1520089995722;1814;2159;43;355516416;375062;654898
1520089995822;1824;2171;43;355516416;375554;656011
1520089995922;1834;2181;45;355516416;376046;657124
1520089996022;1844;2193;45;355516416;376590;658552
1520089996122;1854;2204;45;355516416;377194;659718
1520089996222;1864;2217;45;355516416;377778;660935
1520089996322;1874;2232;45;355516416;378270;662046
1520089996422;1884;2243;45;355516416;378814;663472
1520089996522;1894;2255;45;355516416;379418;664639
1520089996622;1904;2266;45;355516416;379910;665752
1520089996722;1914;2278;45;355516416;380402;666865
1520089996822;1924;2288;46;355516416;380992;668348
1520089996922;1934;2300;46;355516416;381596;669514
1520089997022;1944;2311;46;355516416;382088;670626
1520089997122;1954;2322;46;355516416;382632;672055
1520089997222;1964;2333;46;355516416;383328;673324
1520089997322;1974;2344;47;355516416;383820;674435
1520089997422;1984;2356;47;355516416;384312;675547
1520089997522;1994;2367;47;355516416;384856;676980
1520089997622;2004;2383;47;355516416;385460;678143
1520089997722;2014;2394;48;355516416;385952;679255
1520089997822;2024;2406;48;355516416;386568;680482
1520089997922;2034;2416;49;355516416;387112;681916
1520089998022;2044;2428;49;355516416;387716;683083
1520089998122;2054;2440;49;355516416;388208;684195
1520089998222;2064;2451;49;355516416;388700;685308
1520089998322;2074;2462;49;355516416;389244;686738
1520089998422;2084;2472;50;355516416;389940;688007
1520089998522;2094;2483;50;355516416;390432;689118
1520089998622;2104;2493;51;355516416;390976;690549
1520089998722;2114;2504;51;355516416;391580;691715
1520089998822;2124;2515;51;355516416;392161;692825
1520089998922;2134;2526;51;355516416;392699;693991
1520089999022;2144;2535;53;355516416;393355;695471
1520089999123;2154;2546;53;355516416;393847;696582
1520089999224;2164;2557;53;355516416;394339;697695
1520089999325;2174;2569;53;355516416;394883;699125
1520089999426;2184;2580;53;355516416;395487;700287
1520089999527;2195;2592;53;355516416;395979;701396
1520089999627;2205;2604;53;355516416;396615;702929
1520089999728;2215;2615;53;355516416;397219;704092
1520089999829;2225;2628;53;355516416;397800;705206
1520089999930;2235;2638;55;355516416;398292;706317
1520090000030;2245;2650;55;355516416;398948;707796
1520090000131;2255;2668;55;355516416;399486;708963
1520090000232;2265;2680;55;355516416;399978;710074
1520090000332;2275;2688;58;355516416;400634;711557
1520090000433;2285;2699;59;355516416;401126;712671
1520090000534;2295;2711;59;355516416;401618;713783
1520090000635;2305;2722;59;355516416;402162;715217
1520090000736;2315;2734;59;355516416;402858;716484
1520090000837;2326;2746;59;355516416;403350;717598
1520090000937;2336;2757;59;355516416;403842;718709
1520090001037;2346;2768;59;355516416;404498;720190
1520090001138;2356;2778;60;355516416;405114;721419
1520090001239;2366;2790;60;355516416;405606;722853
1520090001340;2376;2801;60;355516416;406262;724018
1520090001441;2386;2812;60;355516416;406754;725131
1520090001541;2396;2823;60;355516416;407410;726558
1520090001641;2406;2836;60;355516416;407902;727721
1520090001741;2416;2848;60;355516416;408394;728833
1520090001841;2426;2859;60;355516416;409030;730368
1520090001941;2436;2870;61;355516416;409634;731532
1520090002042;2446;2881;61;355516416;410126;732643
1520090002142;2456;2892;61;355516416;410670;734076
1520090002242;2466;2903;61;355516416;411320;735291
1520090002342;2476;2914;61;355516416;411812;736402
1520090002442;2486;2926;62;355516416;412304;737516
1520090002542;2496;2936;63;355516416;412960;739000
1520090002642;2506;2946;64;355516416;413452;740113
1520090002742;2516;2956;64;355516416;413944;741225
1520090002842;2526;2967;64;355516416;414627;742657
1520090002942;2536;2977;65;355516416;415231;743823
1520090003042;2546;2988;65;355516416;415865;745036
1520090003142;2556;2999;65;355516416;416521;746466
1520090003242;2566;3010;65;355516416;417013;747631
1520090003342;2576;3021;65;355516416;417505;748741
1520090003442;2586;3032;65;355516416;418207;750273
1520090003542;2596;3042;66;355516416;418699;751387
1520090003642;2606;3053;66;355516416;419237;752501
1520090003742;2616;3064;66;355516416;419781;753932
1520090003842;2626;3075;66;355516416;420385;755094
1520090003942;2636;3086;66;355516416;420877;756205
1520090004042;2646;3096;66;355516416;421369;757316
1520090004142;2656;3107;67;355516416;422117;758902
1520090004242;2666;3118;69;355516416;422609;760015
1520090004342;2676;3129;69;355516416;423101;761127
1520090004442;2686;3139;70;355516416;423769;762673
1520090004542;2696;3150;70;355516416;424373;763839
1520090004642;2706;3160;71;355516416;424865;764949
1520090004742;2716;3171;71;355516416;425521;766382
1520090004842;2726;3181;71;355516416;426013;767541
1520090004942;2736;3192;71;355516416;426505;768654
1520090005042;2746;3203;71;355516416;426997;769767
1520090005142;2756;3214;71;355516416;427541;771197
1520090005242;2766;3225;71;355516416;428145;772362
1520090005343;2776;3236;71;355516416;428729;773579
1520090005444;2786;3246;72;355516416;429273;775004
1520090005545;2796;3257;72;355516416;429923;776219
1520090005645;2806;3267;72;355516416;430415;777328
1520090005745;2816;3279;72;355516416;430907;778442
1520090005845;2826;3288;74;355516416;431563;779927
1520090005945;2836;3299;74;355516416;432055;781038
1520090006045;2846;3308;75;355516416;432599;782470
1520090006145;2856;3319;75;355516416;433203;783635
1520090006245;2866;3330;75;355516416;433695;784750
1520090006345;2876;3344;75;355516416;434187;785861
1520090006445;2886;3354;76;355516416;434823;787397
1520090006545;2896;3364;76;355516416;435427;788557
1520090006645;2906;3375;76;355516416;435919;789667
1520090006745;2916;3386;76;355516416;436457;790830
1520090006845;2926;3396;77;355516416;437113;792314
1520090006945;2936;3409;77;355516416;437605;793421
1520090007045;2946;3420;77;355516416;438097;794530
1520090007145;2956;3431;77;355516416;438753;796010
1520090007245;2966;3442;78;355516416;439245;797121
1520090007345;2976;3453;78;355516416;439737;798227
1520090007445;2986;3466;78;355516416;440281;799659
1520090007545;2996;3478;78;355516416;440885;800820
1520090007645;3006;3490;80;355516416;441469;802038
1520090007745;3016;3504;80;355516416;441961;803151
1520090007845;3026;3514;81;355516416;442577;804699
1520090007945;3036;3526;81;355516416;443233;805865
1520090008045;3046;3535;83;355516416;443725;806974
1520090008145;3056;3546;83;355516416;444269;808407
1520090008245;3066;3556;84;355516416;444873;809570
1520090008345;3076;3566;84;355516416;445365;810681
1520090008445;3086;3577;84;355516416;445857;811791
1520090008545;3096;3589;84;355516416;446401;813224
1520090008645;3106;3601;84;355516416;447005;814387
1520090008745;3116;3611;84;355516416;447589;815602
1520090008846;3126;3621;84;355516416;448081;817030
1520090008947;3137;3634;84;355516416;448783;818247
1520090009048;3147;3644;84;355516416;449275;819358
1520090009149;3157;3656;84;355516416;449767;820471
1520090009250;3167;3667;84;355516416;450423;821954
1520090009350;3177;3678;84;355516416;450915;823068
1520090009450;3187;3688;85;355516416;451407;824179
1520090009550;3197;3699;85;355516416;452063;825663
1520090009650;3207;3709;86;355516416;452555;826771
1520090009750;3217;3719;86;355516416;453047;827882
1520090009850;3227;3732;86;355516416;453631;829414
1520090009950;3237;3742;87;355516416;454175;830529
1520090010050;3247;3752;87;355516416;454825;831744
1520090010150;3257;3764;87;355516416;455369;833173
1520090010250;3267;3775;87;355516416;455973;834335
1520090010350;3277;3785;87;355516416;456465;835450
1520090010450;3287;3796;87;355516416;456957;836562
1520090010550;3297;3806;88;355516416;457613;838044
1520090010650;3307;3818;88;355516416;458105;839155
1520090010750;3317;3830;88;355516416;458597;840265
1520090010850;3327;3841;88;355516416;459253;841745
1520090010950;3337;3852;88;355516416;459837;842963
1520090011050;3347;3861;90;355516416;460329;844078
1520090011150;3357;3872;90;355516416;460997;845622
1520090011250;3367;3882;91;355516416;461601;846783
1520090011350;3377;3892;93;355516416;462093;847893
1520090011450;3387;3903;93;355516416;462585;849004
1520090011550;3397;3913;94;355516416;463241;850487
1520090011650;3407;3924;94;355516416;463733;851598
1520090011750;3417;3933;96;355516416;464225;852711
1520090011851;3427;3945;96;355516416;464970;854194
1520090011952;3437;3956;96;355516416;465462;855307
1520090012052;3447;3967;96;355516416;465954;856418
1520090012152;3457;3977;97;355516416;466590;857952
1520090012252;3467;3989;97;355516416;467240;859165
1520090012352;3477;4000;97;355516416;467732;860278
1520090012452;3487;4010;97;355516416;468276;861711
1520090012552;3497;4021;97;355516416;468880;862878
1520090012652;3507;4032;97;355516416;469372;863986
1520090012752;3517;4043;97;355516416;469864;865413
1520090012852;3527;4054;97;355516416;470520;866575
1520090012952;3537;4065;97;355516416;471012;867684
1520090013052;3547;4076;97;355516416;471504;868796
1520090013152;3557;4087;97;355516416;472160;870280
1520090013252;3567;4096;99;355516416;472744;871496
1520090013352;3577;4108;99;355516416;473282;872660
1520090013452;3587;4119;99;355516416;473938;874144
1520090013552;3597;4130;99;355516416;474430;875257
1520090013652;3607;4140;99;355516416;474922;876366
1520090013752;3617;4151;99;355516416;475466;877796
1520090013852;3627;4162;99;355516416;476070;878965
1520090013952;3637;4172;99;355516416;476562;880076
1520090014052;3647;4183;99;355516416;477106;881511
1520090014152;3657;4194;99;355516416;477710;882675
1520090014253;3667;4204;99;355516416;478202;883788
1520090014354;3677;4215;99;355516416;478694;884905
1520090014454;3687;4225;100;355516416;479330;886435
1520090014554;3697;4236;100;355516416;480058;887717
1520090014654;3707;4245;101;355516416;480550;888826
1520090014754;3717;4257;101;355516416;481206;890307
1520090014854;3727;4268;101;355516416;481698;891418
1520090014954;3737;4279;101;355516416;482190;892526
1520090015054;3747;4289;101;355516416;482734;893950
1520090015154;3757;4300;101;355516416;483338;895115
1520090015254;3767;4310;102;355516416;483830;896226
1520090015354;3777;4320;102;355516416;484374;897655
1520090015454;3787;4332;102;355516416;484866;898767
1520090015554;3797;4342;103;355516416;485562;900037
1520090015654;3807;4351;104;355516416;486100;901200
1520090015754;3817;4362;104;355516416;486644;902628
1520090015854;3827;4372;104;355516416;487248;903788
1520090015954;3837;4383;104;355516416;487740;904900
1520090016054;3847;4394;104;355516416;488784;906331
1520090016154;3857;4404;104;355516416;489276;907503
1520090016254;3867;4415;104;355516416;489768;908614
1520090016355;3877;4426;104;355516416;490312;910043
1520090016456;3887;4436;106;355516416;490916;911206
1520090016556;3898;4447;106;355516416;491408;912322
1520090016656;3908;4458;106;355516416;492044;913858
1520090016756;3918;4470;106;355516416;492530;914705
1520090016856;3928;4482;106;355516416;493186;916195
1520090016957;3938;4493;106;355516416;493678;917307
1520090017058;3948;4503;107;355516416;494170;918418
1520090017158;3958;4515;107;355516416;494826;919903
1520090017258;3968;4526;107;355516416;495318;921012
1520090017358;3978;4536;107;355516416;495810;922126
1520090017458;3988;4547;107;355516416;496302;923237
1520090017558;3998;4559;107;355516416;496794;924350
1520090017658;4008;4570;107;355516416;497450;925833
1520090017758;4018;4582;107;355516416;497942;926949
1520090017858;4028;4592;108;355516416;498700;928283
1520090017958;4038;4602;108;355516416;499244;929718
1520090018058;4048;4616;108;355516416;499898;930884
1520090018158;4058;4627;108;355516416;500390;931995
1520090018258;4068;4638;108;355516416;500934;933428
1520090018358;4078;4650;108;355516416;501538;934593
1520090018458;4088;4660;108;355516416;502076;935707
1520090018558;4098;4671;108;355516416;502568;936817
1520090018658;4108;4682;108;355516416;503224;938304
1520090018758;4118;4693;108;355516416;503716;939419
1520090018858;4128;4704;108;355516416;504208;940532
1520090018958;4138;4715;108;355516416;504890;942117
1520090019058;4148;4726;108;355516416;505382;943227
1520090019158;4158;4737;108;355516416;505986;944391
1520090019258;4168;4747;108;355516416;506478;945504
1520090019358;4178;4758;108;355516416;507022;946931
1520090019458;4188;4769;108;355516416;507626;948095
1520090019559;4198;4779;108;355516416;508118;949209
1520090019660;4208;4789;109;355516416;508662;950643
1520090019760;4218;4799;110;355516416;509266;951808
1520090019860;4228;4809;110;355516416;509758;952926
1520090019960;4238;4819;111;355516416;510250;954066
1520090020060;4248;4830;111;355516416;510906;955580
1520090020160;4258;4840;111;355516416;511536;956874
1520090020260;4268;4851;111;355516416;512028;958327
1520090020360;4278;4862;111;355516416;512572;959452
1520090020460;4288;4872;111;355516416;513176;960635
1520090020560;4298;4883;111;355516416;513668;961766
1520090020660;4308;4894;111;355516416;514212;963222
1520090020760;4318;4904;111;355516416;514816;964403
1520090020860;4328;4915;111;355516416;515308;965533
1520090020960;4338;4925;111;355516416;515800;966662
1520090021060;4348;4936;111;355516416;516456;968171
1520090021160;4358;4948;111;355516416;517072;969417
1520090021260;4368;4959;111;355516416;517656;970653
1520090021360;4378;4969;113;355516416;518200;972105
1520090021460;4388;4980;113;355516416;518804;973287
1520090021561;4398;4990;113;355516416;519296;974404
1520090021662;4408;5001;113;355516416;519840;975835
1520090021763;4418;5012;113;355516416;520332;976947
1520090021863;4428;5023;113;355516416;520936;978114
1520090021963;4438;5034;113;355516416;521428;979231
1520090022063;4448;5045;113;355516416;522084;980715
1520090022163;4458;5055;113;355516416;522576;981832
1520090022263;4468;5065;114;355516416;523114;983000
1520090022363;4478;5076;114;355516416;523862;984595
1520090022463;4488;5086;114;355516416;524242;985657
1520090022563;4498;5096;115;355516416;524846;986826
1520090022663;4508;5109;115;355516416;525338;987944
1520090022763;4518;5120;115;355516416;525830;989061
1520090022863;4528;5131;115;355516416;526322;990179
1520090022963;4538;5141;115;355516416;526866;991619
1520090023063;4548;5152;115;355516416;527470;992788
1520090023163;4558;5162;116;355516416;527962;993907
1520090023263;4568;5174;116;355516416;528454;995023
1520090023363;4578;5185;117;355516416;528946;996143
1520090023463;4588;5195;118;355516416;529484;997312
1520090023563;4598;5206;119;355516416;530068;998534
1520090023663;4608;5217;119;355516416;530612;999970
1520090023763;4618;5227;119;355516416;531216;1001140
1520090023864;4628;5238;119;355516416;531708;1002257
1520090023965;4638;5248;119;355516416;532200;1003374
1520090024065;4648;5260;120;355516416;532744;1004811
1520090024165;4658;5270;120;355516416;533348;1005981
1520090024265;4668;5281;120;355516416;533840;1007102
1520090024365;4678;5292;120;355516416;534384;1008540
1520090024465;4688;5304;120;355516416;534876;1009658
1520090024565;4698;5314;121;355516416;535604;1010940
1520090024665;4708;5325;121;355516416;536188;1012161
1520090024765;4718;5336;121;355516416;536680;1013278
1520090024865;4728;5345;122;355516416;537336;1014769
1520090024965;4738;5355;123;355516416;537828;1015885
1520090025065;4748;5368;123;355516416;538320;1017002
1520090025165;4758;5379;123;355516416;538812;1018120
1520090025265;4768;5390;123;355516416;539304;1019239
1520090025365;4778;5400;123;355516416;539848;1020678
1520090025465;4788;5411;123;355516416;540452;1021846
1520090025565;4798;5422;124;355516416;540944;1022963
1520090025665;4808;5434;124;355516416;541482;1024134
1520090025765;4818;5445;124;355516416;542066;1025356
1520090025865;4828;5456;124;355516416;542558;1026469
1520090025965;4838;5468;124;355516416;543102;1027908
1520090026065;4848;5478;124;355516416;543706;1029077
1520090026165;4858;5489;124;355516416;544198;1030196
1520090026266;4868;5500;124;355516416;544690;1031313
1520090026367;4879;5513;124;355516416;545346;1032803
1520090026467;4889;5524;124;355516416;545838;1033920
1520090026568;4899;5534;124;355516416;546330;1035037
1520090026669;4909;5546;124;355516416;546986;1036525
1520090026769;4919;5557;124;355516416;547478;1037639
1520090026869;4929;5567;124;355516416;548016;1038805
1520090026969;4939;5578;124;355516416;548600;1040028
1520090027069;4949;5589;124;355516416;549092;1041144
1520090027169;4959;5600;124;355516416;549748;1042631
1520090027269;4969;5613;124;355516416;550240;1043747
1520090027369;4979;5624;124;355516416;550732;1044862
1520090027469;4989;5634;125;355516416;551224;1045979
1520090027569;4999;5645;125;355516416;551716;1047098
1520090027669;5009;5657;125;355516416;552208;1048214
1520090027769;5019;5669;125;355516416;552700;1049330
1520090027869;5029;5680;126;355516416;553368;1050883
1520090027969;5039;5691;126;355516416;553860;1052002
1520090028069;5049;5703;126;355516416;554444;1053221
1520090028169;5059;5715;127;355516416;555048;1054390
1520090028269;5069;5726;127;355516416;555540;1055508
1520090028369;5079;5740;127;355516416;556032;1056624
1520090028469;5089;5750;128;355516416;556524;1057741
1520090028569;5099;5762;128;355516416;557016;1058857
1520090028670;5109;5773;129;355516416;557508;1059973
1520090028771;5119;5784;129;355516416;558089;1061087
1520090028871;5129;5796;129;355516416;558633;1062522
1520090028972;5139;5807;129;355516416;559283;1063741
1520090029073;5149;5819;129;355516416;559775;1064858
1520090029173;5159;5831;129;355516416;560359;1066079
1520090029273;5169;5842;129;355516416;560851;1067196
1520090029373;5179;5853;130;355516416;561343;1068314
1520090029473;5189;5865;130;355516416;561835;1069432
1520090029573;5199;5877;130;355516416;562327;1070550
1520090029673;5209;5887;131;355516416;562819;1071667
1520090029773;5219;5898;133;355516416;563400;1072782
1520090029873;5229;5908;134;355516416;563892;1073899
1520090029973;5239;5921;134;355516416;564384;1075018
1520090030073;5249;5933;135;355516416;564922;1076187
1520090030173;5259;5943;136;355516416;565414;1077302
1520090030273;5269;5955;136;355516416;566050;1078842
1520090030373;5279;5967;136;355516416;566490;1079638
1520090030473;5289;5980;136;355516416;567034;1081074
1520090030573;5299;5991;137;355516416;567526;1082193
1520090030673;5309;6003;137;355516416;568018;1083309
1520090030773;5319;6015;137;355516416;568622;1084473
1520090030874;5329;6027;137;355516416;569114;1085592
1520090030975;5339;6040;137;355516416;569606;1086707
1520090031075;5349;6053;137;355516416;570098;1087826
1520090031175;5359;6064;137;355516416;570760;1089112
1520090031275;5369;6074;138;355516416;571252;1090229
1520090031375;5379;6085;138;355516416;571836;1091451
1520090031475;5389;6096;138;355516416;572492;1092944
1520090031575;5399;6107;139;355516416;572984;1094060
1520090031675;5409;6119;139;355516416;573476;1095179
1520090031775;5419;6128;140;355516416;573968;1096294
1520090031875;5429;6139;141;355516416;574460;1097409
1520090031975;5439;6150;141;355516416;574952;1098523
1520090032075;5449;6161;141;355516416;575444;1099642
1520090032175;5459;6171;142;355516416;576100;1101134
1520090032275;5469;6181;143;355516416;576638;1102301
1520090032375;5479;6190;145;355516416;577130;1103417
1520090032475;5489;6203;145;355516416;577714;1104637
1520090032575;5499;6214;145;355516416;578206;1105755
1520090032675;5509;6225;145;355516416;578750;1107188
1520090032775;5519;6238;145;355516416;579279;1108303
1520090032875;5529;6249;145;355516416;579873;1109416
1520090032975;5539;6265;145;355516416;580477;1110583
1520090033075;5549;6275;146;355516416;581019;1111698
1520090033176;5559;6286;146;355516416;581511;1112817
1520090033277;5570;6299;146;355516416;582003;1113934
1520090033378;5580;6308;148;355516416;582593;1115424
1520090033478;5590;6319;148;355516416;583243;1116595
1520090033578;5600;6331;148;355516416;583827;1117816
1520090033678;5610;6342;148;355516416;584319;1118933
1520090033778;5620;6353;148;355516416;584811;1120051
1520090033878;5630;6365;148;355516416;585355;1121488
1520090033978;5640;6376;149;355516416;585959;1122658
1520090034078;5650;6386;149;355516416;586451;1123774
1520090034178;5660;6398;149;355516416;586943;1124891
1520090034278;5670;6408;149;355516416;587435;1126008
1520090034378;5680;6420;150;355516416;587927;1127446
1520090034478;5690;6430;150;355516416;588583;1128613
1520090034578;5700;6443;151;355516416;589245;1129898
1520090034678;5710;6453;152;355516416;589737;1131013
1520090034778;5720;6464;152;355516416;590321;1132231
1520090034878;5730;6475;152;355516416;590813;1133348
1520090034978;5740;6485;154;355516416;591469;1134837
1520090035078;5750;6496;154;355516416;591961;1135954
1520090035178;5760;6507;154;355516416;592453;1137071
1520090035278;5770;6519;154;355516416;592945;1138188
1520090035378;5780;6530;154;355516416;593489;1139628
1520090035478;5790;6543;154;355516416;594093;1140794
1520090035578;5800;6552;156;355516416;594585;1141908
1520090035678;5810;6563;156;355516416;595123;1143072
1520090035778;5820;6575;156;355516416;595615;1144191
1520090035878;5830;6586;156;355516416;596251;1145733
1520090035978;5840;6597;156;355516416;596855;1146901
1520090036079;5850;6608;156;355516416;597347;1148017
1520090036180;5860;6619;156;355516416;597839;1149452
1520090036281;5870;6628;158;355516416;598331;1150248
1520090036382;5880;6639;158;355516416;598875;1151685
1520090036482;5890;6651;158;355516416;599479;1152854
1520090036582;5900;6662;159;355516416;599971;1153971
1520090036682;5910;6673;159;355516416;600463;1155091
1520090036782;5920;6684;159;355516416;600955;1156557
1520090036882;5930;6694;160;355516416;601545;1157748
1520090036982;5940;6706;160;355516416;602149;1158936
1520090037082;5950;6715;161;355516416;602733;1160173
1520090037182;5960;6726;162;355516416;603225;1161312
1520090037282;5970;6737;162;355516416;603769;1162769
1520090037382;5980;6748;163;355516416;604373;1163951
1520090037482;5990;6759;163;355516416;604865;1165083
1520090037582;6000;6771;163;355516416;605357;1166216
1520090037682;6010;6782;163;355516416;605849;1167349
1520090037782;6020;6794;163;355516416;606393;1168811
1520090037882;6030;6805;163;355516416;607009;1170058
1520090037983;6040;6817;164;355516416;607613;1171245
1520090038083;6050;6828;164;355516416;608105;1172376
1520090038183;6060;6839;164;355516416;608689;1173612
1520090038283;6070;6850;164;355516416;609181;1174745
1520090038383;6080;6862;164;355516416;609725;1176196
1520090038483;6090;6873;164;355516416;610329;1177379
1520090038583;6100;6883;165;355516416;610821;1178509
1520090038683;6110;6895;165;355516416;611313;1179644
1520090038783;6120;6907;165;355516416;611805;1180775
1520090038883;6130;6918;165;355516416;612349;1182234
1520090038983;6140;6932;165;355516416;612551;1183266
1520090039083;6150;6944;165;355516416;613491;1184450
1520090039183;6160;6955;165;355516416;613983;1185687
1520090039283;6170;6966;165;355516416;614475;1186819
1520090039383;6180;6979;165;355516416;615059;1188051
1520090039483;6190;6991;165;355516416;615715;1189558
1520090039583;6200;7004;165;355516416;616207;1190694
1520090039683;6210;7016;165;355516416;616699;1191830
1520090039783;6220;7027;165;355516416;617191;1192968
1520090039883;6230;7038;165;355516416;617683;1194098
1520090039983;6240;7050;165;355516416;618339;1195613
1520090040083;6250;7061;165;355516416;618877;1196797
1520090040183;6260;7073;165;355516416;619369;1197922
1520090040283;6270;7084;165;355516416;619861;1199028
1520090040383;6280;7095;165;355516416;620353;1200138
1520090040483;6290;7106;166;355516416;621101;1201724
1520090040583;6300;7117;166;355516416;621593;1202837
1520090040683;6310;7127;167;355516416;622085;1203955
1520090040783;6320;7138;167;355516416;622577;1205067
1520090040883;6330;7149;167;355516416;623069;1206181
1520090040983;6340;7159;168;355516416;623561;1207296
1520090041083;6350;7171;169;355516416;624105;1208729
1520090041183;6360;7181;170;355516416;624833;1210008
1520090041283;6370;7193;170;355516416;625325;1211122
1520090041383;6380;7204;170;355516416;625817;1212238
1520090041483;6390;7214;170;355516416;626309;1213354
1520090041583;6400;7227;170;355516416;626801;1214470
1520090041683;6410;7240;170;355516416;627437;1216006
1520090041783;6420;7252;170;355516416;628018;1217123
1520090041883;6430;7262;171;355516416;628622;1218290
1520090041983;6440;7273;171;355516416;629114;1219404
1520090042083;6450;7283;171;355516416;629606;1220518
1520090042183;6460;7294;171;355516416;630098;1221633
1520090042283;6470;7307;171;355516416;630590;1222749
1520090042383;6480;7317;172;355516416;631292;1224291
1520090042483;6490;7329;172;355516416;631784;1225403
1520090042583;6500;7341;173;355516416;632276;1226518
1520090042683;6510;7353;173;355516416;632768;1227632
1520090042783;6520;7364;173;355516416;633352;1228849
1520090042883;6530;7376;173;355516416;634008;1230335
1520090042983;6540;7389;173;355516416;634500;1231450
1520090043083;6550;7399;173;355516416;634992;1232565
1520090043183;6560;7411;174;355516416;635484;1233680
1520090043283;6570;7422;174;355516416;635976;1234792
1520090043383;6580;7433;174;355516416;636632;1236224
1520090043483;6590;7444;175;355516416;637058;1237387
1520090043583;6600;7456;175;355516416;637662;1238557
1520090043683;6610;7474;175;355516416;638154;1239673
1520090043783;6620;7484;176;355516416;638646;1240792
1520090043883;6630;7497;176;355516416;639138;1242226
1520090043983;6640;7508;176;355516416;639886;1243498
1520090044083;6650;7519;176;355516416;640378;1244613
1520090044183;6660;7530;176;355516416;640870;1245730
1520090044283;6670;7544;176;355516416;641362;1246840
1520090044383;6680;7558;176;355516416;641854;1248278
1520090044483;6690;7570;176;355516416;642510;1249448
1520090044583;6700;7582;176;355516416;643126;1250679
1520090044683;6710;7597;176;355516416;643618;1251795
1520090044783;6720;7606;178;355516416;644110;1252912
1520090044883;6730;7618;178;355516416;644654;1254346
1520090044984;6740;7629;178;355516416;645258;1255511
1520090045085;6750;7640;178;355516416;645842;1256731
1520090045185;6760;7650;179;355516416;646334;1257850
1520090045285;6770;7661;179;355516416;646878;1259284
1520090045385;6780;7671;180;355516416;647482;1260450
1520090045485;6790;7681;181;355516416;647974;1261563
1520090045585;6800;7693;181;355516416;648466;1262680
1520090045685;6810;7703;183;355516416;649056;1264166
1520090045785;6820;7714;183;355516416;649496;1264960
1520090045885;6830;7726;184;355516416;650152;1266448
1520090045985;6840;7737;184;355516416;651032;1267564
1520090046085;6850;7749;184;355516416;651524;1268682
1520090046185;6860;7761;184;355516416;652272;1270275
1520090046285;6870;7774;184;355516416;652764;1271389
1520090046385;6880;7785;184;355516416;653256;1272505
1520090046485;6890;7795;185;355516416;653748;1273621
1520090046585;6900;7807;186;355516416;654240;1274736
1520090046685;6910;7824;187;356564992;654896;1276224
1520090046785;6920;7835;187;356564992;655388;1277341
1520090046885;6930;7847;187;356564992;655926;1278510
1520090046985;6940;7858;187;356564992;656418;1279623
1520090047085;6950;7868;188;356564992;656910;1280738
1520090047185;6960;7880;188;356564992;657566;1282223
1520090047285;6970;7893;188;356564992;658150;1283445
1520090047385;6980;7904;188;356564992;658642;1284564
1520090047485;6990;7916;188;356564992;659134;1285681
1520090047585;7000;7929;188;356564992;659790;1287170
1520090047685;7010;7940;188;356564992;660282;1288285
1520090047786;7020;7951;189;356564992;660824;1289398
1520090047887;7031;7967;189;356564992;661440;1290629
1520090047987;7041;7978;189;356564992;662096;1292120
1520090048087;7051;7989;189;356564992;662410;1293130
1520090048188;7061;8001;189;356564992;663126;1294352
1520090048289;7071;8012;189;356564992;663670;1295790
1520090048389;7081;8023;189;356564992;664366;1297062
1520090048489;7091;8034;189;356564992;664858;1298181
1520090048589;7101;8048;189;356564992;665350;1299299
1520090048689;7111;8059;189;356564992;665842;1300415
1520090048789;7121;8071;189;356564992;666544;1301904
1520090048889;7131;8083;190;356564992;667036;1303017
1520090048989;7141;8095;190;356564992;667528;1304131
1520090049089;7151;8107;190;356564992;668066;1305297
1520090049189;7161;8119;190;356564992;668558;1306414
1520090049289;7171;8132;190;356564992;669102;1307852
1520090049389;7181;8146;191;356564992;669706;1309023
1520090049489;7191;8158;191;356564992;670198;1310138
1520090049589;7201;8168;192;356564992;670782;1311360
1520090049689;7211;8178;193;356564992;671274;1312794
1520090049789;7221;8191;193;356564992;671930;1313961
1520090049889;7231;8202;193;356564992;672422;1315077
1520090049989;7241;8213;193;356564992;672914;1316194
1520090050089;7251;8224;193;356564992;673458;1317629
1520090050189;7261;8236;194;356564992;674108;1318796
1520090050289;7271;8248;194;356564992;674600;1319959
1520090050389;7281;8261;194;356564992;675092;1321075
1520090050489;7291;8274;194;356564992;675584;1322191
1520090050589;7301;8286;194;356564992;676240;1323682
1520090050689;7311;8300;194;356564992;676660;1324531
1520090050790;7321;8313;194;356564992;677204;1325963
1520090050891;7331;8325;194;356564992;677696;1327080
1520090050992;7341;8337;194;356564992;678300;1328250
1520090051092;7351;8351;194;356564992;678792;1329368
1520090051193;7361;8363;195;356564992;679408;1330601
1520090051293;7371;8375;195;356564992;679900;1331717
1520090051393;7381;8388;195;356564992;680392;1332831
1520090051493;7391;8399;195;356564992;680936;1334269
1520090051593;7401;8409;197;356564992;681376;1335066
1520090051693;7411;8422;197;356564992;681920;1336498
1520090051793;7421;8433;198;356564992;682452;1337395
1520090051893;7431;8445;199;356564992;682944;1338511
1520090051993;7441;8457;199;356564992;683600;1339999
1520090052093;7451;8469;199;356564992;684196;1341116
1520090052193;7461;8481;199;356564992;684688;1342230
1520090052293;7471;8493;200;356564992;685180;1343346
1520090052393;7481;8504;200;356564992;685718;1344514
1520090052493;7491;8517;200;356564992;686262;1345950
1520090052593;7501;8530;200;356564992;686754;1347068
1520090052693;7511;8542;201;356564992;687358;1348234
1520090052793;7521;8556;201;356564992;687850;1349348
1520090052893;7531;8568;202;356564992;688434;1350571
1520090052993;7541;8581;202;356564992;688926;1351688
1520090053093;7551;8592;203;356564992;689418;1352803
1520090053193;7561;8605;203;356564992;689910;1353865
1520090053293;7571;8617;204;356564992;690402;1355027
1520090053393;7581;8629;204;356564992;691058;1356514
1520090053493;7591;8641;204;356564992;691596;1357681
1520090053594;7601;8653;204;356564992;692088;1358801
1520090053695;7611;8667;204;356564992;692580;1359916
1520090053795;7621;8680;205;356564992;693072;1361033
1520090053895;7631;8693;205;356564992;693564;1362143
1520090053995;7641;8704;205;356564992;694200;1363678
1520090054095;7651;8716;205;356564992;694804;1364842
1520090054195;7661;8728;205;356564992;695296;1365956
1520090054295;7671;8740;205;356564992;695788;1367066
1520090054395;7681;8749;207;356564992;696280;1368179
1520090054495;7691;8763;207;356564992;696824;1369614
1520090054595;7701;8774;207;356564992;697440;1370845
1520090054695;7711;8788;207;356564992;698044;1372012
1520090054795;7721;8801;208;356564992;698536;1373127
1520090054895;7731;8813;208;356564992;699028;1374247
1520090054995;7741;8825;208;356564992;699520;1375363
1520090055095;7751;8835;208;356564992;700104;1376584
1520090055195;7761;8849;208;356564992;700760;1378070
1520090055295;7771;8863;208;356564992;701252;1379186
1520090055395;7781;8876;208;356564992;701744;1380300
1520090055495;7791;8888;208;356564992;702236;1381414
1520090055595;7801;8900;208;356564992;702728;1382527
1520090055695;7811;8913;208;356564992;703318;1384018
1520090055796;7821;8926;208;356564992;703922;1385188
1520090055897;7832;8939;208;356564992;704414;1386304
1520090055998;7842;8954;208;356564992;704906;1387420
1520090056099;7852;8971;208;356564992;705398;1388540
1520090056200;7862;8983;209;356564992;705982;1389757
1520090056301;7872;8996;209;356564992;706474;1390873
1520090056402;7882;9010;210;356564992;707130;1392364
1520090056503;7892;9026;210;356564992;707622;1393480
1520090056604;7902;9036;211;356564992;708114;1394599
1520090056705;7912;9048;211;356564992;708606;1395715
1520090056806;7922;9059;212;356564992;709196;1397201
1520090056906;7932;9071;212;356564992;709800;1398370
1520090057006;7942;9083;212;356564992;710292;1399481
1520090057106;7952;9095;213;356564992;710784;1400600
1520090057206;7962;9108;213;356564992;711276;1401720
1520090057306;7972;9119;213;356564992;711768;1402835
1520090057406;7982;9128;215;356564992;712404;1404376
1520090057506;7992;9139;215;356564992;713008;1405547
1520090057606;8002;9152;215;356564992;713500;1406664
1520090057706;8012;9163;215;356564992;713992;1407783
1520090057806;8022;9175;215;356564992;714484;1408901
1520090057906;8032;9187;215;356564992;715152;1410452
1520090058006;8042;9198;215;356564992;715756;1411624
1520090058106;8052;9212;215;356564992;716248;1412744
1520090058206;8062;9223;215;355516416;716628;1413805
1520090058306;8072;9234;215;355516416;717284;1415289
1520090058406;8082;9246;215;355516416;717888;1416455
1520090058506;8093;9257;215;355516416;718472;1417675
1520090058606;8103;9268;215;355516416;718964;1418793
1520090058706;8113;9280;215;355516416;719545;1419904
1520090058806;8123;9291;216;355516416;720201;1421391
1520090058906;8133;9307;216;355516416;720693;1422507
1520090059006;8143;9318;216;355516416;721231;1423675
1520090059106;8153;9329;216;355516416;721723;1424790
1520090059207;8163;9342;216;355516416;722215;1425909
1520090059308;8173;9354;217;355516416;722871;1427395
1520090059409;8183;9367;217;355516416;723363;1428509
1520090059510;8193;9378;217;355516416;723855;1429628
1520090059610;8203;9389;218;355516416;724491;1431167
1520090059710;8213;9401;218;355516416;725072;1432284
1520090059810;8223;9414;218;355516416;725676;1433451
1520090059910;8233;9425;218;355516416;726168;1434567
1520090060010;8243;9436;219;355516416;726712;1436003
1520090060110;8253;9448;219;355516416;727362;1437224
1520090060210;8263;9459;220;355516416;727854;1438340
1520090060310;8273;9470;220;355516416;728346;1439459
1520090060410;8283;9481;221;355516416;728838;1440576
1520090060510;8293;9492;221;355516416;729494;1442065
1520090060610;8303;9505;222;355516416;729986;1443178
1520090060710;8313;9515;223;355516416;730570;1444396
1520090060810;8323;9528;223;355516416;731062;1445513
1520090060910;8333;9537;224;355516416;731606;1446949
1520090061010;8343;9549;224;355516416;732210;1448114
1520090061110;8353;9560;224;355516416;732702;1449229
1520090061210;8363;9573;224;355516416;733364;1450513
1520090061310;8373;9584;224;355516416;734020;1452005
1520090061411;8383;9596;224;355516416;734512;1453123
1520090061512;8393;9606;225;355516416;735004;1454238
1520090061612;8403;9618;225;355516416;735496;1455354
1520090061712;8413;9632;225;355516416;736152;1456845
1520090061812;8423;9643;225;355516416;736736;1458069
1520090061912;8433;9654;225;355516416;737228;1459185
1520090062012;8443;9666;225;355516416;737772;1460618
1520090062112;8453;9676;226;355516416;738376;1461787
1520090062212;8463;9687;227;355516416;738868;1462903
1520090062312;8473;9698;227;355516416;739360;1464018
1520090062412;8483;9710;227;355516416;739898;1465186
1520090062512;8493;9721;227;355516416;740554;1466674
1520090062612;8503;9732;227;355516416;741046;1467792
1520090062712;8513;9743;228;355516416;741627;1468912
1520090062812;8523;9757;228;355516416;742649;1470240
