currentTs;total_time;user_time;sys_time;virtual_size;in_octets;out_octets
1520090625767;2;0;0;311296;4258;1866
1520090625867;12;0;1;13340672;4258;1866
1520090625967;22;0;2;14721024;4258;1866
1520090626067;32;1;2;298643456;4258;1866
1520090626167;42;3;2;300900352;4258;1866
1520090626267;52;5;4;300900352;4258;1866
1520090626367;62;8;8;306909184;4258;1866
1520090626467;72;15;8;306909184;4258;1866
1520090626568;82;21;8;306909184;4258;1866
1520090626669;92;28;8;309858304;4258;1866
1520090626770;103;35;9;312897536;4258;1866
1520090626870;113;39;10;311758848;4258;1866
1520090626970;123;48;10;313946112;4258;1866
1520090627070;133;57;10;313946112;4258;1866
1520090627170;143;65;10;313946112;4258;1866
1520090627270;153;75;10;313946112;4258;1866
1520090627370;163;85;10;313946112;4258;1866
1520090627470;173;89;12;313946112;4258;1866
1520090627570;183;92;13;313946112;4258;1866
1520090627670;193;98;13;313946112;4258;1866
1520090627770;203;104;14;313946112;4258;1866
1520090627870;213;108;16;313946112;4258;1866
1520090627970;223;121;16;314019840;4258;1866
1520090628070;233;128;17;314019840;4258;1866
1520090628170;243;134;20;314019840;4258;1866
1520090628270;253;138;21;314019840;4258;1866
1520090628370;263;146;21;314019840;4258;1866
1520090628470;273;153;23;314019840;4258;1866
1520090628570;283;161;23;314019840;4258;1866
1520090628670;293;170;24;343498752;4258;1866
1520090628770;303;179;24;343498752;4347;1866
1520090628870;313;184;24;343588864;4347;1866
1520090628970;323;191;25;343588864;4347;1866
1520090629070;333;198;26;345292800;4347;1866
1520090629170;343;205;26;345292800;4347;1866
1520090629270;353;213;27;345292800;4347;1866
1520090629371;363;227;27;345292800;4347;1866
1520090629472;373;237;27;345292800;4347;1866
1520090629573;383;243;27;345292800;4515;2079
1520090629673;393;252;27;345292800;4752;2212
1520090629773;403;259;27;345292800;5233;2350
1520090629873;413;266;27;346341376;5233;2350
1520090629989;425;275;28;347389952;5233;2350
1520090630089;435;283;28;347389952;5233;2350
1520090630189;445;292;28;347389952;5233;2350
1520090630289;455;300;29;347389952;5233;2350
1520090630389;465;310;29;347389952;5233;2350
1520090630489;475;320;30;347389952;5233;2350
1520090630589;485;328;30;348438528;5233;2350
1520090630689;495;339;31;348438528;5233;2350
1520090630789;505;348;33;348438528;5279;2402
1520090630889;515;357;33;348438528;5279;2402
1520090630989;525;364;33;348438528;5279;2402
1520090631089;535;375;33;348438528;5279;2402
1520090631189;545;385;33;348438528;5671;2540
1520090631289;555;393;34;348438528;5671;2540
1520090631389;565;402;34;348438528;5671;2540
1520090631489;575;407;36;349487104;5671;2540
1520090631589;585;412;36;349487104;5671;2540
1520090631689;595;418;36;349552640;5671;2540
1520090631789;605;426;36;349552640;5671;2540
1520090631889;615;436;36;349552640;5671;2540
1520090631989;625;448;38;350601216;5671;2540
1520090632089;635;456;38;350601216;5671;2540
1520090632189;645;465;38;350601216;5671;2540
1520090632289;655;474;38;351649792;5717;2592
1520090632389;665;484;38;353026048;5717;2592
1520090632489;675;492;38;353046528;5717;2592
1520090632589;685;499;38;353177600;5717;2592
1520090632689;695;507;39;353177600;5717;2592
1520090632789;705;516;39;353271808;5856;2592
1520090632889;715;525;39;353419264;5856;2592
1520090632989;725;537;39;353419264;5902;2592
1520090633089;735;544;40;353419264;5902;2592
1520090633189;745;552;41;353419264;5902;2592
1520090633289;755;561;42;353419264;5902;2592
1520090633389;765;572;42;354467840;5948;2644
1520090633489;775;582;42;354467840;5994;2644
1520090633589;785;592;43;354467840;6110;2756
1520090633689;795;602;43;354467840;6110;2756
1520090633789;805;612;44;354467840;6110;2756
1520090633889;815;622;44;354467840;6110;2756
1520090633989;825;632;45;354467840;6576;2996
1520090634089;835;643;45;354467840;6576;2996
1520090634189;845;652;45;354467840;6576;2996
1520090634289;855;661;46;354467840;7217;3275
1520090634389;865;675;47;354467840;7729;3567
1520090634489;875;696;48;355516416;8359;4183
1520090634589;885;712;48;355516416;8975;5425
1520090634689;895;724;48;355516416;9191;6115
1520090634789;905;736;48;355516416;9631;6906
1520090634889;915;750;48;355516416;9959;7643
1520090634989;925;762;48;355516416;10287;8382
1520090635089;935;774;48;355516416;10615;9121
1520090635189;945;785;49;355516416;10943;9862
1520090635289;955;798;50;355516416;11415;11023
1520090635389;965;809;51;355516416;11855;11814
1520090635489;975;821;51;355516416;12183;12555
1520090635589;985;836;51;355516416;12511;13295
1520090635689;995;851;51;355516416;13049;14460
1520090635790;1005;864;51;355516416;13377;15199
1520090635891;1015;879;52;355516416;13869;16308
1520090635991;1025;892;52;355516416;14249;17368
1520090636092;1035;904;52;355516416;14689;18160
1520090636193;1045;916;52;355516416;15181;19271
1520090636294;1055;927;55;355516416;15673;20330
1520090636395;1065;938;55;355516416;16001;21122
1520090636496;1075;951;55;355516416;16585;22338
1520090636596;1085;966;55;355516416;17077;23447
1520090636696;1095;978;55;355516416;17405;24187
1520090636797;1105;989;57;355516416;17943;25349
1520090636897;1115;1003;57;355516416;18435;26461
1520090636997;1125;1014;57;355516416;18927;27572
1520090637097;1135;1027;57;355516416;19307;28631
1520090637197;1145;1041;57;355516416;19747;29424
1520090637297;1155;1053;58;355516416;20239;30535
1520090637397;1165;1064;59;355516416;20731;31649
1520090637497;1175;1079;59;355516416;21315;32865
1520090637597;1185;1089;60;355516416;21807;33980
1520090637697;1195;1102;60;355516416;22135;34722
1520090637797;1205;1115;60;355516416;22627;35836
1520090637897;1215;1126;60;355516416;23243;37065
1520090637997;1225;1139;60;355516416;23735;38175
1520090638097;1235;1154;60;355516416;24227;39287
1520090638197;1245;1164;61;355516416;24719;40399
1520090638297;1255;1177;61;355516416;25211;41511
1520090638397;1265;1187;63;355516416;25591;42572
1520090638497;1275;1199;63;355516416;26195;43735
1520090638597;1285;1214;63;355516416;26523;44477
1520090638697;1295;1225;64;355516416;27107;45693
1520090638797;1305;1236;64;355516416;27599;46806
1520090638897;1315;1249;64;355516416;28091;47920
1520090638997;1325;1259;64;355516416;28583;49033
1520090639097;1335;1271;64;355516416;29121;50197
1520090639197;1345;1283;66;355516416;29613;51309
1520090639297;1355;1295;66;355516416;30105;52422
1520090639397;1365;1305;67;355516416;30597;53532
1520090639497;1375;1317;67;355516416;31089;54645
1520090639597;1385;1330;67;355516416;31581;55757
1520090639697;1395;1344;67;355516416;32073;56869
1520090639797;1405;1356;67;355516416;32657;58084
1520090639897;1415;1368;67;355516416;33149;59199
1520090639997;1425;1382;67;355516416;33641;60312
1520090640097;1435;1396;67;355516416;34133;61425
1520090640197;1445;1406;68;355516416;34671;62588
1520090640297;1455;1417;69;355516416;35163;63699
1520090640397;1465;1429;69;355516416;35655;64810
1520090640497;1475;1443;69;355516416;36147;65921
1520090640597;1485;1456;69;355516416;36639;67033
1520090640697;1495;1467;69;355516416;37131;68144
1520090640797;1505;1479;69;355516416;37675;69575
1520090640898;1515;1490;69;355516416;38167;70687
1520090640999;1525;1502;69;355516416;38863;71956
1520090641099;1535;1514;69;355516416;39355;73071
1520090641199;1546;1526;69;355516416;39847;74185
1520090641299;1556;1543;69;355516416;40463;75413
1520090641399;1566;1552;71;355516416;40955;76526
1520090641499;1576;1564;71;355516416;41447;77638
1520090641599;1586;1575;71;355516416;41939;78750
1520090641699;1596;1588;71;355516416;42431;79863
1520090641799;1606;1600;71;355516416;43012;80975
1520090641899;1616;1611;71;355516416;43504;82082
1520090641999;1626;1625;71;355516416;43996;83194
1520090642099;1636;1637;72;355516416;44580;84410
1520090642199;1646;1650;72;355516416;45124;85839
1520090642299;1656;1660;73;355516416;45728;86952
1520090642399;1666;1671;74;355516416;46266;88168
1520090642499;1676;1682;74;355516416;46758;89279
1520090642599;1686;1693;74;355516416;47250;90391
1520090642699;1696;1704;74;355516416;47742;91502
1520090642799;1706;1716;74;355516416;48234;92614
1520090642899;1716;1728;74;355516416;48726;93721
1520090642999;1726;1738;75;355516416;49218;94834
1520090643099;1736;1749;75;355516416;49710;95947
1520090643199;1746;1762;75;355516416;50346;97483
1520090643300;1756;1779;75;355516416;50786;98278
1520090643400;1766;1792;75;355516416;51442;99757
1520090643501;1776;1804;75;355516416;51980;100923
1520090643602;1786;1814;76;355516416;52472;102031
1520090643702;1796;1825;76;355516416;52964;103142
1520090643803;1806;1836;76;355516416;53456;104253
1520090643904;1816;1850;76;355516416;53948;105365
1520090644004;1826;1862;76;355516416;54440;106479
1520090644104;1836;1873;76;355516416;54984;107910
1520090644204;1846;1885;76;355516416;55588;109073
1520090644304;1856;1896;76;355516416;55916;109814
1520090644404;1866;1908;76;355516416;56500;111030
1520090644504;1876;1919;76;355516416;56992;112143
1520090644604;1886;1929;77;355516416;57608;113372
1520090644704;1896;1940;78;355516416;58100;114482
1520090644804;1906;1953;78;355516416;58592;115593
1520090644904;1916;1966;78;355516416;59084;116705
1520090645004;1926;1985;80;355516416;59576;117819
1520090645104;1936;1996;80;355516416;60068;118935
1520090645204;1946;2007;80;355516416;60560;120046
1520090645304;1956;2019;80;355516416;61216;121478
1520090645404;1966;2030;80;355516416;61708;122643
1520090645504;1976;2041;80;355516416;62292;123862
1520090645604;1986;2052;81;355516416;62784;124975
1520090645704;1996;2063;81;355516416;63322;126141
1520090645804;2006;2079;81;355516416;63814;127253
1520090645904;2016;2091;81;355516416;64358;128679
1520090646004;2026;2104;81;355516416;64962;129844
1520090646104;2036;2114;82;355516416;65454;130956
1520090646204;2046;2125;82;355516416;65946;132068
1520090646304;2056;2135;82;355516416;66438;133180
1520090646404;2066;2146;82;355516416;66930;134292
1520090646504;2076;2158;82;355516416;67586;135778
1520090646604;2086;2168;84;355516416;68078;136892
1520090646704;2096;2177;85;355516416;69050;138107
1520090646804;2106;2189;85;355516416;69542;139221
1520090646904;2116;2201;85;355516416;70080;140384
1520090647004;2126;2211;86;355516416;70736;141866
1520090647104;2136;2222;86;355516416;71228;142980
1520090647204;2146;2234;86;355516416;71720;144092
1520090647305;2156;2248;86;355516416;72212;145205
1520090647406;2166;2259;87;355516416;72704;146313
1520090647507;2176;2270;87;355516416;73248;147744
1520090647608;2186;2282;87;355516416;73852;148909
1520090647709;2196;2293;88;355516416;74344;150023
1520090647809;2206;2304;88;355516416;74978;151240
1520090647909;2216;2313;89;355516416;75640;152468
1520090648009;2226;2325;89;355516416;76296;153901
1520090648109;2236;2336;89;355516416;76788;155063
1520090648209;2247;2347;89;355516416;77280;156177
1520090648309;2257;2360;89;355516416;77772;157288
1520090648409;2267;2370;89;355516416;78264;158399
1520090648509;2277;2381;89;355516416;78808;159830
1520090648609;2287;2394;89;355516416;79458;160995
1520090648709;2297;2405;89;355516416;79950;162107
1520090648809;2307;2416;89;355516416;80442;163216
1520090648909;2317;2426;90;355516416;81026;164436
1520090649009;2327;2437;90;355516416;81564;165601
1520090649109;2337;2448;90;355516416;82056;166716
1520090649209;2347;2459;90;355516416;82712;168199
1520090649309;2357;2471;90;355516416;83204;169311
1520090649409;2367;2483;90;355516416;83696;170423
1520090649509;2377;2494;90;355516416;84188;171536
1520090649609;2387;2504;90;355516416;84680;172647
1520090649709;2397;2514;91;355516416;85172;173758
1520090649809;2407;2524;91;355516416;85664;174872
1520090649909;2417;2534;91;355516416;86156;175986
1520090650009;2427;2545;91;355516416;86648;177097
1520090650109;2437;2555;92;355516416;87232;178312
1520090650209;2447;2566;92;355516416;87770;179474
1520090650309;2457;2576;92;355516416;88262;180587
1520090650409;2467;2587;92;355516416;88918;182069
1520090650509;2477;2597;93;355516416;89410;183180
1520090650609;2487;2608;93;355516416;89902;184289
1520090650709;2497;2619;93;355516416;90394;185398
1520090650809;2507;2630;93;355516416;90886;186510
1520090650909;2517;2641;93;355516416;91378;187621
1520090651009;2527;2652;93;355516416;91870;188735
1520090651109;2537;2661;94;355516416;92362;189846
1520090651209;2547;2672;94;355516416;92946;191056
1520090651309;2557;2689;94;355516416;93562;192288
1520090651409;2567;2704;95;355516416;94054;193402
1520090651509;2577;2715;95;355516416;94546;194512
1520090651609;2587;2727;95;355516416;95202;195997
1520090651709;2597;2738;95;355516416;95694;197110
1520090651809;2607;2748;95;355516416;96186;198222
1520090651909;2617;2760;95;355516416;96678;199335
1520090652009;2627;2769;97;355516416;97222;200768
1520090652109;2637;2781;97;355516416;97826;201933
1520090652209;2647;2792;98;355516416;98318;203043
1520090652309;2657;2803;98;355516416;98902;204259
1520090652409;2667;2815;98;355516416;99440;205423
1520090652509;2677;2825;98;355516416;99984;206856
1520090652609;2687;2836;98;355516416;100588;208023
1520090652709;2697;2846;99;355516416;101080;209134
1520090652809;2707;2858;99;355516416;101572;210243
1520090652909;2717;2869;99;355516416;102116;211674
1520090653009;2727;2880;99;355516416;102720;212837
1520090653109;2737;2891;99;355516416;103212;213949
1520090653209;2747;2903;99;355516416;103704;215061
1520090653309;2757;2914;100;355516416;104196;216172
1520090653409;2767;2925;101;355516416;104944;217761
1520090653509;2777;2937;102;355516416;105482;218924
1520090653609;2787;2948;102;355516416;105974;220035
1520090653709;2797;2961;102;355516416;106466;221149
1520090653809;2807;2972;102;355516416;106958;222261
1520090653909;2817;2982;103;355516416;107614;223746
1520090654009;2827;2993;103;355516416;108106;224858
1520090654109;2837;3004;103;355516416;108598;225970
1520090654209;2847;3015;103;355516416;109090;227083
1520090654309;2857;3026;103;355516416;109634;228513
1520090654409;2867;3038;104;355516416;110238;229678
1520090654509;2877;3049;104;355516416;110730;230790
1520090654609;2887;3060;104;355516416;111438;232119
1520090654709;2897;3071;104;355516416;111982;233547
1520090654809;2907;3082;104;355516416;112586;234714
1520090654909;2917;3092;105;355516416;113078;235828
1520090655009;2927;3103;105;355516416;113570;236937
1520090655109;2937;3114;105;355516416;114062;238051
1520090655209;2947;3126;105;355516416;114718;239532
1520090655309;2957;3137;105;355516416;115210;240644
1520090655409;2967;3148;105;355516416;115702;241755
1520090655509;2977;3161;105;355516416;116194;242866
1520090655609;2987;3172;105;355516416;116738;244298
1520090655709;2997;3181;106;355516416;117480;245617
1520090655809;3007;3192;106;355516416;117972;246729
1520090655909;3017;3202;107;355516416;118464;247842
1520090656009;3027;3212;107;355516416;119008;249272
1520090656109;3037;3223;107;355516416;119612;250437
1520090656209;3047;3234;107;355516416;120104;251545
1520090656309;3057;3245;107;355516416;120596;252658
1520090656409;3067;3253;108;355516416;121088;253769
1520090656509;3077;3264;108;355516416;121580;254882
1520090656609;3087;3275;108;355516416;122072;255995
1520090656709;3097;3285;108;355516416;122728;257479
1520090656809;3107;3296;108;355516416;123358;258741
1520090656909;3117;3306;108;355516416;123850;259852
1520090657009;3127;3317;108;355516416;124342;260961
1520090657109;3137;3330;108;355516416;124834;262075
1520090657209;3147;3340;109;355516416;125490;263560
1520090657309;3157;3351;109;355516416;125982;264671
1520090657409;3167;3360;110;355516416;126474;265783
1520090657509;3177;3370;110;355516416;126966;266898
1520090657609;3187;3380;110;355516416;127458;268010
1520090657709;3197;3391;110;355516416;127950;269124
1520090657809;3207;3401;110;355516416;128442;270235
1520090657909;3217;3412;110;355516416;129150;271568
1520090658009;3227;3423;110;355516416;129642;272677
1520090658109;3237;3434;110;355516416;130298;274158
1520090658209;3247;3445;110;355516416;130790;275270
1520090658309;3257;3455;110;355516416;131282;276378
1520090658409;3267;3466;110;355516416;131774;277488
1520090658509;3277;3478;110;355516416;132266;278596
1520090658609;3287;3489;110;355516416;132922;280079
1520090658709;3297;3500;110;355516416;133414;281186
1520090658809;3307;3511;110;355516416;133995;282294
1520090658909;3317;3522;110;355516416;134539;283728
1520090659009;3327;3533;111;355516416;135143;284837
1520090659109;3337;3546;111;355516416;135661;286105
1520090659209;3347;3558;111;355516416;136265;287270
1520090659309;3357;3569;111;355516416;136757;288384
1520090659409;3367;3579;111;355516416;137249;289498
1520090659509;3377;3588;112;355516416;137741;290607
1520090659609;3387;3599;112;355516416;138233;291720
1520090659709;3397;3609;113;355516416;138814;292833
1520090659809;3407;3620;113;355516416;139306;293943
1520090659909;3417;3632;113;355516416;139962;295424
1520090660009;3427;3643;113;355516416;140454;296540
1520090660109;3437;3653;113;355516416;140946;297649
1520090660209;3447;3664;113;355516416;141628;299235
1520090660309;3457;3675;113;355516416;142232;300396
1520090660409;3467;3686;113;355516416;142724;301509
1520090660509;3477;3697;113;355516416;143216;302622
1520090660609;3487;3708;113;355516416;143760;304052
1520090660709;3497;3719;113;355516416;144364;305215
1520090660809;3507;3730;113;355516416;144856;306329
1520090660909;3517;3740;113;355516416;145348;307441
1520090661009;3527;3750;114;355516416;145840;308552
1520090661109;3537;3761;114;355516416;146496;309983
1520090661209;3547;3772;114;355516416;146988;311143
1520090661309;3557;3782;114;355516416;147604;312372
1520090661409;3567;3793;114;355516416;148188;313588
1520090661509;3577;3803;115;355516416;148680;314698
1520090661609;3587;3813;116;355516416;149336;316179
1520090661709;3597;3826;116;355516416;149828;317292
1520090661809;3607;3836;117;355516416;150320;318404
1520090661909;3617;3849;117;355516416;150812;319519
1520090662009;3627;3860;117;355516416;151304;320629
1520090662109;3637;3871;117;355516416;151796;321741
1520090662209;3647;3881;117;355516416;152452;323221
1520090662309;3657;3893;117;355516416;152944;324332
1520090662409;3667;3904;117;355516416;153482;325494
1520090662509;3677;3917;117;355516416;154066;326712
1520090662609;3687;3928;117;355516416;154558;327827
1520090662709;3697;3940;117;355516416;155214;329307
1520090662809;3707;3950;117;355516416;155845;330416
1520090662909;3717;3964;117;355516416;156337;331526
1520090663009;3727;3974;118;355516416;156875;332637
1520090663109;3737;3987;118;355516416;157531;334120
1520090663209;3747;3998;118;355516416;158023;335231
1520090663309;3757;4008;118;355516416;158515;336344
1520090663409;3767;4020;118;355516416;159171;337775
1520090663509;3777;4032;118;355516416;159709;338992
1520090663609;3787;4044;118;355516416;160339;340207
1520090663709;3797;4054;118;355516416;160831;341319
1520090663809;3807;4065;119;355516416;161375;342746
1520090663909;3817;4075;119;355516416;161979;343911
1520090664009;3827;4087;119;355516416;162471;345025
1520090664109;3837;4097;119;355516416;162963;346140
1520090664209;3847;4109;119;355516416;163619;347567
1520090664309;3857;4120;119;355516416;164111;348728
1520090664409;3867;4132;119;355516416;164603;349838
1520090664509;3877;4146;120;355516416;165095;350947
1520090664609;3887;4157;121;355516416;165711;352177
1520090664709;3897;4168;121;355516416;166459;353762
1520090664809;3907;4178;122;355516416;166951;354875
1520090664909;3917;4188;123;355516416;167443;355987
1520090665009;3927;4199;123;355516416;167935;357099
1520090665109;3937;4209;124;355516416;168427;358212
1520090665209;3947;4219;125;355516416;169083;359693
1520090665309;3957;4231;125;355516416;169575;360803
1520090665409;3967;4241;125;355516416;170067;361917
1520090665509;3977;4255;125;355516416;170559;363032
1520090665609;3987;4265;125;355516416;171051;364145
1520090665709;3997;4276;125;355516416;171543;365260
1520090665809;4007;4287;125;355516416;172133;366741
1520090665909;4017;4297;125;355516416;172829;368016
1520090666009;4027;4308;125;355516416;173321;369128
1520090666109;4037;4318;125;355516416;173813;370236
1520090666209;4047;4331;125;355516416;174305;371350
1520090666309;4057;4341;126;355516416;174849;372777
1520090666409;4067;4352;126;355516416;175453;373940
1520090666509;4077;4363;126;355516416;175945;375051
1520090666609;4087;4373;127;355516416;176437;376159
1520090666709;4097;4384;127;355516416;176981;377583
1520090666809;4107;4395;127;355516416;177631;378800
1520090666909;4117;4405;127;355516416;178123;379911
1520090667009;4127;4415;128;355516416;178707;381126
1520090667109;4137;4427;128;355516416;179199;382239
1520090667209;4147;4439;128;355516416;179855;383670
1520090667309;4157;4450;128;355516416;180347;384833
1520090667409;4167;4460;128;355516416;180839;385944
1520090667509;4177;4471;128;355516416;181331;387052
1520090667609;4187;4482;128;355516416;181823;388162
1520090667710;4197;4493;128;355516416;182479;389643
1520090667810;4207;4502;129;355516416;182971;390762
1520090667910;4217;4513;129;355516416;183509;391930
1520090668010;4227;4523;129;355516416;184125;393155
1520090668110;4237;4535;129;355516416;184709;394369
1520090668210;4247;4546;129;355516416;185365;395855
1520090668310;4257;4556;129;355516416;185857;396968
1520090668410;4267;4566;130;355516416;186349;398083
1520090668510;4277;4576;131;355516416;187005;399520
1520090668610;4287;4587;131;355516416;187497;400684
1520090668710;4297;4599;131;355516416;187989;401796
1520090668810;4307;4610;131;355516416;188481;402909
1520090668910;4317;4620;131;355516416;189025;404340
1520090669010;4327;4632;131;355516416;189629;405502
1520090669110;4337;4643;131;355516416;190167;406668
1520090669210;4347;4654;131;355516416;190659;407781
1520090669310;4357;4664;131;355516416;191243;408998
1520090669410;4367;4677;131;355516416;191735;410109
1520090669510;4377;4688;131;355516416;192391;411597
1520090669610;4387;4701;131;355516416;192883;412710
1520090669710;4397;4712;131;355516416;193375;413828
1520090669810;4407;4724;131;355516416;193867;414942
1520090669910;4417;4735;131;355516416;194359;416053
1520090670010;4427;4746;132;355516416;194851;417165
1520090670110;4437;4757;132;355516416;195343;418278
1520090670210;4447;4769;132;355516416;195881;419444
1520090670310;4457;4781;132;355516416;196373;420554
1520090670410;4467;4792;132;355516416;197121;422093
1520090670510;4477;4804;134;355516416;197449;422888
1520090670610;4487;4815;134;355516416;197941;424002
1520090670710;4497;4825;135;355516416;198433;425112
1520090670810;4507;4837;135;355516416;198925;426224
1520090670910;4517;4851;135;355516416;199417;427336
1520090671010;4527;4862;135;355516416;199909;428447
1520090671110;4537;4872;135;355516416;200401;429559
1520090671210;4547;4886;135;355516416;200893;430668
1520090671310;4557;4898;135;355516416;201509;431896
1520090671410;4567;4909;135;355516416;202001;433010
1520090671510;4577;4920;135;355516416;202585;434229
1520090671610;4587;4930;135;355516416;203077;435343
1520090671710;4597;4940;137;355516416;203569;436456
1520090671810;4607;4952;137;355516416;204150;437590
1520090671910;4617;4965;137;355516416;204642;438728
1520090672010;4627;4978;137;355516416;205134;439863
1520090672110;4637;4989;137;355516416;205626;440998
1520090672210;4647;5001;137;355516416;206118;442128
1520090672310;4657;5013;137;355516416;206610;443253
1520090672410;4667;5024;137;355516416;207102;444384
1520090672510;4677;5035;138;355516416;207640;445567
1520090672610;4687;5046;138;355516416;208132;446699
1520090672710;4697;5058;138;355516416;208768;448256
1520090672810;4707;5069;138;355516416;209208;449061
1520090672910;4717;5082;138;355516416;209700;450191
1520090673010;4727;5094;138;355516416;210244;451647
1520090673110;4737;5105;138;355516416;210684;452452
1520090673210;4747;5117;139;355516416;211340;453908
1520090673310;4757;5129;140;355516416;211720;455036
1520090673410;4767;5141;140;355516416;212324;456219
1520090673510;4777;5152;140;355516416;212816;457342
1520090673610;4787;5164;140;355516416;213354;458511
1520090673710;4797;5177;140;355516416;213846;459624
1520090673810;4807;5188;141;355516416;214430;460840
1520090673910;4817;5200;141;355516416;214922;461955
1520090674010;4827;5212;141;355516416;215414;463072
1520090674110;4837;5224;141;355516416;215906;464185
1520090674210;4847;5235;141;355516416;216398;465301
1520090674310;4857;5246;142;355516416;216890;466417
1520090674410;4867;5259;142;355516416;217382;467535
1520090674510;4877;5270;142;355516416;217874;468650
1520090674610;4887;5282;142;355516416;218490;469883
1520090674710;4897;5293;142;355516416;218982;470999
1520090674810;4907;5305;142;355516416;219638;472490
1520090674910;4917;5316;142;355516416;220110;473659
1520090675010;4927;5327;143;355516416;220714;474830
1520090675110;4937;5338;143;355516416;221206;475948
1520090675210;4947;5350;143;355516416;221698;477066
1520090675310;4957;5361;143;355516416;222190;478184
1520090675410;4967;5372;143;355516416;222682;479301
1520090675510;4977;5387;143;355516416;223174;480420
1520090675610;4987;5397;144;355516416;223666;481538
1520090675710;4997;5407;144;355516416;224204;482707
1520090675810;5007;5418;145;355516416;224696;483823
1520090675910;5017;5429;145;355516416;225188;484941
1520090676010;5027;5440;145;355516416;225824;486483
1520090676110;5037;5452;145;355516416;226428;487599
1520090676210;5047;5463;145;355516416;226920;488716
1520090676310;5057;5476;146;355516416;227412;489886
1520090676410;5067;5486;146;355516416;227904;491007
1520090676510;5077;5499;146;355516416;228396;492124
1520090676610;5087;5510;146;355516416;228888;493242
1520090676710;5097;5521;146;355516416;229768;494358
1520090676810;5107;5534;146;355516416;230306;495526
1520090676910;5117;5546;146;355516416;230798;496643
1520090677010;5127;5558;146;355516416;231342;498080
1520090677110;5137;5569;146;355516416;232038;499353
1520090677210;5147;5580;146;355516416;232530;500470
1520090677310;5157;5591;146;355516416;233022;501588
1520090677410;5167;5602;146;355516416;233514;502708
1520090677510;5177;5613;146;355516416;234006;503825
1520090677610;5187;5624;146;355516416;234498;504943
1520090677710;5197;5636;146;355516416;235154;506432
1520090677810;5207;5647;146;355516416;235696;507550
1520090677910;5217;5657;148;355516416;236188;508668
1520090678010;5227;5668;148;355516416;236850;509952
1520090678110;5237;5679;149;355516416;237342;511068
1520090678210;5247;5690;149;355516416;237834;512186
1520090678310;5257;5702;149;355516416;238520;513727
1520090678410;5267;5713;149;355516416;239012;514845
1520090678511;5277;5724;149;355516416;239662;516014
1520090678612;5287;5736;149;355516416;240154;517132
1520090678712;5297;5748;150;355516416;240646;518250
1520090678813;5307;5760;150;355516416;241138;519367
1520090678914;5317;5772;150;355516416;241794;520854
1520090679014;5327;5782;150;355516416;242286;521967
1520090679115;5337;5794;150;355516416;242824;523135
1520090679216;5347;5805;150;355516416;243316;524253
1520090679317;5357;5816;151;355516416;243808;525369
1520090679418;5367;5826;152;355516416;244444;526908
1520090679519;5377;5837;152;355516416;245048;528076
1520090679619;5387;5849;152;355516416;245540;529192
1520090679719;5397;5859;152;355516416;246032;530309
1520090679819;5408;5870;152;355516416;246524;531427
1520090679919;5418;5882;152;355516416;247016;532543
1520090680019;5428;5892;153;355516416;247672;534031
1520090680119;5438;5904;153;355516416;248164;535150
1520090680219;5448;5915;153;355516416;248656;536266
1520090680319;5458;5926;153;355516416;249194;537435
1520090680419;5468;5938;153;355516416;249686;538552
1520090680519;5478;5949;153;355516416;250230;539988
1520090680619;5488;5961;153;355516416;250814;541209
1520090680719;5498;5972;154;355516416;251418;542378
1520090680819;5508;5983;154;355516416;251910;543494
1520090680919;5518;5999;154;355516416;252402;544609
1520090681019;5528;6010;154;355516416;252894;545722
1520090681119;5538;6020;155;355516416;253386;546837
1520090681219;5548;6032;155;355516416;253878;547954
1520090681319;5558;6045;155;355516416;254626;549187
1520090681419;5568;6056;155;355516416;255282;550625
1520090681519;5578;6068;156;355516416;255774;551794
1520090681619;5588;6078;157;355516416;256266;552912
1520090681719;5598;6090;157;355516416;256850;554134
1520090681819;5608;6101;157;355516416;257342;555251
1520090681919;5618;6111;157;355516416;257834;556366
1520090682019;5628;6120;158;355516416;258326;557484
1520090682119;5638;6129;158;355516416;258818;558603
1520090682219;5648;6140;159;355516416;259310;559720
1520090682319;5658;6152;159;355516416;259802;560835
1520090682419;5668;6164;159;355516416;260340;562004
1520090682519;5678;6176;159;355516416;260832;563119
1520090682619;5688;6187;160;355516416;261324;564235
1520090682719;5698;6198;160;355516416;261868;565672
1520090682819;5708;6210;160;355516416;262564;566946
1520090682919;5718;6221;160;355516416;263056;568057
1520090683019;5728;6233;160;355516416;263548;569176
1520090683119;5738;6244;160;355516416;264040;570291
1520090683219;5748;6255;160;355516416;264532;571410
1520090683319;5758;6265;161;355516416;265188;572901
1520090683419;5768;6276;161;355516416;265680;574018
1520090683519;5778;6288;161;355516416;266218;575188
1520090683619;5788;6298;162;355516416;266710;576308
1520090683719;5798;6310;162;355516416;267202;577425
1520090683819;5808;6322;162;355516416;267746;578864
1520090683919;5818;6333;162;355516416;268442;580135
1520090684019;5828;6345;162;355516416;268822;581198
1520090684119;5838;6359;163;355516416;269426;582364
1520090684219;5848;6371;163;355516416;269918;583483
1520090684319;5858;6382;163;355516416;270410;584602
1520090684419;5868;6393;163;355516416;270902;585718
1520090684519;5878;6404;163;355516416;271394;586834
1520090684619;5888;6416;163;355516416;272220;588490
1520090684719;5898;6427;163;355516416;273003;589608
1520090684819;5908;6437;164;355516416;273495;590723
1520090684919;5918;6448;164;355516416;275159;591836
1520090685019;5928;6459;164;355516416;275743;593054
1520090685119;5938;6472;164;355516416;276235;594167
1520090685219;5948;6483;164;355516416;276727;595283
1520090685319;5958;6495;164;355516416;277271;596722
1520090685419;5968;6505;165;355516416;277875;597891
1520090685519;5978;6516;165;355516416;278367;599008
1520090685619;5988;6527;165;355516416;278859;600127
1520090685719;5998;6538;165;355516416;279397;601297
1520090685819;6008;6549;165;355516416;279889;602489
1520090685919;6018;6560;165;355516416;280457;603609
1520090686019;6028;6570;165;355516416;280949;604724
1520090686119;6038;6580;165;355516416;281533;605946
1520090686219;6048;6590;166;355516416;282025;607062
1520090686319;6058;6603;166;355516416;282517;608180
1520090686419;6068;6614;166;355516416;283009;609297
1520090686519;6078;6625;166;355516416;283501;610414
1520090686619;6088;6636;166;355516416;283993;611531
1520090686719;6098;6648;166;355516416;284649;612966
1520090686819;6108;6660;166;355516416;285141;614135
1520090686919;6118;6671;166;355516416;285679;615300
1520090687019;6128;6682;166;355516416;286171;616417
1520090687119;6138;6694;166;355516416;286663;617533
1520090687219;6148;6705;166;355516416;287247;618754
1520090687319;6158;6716;166;355516416;287739;619871
1520090687419;6168;6733;166;355516416;288395;621308
1520090687519;6178;6744;166;355516416;288887;622478
1520090687619;6188;6755;166;355516416;289379;623597
1520090687719;6198;6766;166;355516416;289871;624711
1520090687819;6208;6776;167;355516416;290363;625825
1520090687919;6218;6786;169;355516416;290907;627258
1520090688019;6228;6796;170;355516416;291523;628491
1520090688119;6238;6806;171;355516416;292127;629662
1520090688219;6248;6817;171;355516416;292619;630778
1520090688319;6258;6828;171;355516416;293203;631998
1520090688419;6268;6840;171;355516416;293695;633116
1520090688519;6278;6851;171;355516416;294187;634229
1520090688619;6288;6863;171;355516416;294731;635666
1520090688719;6298;6874;171;355516416;295424;636835
1520090688819;6308;6885;171;355516416;295916;637952
1520090688919;6318;6895;171;355516416;296408;639072
1520090689019;6328;6906;171;355516416;296900;640210
1520090689119;6338;6916;172;355516416;297438;641402
1520090689219;6348;6927;172;355516416;297982;642865
1520090689319;6358;6938;173;355516416;298586;644050
1520090689419;6368;6949;173;355516416;299078;645189
1520090689519;6378;6961;173;355516416;299662;646424
1520090689619;6388;6971;173;355516416;300154;647555
1520090689719;6398;6981;174;355516416;300735;648688
1520090689819;6408;6994;174;355516416;301227;649817
1520090689919;6418;7006;174;355516416;301771;651278
1520090690019;6428;7017;174;355516416;302375;652466
1520090690119;6438;7029;174;355516416;302867;653598
1520090690219;6448;7040;174;355516416;303359;654733
1520090690319;6458;7051;174;355516416;303897;655916
1520090690419;6468;7062;175;355516416;304389;657047
1520090690519;6478;7074;175;355516416;304973;658286
1520090690619;6488;7086;175;355516416;305629;659789
1520090690719;6498;7096;176;355516416;306121;660918
1520090690819;6508;7108;176;355516416;306613;662048
1520090690919;6518;7118;177;355516416;307105;663182
1520090691020;6528;7129;177;355516416;307597;664313
1520090691121;6538;7141;177;355516416;308141;665722
1520090691222;6548;7152;177;355516416;308745;666961
1520090691322;6558;7163;178;355516416;309361;668211
1520090691422;6568;7175;178;355516416;309853;669343
1520090691522;6578;7187;178;355516416;310345;670476
1520090691622;6588;7199;178;355516416;310929;671708
1520090691722;6598;7209;179;355516416;311421;672839
1520090691822;6608;7221;180;355516416;311913;673969
1520090691922;6618;7233;180;355516416;312405;675105
1520090692022;6628;7244;180;355516416;312949;676571
1520090692122;6638;7257;180;355516416;313553;677756
1520090692222;6648;7268;180;355516416;314045;678890
1520090692322;6658;7280;180;355516416;314537;680022
1520090692422;6668;7292;180;355516416;315075;681206
1520090692522;6678;7303;180;355516416;315567;682323
1520090692622;6688;7315;180;355516416;316223;683749
1520090692722;6698;7326;180;355516416;316896;685017
1520090692822;6708;7337;180;355516416;317438;686129
1520090692922;6718;7348;180;355516416;317930;687244
1520090693022;6728;7361;180;355516416;318454;688391
1520090693122;6738;7372;180;355516416;318946;689504
1520090693222;6748;7384;180;355516416;319490;690937
1520090693322;6758;7395;180;355516416;320094;692103
1520090693422;6768;7411;180;355516416;320586;693163
1520090693522;6778;7423;180;355516416;321078;694327
1520090693622;6788;7434;180;355516416;321616;695494
1520090693722;6798;7445;181;355516416;322108;696611
1520090693822;6808;7456;181;355516416;322646;697726
1520090693922;6818;7469;181;355516416;323230;698945
1520090694022;6828;7481;181;355516416;323722;700059
1520090694122;6838;7493;181;355516416;324214;701176
1520090694222;6848;7504;181;355516416;324706;702291
1520090694322;6858;7517;181;355516416;325198;703405
1520090694422;6868;7527;182;355516416;325690;704519
1520090694522;6878;7537;183;355516416;326346;706007
1520090694622;6888;7548;184;355516416;326838;707122
1520090694722;6898;7558;184;355516416;327454;708356
1520090694822;6908;7571;184;355516416;327946;709468
1520090694922;6918;7582;184;355516416;328438;710583
1520090695022;6928;7594;184;355516416;329186;712173
1520090695122;6938;7606;184;355516416;329678;713285
1520090695222;6948;7618;184;355516416;330170;714400
1520090695322;6958;7630;184;355516416;330662;715515
1520090695422;6968;7641;184;355516416;331154;716630
1520090695522;6978;7652;184;355516416;331810;718062
1520090695622;6988;7664;184;355516416;332302;719228
1520090695722;6998;7674;184;355516416;332794;720341
1520090695822;7008;7688;184;355516416;333332;721504
1520090695922;7018;7699;184;355516416;333824;722622
1520090696022;7028;7712;184;355516416;334316;723738
1520090696122;7038;7725;184;355516416;334900;724961
1520090696222;7048;7737;184;355516416;335392;726076
1520090696322;7058;7751;184;355516416;336048;727563
1520090696422;7068;7763;185;355516416;336540;728678
1520090696522;7078;7775;185;355516416;337032;729795
1520090696622;7088;7785;186;355516416;337524;730905
1520090696722;7098;7796;186;355516416;338016;732023
1520090696822;7108;7808;186;355516416;338508;733141
1520090696922;7118;7818;187;355516416;339164;734576
1520090697022;7128;7831;188;355516416;339538;735424
1520090697122;7138;7843;188;355516416;340030;736540
1520090697222;7148;7854;189;355516416;340778;738133
1520090697322;7158;7865;189;355516416;341270;739245
1520090697422;7168;7876;189;355516416;341762;740360
1520090697522;7178;7887;189;355516416;342254;741478
1520090697622;7188;7900;189;355516416;342746;742593
1520090697722;7198;7911;189;355516416;343238;743708
1520090697822;7208;7925;189;355516416;343730;744823
1520090697922;7218;7937;189;355516416;344386;746309
1520090698022;7228;7948;189;355516416;345002;747488
1520090698122;7238;7961;189;355516416;345382;748603
1520090698222;7248;7973;190;355516416;345986;749770
1520090698322;7258;7986;190;355516416;346570;750989
1520090698422;7268;7997;191;355516416;347062;752105
1520090698522;7278;8009;191;355516416;347554;753224
1520090698622;7288;8023;191;355516416;348046;754340
1520090698722;7298;8035;191;355516416;348538;755454
1520090698822;7308;8049;191;355516416;349030;756570
1520090698922;7318;8060;191;355516416;349686;758059
1520090699022;7328;8071;191;355516416;350178;759172
1520090699122;7338;8084;191;355516416;350716;760341
1520090699222;7348;8093;193;355516416;351208;761458
1520090699322;7358;8105;193;355516416;351700;762575
1520090699422;7368;8118;194;355516416;352336;764110
1520090699522;7378;8129;194;355516416;352940;765278
1520090699622;7388;8141;195;355516416;353432;766392
1520090699722;7398;8151;195;355516416;353924;767510
1520090699822;7408;8162;196;355516416;354416;768629
1520090699922;7418;8174;196;355516416;354908;769746
1520090700022;7428;8185;196;355516416;355400;770861
1520090700122;7438;8197;196;355516416;356056;772298
1520090700222;7448;8209;197;355516416;356594;773515
1520090700322;7458;8221;199;355516416;357086;774630
1520090700422;7468;8233;199;355516416;357578;775748
1520090700522;7478;8247;199;355516416;358162;776966
1520090700622;7488;8257;200;355516416;358654;778084
1520090700722;7498;8270;200;355516416;359310;779575
1520090700822;7508;8282;200;355516416;359802;780690
1520090700922;7518;8294;200;355516416;360294;781809
1520090701022;7528;8305;200;355516416;360786;782926
1520090701122;7538;8319;200;355516416;361278;784044
1520090701222;7548;8332;200;355516416;361770;785161
1520090701322;7558;8344;200;355516416;362484;786763
1520090701422;7568;8356;200;355516416;363088;787928
1520090701522;7578;8368;200;355516416;363580;789042
1520090701622;7588;8382;201;355516416;364164;790262
1520090701722;7598;8393;201;355516416;364745;791380
1520090701822;7608;8405;201;355516416;365237;792498
1520090701922;7618;8415;202;355516416;365729;793616
1520090702022;7628;8426;202;355516416;366109;794680
1520090702122;7638;8436;204;355516416;366601;795796
1520090702222;7648;8448;204;355516416;367093;796911
1520090702322;7658;8458;205;355516416;367697;798078
1520090702422;7668;8469;205;355516416;368235;799246
1520090702522;7678;8481;205;355516416;368727;800363
1520090702622;7688;8492;206;355516416;369219;801478
1520090702722;7698;8504;207;355516416;369803;802697
1520090702822;7708;8517;207;355516416;370295;803810
1520090702922;7718;8529;207;355516416;370839;805244
1520090703022;7728;8541;207;355516416;371443;806412
1520090703122;7738;8552;207;355516416;371935;807531
1520090703222;7748;8567;207;355516416;372427;808648
1520090703322;7758;8579;207;355516416;372919;809762
1520090703422;7768;8590;207;355516416;373411;810876
1520090703523;7778;8603;207;355516416;373949;812045
1520090703624;7788;8615;207;355516416;374493;813485
1520090703725;7798;8625;208;355516416;375097;814654
1520090703826;7808;8637;208;355516416;375681;815874
1520090703927;7818;8649;208;355516416;376173;816988
1520090704028;7828;8661;208;355516416;376665;818106
1520090704129;7838;8672;208;355516416;377157;819223
1520090704229;7848;8684;208;355516416;377701;820655
1520090704329;7858;8696;208;355516416;378305;821818
1520090704429;7869;8708;208;355516416;378797;822936
1520090704529;7879;8720;208;355516416;379289;824052
1520090704629;7889;8733;208;355516416;379885;825169
1520090704729;7899;8745;208;355516416;380599;826771
1520090704829;7909;8758;208;355516416;381203;827938
1520090704929;7919;8770;208;355516416;381695;829055
1520090705029;7929;8784;208;355516416;382279;830275
1520090705129;7939;8796;208;355516416;382771;831393
1520090705229;7949;8811;208;355516416;383315;832826
1520090705329;7959;8823;208;355516416;383919;833996
1520090705429;7969;8834;208;355516416;384411;835112
1520090705529;7979;8845;208;355516416;384903;836229
1520090705629;7989;8856;209;355516416;385559;837664
1520090705729;7999;8868;209;355516416;386051;838825
1520090705829;8009;8880;209;355516416;386589;839995
1520090705929;8019;8892;209;355516416;387081;841108
1520090706029;8029;8904;209;355516416;387625;842544
1520090706129;8039;8914;211;355516416;388321;843817
1520090706229;8049;8924;213;355516416;388813;844934
1520090706329;8059;8937;213;355516416;389305;846047
1520090706429;8069;8948;213;355516416;389797;847157
1520090706529;8079;8959;214;355516416;390453;848589
1520090706629;8089;8971;215;355516416;390945;849754
1520090706729;8099;8982;215;355516416;391437;850866
1520090706829;8109;8994;216;355516416;392317;851977
1520090706929;8119;9005;217;355516416;392855;853143
1520090707029;8129;9016;218;355516416;393511;854632
1520090707129;8139;9028;218;355516416;394003;855745
1520090707229;8149;9040;218;355516416;394495;856859
1520090707329;8159;9055;219;355516416;395079;858084
1520090707429;8169;9067;219;355516416;395623;859520
1520090707529;8179;9079;219;355516416;396227;860689
1520090707629;8189;9092;219;355516416;396719;861802
1520090707729;8199;9103;219;355516416;397211;862917
1520090707829;8209;9115;219;355516416;397805;864353
1520090707929;8219;9126;219;355516416;398409;865519
1520090708029;8229;9137;219;355516416;399071;866748
1520090708129;8239;9149;219;355516416;399563;867865
1520090708229;8249;9161;219;355516416;400101;868984
1520090708329;8259;9172;219;355516416;400757;870473
1520090708429;8269;9184;219;355516416;401341;871693
1520090708529;8279;9197;219;355516416;401833;872813
1520090708629;8289;9209;219;355516416;402377;874246
1520090708729;8299;9221;219;355516416;402981;875415
1520090708829;8309;9234;219;355516416;403473;876533
1520090708929;8319;9246;221;355516416;403965;877649
1520090709029;8329;9256;221;355516416;404457;878768
1520090709129;8339;9268;222;355516416;405159;880308
1520090709229;8349;9278;222;355516416;405651;881422
1520090709329;8359;9288;223;355516416;406143;882539
1520090709429;8369;9299;223;355516416;406635;883650
1520090709529;8379;9309;224;355516416;407179;885090
1520090709629;8389;9322;224;355516416;407875;886365
1520090709729;8399;9333;224;355516416;408367;887481
1520090709829;8409;9345;224;355516416;408859;888597
1520090709929;8419;9357;225;355516416;409515;890087
1520090710029;8429;9368;225;355516416;410007;891207
1520090710129;8439;9381;225;355516416;410499;892325
1520090710229;8449;9396;225;355516416;411037;893493
1520090710329;8459;9406;226;355516416;411529;894609
1520090710429;8469;9419;226;355516416;412185;896102
1520090710529;8479;9431;226;355516416;412677;897220
1520090710629;8489;9442;226;355516416;413169;898333
1520090710729;8499;9455;226;355516416;413753;899550
1520090710829;8509;9467;226;355516416;414409;900983
1520090710929;8519;9477;228;355516416;414901;902153
1520090711029;8529;9490;228;355516416;415393;903269
1520090711129;8539;9501;228;355516416;415885;904380
1520090711229;8549;9512;228;355516416;416429;905815
1520090711329;8559;9523;228;355516416;416993;906728
1520090711429;8569;9534;228;355516416;417649;908217
1520090711529;8579;9546;228;355516416;418029;909280
1520090711629;8589;9557;228;355516416;418633;910449
1520090711729;8599;9567;229;355516416;419125;911564
1520090711829;8609;9578;229;355516416;419617;912678
1520090711929;8619;9588;230;355516416;420201;913901
1520090712029;8629;9598;231;355516416;420581;914963
1520090712129;8639;9610;231;355516416;421185;916133
1520090712229;8649;9621;231;355516416;421677;917251
1520090712329;8659;9632;231;355516416;422169;918364
1520090712429;8669;9642;233;355516416;422759;919851
1520090712529;8679;9653;234;355516416;423251;920969
1520090712629;8689;9664;234;355516416;423855;922137
1520090712729;8699;9675;235;355516416;424347;923256
1520090712829;8709;9692;235;355516416;424839;924373
1520090712929;8719;9702;236;355516416;425331;925490
1520090713029;8729;9714;236;355516416;425967;927030
1520090713129;8739;9725;237;355516416;426571;928193
1520090713229;8749;9738;237;355516416;427063;929310
1520090713329;8759;9750;237;355516416;427555;930423
1520090713429;8769;9763;238;355516416;428047;931542
1520090713529;8779;9774;238;355516416;428539;932975
1520090713629;8789;9788;238;355516416;429241;934194
1520090713729;8799;9800;238;355516416;429733;935312
1520090713829;8809;9811;239;355516416;430225;936431
1520090713929;8819;9822;240;355516416;430717;937549
1520090714029;8829;9835;241;355516416;431209;938661
1520090714129;8839;9850;241;355516416;431793;939883
1520090714229;8849;9862;241;355516416;432449;941323
1520090714329;8859;9876;241;355516416;432941;942497
1520090714429;8869;9889;242;355516416;433433;943609
1520090714529;8879;9901;242;355516416;433925;944723
1520090714629;8889;9912;242;355516416;434417;945840
1520090714729;8899;9922;243;355516416;435033;947072
1520090714829;8909;9933;244;355516416;435689;948561
1520090714929;8919;9944;244;355516416;436181;949675
1520090715029;8929;9956;244;355516416;436673;950791
1520090715129;8939;9968;245;355516416;437165;951909
1520090715229;8949;9980;245;355516416;437801;953453
1520090715329;8959;9989;249;355516416;438721;954461
