currentTs;total_time;user_time;sys_time;virtual_size;in_octets;out_octets
1522065337869;0;0;0;1400832;24585779;34074101
1522065337969;10;5;3;16650240;24585779;34074101
1522065338069;20;13;4;26353664;24587665;34077251
1522065338170;30;19;4;26353664;24589081;34079637
1522065338270;40;27;5;26353664;24591028;34082918
1522065338370;50;34;6;26353664;24592975;34086198
1522065338470;60;42;7;26353664;24594922;34089478
1522065338570;70;50;7;26353664;24596869;34092759
1522065338670;80;57;8;26353664;24598462;34095446
1522065338770;90;64;9;26353664;24600409;34098730
1522065338870;100;72;10;26353664;24602356;34102012
1522065338970;110;79;11;26353664;24604542;34105509
1522065339070;120;86;12;26353664;24606666;34109090
1522065339171;130;93;13;26353664;24608436;34112074
1522065339271;140;102;14;26353664;24610383;34115355
1522065339371;150;110;14;26353664;24612330;34118640
1522065339471;160;118;14;26353664;24614277;34121924
1522065339571;170;126;14;26353664;24616224;34125203
1522065339671;180;134;14;26353664;24617817;34127889
1522065339771;190;141;15;26353664;24619764;34131174
1522065339872;200;149;16;26353664;24621950;34134670
1522065339972;210;156;17;26353664;24623720;34137655
1522065340072;220;164;18;26353664;24625667;34140937
1522065340173;230;170;19;26353664;24627437;34143918
1522065340273;240;177;20;26353664;24629384;34147199
1522065340373;250;185;21;26353664;24631331;34150478
1522065340473;260;193;21;26353664;24633278;34153761
1522065340574;270;202;21;26353664;24635225;34157045
1522065340674;280;209;21;26353664;24636818;34159728
1522065340774;290;217;22;26353664;24638765;34163012
1522065340874;301;224;23;26353664;24640774;34166217
1522065340974;311;232;24;26353664;24642721;34169506
1522065341074;320;240;24;26353664;24644668;34172789
1522065341174;330;246;25;26353664;24646438;34175772
1522065341274;340;254;26;26353664;24648474;34179058
1522065341374;350;262;26;26353664;24650421;34182341
1522065341474;361;270;27;26353664;24652368;34185623
1522065341575;371;278;28;26353664;24654315;34188903
1522065341675;381;286;28;26353664;24656085;34191888
1522065341775;391;294;28;26353664;24658271;34195386
1522065341875;401;302;29;26353664;24660218;34198671
1522065341975;411;310;29;26353664;24662165;34201952
1522065342075;421;317;30;26353664;24663935;34204941
1522065342175;431;323;31;26353664;24665705;34207926
1522065342275;441;330;32;26353664;24667475;34210911
1522065342375;451;338;33;26353664;24669422;34214194
1522065342475;461;346;33;26353664;24671369;34217478
1522065342575;471;354;34;26353664;24673316;34220761
1522065342676;481;361;34;26353664;24675086;34223744
1522065342776;491;369;35;26353664;24677095;34226943
1522065342877;501;376;36;26353664;24679042;34230228
1522065342977;511;384;37;26353664;24680989;34233513
1522065343077;521;392;38;26353664;24682759;34236499
1522065343177;531;398;38;26353664;24684352;34239183
1522065343277;541;405;39;26353664;24686299;34242465
1522065343377;551;413;40;26353664;24688069;34245450
1522065343478;561;420;41;26353664;24690016;34248736
1522065343578;571;428;41;26353664;24691963;34252019
1522065343678;581;436;42;26353664;24694024;34255519
1522065343778;591;443;43;26353664;24695919;34258500
1522065343879;601;450;44;26353664;24697741;34261783
1522065343979;611;458;45;26353664;24699636;34264767
1522065344079;621;465;45;26353664;24701583;34268050
1522065344180;631;473;46;26353664;24703530;34271331
1522065344280;641;480;47;26353664;24705300;34274315
1522065344380;651;488;48;26353664;24707247;34277597
1522065344480;661;495;49;26353664;24709194;34280881
1522065344580;671;503;50;26353664;24711141;34284163
1522065344680;681;509;50;26353664;24712973;34287065
1522065344780;691;518;50;26353664;24714743;34290048
1522065344880;701;526;51;26353664;24716690;34293328
1522065344980;711;534;51;26353664;24718637;34296609
1522065345080;721;542;52;26353664;24720407;34299595
1522065345180;731;548;52;26353664;24722177;34302581
1522065345280;741;555;54;26353664;24723947;34305564
1522065345380;751;562;55;26353664;24725894;34308846
1522065345481;761;570;56;26353664;24727841;34312124
1522065345581;771;578;56;26353664;24729850;34315321
1522065345681;781;585;57;26353664;24731620;34318301
1522065345781;791;593;57;26353664;24733390;34321282
1522065345882;801;601;58;26353664;24735337;34324562
1522065345983;811;608;59;26353664;24737107;34327546
1522065346083;821;615;60;26353664;24739054;34330824
1522065346183;831;623;60;26353664;24740824;34333806
1522065346283;841;631;61;26353664;24742771;34337085
1522065346383;851;639;61;26353664;24744541;34340067
1522065346483;861;648;61;26353664;24746488;34343348
1522065346584;871;655;62;26353664;24748674;34346843
1522065346684;881;664;62;26353664;24750621;34350124
1522065346784;891;671;63;26353664;24752568;34353402
1522065346884;902;679;64;26353664;24754692;34356985
1522065346984;911;688;64;26353664;24756639;34360265
1522065347084;921;695;65;26353664;24758586;34363549
1522065347185;932;702;66;26353664;24760408;34366832
1522065347285;942;710;68;26353664;24762303;34369812
1522065347385;952;717;69;26353664;24764250;34373092
1522065347485;962;725;70;26353664;24766436;34376587
1522065347585;972;732;70;26353664;24768383;34379866
1522065347685;982;740;72;26353664;24770153;34382848
1522065347786;992;746;73;26353664;24772100;34386131
1522065347886;1002;755;73;26353664;24774047;34389416
1522065347986;1012;762;74;26353664;24775817;34392403
1522065348086;1022;769;76;26353664;24777764;34395685
1522065348186;1032;777;76;26353664;24779711;34398967
1522065348286;1042;785;77;26353664;24781658;34402252
1522065348386;1052;792;78;26353664;24783490;34405155
1522065348487;1062;800;78;26353664;24785437;34408441
1522065348587;1072;808;79;26353664;24787384;34411727
1522065348687;1082;816;80;26353664;24789331;34415012
1522065348787;1092;824;80;26353664;24791278;34418297
1522065348887;1102;830;82;26353664;24793225;34421594
1522065348987;1112;838;83;26353664;24795172;34424898
1522065349087;1122;846;84;26353664;24797119;34428191
1522065349188;1132;854;85;26353664;24799243;34431785
1522065349288;1142;862;86;26353664;24801136;34434832
1522065349388;1152;870;86;26353664;24803199;34438285
1522065349489;1162;877;87;26353664;24805146;34441582
1522065349589;1172;885;88;26353664;24807093;34444882
1522065349689;1182;892;88;26353664;24808863;34447882
1522065349789;1192;900;89;26353664;24810633;34450882
1522065349890;1202;908;90;26353664;24812580;34454181
1522065349990;1212;915;90;26353664;24814527;34457481
1522065350090;1222;923;91;26353664;24816297;34460481
1522065350190;1232;930;91;26353664;24818067;34463481
1522065350290;1242;936;92;26353664;24819722;34466096
1522065350390;1252;945;92;26353664;24821492;34469095
1522065350490;1262;952;92;26353664;24823439;34472394
1522065350591;1272;961;92;26353664;24825261;34475694
1522065350691;1282;968;93;26353664;24827031;34478694
1522065350791;1292;976;93;26353664;24828749;34481394
1522065350891;1302;983;94;26353664;24830696;34484690
1522065350992;1312;992;94;26353664;24832643;34487987
1522065351092;1322;1000;94;26353664;24834590;34491284
1522065351192;1332;1008;94;26353664;24836360;34494283
1522065351292;1342;1016;95;26353664;24838546;34497797
1522065351392;1352;1023;96;26353664;24840316;34500794
1522065351492;1362;1031;96;26353664;24842263;34504093
1522065351592;1372;1039;97;26353664;24844210;34507393
1522065351692;1382;1047;98;26353664;24846157;34510691
1522065351792;1392;1055;98;26353664;24848104;34513988
1522065351892;1402;1062;100;26353664;24850051;34517284
1522065351993;1412;1069;102;26353664;24851998;34520583
1522065352093;1422;1077;102;26353664;24853995;34523881
1522065352193;1432;1085;103;26353664;24856227;34527394
1522065352293;1442;1092;104;26353664;24858174;34530691
1522065352393;1452;1100;105;26353664;24860121;34533988
1522065352494;1462;1108;106;26353664;24862068;34537282
1522065352594;1472;1116;106;26353664;24863838;34540280
1522065352694;1482;1124;106;26353664;24865785;34543580
1522065352794;1492;1132;106;26353664;24867732;34546875
1522065352894;1502;1140;107;26353664;24869679;34550170
1522065352994;1512;1148;108;26353664;24871626;34553470
1522065353094;1523;1156;108;26353664;24873635;34556684
1522065353195;1533;1164;108;26353664;24875582;34559982
1522065353295;1543;1172;109;26353664;24877352;34562978
1522065353395;1553;1180;109;26353664;24879299;34566278
1522065353495;1563;1188;110;26353664;24881246;34569578
1522065353595;1573;1196;110;26353664;24883193;34572873
1522065353695;1583;1204;111;26353664;24884963;34575871
1522065353796;1593;1212;111;26353664;24886910;34579168
1522065353896;1603;1220;112;26353664;24888857;34582469
1522065353996;1613;1228;112;26353664;24890627;34585478
1522065354097;1623;1235;113;26353664;24892813;34588991
1522065354197;1633;1243;114;26353664;24894760;34592290
1522065354297;1643;1251;114;26353664;24896530;34595287
1522065354397;1653;1258;116;26353664;24898477;34598586
1522065354498;1663;1266;116;26353664;24900424;34601880
1522065354598;1673;1274;117;26353664;24902371;34605176
1522065354698;1683;1282;117;26353664;24904318;34608474
1522065354798;1693;1289;118;26353664;24906265;34611775
1522065354898;1703;1296;120;26353664;24908600;34615075
1522065354999;1713;1304;121;26353664;24910609;34618277
1522065355099;1723;1312;122;26353664;24912556;34621560
1522065355199;1733;1320;123;26353664;24914503;34624845
1522065355299;1743;1328;123;26353664;24916450;34628130
1522065355399;1753;1336;124;26353664;24918397;34631415
1522065355499;1763;1343;124;26353664;24920344;34634701
1522065355599;1773;1352;125;26353664;24922114;34637687
1522065355699;1783;1359;126;26353664;24924061;34640971
1522065355800;1793;1367;126;26353664;24926008;34644257
1522065355900;1803;1374;127;26353664;24928017;34647457
1522065356000;1813;1382;128;26353664;24929964;34650749
1522065356100;1823;1390;128;26353664;24931786;34654043
1522065356200;1833;1398;129;26353664;24933681;34657035
1522065356300;1843;1406;130;26353664;24935628;34660329
1522065356401;1853;1413;130;26353664;24937575;34663626
1522065356501;1863;1421;131;26353664;24939345;34666617
1522065356601;1873;1429;131;26353664;24941292;34669911
1522065356701;1883;1437;132;26353664;24943239;34673205
1522065356801;1893;1445;132;26353664;24945300;34676662
1522065356901;1903;1452;133;26353664;24947018;34679410
1522065357001;1913;1460;134;26353664;24948965;34682704
1522065357102;1923;1468;134;26353664;24950912;34686000
1522065357202;1933;1476;134;26353664;24952859;34689295
1522065357302;1943;1482;135;26353664;24954275;34691690
1522065357402;1953;1489;136;26353664;24956222;34694985
1522065357502;1963;1497;137;26353664;24958169;34698283
1522065357602;1973;1505;137;26353664;24959939;34701277
1522065357703;1983;1514;137;26353664;24961886;34704574
1522065357803;1993;1521;138;26353664;24964072;34708083
1522065357903;2003;1529;139;26353664;24966019;34711374
1522065358003;2013;1537;139;26353664;24967966;34714663
1522065358103;2023;1545;140;26353664;24969788;34717958
1522065358203;2033;1553;140;26353664;24971772;34720956
1522065358303;2043;1560;140;26353664;24973365;34723649
1522065358403;2053;1567;141;26353664;24975135;34726639
1522065358503;2063;1575;142;26353664;24977082;34729928
1522065358603;2073;1583;142;26353664;24979029;34733222
1522065358704;2083;1591;143;26353664;24981047;34736513
1522065358804;2093;1597;144;26353664;24982808;34739424
1522065358904;2103;1604;146;26353664;24984578;34742414
1522065359004;2113;1612;146;26353664;24986525;34745705
1522065359105;2124;1620;146;26353664;24988472;34748986
1522065359205;2134;1627;148;26353664;24990331;34751969
1522065359305;2144;1632;149;26353664;24991747;34754355
1522065359406;2154;1640;149;26353664;24993569;34757639
1522065359506;2164;1648;150;26353664;24995464;34760623
1522065359606;2174;1656;150;26353664;24997411;34763904
1522065359706;2184;1663;151;26353664;24999420;34767102
1522065359806;2194;1670;152;26353664;25001190;34770085
1522065359906;2204;1678;153;26353664;25003012;34773369
1522065360006;2214;1685;154;26353664;25004907;34776352
1522065360106;2224;1693;154;26353664;25006854;34779633
1522065360206;2234;1700;155;26353664;25008801;34782916
1522065360306;2244;1707;156;26353664;25010394;34785604
1522065360406;2254;1715;156;26353664;25012164;34788589
1522065360506;2264;1722;157;26353664;25014111;34791870
1522065360607;2274;1730;158;26353664;25016058;34795149
1522065360707;2284;1738;159;26353664;25018244;34798648
1522065360807;2294;1744;160;26353664;25019837;34801336
1522065360907;2304;1752;161;26353664;25021784;34804617
1522065361008;2314;1759;162;26353664;25023731;34807901
1522065361108;2324;1766;163;26353664;25025678;34811181
1522065361208;2334;1774;164;26353664;25027625;34814464
1522065361309;2344;1781;164;26353664;25029218;34817147
1522065361409;2354;1789;165;26353664;25030988;34820130
1522065361509;2364;1798;165;26353664;25032935;34823415
1522065361609;2374;1805;165;26353664;25035005;34826749
1522065361709;2384;1813;166;26353664;25036891;34829898
1522065361810;2394;1820;166;26353664;25038307;34832286
