currentTs;total_time;user_time;sys_time;virtual_size;in_octets;out_octets
1522064804878;0;0;0;1400832;22838376;31268404
1522064804979;10;3;3;25112576;22838376;31268404
1522064805079;20;3;4;25235456;22838492;31268516
1522064805179;30;8;4;26284032;22839140;31269495
1522064805279;40;17;4;26284032;22840436;31271525
1522064805379;50;27;4;26284032;22841840;31273725
1522064805480;60;37;4;26284032;22843136;31275756
1522064805580;70;44;6;26284032;22844540;31277955
1522064805680;80;54;7;26284032;22845836;31279988
1522064805780;90;62;8;26284032;22847240;31282192
1522064805880;100;72;8;26284032;22848536;31284225
1522064805980;110;80;9;26284032;22849940;31286426
1522064806081;120;90;10;26284032;22851236;31288459
1522064806181;130;97;12;26284032;22852640;31290660
1522064806281;140;105;14;26284032;22853936;31292692
1522064806381;150;113;16;26284032;22855340;31294897
1522064806481;160;121;17;26284032;22856636;31296929
1522064806582;170;130;18;26284032;22858040;31299131
1522064806682;180;139;19;26284032;22859336;31301165
1522064806782;190;149;19;26284032;22860740;31303367
1522064806882;200;159;19;26284032;22862036;31305399
1522064806983;210;169;19;26284032;22863440;31307599
1522064807083;220;178;20;26284032;22864736;31309630
1522064807183;230;187;20;26284032;22866140;31311828
1522064807283;240;197;20;26284032;22867436;31313862
1522064807384;250;206;21;26284032;22868840;31316064
1522064807484;260;215;21;26284032;22870136;31318096
1522064807584;271;223;23;26284032;22871540;31320305
1522064807684;280;231;25;26284032;22872836;31322344
1522064807785;291;240;25;26284032;22874132;31324377
1522064807885;301;250;26;26284032;22875536;31326579
1522064807985;311;260;26;26284032;22876832;31328616
1522064808085;321;269;26;26284032;22878236;31330817
1522064808185;331;278;26;26284032;22879532;31332848
1522064808286;341;286;29;26284032;22880936;31335051
1522064808386;351;294;30;26284032;22882232;31337084
1522064808486;361;302;32;26284032;22883636;31339288
1522064808586;371;310;34;26284032;22884932;31341321
1522064808687;381;320;34;26284032;22886336;31343526
1522064808787;391;329;34;26284032;22887632;31345562
1522064808887;401;339;35;26284032;22889036;31347764
1522064808988;411;347;36;26284032;22890332;31349799
1522064809088;421;354;39;26284032;22891736;31352002
1522064809188;431;363;40;26284032;22893032;31354034
1522064809288;441;372;40;26284032;22894328;31356067
1522064809388;451;382;41;26284032;22895732;31358272
1522064809488;461;391;41;26284032;22897028;31360307
1522064809588;471;400;42;26284032;22898432;31362508
1522064809689;481;408;43;26284032;22899728;31364541
1522064809789;491;417;45;26284032;22901132;31366746
1522064809889;501;424;47;26284032;22902428;31368780
1522064809989;511;434;47;26284032;22903832;31370984
1522064810089;521;444;47;26284032;22905128;31373015
1522064810189;531;453;48;26284032;22906424;31375047
1522064810289;541;460;50;26284032;22907828;31377250
1522064810390;551;470;50;26284032;22909124;31379282
1522064810490;561;480;50;26284032;22910420;31381314
1522064810590;571;488;51;26284032;22911824;31383517
1522064810690;581;497;52;26284032;22913120;31385551
1522064810790;591;506;54;26284032;22914416;31387584
1522064810891;601;515;54;26284032;22915820;31389785
1522064810991;611;524;54;26284032;22917116;31391816
1522064811091;621;534;54;26284032;22918412;31393847
1522064811191;631;542;56;26284032;22919708;31395881
1522064811291;641;551;57;26284032;22921112;31398086
1522064811391;651;561;57;26284032;22922408;31400116
1522064811491;661;569;59;26284032;22923704;31402147
1522064811591;671;578;59;26284032;22925108;31404345
1522064811691;681;585;62;26284032;22926404;31406374
1522064811791;691;594;62;26284032;22927700;31408402
1522064811891;701;601;65;26284032;22928996;31410430
1522064811991;711;609;67;26284032;22930292;31412458
1522064812092;721;618;68;26284032;22931746;31414655
1522064812192;731;628;68;26284032;22933088;31416683
1522064812292;741;637;68;26284032;22934384;31418711
1522064812393;751;643;72;26284032;22935788;31420908
1522064812493;761;651;74;26284032;22937084;31422936
1522064812593;771;660;75;26284032;22938380;31424964
1522064812693;781;668;76;26284032;22939784;31427161
1522064812793;791;678;77;26284032;22941080;31429189
1522064812893;801;688;77;26284032;22942376;31431217
1522064812993;811;697;77;26284032;22943672;31433246
1522064813093;821;704;80;26284032;22945076;31435443
1522064813194;831;713;80;26284032;22946372;31437471
1522064813294;841;722;82;26284032;22947668;31439499
1522064813394;851;731;82;26284032;22949072;31441697
1522064813494;862;739;84;26284032;22950368;31443733
1522064813594;871;748;84;26284032;22951664;31445771
1522064813694;881;757;86;26284032;22952960;31447811
1522064813794;891;767;86;26284032;22954256;31449847
1522064813894;901;774;88;26284032;22955660;31452051
1522064813994;912;783;88;26284032;22956956;31454093
1522064814095;922;791;90;26284032;22958252;31456137
1522064814195;932;800;91;26284032;22959936;31458185
1522064814295;942;809;92;26284032;22961232;31460229
1522064814395;952;818;93;26284032;22962528;31462271
1522064814496;962;827;94;26284032;22963932;31464491
1522064814596;972;835;95;26284032;22965228;31466550
1522064814696;982;844;96;26284032;22966524;31468600
1522064814797;992;850;99;26284032;22967820;31470651
1522064814897;1002;859;100;26284032;22969224;31472871
1522064814997;1012;868;101;26284032;22970520;31474911
1522064815098;1022;876;103;26284032;22971816;31476963
1522064815198;1032;886;103;26284032;22973056;31479015
1522064815298;1042;886;103;26284032;22973112;31479067
1522064815398;1052;894;104;26284032;22974516;31481342
1522064815498;1062;904;104;26284032;22975812;31483394
1522064815598;1072;912;106;26284032;22977108;31485446
1522064815699;1082;921;107;26284032;22978512;31487669
1522064815799;1092;930;108;26284032;22979808;31489721
1522064815899;1102;940;108;26284032;22981104;31491771
1522064815999;1112;947;111;26284032;22982400;31493823
1522064816099;1122;956;112;26284032;22983804;31496046
1522064816199;1132;964;113;26284032;22985100;31498098
1522064816299;1142;973;114;26284032;22986396;31500150
1522064816399;1152;983;114;26284032;22987800;31502373
1522064816500;1162;989;118;26284032;22989096;31504425
1522064816600;1172;998;118;26284032;22990392;31506477
1522064816700;1182;1004;122;26284032;22991688;31508529
1522064816801;1192;1013;123;26284032;22993092;31510752
1522064816901;1202;1019;127;26284032;22994388;31512804
1522064817001;1212;1028;127;26284032;22995684;31514856
1522064817101;1222;1036;129;26284032;22997088;31517079
1522064817202;1232;1046;129;26284032;22998384;31519131
1522064817302;1242;1054;130;26284032;22999680;31521183
1522064817402;1252;1064;130;26284032;23001084;31523406
1522064817502;1262;1074;130;26284032;23002380;31525458
1522064817603;1272;1083;131;26284032;23003676;31527510
1522064817703;1282;1092;132;26284032;23005080;31529733
1522064817803;1292;1101;132;26284032;23006376;31531785
1522064817903;1302;1111;132;26284032;23007672;31533837
1522064818003;1312;1119;134;26284032;23008968;31535885
1522064818103;1322;1128;135;26284032;23010372;31538106
1522064818204;1332;1130;136;26284032;23010785;31538671
1522064818304;1342;1134;139;26284032;23011757;31540262
1522064818404;1352;1143;140;26284032;23013053;31542314
1522064818505;1363;1151;141;26284032;23014349;31544366
1522064818605;1373;1161;141;26284032;23015753;31546589
1522064818705;1383;1169;143;26284032;23017049;31548641
1522064818805;1393;1178;143;26284032;23018345;31550693
1522064818906;1403;1185;146;26284032;23019749;31552916
1522064819006;1413;1195;146;26284032;23021045;31554968
1522064819106;1423;1204;147;26284032;23022341;31557033
1522064819206;1433;1212;148;26284032;23023726;31559088
1522064819306;1443;1222;148;26284032;23025022;31561142
1522064819407;1453;1230;150;26284032;23026426;31563367
1522064819507;1463;1240;150;26284032;23027722;31565424
1522064819607;1473;1248;152;26284032;23029018;31567472
1522064819707;1483;1258;152;26284032;23030422;31569697
1522064819807;1493;1266;153;26284032;23031718;31571751
1522064819907;1503;1276;153;26284032;23033014;31573811
1522064820007;1513;1284;155;26284032;23034310;31575852
1522064820107;1523;1293;156;26284032;23035714;31578055
1522064820207;1533;1302;156;26284032;23037010;31580090
1522064820307;1543;1312;156;26284032;23038306;31582127
1522064820407;1553;1322;156;26284032;23039602;31584162
1522064820507;1563;1331;157;26284032;23041006;31586368
1522064820608;1573;1340;158;26284032;23042302;31588402
1522064820708;1583;1349;158;26284032;23043598;31590439
1522064820808;1593;1357;160;26284032;23044894;31592472
1522064820909;1603;1366;160;26284032;23046298;31594693
1522064821009;1613;1376;161;26284032;23047594;31596743
1522064821109;1623;1385;161;26284032;23048890;31598795
1522064821209;1633;1392;165;26284032;23050294;31601018
1522064821310;1643;1401;165;26284032;23051590;31603066
1522064821410;1653;1409;167;26284032;23052886;31605118
1522064821510;1663;1418;168;26284032;23054182;31607170
1522064821610;1673;1428;168;26284032;23055586;31609393
1522064821710;1683;1433;172;26284032;23056882;31611445
1522064821811;1693;1443;172;26284032;23058286;31613668
1522064821911;1703;1452;173;26284032;23059582;31615720
1522064822011;1713;1461;174;26284032;23060878;31617772
1522064822111;1723;1470;175;26284032;23062174;31619824
1522064822212;1733;1479;175;26284032;23063667;31622047
1522064822312;1743;1489;175;26284032;23064963;31624099
1522064822412;1753;1498;176;26284032;23066259;31626151
1522064822512;1763;1507;176;26284032;23067555;31628203
1522064822612;1773;1515;178;26284032;23068959;31630416
1522064822712;1783;1525;178;26284032;23070255;31632468
1522064822812;1793;1534;178;26284032;23071551;31634520
1522064822913;1803;1543;179;26284032;23072847;31636572
1522064823013;1813;1552;180;26284032;23074251;31638785
1522064823113;1823;1561;181;26284032;23075547;31640835
1522064823213;1833;1570;181;26284032;23076843;31642881
1522064823313;1843;1576;185;26284032;23078247;31645100
1522064823413;1853;1586;185;26284032;23079543;31647139
1522064823513;1863;1593;188;26284032;23080839;31649175
1522064823613;1873;1602;189;26284032;23082135;31651203
1522064823713;1883;1612;189;26284032;23083539;31653400
1522064823814;1893;1621;190;26284032;23084835;31655428
1522064823914;1903;1630;190;26284032;23086131;31657456
1522064824014;1913;1637;193;26284032;23087535;31659653
1522064824114;1924;1647;193;26284032;23088831;31661681
1522064824215;1934;1655;195;26284032;23090127;31663709
1522064824315;1944;1664;195;26284032;23091423;31665737
1522064824415;1954;1672;197;26284032;23092719;31667765
1522064824515;1964;1682;197;26284032;23094123;31669962
1522064824615;1974;1691;197;26284032;23095419;31671990
1522064824716;1984;1698;200;26284032;23096715;31674018
1522064824816;1994;1708;200;26284032;23098119;31676215
1522064824916;2004;1717;201;26284032;23099415;31678243
1522064825016;2014;1726;201;26284032;23100711;31680271
1522064825116;2024;1734;204;26284032;23102007;31682299
1522064825216;2034;1743;204;26284032;23103411;31684496
1522064825317;2044;1752;205;26284032;23104707;31686524
1522064825417;2054;1761;206;26284032;23106003;31688552
1522064825517;2064;1770;206;26284032;23107407;31690749
1522064825617;2074;1780;206;26284032;23108703;31692777
1522064825718;2084;1787;209;26284032;23109999;31694805
1522064825818;2094;1797;209;26284032;23111295;31696833
1522064825918;2104;1797;210;26284032;23111511;31697223
1522064826018;2114;1797;210;26284032;23111511;31697223
1522064826119;2124;1797;210;26284032;23111511;31697223
1522064826219;2134;1797;210;26284032;23111511;31697223
1522064826319;2144;1797;210;26284032;23111511;31697223
1522064826420;2154;1797;210;26284032;23111511;31697223
1522064826520;2164;1797;210;26284032;23111511;31697223
1522064826621;2174;1797;210;26284032;23111511;31697223
1522064826721;2184;1797;210;26284032;23111511;31697223
1522064826821;2194;1797;210;26284032;23111511;31697223
