currentTs;total_time;user_time;sys_time;virtual_size;in_octets;out_octets
1521391116452;0;0;0;299008;21179926;29610568
1521391116552;11;7;3;300900352;21179926;29610568
1521391116652;21;16;4;306909184;21179926;29610568
1521391116752;31;26;4;306909184;21179926;29610568
1521391116853;41;37;6;312807424;21179926;29610568
1521391116954;51;50;6;313946112;21179926;29610568
1521391117055;61;59;7;313946112;21179926;29610568
1521391117156;71;74;7;313946112;21179926;29610568
1521391117257;81;84;7;313946112;21179926;29610568
1521391117358;91;92;8;313946112;21179926;29610568
1521391117459;101;103;8;313946112;21180008;29610600
1521391117559;111;119;8;314019840;21180008;29610600
1521391117659;121;130;8;314019840;21180008;29610600
1521391117759;131;140;8;314019840;21180054;29610600
1521391117859;141;152;8;314019840;21180054;29610600
1521391117959;151;164;8;314019840;21180054;29610600
1521391118059;161;174;8;314019840;21180054;29610600
1521391118159;171;185;8;314019840;21180054;29610600
1521391118259;181;193;8;314019840;21180054;29610600
1521391118359;191;201;8;314019840;21180054;29610600
1521391118459;201;210;8;315068416;21180054;29610600
1521391118559;211;220;10;315088896;21180054;29610600
1521391118659;221;231;10;315219968;21180054;29610600
1521391118759;231;241;10;315219968;21180054;29610600
1521391118859;241;253;10;315219968;21180054;29610600
1521391118959;251;265;11;316268544;21180054;29610600
1521391119059;261;276;11;316268544;21180054;29610600
1521391119159;271;290;11;317558784;21180054;29610600
1521391119259;281;303;11;318607360;21180054;29610600
1521391119359;291;313;11;318607360;21180054;29610600
1521391119459;301;323;11;318607360;21180054;29610600
1521391119559;311;333;11;318607360;21180054;29610600
1521391119659;321;338;13;318763008;21180054;29610600
1521391119759;331;345;13;319811584;21180054;29610600
1521391119859;341;353;13;319811584;21180054;29610600
1521391119959;351;358;13;319811584;21180054;29610600
1521391120059;361;368;13;319811584;21180054;29610600
1521391120159;371;378;15;319811584;21180054;29610600
1521391120259;381;388;15;319811584;21180054;29610600
1521391120359;391;394;15;319811584;21180054;29610600
1521391120459;401;404;16;320860160;21180054;29610600
1521391120559;411;410;16;320860160;21180054;29610600
1521391120659;421;416;16;320860160;21180054;29610600
1521391120759;431;422;16;320884736;21180054;29610600
1521391120859;441;431;17;320884736;21180054;29610600
1521391120960;451;437;18;320884736;21180054;29610600
1521391121061;461;445;20;351412224;21181029;29611679
1521391121162;471;452;20;351739904;21181029;29611679
1521391121262;482;463;20;351739904;21181029;29611679
1521391121362;492;477;20;351739904;21181889;29612647
1521391121463;502;489;20;351739904;21182750;29613616
1521391121564;512;501;20;351739904;21183607;29614581
1521391121665;522;515;20;351739904;21184461;29615543
1521391121766;532;526;21;351739904;21186169;29617467
1521391121866;542;536;22;351739904;21187026;29618432
1521391121966;552;549;22;351739904;21187880;29619394
1521391122066;562;559;23;351739904;21188736;29620358
1521391122167;572;571;23;351739904;21190444;29622282
1521391122268;582;582;23;351739904;21191299;29623245
1521391122369;592;591;24;351739904;21193009;29625171
1521391122470;602;602;24;351739904;21193864;29626134
1521391122570;612;613;24;351739904;21194719;29627097
1521391122670;622;622;25;351739904;21196427;29629021
1521391122770;632;634;25;351739904;21197280;29629982
1521391122870;642;644;25;351739904;21198990;29631908
1521391122970;652;656;25;351739904;21199843;29632869
1521391123070;662;666;25;351739904;21201553;29634795
1521391123170;672;677;25;351739904;21202410;29635760
1521391123270;682;688;26;351739904;21204122;29637688
1521391123370;692;701;26;351739904;21204977;29638651
1521391123470;702;714;26;351739904;21206686;29640576
1521391123570;712;729;26;352788480;21207542;29641540
1521391123670;722;749;26;353837056;21209251;29643465
1521391123770;732;762;27;353837056;21210961;29645391
1521391123870;742;773;27;353837056;21211817;29646355
1521391123970;752;786;27;353837056;21213528;29648282
1521391124070;762;797;27;353837056;21214384;29650158
1521391124171;772;811;27;353837056;21216096;29651174
1521391124272;782;821;27;353837056;21217806;29653100
1521391124373;793;832;27;353837056;21218765;29654973
1521391124474;803;842;27;353837056;21220370;29655988
1521391124575;813;853;29;353837056;21222076;29657910
1521391124676;823;863;29;353837056;21222931;29658873
1521391124777;833;874;29;353837056;21224640;29660798
1521391124878;843;885;29;353837056;21226351;29662725
1521391124979;853;896;29;353837056;21228063;29664653
1521391125079;863;906;29;353837056;21228919;29665617
1521391125179;873;916;30;353837056;21230630;29667544
1521391125279;883;926;30;353837056;21232338;29669468
1521391125379;893;935;31;353837056;21234049;29671395
1521391125479;903;946;31;353837056;21234905;29672359
1521391125579;913;960;31;353837056;21236617;29674287
1521391125679;923;969;32;353837056;21238326;29676212
1521391125779;933;981;32;353837056;21239179;29677173
1521391125879;943;991;33;353837056;21240890;29679100
1521391125979;953;1001;33;353837056;21242600;29681026
1521391126079;963;1011;33;353837056;21244310;29682952
1521391126179;973;1025;33;353837056;21245164;29683914
1521391126279;983;1034;33;353837056;21246875;29685841
1521391126379;993;1047;34;353837056;21248591;29687773
1521391126479;1003;1056;34;353837056;21250301;29689699
1521391126579;1013;1072;34;353837056;21251156;29691025
1521391126679;1023;1082;35;353837056;21252865;29692587
1521391126779;1033;1091;35;353837056;21254573;29694511
1521391126879;1043;1101;35;353837056;21256282;29696436
1521391126979;1053;1112;35;353837056;21257989;29698359
1521391127079;1063;1122;35;353837056;21259701;29700287
1521391127179;1073;1132;35;353837056;21260609;29701303
1521391127279;1083;1141;36;353837056;21262319;29703229
1521391127379;1093;1153;36;353837056;21264028;29705154
1521391127479;1103;1163;37;353837056;21265861;29707132
1521391127579;1113;1172;37;353837056;21267690;29709173
1521391127679;1123;1183;37;353837056;21268649;29711046
1521391127779;1133;1193;37;353837056;21270257;29712064
1521391127879;1143;1203;38;353837056;21271965;29713988
1521391127979;1153;1217;38;353837056;21273675;29715914
1521391128079;1163;1227;38;353837056;21275385;29717840
1521391128179;1173;1236;38;353837056;21277097;29719768
1521391128279;1183;1247;38;353837056;21278811;29721698
1521391128379;1193;1256;40;353837056;21279667;29722662
1521391128479;1203;1273;41;353837056;21281379;29724590
1521391128579;1213;1283;41;353837056;21283091;29726518
1521391128679;1223;1293;41;353837056;21284800;29728443
1521391128779;1233;1303;41;353837056;21286512;29730371
1521391128879;1243;1316;42;353837056;21287366;29731333
1521391128979;1253;1329;42;353837056;21289078;29733261
1521391129079;1263;1338;43;353837056;21290788;29735187
1521391129179;1273;1347;44;353837056;21292499;29737114
1521391129279;1283;1356;44;353837056;21294210;29739041
1521391129379;1293;1365;45;353837056;21295921;29740968
1521391129479;1303;1375;45;353837056;21297632;29742895
1521391129579;1313;1386;45;353837056;21299344;29744823
1521391129679;1323;1396;45;353837056;21301055;29746750
1521391129779;1333;1406;45;353837056;21302766;29748677
1521391129879;1343;1417;45;353837056;21303622;29749641
1521391129979;1353;1424;47;353837056;21305332;29751567
1521391130079;1363;1434;48;353837056;21307039;29753490
1521391130179;1373;1446;48;353837056;21308749;29755416
1521391130279;1383;1459;48;353837056;21310458;29757341
1521391130379;1393;1468;48;353837056;21312167;29759266
1521391130479;1403;1478;48;353837056;21313876;29761191
1521391130579;1413;1487;48;353837056;21315585;29763116
1521391130679;1423;1499;48;353837056;21316545;29764991
1521391130779;1433;1508;48;353837056;21318152;29766007
1521391130879;1443;1518;48;353837056;21319864;29767935
1521391130979;1453;1528;48;353837056;21321575;29769862
1521391131079;1463;1539;48;353837056;21323286;29771789
1521391131180;1473;1548;48;353837056;21324997;29773716
1521391131281;1483;1558;48;353837056;21326705;29775640
1521391131382;1493;1567;48;353837056;21328416;29777567
1521391131483;1504;1577;48;353837056;21330125;29779492
1521391131584;1514;1587;48;353837056;21331837;29781420
1521391131685;1524;1596;48;353837056;21333549;29783348
1521391131785;1534;1605;49;353837056;21334407;29784314
1521391131885;1544;1613;51;353837056;21336221;29787153
1521391131985;1554;1622;51;353837056;21337828;29788167
1521391132085;1564;1630;52;353837056;21339543;29790098
1521391132185;1574;1644;52;353837056;21341255;29792026
1521391132285;1584;1655;52;353837056;21342965;29793952
1521391132385;1594;1665;52;353837056;21344674;29795877
1521391132485;1604;1675;52;353837056;21346487;29797856
1521391132585;1614;1684;52;353837056;21348199;29799784
1521391132686;1624;1694;52;353837056;21349956;29801711
1521391132786;1634;1704;52;353837056;21351793;29803693
1521391132887;1644;1715;52;353837056;21353619;29805731
1521391132988;1654;1725;52;353837056;21355329;29807657
1521391133089;1664;1735;52;353837056;21356182;29808618
1521391133190;1674;1745;52;353837056;21358041;29811453
1521391133291;1684;1754;52;353837056;21359646;29812468
1521391133392;1694;1767;52;353837056;21361358;29814396
1521391133493;1705;1777;54;353837056;21363071;29816325
1521391133593;1715;1790;55;353837056;21364783;29818253
1521391133693;1725;1801;55;353837056;21366495;29820181
1521391133793;1735;1811;56;353837056;21368206;29822108
1521391133893;1745;1821;56;353837056;21369916;29824034
1521391133993;1755;1832;56;353837056;21371624;29825958
1521391134093;1765;1841;57;353837056;21373332;29827882
1521391134193;1775;1849;58;353837056;21375043;29829809
1521391134293;1785;1860;58;353837056;21376752;29831734
1521391134393;1795;1870;58;353837056;21378463;29833661
1521391134493;1805;1879;58;353837056;21380171;29835585
1521391134593;1815;1889;58;353837056;21381884;29837514
1521391134693;1825;1900;58;353837056;21383595;29839441
1521391134793;1835;1909;58;353837056;21385305;29841367
1521391134893;1845;1919;58;353837056;21387017;29843295
1521391134993;1855;1928;58;353837056;21388727;29845221
1521391135093;1865;1938;58;353837056;21390439;29847149
1521391135193;1875;1947;59;353837056;21392150;29849076
1521391135293;1885;1958;59;353837056;21393111;29850952
1521391135393;1895;1972;59;353837056;21394822;29852881
1521391135493;1905;1983;59;353837056;21396431;29853897
1521391135593;1915;1992;59;353837056;21398139;29855821
1521391135693;1925;2002;59;353837056;21399851;29857749
1521391135793;1935;2012;59;353837056;21401560;29859674
1521391135893;1945;2021;61;353837056;21403269;29861599
1521391135993;1955;2031;61;353837056;21404981;29863527
1521391136093;1965;2039;62;353837056;21406691;29865453
1521391136193;1975;2049;62;353837056;21408402;29867380
1521391136293;1985;2057;63;353837056;21410116;29869310
1521391136393;1995;2067;63;353837056;21411826;29871236
1521391136493;2005;2076;64;353837056;21413537;29873163
1521391136593;2015;2086;64;353837056;21415248;29875090
1521391136693;2025;2095;64;353837056;21416961;29877019
1521391136793;2035;2106;64;353837056;21418672;29878946
1521391136893;2045;2115;65;353837056;21420770;29880872
1521391136993;2055;2125;65;353837056;21422479;29882797
1521391137093;2065;2133;66;353837056;21424187;29884721
1521391137193;2075;2143;66;353837056;21425901;29886651
1521391137293;2085;2151;67;353837056;21427612;29888578
1521391137393;2095;2162;68;353837056;21429324;29890506
1521391137493;2105;2172;68;353837056;21430179;29891469
1521391137593;2115;2181;68;353837056;21431891;29893397
1521391137693;2125;2191;68;353837056;21433655;29895377
1521391137793;2135;2200;68;353837056;21435366;29897304
1521391137893;2145;2211;68;353837056;21437075;29899229
1521391137993;2155;2228;69;353837056;21439024;29901319
1521391138093;2165;2247;69;353837056;21440736;29903247
1521391138193;2175;2257;69;353837056;21442447;29905174
1521391138293;2185;2267;69;353837056;21444160;29907103
1521391138393;2195;2278;69;353837056;21445872;29909031
1521391138493;2205;2288;69;353837056;21447582;29910957
1521391138593;2215;2298;69;353837056;21449293;29912884
1521391138693;2225;2307;69;353837056;21451004;29914811
1521391138793;2235;2316;70;353837056;21452717;29916740
1521391138893;2245;2326;71;353837056;21454427;29918666
1521391138993;2255;2334;73;353837056;21456136;29920591
1521391139093;2265;2345;73;353837056;21457848;29922519
1521391139193;2275;2356;73;353837056;21459560;29924447
1521391139293;2285;2365;73;353837056;21461270;29926373
1521391139393;2295;2375;73;353837056;21462976;29928295
1521391139493;2305;2384;74;353837056;21464686;29930221
1521391139593;2315;2392;75;353837056;21466393;29932144
1521391139693;2325;2401;75;353837056;21468105;29934072
1521391139793;2335;2412;75;353837056;21469815;29935998
1521391139893;2345;2421;76;353837056;21471526;29937925
1521391139993;2355;2431;76;353837056;21473237;29939852
1521391140093;2365;2440;76;353837056;21474948;29941779
1521391140193;2375;2449;76;353837056;21476662;29943709
1521391140293;2385;2459;76;353837056;21478372;29945635
1521391140393;2395;2469;76;353837056;21480084;29947563
1521391140493;2405;2478;76;353837056;21481794;29949489
1521391140593;2415;2486;77;353837056;21483610;29952327
1521391140693;2425;2496;77;353837056;21485216;29953343
1521391140793;2435;2505;77;353837056;21487781;29956232
1521391140893;2445;2515;77;353837056;21489489;29958156
1521391140993;2455;2525;77;353837056;21491201;29960084
1521391141093;2465;2535;77;353837056;21492913;29962012
1521391141193;2475;2544;77;353837056;21494623;29963938
1521391141293;2485;2555;77;353837056;21496336;29965867
1521391141393;2495;2565;77;353837056;21498047;29967794
1521391141493;2505;2575;79;353837056;21499753;29969716
1521391141593;2515;2586;79;353837056;21501464;29971643
1521391141693;2525;2602;79;353837056;21503172;29973567
1521391141793;2535;2619;80;353837056;21504130;29975442
1521391141893;2545;2627;82;353837056;21505737;29977366
1521391141993;2555;2635;83;353837056;21508302;29979345
1521391142093;2565;2645;83;353837056;21510013;29981272
1521391142193;2575;2655;83;353837056;21511723;29983198
1521391142293;2585;2664;84;353837056;21513432;29985123
1521391142393;2595;2675;84;353837056;21515142;29987049
1521391142493;2605;2685;84;353837056;21516851;29988974
1521391142593;2615;2695;84;353837056;21518614;29990953
1521391142693;2625;2705;84;353837056;21520324;29992879
1521391142793;2635;2715;84;353837056;21522034;29994805
1521391142893;2645;2723;86;353837056;21523864;29996780
1521391142993;2655;2733;86;353837056;21525690;29998818
1521391143093;2665;2743;87;353837056;21527401;30000745
1521391143193;2675;2753;87;353837056;21529113;30002673
1521391143293;2685;2763;87;353837056;21530823;30004599
1521391143393;2695;2770;88;353837056;21533387;30007487
1521391143493;2705;2780;88;353837056;21535097;30009413
1521391143593;2715;2792;88;353837056;21536807;30011339
1521391143694;2725;2801;89;353837056;21538518;30013266
1521391143795;2735;2810;89;353837056;21540225;30015189
1521391143896;2745;2820;89;353837056;21541932;30017112
1521391143996;2755;2833;89;353837056;21543639;30019035
1521391144096;2765;2843;89;353837056;21545348;30020960
1521391144196;2775;2853;89;353837056;21547058;30022886
1521391144296;2785;2863;89;353837056;21548769;30024813
1521391144396;2795;2872;89;353837056;21550477;30026737
1521391144496;2805;2883;89;353837056;21552191;30028667
1521391144596;2815;2892;89;353837056;21554004;30031503
1521391144696;2825;2902;89;353837056;21555713;30033426
1521391144796;2835;2910;90;353837056;21558175;30035407
1521391144896;2845;2921;90;353837056;21559883;30037331
1521391144996;2855;2934;90;353837056;21561594;30039258
1521391145096;2865;2942;91;353837056;21563305;30041185
1521391145196;2875;2951;91;353837056;21565018;30043114
1521391145296;2885;2962;91;353837056;21566728;30045040
1521391145396;2895;2971;91;353837056;21568438;30046966
1521391145496;2905;2980;92;353837056;21570150;30048894
1521391145596;2915;2989;92;353837056;21571864;30050824
1521391145696;2925;2999;92;353837056;21573573;30052749
1521391145796;2935;3008;92;353837056;21575386;30055585
1521391145896;2945;3017;92;353837056;21577097;30057512
1521391145996;2955;3027;92;353837056;21579559;30059491
1521391146096;2965;3037;92;353837056;21581271;30061419
1521391146196;2975;3046;92;353837056;21582981;30063345
1521391146296;2985;3055;94;353837056;21584693;30065273
1521391146396;2995;3064;94;353837056;21586404;30067200
1521391146496;3005;3072;95;353837056;21588111;30069123
1521391146596;3015;3082;95;353837056;21589823;30071051
1521391146696;3025;3090;96;353837056;21591535;30072979
1521391146796;3035;3099;98;353837056;21593245;30074905
1521391146896;3045;3108;98;353837056;21594954;30076830
1521391146996;3055;3117;98;353837056;21596770;30079669
1521391147096;3065;3129;98;353837056;21599234;30081650
1521391147196;3075;3137;98;353837056;21600945;30083577
1521391147296;3085;3148;98;353837056;21602653;30085501
1521391147396;3095;3157;98;353837056;21604464;30087478
1521391147496;3105;3167;98;353837056;21606172;30089402
1521391147596;3115;3180;98;353837056;21607928;30091328
1521391147696;3125;3195;98;353837056;21609762;30093307
1521391147796;3135;3205;98;353837056;21611592;30095349
1521391147897;3145;3214;99;353837056;21613301;30097274
1521391147998;3155;3224;99;353837056;21615014;30099203
1521391148099;3165;3234;99;353837056;21616724;30101129
1521391148199;3175;3244;99;353837056;21619292;30104021
1521391148300;3185;3254;99;353837056;21621003;30105948
1521391148401;3195;3268;99;353837056;21622758;30107873
1521391148502;3205;3277;99;353837056;21624470;30109801
1521391148602;3216;3287;99;353837056;21626181;30111728
1521391148703;3226;3298;99;353837056;21627895;30113658
1521391148804;3236;3308;99;353837056;21629604;30115583
1521391148905;3246;3319;99;353837056;21631315;30117510
1521391149005;3256;3329;99;353837056;21633023;30119434
1521391149105;3266;3339;99;353837056;21634734;30122271
1521391149205;3276;3349;99;353837056;21636548;30124196
1521391149305;3286;3358;99;353837056;21639006;30126173
1521391149405;3296;3367;100;353837056;21640716;30128099
1521391149505;3306;3376;101;353837056;21642430;30130029
1521391149605;3316;3385;101;353837056;21644140;30131955
1521391149705;3326;3396;101;353837056;21645850;30133881
1521391149805;3336;3405;101;353837056;21647561;30135808
1521391149905;3346;3419;101;353837056;21649272;30137735
1521391150005;3356;3429;103;353837056;21650984;30139663
1521391150105;3366;3439;103;353837056;21652697;30141592
1521391150205;3376;3449;103;353837056;21654407;30143518
1521391150305;3386;3461;103;353837056;21656122;30145449
1521391150405;3396;3471;103;353837056;21657828;30147371
1521391150505;3406;3480;104;353837056;21659538;30149297
1521391150605;3416;3489;104;353837056;21661249;30151224
1521391150705;3426;3500;105;353837056;21662959;30153150
1521391150805;3436;3512;105;353837056;21664669;30155076
1521391150905;3446;3522;105;353837056;21666381;30157004
1521391151005;3456;3533;105;353837056;21668090;30158929
1521391151105;3466;3543;106;353837056;21669803;30160858
1521391151205;3476;3555;107;353837056;21670660;30161823
1521391151305;3486;3564;107;353837056;21672371;30163750
1521391151405;3496;3575;107;353837056;21674078;30165673
1521391151505;3506;3588;107;353837056;21675790;30167601
1521391151605;3516;3598;108;353837056;21677501;30169528
1521391151705;3526;3608;108;353837056;21679215;30171458
1521391151805;3536;3622;108;353837056;21680926;30173385
1521391151905;3546;3632;108;353837056;21682636;30175311
1521391152005;3556;3644;108;353837056;21684346;30177237
1521391152105;3566;3658;108;353837056;21685202;30178201
1521391152205;3576;3669;108;353837056;21686911;30180126
1521391152305;3586;3681;108;353837056;21688623;30182054
1521391152405;3596;3695;108;353837056;21690388;30184035
1521391152505;3606;3706;108;353837056;21692098;30185961
1521391152605;3616;3715;109;353837056;21693804;30187883
1521391152705;3626;3725;109;353837056;21695640;30189864
1521391152805;3636;3736;109;353837056;21697468;30191904
1521391152905;3646;3744;111;353837056;21699181;30193833
1521391153005;3656;3756;111;353837056;21700139;30195705
1521391153105;3666;3766;111;353837056;21701848;30197631
1521391153205;3676;3776;111;353837056;21703454;30198646
1521391153305;3686;3785;113;353837056;21705166;30200574
1521391153405;3696;3794;113;353837056;21706879;30202503
1521391153505;3706;3806;114;353837056;21708590;30204430
1521391153605;3716;3817;114;353837056;21710300;30206356
1521391153705;3726;3829;114;353837056;21712009;30208281
1521391153805;3736;3839;114;353837056;21713716;30210204
1521391153905;3746;3851;114;353837056;21714677;30212080
1521391154005;3756;3862;114;353837056;21716283;30213095
1521391154105;3766;3874;114;353837056;21717992;30215020
1521391154205;3776;3885;114;353837056;21719703;30216947
1521391154305;3786;3897;114;353837056;21721412;30218872
1521391154405;3796;3909;114;353837056;21723125;30220801
1521391154505;3806;3922;114;353837056;21724836;30222728
1521391154605;3816;3931;115;353837056;21726546;30224654
1521391154705;3826;3943;115;353837056;21727402;30225618
1521391154805;3836;3955;115;353837056;21729111;30228455
1521391154905;3846;3967;115;353837056;21730822;30229470
1521391155005;3856;3978;115;353837056;21732531;30231395
1521391155105;3866;3991;115;353837056;21734240;30233320
1521391155205;3876;3999;116;353837056;21735951;30235247
1521391155305;3886;4013;116;353837056;21737662;30237174
1521391155405;3896;4024;117;353837056;21739371;30239099
1521391155505;3906;4035;117;353837056;21741081;30241025
1521391155605;3916;4045;117;353837056;21742792;30242952
1521391155705;3926;4055;117;353837056;21744501;30244877
1521391155805;3936;4066;117;353837056;21746211;30246803
1521391155905;3946;4076;117;353837056;21747923;30248731
1521391156005;3956;4086;117;353837056;21749633;30250657
1521391156105;3966;4095;118;353837056;21751344;30252584
1521391156205;3976;4105;118;353837056;21753053;30254509
1521391156305;3986;4116;118;353837056;21754766;30256438
1521391156405;3996;4126;118;353837056;21756474;30258362
1521391156506;4006;4136;119;353837056;21758184;30260288
1521391156607;4016;4146;119;353837056;21759894;30262214
1521391156708;4026;4158;119;353837056;21761607;30264143
1521391156809;4036;4168;119;353837056;21763317;30266069
1521391156910;4046;4178;120;353837056;21765025;30267993
1521391157010;4056;4188;120;353837056;21766737;30269921
1521391157110;4066;4200;120;353837056;21768446;30271846
1521391157210;4076;4208;122;353837056;21770159;30273775
1521391157310;4086;4220;122;353837056;21771869;30275701
1521391157410;4096;4230;122;353837056;21773579;30277627
1521391157510;4106;4240;122;353837056;21775287;30279551
1521391157610;4116;4249;123;353837056;21777050;30281530
1521391157710;4126;4261;125;353837056;21778761;30283457
1521391157810;4136;4273;125;353837056;21780472;30285384
1521391157910;4146;4283;125;353837056;21782422;30287475
1521391158010;4156;4294;125;353837056;21784133;30289402
1521391158110;4166;4306;125;353837056;21785845;30291330
1521391158210;4176;4317;125;353837056;21786702;30292295
1521391158310;4186;4327;126;353837056;21788519;30295134
1521391158410;4196;4336;127;353837056;21790125;30296150
1521391158510;4206;4346;127;353837056;21791838;30298079
1521391158610;4216;4355;127;353837056;21793549;30300006
1521391158710;4226;4365;127;353837056;21795261;30301934
1521391158810;4236;4375;127;353837056;21796972;30303861
1521391158910;4246;4385;127;353837056;21798681;30305786
1521391159010;4256;4395;127;353837056;21800392;30307713
1521391159110;4266;4405;127;353837056;21802102;30309639
1521391159210;4276;4414;127;353837056;21803813;30311566
1521391159310;4286;4424;128;353837056;21805524;30313493
1521391159410;4296;4433;128;353837056;21807235;30315420
1521391159510;4306;4443;128;353837056;21808946;30317347
1521391159610;4316;4452;129;353837056;21810657;30319274
1521391159710;4326;4462;130;353837056;21812368;30321201
1521391159810;4336;4476;130;353837056;21814078;30323127
1521391159910;4346;4487;130;353837056;21815786;30325051
1521391160010;4356;4496;130;353837056;21816644;30326017
1521391160110;4366;4509;130;353837056;21818354;30328854
1521391160210;4376;4519;130;353837056;21820065;30329870
1521391160310;4386;4529;130;353837056;21821776;30331797
1521391160410;4396;4539;130;353837056;21823486;30333723
1521391160510;4406;4549;130;353837056;21825194;30335647
1521391160610;4416;4562;130;353837056;21826904;30337573
1521391160710;4426;4576;132;353837056;21828617;30339502
1521391160810;4436;4587;133;353837056;21830327;30341428
1521391160910;4446;4596;133;353837056;21832040;30343357
1521391161010;4456;4608;133;353837056;21833752;30345285
1521391161110;4466;4618;133;353837056;21835464;30347213
1521391161210;4476;4626;134;353837056;21837174;30349139
1521391161310;4486;4636;134;353837056;21838885;30351066
1521391161411;4496;4648;134;353837056;21840598;30352995
1521391161511;4506;4658;134;353837056;21842306;30354919
1521391161611;4516;4668;135;353837056;21844016;30356845
1521391161711;4526;4679;135;353837056;21845727;30358772
1521391161811;4536;4690;135;353837056;21847440;30360701
1521391161911;4546;4702;135;353837056;21849156;30362633
1521391162011;4556;4712;135;353837056;21850865;30364558
1521391162111;4566;4721;135;353837056;21852574;30366483
1521391162212;4576;4732;137;353837056;21854282;30368407
1521391162313;4587;4743;137;353837056;21855990;30370331
1521391162414;4597;4753;137;353837056;21857748;30372255
1521391162515;4607;4763;137;353837056;21859459;30374182
1521391162615;4617;4772;137;353837056;21861202;30376141
1521391162715;4627;4781;138;353837056;21862963;30378118
1521391162815;4637;4792;138;353837056;21864676;30380047
1521391162915;4647;4803;138;353837056;21866433;30381974
1521391163015;4657;4814;138;353837056;21868383;30384065
1521391163115;4667;4824;138;353837056;21870095;30385993
1521391163215;4677;4834;138;353837056;21871805;30387919
1521391163315;4687;4844;138;353837056;21873514;30389844
1521391163415;4697;4852;139;353837056;21875221;30391767
1521391163515;4707;4862;140;353837056;21876932;30393694
1521391163615;4717;4871;141;353837056;21878644;30395622
1521391163715;4727;4880;141;353837056;21880351;30397545
1521391163815;4737;4889;141;353837056;21882063;30399473
1521391163915;4747;4899;141;353837056;21883773;30401399
1521391164015;4757;4909;141;353837056;21885481;30403323
1521391164115;4767;4919;141;353837056;21887193;30405251
1521391164215;4777;4927;142;353837056;21888903;30407177
1521391164315;4787;4936;142;353837056;21890612;30409102
1521391164415;4797;4947;142;353837056;21892324;30411030
1521391164515;4807;4956;142;353837056;21894030;30412952
1521391164615;4817;4966;142;353837056;21895739;30414877
1521391164715;4827;4974;143;353837056;21897450;30416804
1521391164815;4837;4984;143;353837056;21899161;30418731
1521391164915;4847;4994;143;353837056;21900871;30420657
1521391165015;4857;5004;143;353837056;21902581;30422583
1521391165115;4867;5016;143;353837056;21904293;30424511
1521391165215;4877;5026;143;353837056;21906003;30426437
1521391165315;4887;5035;144;353837056;21907713;30428363
1521391165415;4897;5044;144;353837056;21909421;30430287
1521391165515;4907;5059;144;353837056;21911130;30432212
1521391165615;4917;5068;144;353837056;21912838;30434136
1521391165715;4927;5080;144;353837056;21915402;30437024
1521391165815;4937;5093;144;353837056;21917113;30438899
1521391165915;4947;5103;145;353837056;21918072;30440826
1521391166015;4957;5113;145;353837056;21920532;30442802
1521391166115;4967;5121;146;353837056;21922242;30444676
1521391166215;4977;5131;146;353837056;21923951;30446653
1521391166315;4987;5141;147;353837056;21925659;30448577
1521391166415;4997;5150;147;353837056;21927371;30450505
1521391166515;5007;5160;147;353837056;21929081;30452431
1521391166615;5017;5170;147;353837056;21930039;30454304
1521391166715;5027;5179;147;353837056;21932502;30456284
1521391166815;5037;5189;147;353837056;21934208;30458206
1521391166915;5047;5199;147;353837056;21935918;30460132
1521391167015;5057;5210;148;353837056;21938016;30462058
1521391167115;5067;5222;148;353837056;21939727;30463985
1521391167215;5077;5232;148;353837056;21941435;30465909
1521391167315;5087;5241;148;353837056;21943144;30467834
1521391167415;5097;5254;148;353837056;21944855;30469761
1521391167515;5107;5264;148;353837056;21946566;30471688
1521391167615;5117;5276;148;353837056;21948330;30473668
1521391167715;5127;5287;148;353837056;21950040;30475594
1521391167815;5137;5296;148;353837056;21951752;30477522
1521391167915;5147;5305;149;353837056;21953584;30479499
1521391168015;5157;5313;150;353837056;21955409;30481536
1521391168115;5167;5323;151;353837056;21957117;30483460
1521391168215;5177;5335;151;353837056;21958827;30485386
1521391168315;5187;5345;151;353837056;21959785;30487259
1521391168415;5197;5355;151;353837056;21961389;30488272
1521391168515;5207;5364;153;353837056;21963204;30491111
1521391168615;5217;5377;153;353837056;21964811;30492126
1521391168715;5227;5387;153;353837056;21966522;30494053
1521391168815;5237;5396;153;353837056;21968231;30495978
1521391168915;5247;5406;154;353837056;21969942;30497905
1521391169015;5257;5417;155;353837056;21971649;30499828
1521391169115;5267;5427;155;353837056;21973357;30501752
1521391169215;5277;5437;155;353837056;21975068;30503679
1521391169315;5287;5447;155;353837056;21976778;30505605
1521391169415;5297;5456;155;353837056;21978488;30507531
1521391169515;5307;5466;156;353837056;21980197;30509456
1521391169615;5317;5476;156;353837056;21981908;30511383
1521391169715;5327;5486;156;353837056;21983618;30513309
1521391169815;5337;5495;157;353837056;21985331;30515238
1521391169915;5347;5504;158;353837056;21987040;30517163
1521391170015;5357;5514;158;353837056;21988751;30519090
1521391170115;5367;5523;158;353837056;21990461;30521016
1521391170215;5377;5532;159;353837056;21992170;30522941
1521391170315;5387;5543;159;353837056;21993876;30524863
1521391170415;5397;5553;160;353837056;21995585;30526788
1521391170515;5407;5562;161;353837056;21997296;30528715
1521391170615;5417;5575;161;353837056;21999008;30530643
1521391170715;5427;5584;161;353837056;22000720;30532571
1521391170815;5437;5597;161;353837056;22002431;30534498
1521391170915;5447;5608;162;353837056;22004141;30536424
1521391171015;5457;5617;164;353837056;22005853;30538352
1521391171116;5467;5626;165;353837056;22007565;30540280
1521391171217;5477;5637;165;353837056;22009276;30542207
1521391171318;5487;5645;166;353837056;22010987;30544134
1521391171419;5497;5655;166;353837056;22012698;30546061
1521391171519;5507;5664;167;353837056;22014408;30547987
1521391171619;5517;5674;167;353837056;22016114;30549909
1521391171719;5527;5684;167;353837056;22017822;30551833
1521391171819;5537;5695;167;353837056;22019531;30553758
1521391171919;5547;5704;167;353837056;22021241;30555684
1521391172019;5557;5714;167;353837056;22022952;30557611
1521391172119;5567;5725;167;353837056;22024662;30559537
1521391172219;5577;5736;167;353837056;22026371;30561462
1521391172319;5587;5746;167;353837056;22028080;30563387
1521391172419;5597;5756;167;353837056;22029786;30565309
1521391172519;5607;5765;167;353837056;22031492;30567231
1521391172619;5617;5775;167;353837056;22033200;30569155
1521391172719;5627;5786;167;353837056;22034958;30571129
1521391172819;5637;5796;167;353837056;22036671;30573058
1521391172919;5647;5807;167;353837056;22038384;30574987
1521391173019;5657;5816;168;353837056;22040335;30577079
1521391173119;5667;5825;168;353837056;22042045;30579005
1521391173219;5677;5834;169;353837056;22043754;30580930
1521391173319;5687;5844;169;353837056;22045463;30582855
1521391173419;5697;5854;169;353837056;22047171;30584779
1521391173519;5707;5865;169;353837056;22048881;30586705
1521391173619;5717;5875;169;353837056;22050590;30588630
1521391173719;5727;5885;169;353837056;22052300;30590556
1521391173819;5737;5897;169;353837056;22054011;30592483
1521391173919;5747;5908;169;353837056;22055718;30594406
1521391174019;5757;5918;169;353837056;22057427;30596331
1521391174119;5767;5928;169;353837056;22059139;30598259
1521391174219;5777;5936;171;353837056;22060853;30600189
1521391174320;5787;5946;171;353837056;22062560;30602112
1521391174421;5797;5958;171;353837056;22064275;30604043
1521391174521;5807;5969;171;353837056;22065992;30605976
1521391174622;5817;5980;171;353837056;22067702;30607902
1521391174723;5828;5989;173;353837056;22069411;30609827
1521391174823;5838;5999;173;353837056;22071119;30611751
1521391174923;5848;6014;173;353837056;22071974;30613077
1521391175023;5858;6029;173;353837056;22073686;30614642
1521391175123;5868;6039;173;353837056;22075397;30616569
1521391175223;5878;6049;173;353837056;22077114;30618502
1521391175323;5888;6061;173;353837056;22078824;30620428
1521391175423;5898;6072;174;353837056;22079680;30621392
1521391175523;5908;6082;174;353837056;22081390;30623318
1521391175623;5918;6092;174;353837056;22083100;30625607
1521391175723;5928;6102;174;353837056;22084814;30627174
1521391175823;5938;6114;174;353837056;22086628;30630012
1521391175923;5948;6127;174;353837056;22088236;30631028
1521391176023;5958;6136;174;353837056;22089947;30632955
1521391176123;5968;6147;175;353837056;22091657;30634881
1521391176223;5978;6157;175;353837056;22093369;30636809
1521391176323;5988;6168;175;353837056;22095082;30638738
1521391176423;5998;6178;176;353837056;22096793;30640665
1521391176523;6008;6188;176;353837056;22098505;30642593
1521391176623;6018;6197;177;353837056;22100216;30644520
1521391176723;6028;6211;178;353837056;22101069;30645481
1521391176823;6038;6222;178;353837056;22102782;30647410
1521391176923;6048;6232;180;353837056;22104492;30649336
1521391177023;6058;6245;181;353837056;22106206;30651266
1521391177123;6068;6257;181;353837056;22107917;30653193
1521391177223;6078;6269;181;353837056;22109628;30655120
1521391177323;6088;6279;181;353837056;22111341;30657049
1521391177423;6098;6290;182;353837056;22112247;30658013
1521391177523;6108;6302;182;353837056;22114003;30659939
1521391177623;6118;6312;182;353837056;22115713;30661865
1521391177723;6128;6324;182;353837056;22117427;30663795
1521391177823;6138;6333;183;353837056;22119137;30665721
1521391177923;6148;6343;183;353837056;22120944;30667698
1521391178023;6158;6353;183;353837056;22122657;30669627
1521391178123;6168;6364;183;353837056;22124369;30671555
1521391178223;6178;6374;183;353837056;22126320;30673647
1521391178323;6188;6387;183;353837056;22128032;30675575
1521391178423;6198;6397;183;353837056;22129745;30677504
1521391178523;6208;6410;183;353837056;22131454;30679429
1521391178623;6218;6419;184;353837056;22133164;30681355
1521391178723;6228;6429;184;353837056;22134878;30683285
1521391178823;6238;6442;186;353837056;22136589;30685212
1521391178923;6248;6454;186;353837056;22137443;30686174
1521391179023;6258;6465;186;353837056;22139154;30688101
1521391179123;6268;6478;186;353837056;22140865;30690028
1521391179223;6278;6488;187;353837056;22142579;30691958
1521391179323;6288;6499;188;353837056;22144288;30693883
1521391179423;6298;6508;189;353837056;22146000;30695811
1521391179523;6308;6521;189;353837056;22147711;30697738
1521391179623;6318;6531;189;353837056;22149423;30699666
1521391179723;6328;6543;189;353837056;22151136;30701595
1521391179823;6338;6553;189;353837056;22152848;30703523
1521391179923;6348;6563;189;353837056;22154557;30705448
1521391180023;6358;6574;189;353837056;22155518;30707323
1521391180123;6368;6587;189;353837056;22157228;30709254
1521391180223;6378;6598;190;353837056;22158837;30710268
1521391180323;6388;6609;190;353837056;22160548;30712195
1521391180423;6398;6619;191;353837056;22162256;30714119
1521391180523;6408;6630;191;353837056;22163962;30716041
1521391180623;6418;6642;191;353837056;22165671;30717966
1521391180723;6428;6653;192;353837056;22167382;30719893
1521391180823;6438;6662;194;353837056;22169093;30721820
1521391180923;6448;6675;194;353837056;22170813;30723756
1521391181023;6458;6686;194;353837056;22172543;30725702
1521391181123;6468;6697;194;353837056;22173407;30727594
1521391181223;6478;6709;194;353837056;22175132;30728615
1521391181323;6488;6716;195;353837056;22176858;30730557
1521391181423;6498;6729;195;353837056;22178584;30732499
1521391181523;6508;6741;195;353837056;22180306;30734437
1521391181623;6518;6751;195;353837056;22182029;30736376
1521391181723;6528;6762;196;353837056;22183748;30738311
1521391181823;6538;6771;196;353837056;22185466;30740245
1521391181923;6548;6780;198;353837056;22187189;30742184
1521391182023;6558;6789;199;353837056;22188912;30744123
1521391182123;6568;6799;200;353837056;22190633;30746060
1521391182223;6578;6809;200;353837056;22192355;30747998
1521391182323;6588;6818;201;353837056;22194075;30749934
1521391182423;6598;6827;202;353837056;22195797;30751872
1521391182523;6608;6840;203;353837056;22197521;30753812
1521391182623;6618;6849;204;353837056;22198381;30754780
1521391182723;6628;6860;204;353837056;22200101;30756716
1521391182823;6638;6872;204;353837056;22201822;30758653
1521391182923;6648;6883;204;353837056;22203545;30760592
1521391183023;6658;6894;204;353837056;22205268;30762531
1521391183123;6668;6905;204;353837056;22207044;30764523
1521391183223;6678;6915;204;353837056;22208763;30766458
1521391183323;6688;6927;204;353837056;22210484;30768395
1521391183423;6698;6937;204;353837056;22212443;30770495
1521391183523;6708;6951;204;353837056;22214165;30772433
1521391183623;6718;6962;204;353837056;22215887;30774371
1521391183723;6728;6976;204;353837056;22217599;30776299
1521391183823;6738;6986;204;353837056;22219445;30778229
1521391183923;6748;6995;205;353837056;22221157;30780157
1521391184023;6758;7010;205;353837056;22222869;30782085
1521391184123;6768;7020;205;353837056;22223828;30783961
1521391184223;6778;7032;205;353837056;22225542;30785889
1521391184323;6788;7043;205;353837056;22227151;30787270
1521391184423;6798;7054;205;353837056;22228970;30789752
1521391184523;6808;7064;205;353837056;22230580;30790768
1521391184623;6818;7073;205;353837056;22232294;30792698
1521391184723;6828;7084;205;353837056;22234865;30795593
1521391184823;6838;7094;205;353837056;22235723;30796559
1521391184923;6848;7103;206;353837056;22237432;30798484
1521391185023;6858;7113;206;353837056;22239149;30800417
1521391185123;6868;7123;207;353837056;22240863;30802347
1521391185223;6878;7132;208;353837056;22242576;30804276
1521391185323;6888;7143;209;353837056;22244289;30806205
1521391185423;6898;7157;209;353837056;22246002;30808134
1521391185523;6908;7168;209;353837056;22247718;30810066
1521391185623;6918;7180;209;353837056;22249429;30811993
1521391185723;6928;7190;209;353837056;22251142;30813922
1521391185823;6938;7198;212;353837056;22252855;30815851
1521391185923;6948;7211;212;353837056;22254569;30817781
1521391186023;6958;7221;212;353837056;22256280;30819708
1521391186123;6968;7232;212;353837056;22257992;30821636
1521391186223;6978;7242;212;353837056;22259706;30823566
1521391186323;6988;7251;212;353837056;22261419;30825495
1521391186423;6998;7262;212;353837056;22263132;30827424
1521391186523;7008;7272;212;353837056;22264848;30829356
1521391186623;7018;7284;212;353837056;22266561;30831285
1521391186723;7028;7295;212;353837056;22268276;30833216
1521391186823;7038;7305;212;353837056;22269990;30835146
1521391186923;7048;7314;213;353837056;22271702;30837074
1521391187023;7058;7325;214;353837056;22273415;30839003
1521391187123;7068;7335;214;353837056;22275129;30840933
1521391187223;7078;7346;214;353837056;22276845;30842865
1521391187323;7088;7357;214;353837056;22278560;30844796
1521391187423;7098;7368;214;353837056;22280273;30846725
1521391187523;7108;7377;215;353837056;22281985;30848653
1521391187623;7118;7387;215;353837056;22283700;30850584
1521391187723;7128;7397;215;353837056;22285413;30852513
1521391187823;7138;7407;215;353837056;22287126;30854442
1521391187923;7148;7417;215;353837056;22288841;30856373
1521391188023;7158;7434;215;353837056;22290554;30858302
1521391188123;7168;7447;216;353837056;22291411;30859267
1521391188223;7178;7456;216;353837056;22293284;30862166
1521391188323;7188;7466;216;353837056;22294895;30863183
1521391188423;7198;7479;216;353837056;22296608;30865112
1521391188523;7208;7490;216;353837056;22298563;30867208
1521391188623;7218;7503;216;353837056;22300275;30869136
1521391188723;7228;7512;217;353837056;22301989;30871066
1521391188823;7238;7522;217;353837056;22303701;30872994
1521391188923;7248;7533;217;353837056;22305412;30874921
1521391189023;7258;7543;217;353837056;22307126;30876851
1521391189123;7268;7553;218;353837056;22308841;30878782
1521391189223;7278;7565;219;353837056;22310553;30880710
1521391189323;7288;7575;219;353837056;22312266;30882639
1521391189423;7298;7584;220;353837056;22313980;30884569
1521391189523;7308;7594;221;353837056;22315694;30886499
1521391189623;7318;7605;221;353837056;22317405;30888426
1521391189723;7328;7616;221;353837056;22319121;30890358
1521391189823;7338;7627;221;353837056;22320831;30892284
1521391189923;7348;7636;221;353837056;22322544;30894213
1521391190023;7358;7647;221;353837056;22324257;30896142
1521391190123;7368;7663;221;353837056;22325971;30898072
1521391190223;7378;7674;221;353837056;22327683;30900000
1521391190323;7388;7683;222;353837056;22329393;30901926
1521391190423;7398;7691;224;353837056;22331105;30903854
1521391190523;7408;7702;224;353837056;22332818;30905783
1521391190623;7418;7711;225;353837056;22334531;30907712
1521391190723;7428;7720;225;353837056;22336245;30909642
1521391190823;7438;7731;225;353837056;22337959;30911572
1521391190923;7448;7742;225;353837056;22339674;30913503
1521391191023;7458;7750;226;353837056;22341387;30915432
1521391191123;7468;7760;226;353837056;22343100;30917361
1521391191223;7478;7769;227;353837056;22344813;30919290
1521391191323;7488;7779;227;353837056;22346529;30921222
1521391191423;7498;7787;229;353837056;22348244;30923153
1521391191523;7508;7795;230;353837056;22349954;30925079
1521391191623;7518;7806;231;353837056;22351667;30927008
1521391191723;7528;7818;231;353837056;22353379;30928936
1521391191823;7538;7829;231;353837056;22355091;30930864
1521391191923;7548;7838;231;353837056;22356802;30932791
1521391192023;7558;7849;231;353837056;22358513;30934718
1521391192123;7568;7859;232;353837056;22360226;30936647
1521391192223;7578;7868;232;353837056;22361941;30938578
1521391192324;7588;7880;232;353837056;22363655;30940508
1521391192425;7598;7889;232;353837056;22365419;30942438
1521391192526;7608;7899;232;353837056;22367266;30945310
1521391192627;7618;7909;232;353837056;22369730;30947289
1521391192727;7628;7918;232;353837056;22370735;30949163
1521391192827;7638;7929;232;353837056;22373201;30951146
1521391192928;7648;7938;232;353837056;22374914;30953075
1521391193028;7658;7948;232;353837056;22376626;30955003
1521391193128;7668;7958;232;353837056;22378388;30956981
1521391193228;7678;7970;233;353837056;22380101;30958910
1521391193328;7688;7979;233;353837056;22381813;30960838
1521391193428;7698;7987;235;353837056;22383649;30962819
1521391193528;7708;7997;235;353837056;22385479;30964861
1521391193628;7718;8006;235;353837056;22387192;30966790
1521391193728;7728;8016;235;353837056;22388904;30968718
1521391193828;7738;8027;235;353837056;22390619;30970649
1521391193928;7748;8037;235;353837056;22392334;30972580
1521391194028;7758;8046;235;353837056;22394047;30974509
1521391194128;7768;8057;235;353837056;22395761;30976439
1521391194228;7778;8071;236;353837056;22397477;30978371
1521391194328;7788;8082;236;353837056;22399190;30980300
1521391194428;7798;8093;236;353837056;22400904;30982230
1521391194528;7808;8101;237;353837056;22402618;30984160
1521391194628;7818;8114;237;353837056;22404435;30987001
1521391194728;7828;8123;237;353837056;22406045;30988019
1521391194828;7838;8133;237;353837056;22407760;30989950
1521391194928;7848;8143;237;353837056;22409469;30991875
1521391195028;7858;8152;237;353837056;22411181;30993803
1521391195128;7868;8162;237;353837056;22412897;30995735
1521391195228;7878;8172;238;353837056;22414611;30997665
1521391195328;7888;8180;239;353837056;22417177;31000555
1521391195428;7898;8189;239;353837056;22418889;31002483
1521391195528;7908;8199;239;353837056;22420602;31004412
1521391195628;7918;8208;239;353837056;22422315;31006341
1521391195728;7928;8216;241;353837056;22424027;31008269
1521391195828;7938;8227;241;353837056;22425739;31010197
1521391195928;7948;8234;242;353837056;22427454;31012128
1521391196028;7958;8246;242;353837056;22429168;31014058
1521391196128;7968;8258;242;353837056;22430878;31015984
1521391196228;7978;8267;243;353837056;22432592;31017914
1521391196328;7988;8278;243;353837056;22434307;31019845
1521391196428;7998;8287;243;353837056;22436021;31021775
1521391196528;8008;8296;243;353837056;22437734;31023704
1521391196628;8018;8307;243;353837056;22439449;31025635
1521391196728;8028;8317;243;353837056;22441163;31027565
1521391196828;8038;8326;243;353837056;22442979;31030407
1521391196928;8048;8335;243;353837056;22444693;31032334
1521391197028;8058;8343;244;353837056;22447548;31034318
1521391197128;8068;8354;244;353837056;22449260;31036246
1521391197228;8078;8364;244;353837056;22450976;31038178
1521391197328;8088;8374;244;353837056;22452689;31040107
1521391197428;8098;8385;244;353837056;22454402;31042036
1521391197528;8108;8393;245;353837056;22456115;31043965
1521391197628;8118;8405;245;353837056;22457829;31045895
1521391197728;8128;8415;245;353837056;22459647;31048738
1521391197828;8138;8424;245;353837056;22462113;31050719
1521391197932;8148;8436;245;353837056;22463828;31052650
1521391198032;8158;8447;245;353837056;22464739;31053669
1521391198132;8168;8455;245;353837056;22466450;31055596
1521391198232;8178;8464;245;353837056;22468162;31057524
1521391198332;8188;8475;245;353837056;22469998;31059505
1521391198432;8198;8485;246;353837056;22471827;31061546
1521391198533;8209;8495;246;353837056;22473540;31063475
1521391198634;8219;8505;246;353837056;22475253;31065404
1521391198735;8229;8516;246;353837056;22476969;31067336
1521391198835;8239;8525;246;353837056;22478685;31069268
1521391198935;8249;8533;248;353837056;22480398;31071197
1521391199035;8259;8543;248;353837056;22482111;31073126
1521391199135;8269;8551;249;353837056;22483822;31075053
1521391199235;8279;8559;252;353837056;22485535;31076982
1521391199335;8289;8572;252;353837056;22487248;31078911
1521391199435;8299;8585;253;353837056;22488959;31080838
1521391199535;8309;8596;253;353837056;22490676;31082771
1521391199635;8319;8607;253;353837056;22492389;31084700
1521391199735;8329;8619;253;353837056;22494102;31086629
1521391199835;8339;8629;253;353837056;22495061;31088504
1521391199935;8349;8640;253;353837056;22496671;31089522
1521391200035;8359;8650;253;353837056;22498381;31091448
1521391200135;8369;8660;253;353837056;22500095;31093378
1521391200235;8379;8672;253;353837056;22501810;31095309
1521391200335;8389;8678;256;353837056;22502769;31097184
1521391200435;8399;8689;256;353837056;22504377;31098200
1521391200535;8409;8697;258;353837056;22506089;31101042
1521391200635;8419;8707;259;353837056;22507907;31102970
1521391200735;8429;8716;260;353837056;22509513;31103984
1521391200835;8439;8725;261;353837056;22511224;31105911
1521391200935;8449;8737;261;353837056;22512938;31107841
1521391201035;8459;8752;261;353837056;22514652;31109771
1521391201135;8469;8764;261;353837056;22516362;31111697
1521391201235;8479;8775;263;353837056;22518073;31113624
1521391201335;8489;8787;263;353837056;22519033;31115502
1521391201435;8499;8798;263;353837056;22520643;31116518
1521391201535;8509;8810;263;353837056;22522355;31118446
1521391201635;8519;8822;263;353837056;22524068;31120375
1521391201735;8529;8831;264;353837056;22525781;31122304
1521391201835;8539;8842;264;353837056;22527497;31124236
1521391201935;8549;8852;264;353837056;22529212;31126167
1521391202035;8559;8862;264;353837056;22530921;31128092
1521391202135;8569;8873;264;353837056;22532636;31130023
1521391202236;8579;8884;265;353837056;22534351;31131954
1521391202337;8589;8897;265;353837056;22536064;31133883
1521391202438;8599;8908;265;353837056;22537773;31135808
1521391202538;8609;8916;266;353837056;22539485;31137736
1521391202638;8619;8927;266;353837056;22541202;31139669
1521391202738;8629;8939;266;353837056;22542917;31141600
1521391202838;8639;8949;266;353837056;22544629;31143528
1521391202938;8649;8961;266;353837056;22546340;31145455
1521391203038;8659;8972;266;353837056;22548053;31147384
1521391203138;8669;8980;267;353837056;22549768;31149315
1521391203238;8679;8990;267;353837056;22551533;31151296
1521391203338;8689;9002;267;353837056;22553247;31153226
1521391203438;8699;9013;267;353837056;22554961;31155156
1521391203538;8709;9024;267;353837056;22556916;31157252
1521391203638;8719;9036;267;353837056;22558628;31159180
1521391203738;8729;9046;268;353837056;22560339;31161107
1521391203838;8739;9056;268;353837056;22562051;31163035
1521391203938;8749;9067;268;353837056;22563763;31164963
1521391204038;8759;9077;268;353837056;22565475;31166891
1521391204138;8769;9089;268;353837056;22567190;31168822
1521391204238;8779;9099;268;353837056;22568906;31170754
1521391204338;8789;9110;268;353837056;22570617;31172681
1521391204438;8799;9120;268;353837056;22572330;31174610
1521391204538;8809;9130;268;353837056;22574040;31176536
1521391204638;8819;9140;269;353837056;22575753;31178465
1521391204738;8829;9149;269;353837056;22577464;31180392
1521391204838;8839;9163;269;353837056;22578424;31182268
1521391204938;8849;9173;269;353837056;22580889;31184249
1521391205038;8859;9183;269;353837056;22581746;31185214
1521391205138;8869;9193;269;353837056;22583458;31187142
1521391205238;8879;9202;270;353837056;22585172;31189072
1521391205338;8889;9212;270;353837056;22586884;31191000
1521391205438;8899;9223;270;353837056;22588597;31192929
1521391205538;8909;9235;270;353837056;22590311;31194859
1521391205638;8919;9247;270;353837056;22592023;31196787
1521391205738;8929;9258;271;353837056;22593737;31198717
1521391205838;8939;9269;271;353837056;22595452;31200648
1521391205938;8949;9279;271;353837056;22597165;31202577
1521391206038;8959;9292;271;353837056;22598877;31204505
1521391206138;8969;9301;272;353837056;22600589;31206433
1521391206238;8979;9311;273;353837056;22602303;31208363
1521391206338;8989;9320;273;353837056;22604016;31210292
1521391206438;8999;9333;273;353837056;22605732;31212224
1521391206538;9009;9346;273;353837056;22607445;31214153
1521391206638;9019;9359;273;353837056;22609158;31216082
1521391206738;9029;9369;273;353837056;22610869;31218009
1521391206838;9039;9378;275;353837056;22612585;31219941
1521391206938;9049;9388;275;353837056;22614298;31221870
1521391207038;9059;9399;275;353837056;22615207;31223748
1521391207138;9069;9408;275;353837056;22617724;31225728
1521391207238;9079;9419;275;353837056;22618685;31227605
1521391207338;9089;9430;276;353837056;22620295;31228623
1521391207438;9099;9441;276;353837056;22622058;31230552
1521391207538;9109;9451;277;353837056;22623772;31232482
1521391207638;9119;9462;277;353837056;22625487;31234413
1521391207738;9129;9471;277;353837056;22627195;31236337
1521391207838;9139;9482;278;353837056;22628951;31238263
1521391207938;9149;9494;278;353837056;22630713;31240195
1521391208038;9159;9505;278;353837056;22632440;31242138
1521391208138;9169;9515;278;353837056;22634169;31244083
1521391208238;9179;9526;278;353837056;22635896;31246026
1521391208338;9189;9537;278;353837056;22637673;31248019
1521391208438;9199;9548;278;353837056;22639401;31249963
1521391208538;9209;9559;279;353837056;22641127;31251905
1521391208638;9219;9568;279;353837056;22643090;31253957
1521391208738;9229;9579;279;353837056;22644818;31255901
1521391208839;9239;9591;279;353837056;22646543;31257842
1521391208940;9249;9602;279;353837056;22648266;31259781
1521391209041;9259;9612;279;353837056;22649986;31261717
1521391209142;9269;9621;279;353837056;22651711;31263658
1521391209242;9280;9631;280;353837056;22653433;31265596
1521391209343;9290;9642;280;353837056;22655155;31267534
1521391209443;9300;9652;280;353837056;22656877;31269472
1521391209543;9310;9662;280;353837056;22658601;31271412
1521391209643;9320;9672;280;353837056;22660327;31273354
1521391209743;9330;9683;280;353837056;22662051;31275294
1521391209843;9340;9694;280;353837056;22663772;31277231
1521391209943;9350;9703;281;353837056;22665491;31279166
1521391210043;9360;9712;282;353837056;22667215;31281106
1521391210143;9370;9723;282;353837056;22668936;31283043
1521391210243;9380;9737;282;353837056;22670658;31284981
1521391210343;9390;9746;282;353837056;22672381;31286920
1521391210443;9400;9755;283;353837056;22674106;31288861
1521391210543;9410;9765;283;353837056;22675826;31290797
1521391210643;9420;9777;283;353837056;22677552;31292739
1521391210743;9430;9787;284;353837056;22679275;31294678
1521391210843;9440;9797;284;353837056;22680999;31296618
1521391210943;9450;9808;284;353837056;22682721;31298556
1521391211043;9460;9818;284;353837056;22683687;31300444
1521391211143;9470;9828;284;353837056;22685308;31302385
1521391211243;9480;9838;284;353837056;22687891;31304374
1521391211343;9490;9849;284;353837056;22688856;31306264
1521391211443;9500;9861;284;353837056;22690581;31308199
1521391211543;9510;9871;285;353837056;22692198;31309221
1521391211643;9520;9882;285;353837056;22693922;31311161
1521391211743;9530;9893;285;353837056;22695647;31313102
1521391211843;9540;9903;286;353837056;22697368;31315955
1521391211943;9550;9913;286;353837056;22699090;31316977
1521391212043;9560;9922;286;353837056;22700811;31318914
1521391212143;9570;9931;287;353837056;22702533;31320852
1521391212243;9580;9942;287;353837056;22704254;31322789
1521391212343;9590;9952;287;353837056;22705976;31324727
1521391212443;9600;9962;287;353837056;22707699;31326666
1521391212543;9610;9971;287;353837056;22709425;31329524
1521391212643;9620;9980;288;353837056;22711148;31330547
1521391212743;9630;9990;288;353837056;22712873;31332488
1521391212843;9640;10001;288;353837056;22714601;31334432
1521391212943;9650;10010;289;353837056;22716326;31336373
1521391213043;9660;10019;289;353837056;22718046;31338309
1521391213143;9670;10029;290;353837056;22719768;31340247
1521391213243;9680;10038;290;353837056;22721492;31342187
1521391213343;9690;10048;291;353837056;22723265;31344176
1521391213443;9700;10058;291;353837056;22724986;31346113
1521391213543;9710;10067;292;353837056;22726707;31348050
1521391213643;9720;10078;292;353837056;22728540;31350028
1521391213743;9730;10087;293;353837056;22730368;31352068
1521391213843;9740;10099;294;353837056;22732080;31353996
1521391213943;9750;10110;294;353837056;22733791;31355923
1521391214043;9760;10120;294;353837056;22735500;31357848
1521391214143;9770;10130;294;353837056;22737212;31359776
1521391214243;9780;10139;295;353837056;22738924;31361704
1521391214343;9790;10147;297;353837056;22740636;31363632
1521391214443;9800;10158;297;353837056;22742347;31365559
1521391214543;9810;10172;297;353837056;22744056;31367484
1521391214643;9820;10183;297;353837056;22745766;31369410
1521391214743;9830;10193;298;353837056;22747477;31371337
1521391214843;9840;10201;300;353837056;22749186;31373262
1521391214943;9850;10211;300;353837056;22750902;31375194
1521391215043;9860;10222;300;353837056;22752614;31377122
1521391215143;9870;10232;300;353837056;22754323;31379047
1521391215243;9880;10242;301;353837056;22756035;31380975
1521391215343;9890;10252;301;353837056;22756891;31381939
1521391215443;9900;10263;301;353837056;22758704;31384775
1521391215543;9910;10275;301;353837056;22760310;31385790
1521391215643;9920;10285;301;353837056;22762022;31387718
1521391215743;9930;10294;301;353837056;22763731;31389643
1521391215843;9940;10309;301;353837056;22765444;31391572
1521391215943;9950;10318;301;353837056;22767159;31393503
1521391216043;9960;10330;301;353837056;22768872;31395432
1521391216143;9970;10339;301;353837056;22770583;31397359
1521391216243;9980;10350;301;353837056;22772295;31399287
1521391216344;9990;10359;302;353837056;22774002;31401210
1521391216445;10000;10372;302;353837056;22775715;31403139
1521391216545;10010;10380;303;353837056;22777424;31405064
1521391216645;10020;10389;304;353837056;22779140;31406996
1521391216745;10030;10400;304;353837056;22780852;31408924
1521391216845;10040;10410;304;353837056;22781812;31410800
1521391216945;10050;10419;304;353837056;22783525;31412728
1521391217045;10060;10430;304;353837056;22785132;31413744
1521391217145;10070;10440;304;353837056;22786847;31415675
1521391217245;10080;10449;305;353837056;22788556;31417600
1521391217345;10090;10459;305;353837056;22790266;31419526
1521391217445;10100;10470;305;353837056;22791977;31421453
1521391217545;10110;10480;305;353837056;22793685;31423377
1521391217645;10120;10491;305;353837056;22795397;31425305
1521391217745;10130;10501;305;353837056;22797109;31427233
1521391217845;10140;10510;307;353837056;22798823;31429163
1521391217945;10150;10520;307;353837056;22800534;31431090
1521391218045;10160;10531;307;353837056;22802243;31433015
1521391218145;10170;10541;307;353837056;22803956;31434944
1521391218245;10180;10552;307;353837056;22805671;31436875
1521391218345;10190;10560;308;353837056;22807385;31438805
1521391218445;10200;10570;310;353837056;22809145;31440781
1521391218545;10210;10579;311;353837056;22810854;31442706
1521391218645;10220;10588;311;353837056;22812568;31444636
1521391218745;10230;10598;311;353837056;22814403;31446616
1521391218845;10240;10608;313;353837056;22815374;31447691
1521391218945;10250;10619;313;353837056;22817185;31450526
1521391219045;10260;10631;313;353837056;22818795;31451544
1521391219145;10270;10641;313;353837056;22820507;31453472
1521391219245;10280;10651;313;353837056;22822215;31455396
1521391219345;10290;10661;313;353837056;22823927;31457324
1521391219445;10300;10671;313;353837056;22825641;31459254
1521391219545;10310;10681;313;353837056;22827352;31461181
1521391219645;10320;10692;313;353837056;22829063;31463108
1521391219745;10330;10703;313;353837056;22830777;31465038
1521391219845;10340;10712;314;353837056;22832490;31466967
1521391219945;10350;10721;315;353837056;22834203;31468896
1521391220045;10360;10731;315;353837056;22835914;31470823
1521391220145;10370;10741;316;353837056;22837625;31472750
1521391220245;10380;10751;317;353837056;22839338;31474679
1521391220345;10390;10761;317;353837056;22841049;31476606
1521391220445;10400;10771;317;353837056;22842760;31478533
1521391220546;10410;10780;317;353837056;22844473;31480462
1521391220647;10420;10793;317;353837056;22846185;31482390
1521391220747;10430;10802;317;353837056;22847898;31484319
1521391220847;10440;10813;318;353837056;22849611;31486248
1521391220947;10450;10823;318;353837056;22851325;31488178
1521391221047;10460;10834;319;353837056;22853039;31490108
1521391221147;10470;10844;319;353837056;22854753;31492038
1521391221247;10480;10855;319;353837056;22856465;31493966
1521391221347;10490;10864;319;353837056;22858177;31495894
1521391221447;10500;10876;319;353837056;22859890;31497823
1521391221547;10510;10885;319;353837056;22861602;31499751
1521391221647;10520;10895;319;353837056;22863315;31501680
1521391221747;10530;10905;321;353837056;22865025;31503606
1521391221847;10540;10919;322;353837056;22865880;31504569
1521391221947;10550;10933;322;353837056;22867593;31506498
1521391222047;10560;10944;322;353837056;22869304;31508425
1521391222147;10570;10956;322;353837056;22871014;31510351
1521391222247;10580;10968;322;353837056;22872728;31512281
1521391222347;10590;10977;323;353837056;22874441;31514210
1521391222447;10600;10987;323;353837056;22876205;31516140
1521391222547;10610;10998;323;353837056;22877061;31517104
1521391222647;10620;11011;323;353837056;22878819;31519032
1521391222747;10630;11018;325;353837056;22880531;31520960
1521391222847;10640;11028;325;353837056;22882246;31522891
1521391222947;10650;11038;325;353837056;22883957;31524818
1521391223047;10660;11049;325;353837056;22885669;31526746
1521391223147;10670;11062;325;353837056;22887383;31528676
1521391223247;10680;11073;325;353837056;22889095;31530604
1521391223347;10690;11084;325;353837056;22890805;31532530
1521391223447;10700;11097;325;353837056;22892561;31534456
1521391223547;10710;11107;325;353837056;22894273;31536384
1521391223647;10720;11117;325;353837056;22896038;31538365
1521391223747;10730;11127;325;353837056;22897750;31540293
1521391223847;10740;11138;326;353837056;22899464;31542223
1521391223947;10750;11148;327;353837056;22901417;31544317
1521391224047;10760;11157;327;353837056;22902375;31546190
1521391224147;10770;11166;329;353837056;22904839;31548171
1521391224247;10780;11177;329;353837056;22905695;31549135
1521391224347;10790;11189;329;353837056;22907407;31551063
1521391224447;10800;11201;330;353837056;22909120;31552992
1521391224547;10810;11211;330;353837056;22910831;31554919
1521391224647;10820;11222;330;353837056;22912544;31556848
1521391224747;10830;11232;330;353837056;22913503;31558722
1521391224847;10840;11244;330;353837056;22915214;31560650
1521391224947;10850;11254;331;353837056;22916821;31561665
1521391225047;10860;11262;333;353837056;22918534;31563594
1521391225147;10870;11270;334;353837056;22920247;31565523
1521391225247;10880;11280;335;353837056;22921960;31567452
1521391225347;10890;11290;336;353837056;22923674;31569382
1521391225447;10900;11298;337;353837056;22925387;31571311
1521391225547;10910;11311;337;353837056;22927100;31573240
1521391225647;10920;11321;338;353837056;22928813;31575169
1521391225747;10930;11329;339;353837056;22930528;31577100
1521391225847;10940;11339;340;353837056;22932242;31579030
1521391225947;10950;11348;341;353837056;22933955;31580959
1521391226048;10960;11361;341;353837056;22935668;31582888
1521391226148;10970;11371;342;353837056;22937380;31584816
1521391226249;10980;11383;342;353837056;22939095;31586747
1521391226350;10990;11392;343;353837056;22940808;31588676
1521391226451;11000;11403;343;353837056;22942520;31590604
1521391226552;11010;11414;344;353837056;22944230;31592530
1521391226653;11021;11426;344;353837056;22945945;31594461
1521391226753;11031;11436;344;353837056;22947656;31596388
1521391226853;11041;11447;344;353837056;22948512;31597352
1521391226953;11051;11457;344;353837056;22950226;31599282
1521391227053;11061;11467;345;353837056;22952327;31601211
1521391227153;11071;11478;345;353837056;22954038;31603138
1521391227253;11081;11492;345;353837056;22955753;31605069
1521391227353;11091;11505;345;353837056;22957467;31606999
1521391227453;11101;11513;347;353837056;22959177;31608925
1521391227553;11111;11523;347;353837056;22960889;31610853
1521391227653;11121;11534;348;353837056;22962603;31612783
1521391227753;11131;11544;349;353837056;22964318;31614714
1521391227853;11141;11555;349;353837056;22966029;31616641
1521391227953;11151;11564;350;353837056;22967743;31618571
1521391228053;11161;11574;351;353837056;22969453;31620497
1521391228153;11171;11585;351;353837056;22971164;31622424
1521391228253;11181;11595;351;353837056;22972876;31624352
1521391228353;11191;11603;353;353837056;22974587;31626279
1521391228453;11201;11616;353;353837056;22976298;31628206
1521391228553;11211;11627;353;353837056;22978013;31630137
1521391228653;11221;11637;353;353837056;22979726;31632066
1521391228753;11231;11647;353;353837056;22981489;31634045
1521391228853;11241;11656;354;353837056;22983202;31635974
1521391228953;11251;11667;354;353837056;22984917;31637905
1521391229053;11261;11678;354;353837056;22986752;31639885
1521391229153;11271;11689;354;353837056;22988580;31641873
1521391229253;11281;11702;354;353837056;22990291;31643852
1521391229353;11291;11719;354;353837056;22991145;31644814
1521391229453;11301;11730;355;353837056;22992858;31646743
1521391229553;11311;11742;355;353837056;22994572;31648673
1521391229653;11321;11752;355;353837056;22996288;31650605
1521391229753;11331;11763;356;353837056;22998001;31652534
1521391229853;11341;11772;357;353837056;22999712;31654461
1521391229953;11351;11786;357;353837056;23001424;31656389
1521391230053;11361;11795;357;353837056;23003134;31658315
1521391230153;11371;11805;357;353837056;23004849;31660246
1521391230253;11381;11814;358;353837056;23006564;31662177
1521391230353;11391;11824;358;353837056;23008276;31664105
1521391230453;11401;11834;358;353837056;23009985;31666030
1521391230553;11411;11845;359;353837056;23011698;31667959
1521391230653;11421;11856;359;353837056;23013412;31669889
1521391230753;11431;11868;359;353837056;23015125;31671818
1521391230853;11441;11879;359;353837056;23016837;31673746
1521391230953;11451;11889;359;353837056;23018548;31675673
1521391231053;11461;11899;359;353837056;23020259;31677600
1521391231153;11471;11909;359;353837056;23021971;31679528
1521391231253;11481;11919;360;353837056;23023681;31681454
1521391231353;11491;11929;361;353837056;23025397;31683386
1521391231453;11501;11941;361;353837056;23027110;31685315
1521391231553;11511;11952;361;353837056;23028071;31687192
1521391231653;11521;11962;361;353837056;23030536;31689173
1521391231753;11531;11973;361;353837056;23031498;31691052
1521391231853;11541;11985;362;353837056;23033213;31692981
1521391231953;11551;11995;362;353837056;23034821;31693998
1521391232053;11561;12007;362;353837056;23036533;31695926
1521391232153;11571;12018;362;353837056;23038245;31697854
1521391232253;11581;12029;362;353837056;23039960;31699785
1521391232353;11591;12039;363;353837056;23041670;31701711
1521391232453;11601;12050;363;353837056;23043379;31703636
1521391232553;11611;12062;363;353837056;23045089;31705562
1521391232653;11621;12071;365;353837056;23046799;31707488
1521391232753;11631;12082;365;353837056;23048513;31709418
1521391232853;11641;12092;365;353837056;23050227;31711348
1521391232953;11651;12103;365;353837056;23051942;31713279
1521391233053;11661;12113;365;353837056;23053656;31715209
1521391233153;11671;12123;365;353837056;23055366;31717135
1521391233253;11681;12134;365;353837056;23057075;31719060
1521391233353;11691;12145;365;353837056;23058789;31720990
1521391233453;11701;12155;366;353837056;23060506;31722923
1521391233553;11711;12168;367;353837056;23062219;31724852
1521391233653;11721;12180;367;353837056;23063935;31726784
1521391233753;11731;12191;367;353837056;23065647;31728712
1521391233853;11741;12201;367;353837056;23067415;31730696
1521391233953;11751;12211;368;353837056;23069128;31732625
1521391234053;11761;12221;369;353837056;23070833;31734546
1521391234153;11771;12231;369;353837056;23072670;31736528
1521391234253;11781;12244;369;353837056;23074498;31738568
1521391234353;11791;12255;369;353837056;23076208;31740494
1521391234453;11801;12265;370;353837056;23077922;31742424
1521391234553;11811;12275;370;353837056;23079635;31744353
1521391234653;11821;12284;371;353837056;23081347;31746281
1521391234753;11831;12294;371;353837056;23083061;31748211
1521391234853;11841;12304;371;353837056;23084769;31750135
1521391234953;11851;12315;371;353837056;23086480;31752062
1521391235053;11861;12327;371;353837056;23088193;31753991
1521391235153;11871;12337;371;353837056;23089904;31755918
1521391235253;11881;12347;371;353837056;23091614;31757844
1521391235353;11891;12358;371;353837056;23092576;31759724
1521391235453;11901;12368;371;353837056;23095045;31761707
1521391235553;11911;12377;372;353837056;23096757;31763635
1521391235653;11921;12391;372;353837056;23098470;31765564
1521391235753;11931;12404;372;353837056;23099432;31767442
1521391235853;11941;12410;375;353837056;23101894;31769420
1521391235953;11951;12420;375;353837056;23103606;31771348
1521391236053;11961;12430;375;353837056;23105317;31773275
1521391236153;11971;12439;376;353837056;23107028;31775202
1521391236253;11981;12448;376;353837056;23108738;31777128
1521391236353;11991;12459;376;353837056;23110447;31779053
1521391236453;12001;12468;376;353837056;23112157;31780979
1521391236553;12011;12478;376;353837056;23113865;31782903
1521391236653;12021;12487;377;353837056;23115577;31784831
1521391236753;12031;12498;378;353837056;23117288;31786758
1521391236853;12041;12509;378;353837056;23119000;31788686
1521391236953;12051;12519;378;353837056;23120713;31790615
1521391237053;12061;12529;378;353837056;23122425;31792543
1521391237153;12071;12540;378;353837056;23124137;31794471
1521391237253;12081;12550;379;353837056;23125848;31796398
1521391237353;12091;12560;379;353837056;23127559;31798325
1521391237453;12101;12570;379;353837056;23129321;31800253
1521391237553;12111;12580;379;353837056;23131079;31802181
1521391237653;12121;12590;380;353837056;23132792;31804110
1521391237753;12131;12604;380;353837056;23134505;31806039
1521391237853;12141;12614;381;353837056;23136216;31807966
1521391237953;12151;12625;381;353837056;23137928;31809894
1521391238053;12161;12635;381;353837056;23139638;31811820
1521391238153;12171;12646;381;353837056;23141395;31813747
1521391238253;12181;12657;381;353837056;23143103;31815671
1521391238353;12191;12667;381;353837056;23144811;31817595
1521391238453;12201;12677;381;353837056;23146518;31819518
1521391238553;12211;12686;381;353837056;23148230;31821446
1521391238653;12221;12696;381;353837056;23149945;31823377
1521391238753;12231;12708;381;353837056;23151652;31825300
1521391238853;12241;12717;381;353837056;23153417;31827281
1521391238953;12251;12728;381;353837056;23155130;31829210
1521391239053;12261;12738;381;353837056;23156842;31831138
1521391239153;12271;12750;381;353837056;23158678;31833119
1521391239253;12281;12760;381;353837056;23160506;31835159
1521391239353;12291;12771;381;353837056;23162221;31837090
1521391239453;12301;12780;381;353837056;23163934;31839019
1521391239553;12311;12791;381;353837056;23165645;31840946
1521391239653;12321;12801;381;353837056;23167356;31842873
1521391239753;12331;12814;382;353837056;23169063;31844796
1521391239853;12341;12827;382;353837056;23170778;31846727
1521391239953;12351;12837;382;353837056;23172489;31848654
1521391240053;12361;12847;383;353837056;23174202;31850583
1521391240153;12371;12857;383;353837056;23175915;31852512
1521391240253;12381;12867;383;353837056;23177630;31854443
1521391240353;12391;12878;383;353837056;23179342;31856371
1521391240453;12401;12889;383;353837056;23181055;31858300
1521391240553;12411;12897;385;353837056;23182765;31860226
1521391240653;12421;12908;385;353837056;23184478;31862155
1521391240753;12431;12920;385;353837056;23186191;31864084
1521391240853;12441;12929;386;353837056;23187902;31866011
1521391240953;12451;12940;386;353837056;23189615;31867940
1521391241053;12461;12952;386;353837056;23191328;31869869
1521391241153;12471;12963;386;353837056;23193044;31871801
1521391241253;12481;12972;387;353837056;23194758;31873731
1521391241353;12491;12983;387;353837056;23196472;31875661
1521391241453;12501;12995;387;353837056;23198185;31877590
1521391241553;12511;13006;388;353837056;23199897;31879518
1521391241653;12521;13016;388;353837056;23201609;31881446
1521391241753;12531;13025;389;353837056;23203322;31883375
1521391241853;12541;13036;389;353837056;23205034;31885303
1521391241953;12551;13049;389;353837056;23206750;31887235
1521391242053;12561;13059;389;353837056;23208460;31889161
1521391242153;12571;13069;390;353837056;23210171;31891088
1521391242253;12581;13078;391;353837056;23211886;31893019
1521391242353;12591;13088;391;353837056;23213602;31894951
1521391242453;12601;13098;391;353837056;23215316;31896881
1521391242553;12611;13107;392;353837056;23217030;31898811
1521391242653;12621;13116;393;353837056;23218744;31900741
1521391242753;12631;13127;393;353837056;23220452;31902665
1521391242853;12641;13137;393;353837056;23222166;31904595
1521391242953;12651;13147;393;353837056;23223879;31906524
1521391243053;12661;13160;394;353837056;23225593;31908454
1521391243153;12671;13171;394;353837056;23227306;31910383
1521391243253;12681;13183;394;353837056;23229021;31912314
1521391243353;12691;13193;394;353837056;23230734;31914243
1521391243453;12701;13201;396;353837056;23232445;31916170
1521391243553;12711;13211;396;353837056;23234156;31918097
1521391243653;12721;13222;396;353837056;23235869;31920026
1521391243753;12731;13232;396;353837056;23237580;31921953
1521391243853;12741;13243;398;353837056;23239341;31923930
1521391243953;12751;13254;398;353837056;23241053;31925858
1521391244053;12761;13265;398;353837056;23242765;31927786
1521391244153;12771;13276;398;353837056;23244601;31929767
1521391244253;12781;13287;398;353837056;23246429;31931807
1521391244353;12791;13298;398;353837056;23248142;31933736
1521391244453;12801;13308;399;353837056;23249854;31935664
1521391244553;12811;13316;400;353837056;23251568;31937594
1521391244653;12821;13328;400;353837056;23253282;31939524
1521391244753;12831;13341;401;353837056;23254138;31940488
1521391244853;12841;13353;403;353837056;23255850;31942416
1521391244953;12851;13365;403;353837056;23257561;31944343
1521391245053;12861;13375;403;353837056;23259272;31946270
1521391245153;12871;13387;403;353837056;23260986;31948200
1521391245253;12881;13398;404;353837056;23262698;31950128
1521391245353;12891;13408;405;353837056;23264411;31952057
1521391245453;12901;13419;405;353837056;23265267;31953021
1521391245553;12911;13431;405;353837056;23266979;31954949
1521391245653;12921;13441;405;353837056;23268693;31956879
1521391245753;12931;13454;405;353837056;23270408;31958810
1521391245853;12941;13466;405;353837056;23272122;31960740
1521391245953;12951;13476;405;353837056;23273834;31962668
1521391246053;12961;13486;405;353837056;23275545;31964595
1521391246153;12971;13498;405;353837056;23277256;31966522
1521391246253;12981;13506;406;353837056;23278968;31968450
1521391246353;12991;13518;406;353837056;23279823;31969413
1521391246453;13001;13533;406;353837056;23281534;31971340
1521391246553;13011;13545;406;353837056;23283246;31973268
1521391246653;13021;13556;406;353837056;23284959;31975197
1521391246753;13031;13569;406;353837056;23286672;31977126
1521391246853;13041;13581;406;353837056;23288386;31979056
1521391246953;13051;13592;407;353837056;23290096;31980982
1521391247053;13061;13602;407;353837056;23291811;31982913
1521391247153;13071;13615;407;353837056;23293523;31984841
1521391247253;13081;13627;407;353837056;23295235;31986769
1521391247353;13091;13636;407;353837056;23296194;31988646
1521391247453;13101;13648;407;353837056;23298658;31990624
1521391247553;13111;13659;407;353837056;23299617;31992499
1521391247653;13121;13671;407;353837056;23302081;31994479
1521391247753;13131;13682;407;353837056;23303040;31996355
1521391247853;13141;13693;407;353837056;23304752;31998282
1521391247953;13151;13704;407;353837056;23306463;32000211
1521391248053;13161;13713;408;353837056;23308073;32001227
1521391248153;13171;13728;408;353837056;23309786;32003156
1521391248253;13181;13739;410;353837056;23311496;32005082
1521391248353;13191;13749;411;353837056;23313208;32007010
1521391248453;13201;13759;411;353837056;23314923;32008941
1521391248553;13211;13769;411;353837056;23316741;32011785
1521391248653;13221;13779;412;353837056;23318353;32012803
1521391248753;13231;13790;412;353837056;23320064;32014730
1521391248853;13241;13800;412;353837056;23321882;32017572
1521391248953;13251;13811;412;353837056;23323493;32018591
1521391249053;13261;13823;412;353837056;23326115;32021537
1521391249153;13271;13834;412;353837056;23327074;32023413
1521391249253;13281;13844;412;353837056;23329541;32025395
1521391249353;13291;13854;412;353837056;23331494;32027489
1521391249453;13301;13865;412;353837056;23332351;32028454
1521391249553;13311;13876;412;353837056;23334066;32030385
1521391249653;13321;13885;412;353837056;23335782;32032317
1521391249753;13331;13896;413;353837056;23337491;32034242
1521391249853;13341;13907;413;353837056;23339204;32036171
1521391249953;13351;13918;413;353837056;23340916;32038099
1521391250053;13361;13927;413;353837056;23342627;32040026
1521391250153;13371;13939;413;353837056;23344342;32041957
1521391250253;13381;13949;413;353837056;23346054;32043885
