currentTs;total_time;user_time;sys_time;virtual_size;in_octets;out_octets
1521391898843;1;0;0;299008;29875559;39366826
1521391898944;11;7;3;300900352;29875559;39366826
1521391899045;21;17;3;306909184;29875559;39366826
1521391899145;31;27;3;306909184;29875559;39366826
1521391899245;41;40;4;312807424;29875559;39366826
1521391899345;51;52;4;313946112;29875559;39366826
1521391899445;61;63;4;313946112;29875559;39366826
1521391899545;71;78;4;313946112;29875559;39366826
1521391899645;81;88;4;313946112;29875559;39366826
1521391899745;91;98;4;313946112;29875559;39366826
1521391899845;101;109;4;313946112;29875559;39366826
1521391899945;111;124;4;314019840;29875559;39366826
1521391900045;121;134;4;314019840;29875559;39366826
1521391900145;131;145;4;314019840;29875559;39366826
1521391900245;141;156;4;314019840;29875559;39366826
1521391900345;151;171;4;314019840;29875559;39366826
1521391900445;161;181;4;314019840;29875559;39366826
1521391900545;171;191;4;314019840;29875559;39366826
1521391900645;181;201;4;314019840;29875559;39366826
1521391900745;191;211;4;315068416;29875559;39366826
1521391900845;201;223;4;315088896;29875559;39366826
1521391900945;211;232;6;315219968;29875559;39366826
1521391901045;221;242;6;316268544;29875559;39366826
1521391901145;231;254;6;316268544;29875559;39366826
1521391901245;241;267;6;317317120;29875559;39366826
1521391901345;251;278;6;317317120;29875559;39366826
1521391901445;261;289;8;318603264;29875559;39366826
1521391901545;271;301;8;318607360;29875559;39366826
1521391901645;281;313;8;318607360;29875559;39366826
1521391901745;291;323;8;318607360;29875559;39366826
1521391901845;301;333;8;318607360;29875559;39366826
1521391901945;311;343;9;319811584;29875559;39366826
1521391902045;321;354;9;319811584;29875559;39366826
1521391902145;331;365;9;319811584;29875559;39366826
1521391902245;341;376;10;319811584;29875559;39366826
1521391902345;351;387;10;319811584;29875559;39366826
1521391902445;361;398;10;319811584;29875559;39366826
1521391902545;371;408;12;320860160;29875559;39366826
1521391902645;381;418;13;320884736;29875559;39366826
1521391902745;391;430;13;320884736;29875559;39366826
1521391902845;401;441;14;350363648;29875623;39366938
1521391902945;411;452;14;351739904;29876534;39367905
1521391903045;421;464;14;351739904;29876534;39367905
1521391903145;431;477;14;351739904;29877394;39368873
1521391903245;441;489;14;351739904;29878255;39369842
1521391903345;451;499;14;351739904;29879112;39370807
1521391903445;461;512;15;351739904;29880070;39372678
1521391903545;471;525;15;351739904;29881674;39373693
1521391903645;481;536;15;351739904;29882531;39374658
1521391903745;491;550;15;351739904;29883385;39375620
1521391903845;501;560;15;351739904;29885093;39377544
1521391903945;511;572;15;351739904;29885949;39378508
1521391904045;521;582;15;351739904;29887660;39380435
1521391904145;531;594;15;351739904;29888514;39381397
1521391904245;541;604;15;351739904;29889369;39382360
1521391904345;551;613;15;351739904;29891079;39384286
1521391904445;561;623;15;351739904;29891932;39385247
1521391904545;571;635;15;351739904;29892889;39387118
1521391904645;581;646;16;351739904;29894495;39388134
1521391904745;591;656;16;351739904;29895348;39389095
1521391904845;601;666;16;351739904;29897058;39391021
1521391904945;611;676;16;351739904;29897915;39391986
1521391905045;621;689;16;351739904;29899627;39393914
1521391905145;631;702;16;351739904;29900482;39394877
1521391905245;641;711;18;351739904;29902191;39396802
1521391905345;651;727;18;352788480;29903047;39397766
1521391905445;661;746;18;353837056;29904756;39399691
1521391905545;671;759;19;353837056;29906466;39401617
1521391905645;681;770;19;353837056;29907322;39402581
1521391905745;691;783;19;353837056;29909033;39404508
1521391905845;701;792;20;353837056;29909889;39405472
1521391905945;711;806;20;353837056;29911601;39407400
1521391906045;721;816;20;353837056;29913311;39409326
1521391906145;731;827;20;353837056;29914166;39410289
1521391906245;741;836;20;353837056;29915875;39412214
1521391906345;751;849;20;353837056;29917581;39414136
1521391906445;761;859;20;353837056;29918436;39415099
1521391906545;771;871;20;353837056;29920145;39417024
1521391906645;781;881;20;353837056;29921856;39418951
1521391906745;791;892;20;353837056;29923568;39420879
1521391906845;801;902;20;353837056;29924424;39421843
1521391906945;811;913;20;353837056;29926135;39423770
1521391907045;821;922;20;353837056;29927843;39425694
1521391907145;831;931;21;353837056;29929554;39427621
1521391907245;841;943;21;353837056;29930410;39428585
1521391907345;851;956;21;353837056;29932122;39430513
1521391907445;861;964;22;353837056;29933831;39432438
1521391907545;871;975;23;353837056;29934684;39433399
1521391907645;881;986;23;353837056;29936395;39435326
1521391907745;891;996;23;353837056;29938105;39437252
1521391907845;901;1006;23;353837056;29939815;39439178
1521391907945;911;1019;23;353837056;29940669;39440140
1521391908045;921;1029;23;353837056;29942380;39442067
1521391908145;931;1041;23;353837056;29944096;39443999
1521391908245;941;1051;23;353837056;29945806;39445925
1521391908345;951;1066;24;353837056;29946661;39446888
1521391908445;961;1076;24;353837056;29948370;39448813
1521391908545;971;1085;24;353837056;29950078;39450737
1521391908645;981;1095;24;353837056;29951787;39452662
1521391908745;991;1106;24;353837056;29953494;39454585
1521391908845;1001;1115;24;353837056;29954453;39456461
1521391908945;1011;1126;24;353837056;29956114;39457529
1521391909045;1021;1136;24;353837056;29957824;39459455
1521391909145;1031;1147;24;353837056;29959533;39461380
1521391909245;1041;1157;24;353837056;29961366;39463358
1521391909346;1051;1167;24;353837056;29962339;39464435
1521391909447;1061;1177;24;353837056;29964050;39466362
1521391909547;1071;1186;25;353837056;29965762;39468290
1521391909648;1081;1197;25;353837056;29967470;39470214
1521391909749;1091;1211;25;353837056;29969180;39472140
1521391909850;1101;1220;25;353837056;29970890;39474066
1521391909951;1111;1230;25;353837056;29972602;39475942
1521391910052;1121;1240;25;353837056;29973458;39476958
1521391910153;1132;1251;25;353837056;29975172;39478888
1521391910253;1142;1268;25;353837056;29976884;39480816
1521391910353;1152;1279;25;353837056;29978596;39482744
1521391910453;1162;1289;25;353837056;29980305;39484669
1521391910553;1172;1300;25;353837056;29982017;39486597
1521391910653;1182;1313;25;353837056;29982871;39487559
1521391910753;1192;1326;25;353837056;29984583;39489487
1521391910853;1202;1335;25;353837056;29986293;39491413
1521391910953;1212;1346;25;353837056;29988004;39493340
1521391911053;1222;1355;25;353837056;29989715;39495267
1521391911153;1232;1365;25;353837056;29991426;39497194
1521391911253;1242;1375;25;353837056;29993137;39499121
1521391911353;1252;1385;25;353837056;29994849;39501049
1521391911453;1262;1394;25;353837056;29996560;39502924
1521391911553;1272;1404;25;353837056;29997519;39504851
1521391911653;1282;1416;25;353837056;29999127;39505867
1521391911753;1292;1425;25;353837056;30000837;39507793
1521391911853;1302;1435;25;353837056;30002544;39509716
1521391911953;1312;1448;25;353837056;30004254;39511642
1521391912053;1322;1459;25;353837056;30005963;39513567
1521391912153;1332;1469;25;353837056;30007672;39515492
1521391912253;1342;1478;25;353837056;30009381;39517417
1521391912353;1352;1487;25;353837056;30011090;39519342
1521391912453;1362;1498;25;353837056;30012851;39521269
1521391912553;1372;1507;26;353837056;30013759;39522596
1521391912653;1382;1516;26;353837056;30015619;39525073
1521391912753;1392;1526;26;353837056;30017226;39526088
1521391912853;1402;1538;26;353837056;30018937;39528015
1521391912953;1412;1547;26;353837056;30020648;39529942
1521391913053;1422;1556;26;353837056;30022356;39531866
1521391913153;1432;1565;26;353837056;30024067;39533793
1521391913253;1442;1575;26;353837056;30025776;39535718
1521391913353;1452;1585;26;353837056;30027488;39537646
1521391913453;1462;1594;26;353837056;30029200;39539574
1521391913553;1472;1604;26;353837056;30030914;39541504
1521391913653;1482;1613;26;353837056;30032625;39543431
1521391913753;1492;1622;26;353837056;30034337;39545359
1521391913853;1502;1632;26;353837056;30036049;39547287
1521391913953;1512;1647;26;353837056;30037762;39549216
1521391914053;1522;1655;27;353837056;30039472;39551142
1521391914153;1532;1665;27;353837056;30041182;39553068
1521391914253;1542;1675;27;353837056;30042088;39554082
1521391914353;1552;1684;27;353837056;30043800;39556010
1521391914453;1562;1693;27;353837056;30045511;39557937
1521391914553;1572;1704;27;353837056;30047348;39559919
1521391914653;1582;1712;28;353837056;30049174;39561957
1521391914753;1592;1723;28;353837056;30050884;39563883
1521391914853;1602;1733;28;353837056;30052592;39565807
1521391914953;1612;1743;28;353837056;30054300;39567731
1521391915053;1622;1752;28;353837056;30056013;39569660
1521391915153;1632;1762;28;353837056;30056867;39570622
1521391915253;1642;1772;29;353837056;30058580;39572551
1521391915353;1652;1785;29;353837056;30060292;39574479
1521391915453;1662;1795;29;353837056;30062004;39576407
1521391915553;1672;1805;29;353837056;30063715;39578334
1521391915653;1682;1816;29;353837056;30065425;39580260
1521391915753;1692;1826;30;353837056;30066279;39581222
1521391915853;1702;1836;30;353837056;30067985;39583144
1521391915953;1712;1845;30;353837056;30069696;39585071
1521391916053;1722;1854;30;353837056;30071407;39586998
1521391916153;1732;1864;30;353837056;30073116;39588923
1521391916253;1742;1874;30;353837056;30074826;39590849
1521391916353;1752;1884;30;353837056;30076538;39592777
1521391916453;1762;1894;30;353837056;30078249;39594704
1521391916553;1772;1904;30;353837056;30079960;39596631
1521391916653;1782;1914;30;353837056;30081670;39598557
1521391916753;1792;1923;30;353837056;30083381;39600484
1521391916853;1802;1932;30;353837056;30085093;39602412
1521391916953;1812;1941;31;353837056;30086803;39604338
1521391917053;1822;1950;31;353837056;30088516;39606267
1521391917153;1832;1961;31;353837056;30090227;39608194
1521391917253;1842;1974;31;353837056;30091084;39609159
1521391917353;1852;1983;31;353837056;30092896;39611995
1521391917453;1862;1992;32;353837056;30094503;39613010
1521391917553;1872;2001;32;353837056;30096319;39615848
1521391917653;1882;2013;32;353837056;30097924;39616863
1521391917753;1892;2021;33;353837056;30099634;39618789
1521391917853;1902;2031;33;353837056;30101838;39621627
1521391917953;1912;2041;33;353837056;30103444;39622643
1521391918053;1922;2050;33;353837056;30106013;39625536
1521391918153;1932;2060;33;353837056;30106972;39627410
1521391918253;1942;2069;33;353837056;30109434;39629389
1521391918353;1952;2079;33;353837056;30110393;39631264
1521391918453;1962;2088;33;353837056;30112858;39633245
1521391918553;1972;2099;33;353837056;30114569;39635172
1521391918653;1982;2109;33;353837056;30115528;39637046
1521391918753;1992;2119;33;353837056;30117988;39639023
1521391918853;2002;2128;33;353837056;30118844;39639987
1521391918953;2012;2138;33;353837056;30120553;39641912
1521391919053;2022;2148;33;353837056;30122266;39643841
1521391919153;2032;2159;33;353837056;30123975;39645766
1521391919253;2042;2169;33;353837056;30125688;39647695
1521391919353;2052;2178;33;353837056;30127400;39649623
1521391919453;2062;2188;33;353837056;30129164;39651603
1521391919553;2072;2197;33;353837056;30130875;39653530
1521391919653;2082;2208;33;353837056;30132584;39655455
1521391919753;2092;2224;33;353837056;30134533;39657545
1521391919853;2102;2241;34;353837056;30136245;39659473
1521391919953;2112;2254;34;353837056;30137100;39660436
1521391920053;2122;2264;34;353837056;30139669;39663329
1521391920153;2132;2273;35;353837056;30140629;39665205
1521391920253;2142;2283;35;353837056;30143091;39667183
1521391920353;2152;2292;36;353837056;30144802;39669110
1521391920453;2162;2301;36;353837056;30146513;39671037
1521391920553;2172;2310;36;353837056;30148226;39672966
1521391920653;2182;2321;37;353837056;30149936;39674892
1521391920753;2192;2330;37;353837056;30151645;39676817
1521391920853;2202;2340;37;353837056;30153357;39678745
1521391920953;2212;2351;37;353837056;30155069;39680673
1521391921053;2222;2361;37;353837056;30156779;39682599
1521391921153;2232;2371;37;353837056;30158485;39684521
1521391921253;2242;2380;37;353837056;30160195;39686447
1521391921353;2252;2389;37;353837056;30161902;39688370
1521391921453;2262;2399;37;353837056;30163614;39690298
1521391921553;2272;2409;37;353837056;30165324;39692224
1521391921653;2282;2419;37;353837056;30167035;39694151
1521391921753;2292;2428;37;353837056;30168746;39696078
1521391921853;2302;2437;37;353837056;30170457;39698005
1521391921953;2312;2447;37;353837056;30172171;39699935
1521391922053;2322;2457;37;353837056;30173881;39701861
1521391922153;2332;2466;37;353837056;30175593;39703789
1521391922253;2342;2476;37;353837056;30177303;39705715
1521391922353;2352;2485;37;353837056;30179015;39707643
1521391922453;2362;2494;38;353837056;30180725;39709569
1521391922553;2372;2501;39;353837056;30182539;39712406
1521391922653;2382;2511;39;353837056;30184249;39714330
1521391922753;2392;2521;39;353837056;30186710;39716310
1521391922853;2402;2530;39;353837056;30188422;39718238
1521391922953;2412;2538;40;353837056;30190132;39720164
1521391923053;2422;2549;40;353837056;30191845;39722093
1521391923153;2432;2559;40;353837056;30193556;39724020
1521391923253;2442;2570;41;353837056;30195262;39725942
1521391923353;2452;2581;41;353837056;30196973;39727869
1521391923453;2462;2598;41;353837056;30198681;39729793
1521391923554;2472;2614;42;353837056;30200392;39731720
1521391923654;2482;2623;42;353837056;30202100;39733644
1521391923754;2492;2633;42;353837056;30203811;39735571
1521391923854;2502;2642;43;353837056;30205522;39737498
1521391923954;2512;2651;43;353837056;30207232;39739424
1521391924054;2522;2661;43;353837056;30208941;39741349
1521391924154;2532;2672;43;353837056;30210651;39743275
1521391924254;2542;2682;43;353837056;30212360;39745200
1521391924354;2552;2692;43;353837056;30214123;39747179
1521391924454;2562;2702;43;353837056;30215833;39749105
1521391924555;2572;2711;43;353837056;30217543;39751031
1521391924655;2582;2719;44;353837056;30220342;39754079
1521391924755;2592;2729;44;353837056;30222055;39756008
1521391924855;2602;2739;44;353837056;30223766;39757935
1521391924955;2612;2750;44;353837056;30225476;39759861
1521391925055;2622;2758;45;353837056;30227186;39761787
1521391925155;2632;2769;45;353837056;30228896;39763713
1521391925255;2642;2779;45;353837056;30230606;39765639
1521391925355;2652;2791;45;353837056;30232316;39767565
1521391925455;2662;2800;45;353837056;30234027;39769492
1521391925555;2672;2809;45;353837056;30235734;39771415
1521391925655;2682;2818;45;353837056;30237545;39774248
1521391925755;2692;2831;45;353837056;30239252;39776171
1521391925855;2702;2840;45;353837056;30241711;39778148
1521391925955;2712;2850;45;353837056;30243421;39780074
1521391926055;2722;2859;45;353837056;30245133;39782002
1521391926155;2732;2868;45;353837056;30246844;39783929
1521391926255;2742;2878;46;353837056;30248554;39785855
1521391926355;2752;2887;46;353837056;30250264;39787781
1521391926455;2762;2901;46;353837056;30251971;39789704
1521391926555;2772;2910;46;353837056;30253684;39791633
1521391926655;2782;2919;46;353837056;30256248;39794521
1521391926755;2792;2930;46;353837056;30257958;39796447
1521391926855;2802;2939;46;353837056;30259670;39798375
1521391926955;2812;2949;46;353837056;30261383;39800304
1521391927055;2822;2959;46;353837056;30263091;39802228
1521391927155;2832;2968;46;353837056;30264804;39804157
1521391927255;2842;2977;46;353837056;30266516;39806085
1521391927355;2852;2986;46;353837056;30268227;39808012
1521391927455;2862;2995;46;353837056;30269986;39809937
1521391927555;2872;3004;46;353837056;30272598;39812827
1521391927655;2882;3013;46;353837056;30274359;39814754
1521391927755;2892;3023;47;353837056;30276071;39816682
1521391927855;2902;3033;47;353837056;30277782;39818609
1521391927955;2912;3043;47;353837056;30279493;39820536
1521391928055;2922;3052;47;353837056;30281203;39822462
1521391928155;2932;3061;48;353837056;30282912;39824387
1521391928256;2942;3070;48;353837056;30284622;39826313
1521391928357;2952;3079;48;353837056;30287190;39829205
1521391928457;2962;3090;48;353837056;30288900;39831131
1521391928557;2972;3100;48;353837056;30290609;39833056
1521391928657;2982;3109;48;353837056;30292321;39834984
1521391928757;2992;3119;49;353837056;30294033;39836912
1521391928857;3002;3128;49;353837056;30295744;39838839
1521391928957;3012;3137;49;353837056;30297453;39840764
1521391929058;3022;3148;49;353837056;30299266;39843600
1521391929159;3032;3157;49;353837056;30301777;39845628
1521391929260;3042;3169;49;353837056;30303487;39847554
1521391929361;3052;3185;49;353837056;30305321;39849533
1521391929461;3062;3195;49;353837056;30307151;39851575
1521391929561;3072;3203;50;353837056;30308860;39853500
1521391929661;3082;3215;50;353837056;30310573;39855429
1521391929761;3092;3226;51;353837056;30312283;39857355
1521391929861;3102;3236;51;353837056;30313994;39859282
1521391929961;3112;3246;51;353837056;30315708;39861108
1521391930061;3122;3258;51;353837056;30317521;39863995
1521391930161;3132;3266;52;353837056;30319983;39865975
1521391930261;3142;3277;52;353837056;30321694;39867902
1521391930361;3152;3287;52;353837056;30323408;39869832
1521391930461;3162;3297;52;353837056;30325117;39871757
1521391930561;3172;3306;52;353837056;30326828;39873684
1521391930661;3182;3315;53;353837056;30328536;39875608
1521391930761;3192;3325;54;353837056;30330351;39878445
1521391930861;3202;3333;54;353837056;30331957;39879461
1521391930961;3212;3344;54;353837056;30333770;39882243
1521391931062;3222;3354;54;353837056;30336229;39884221
1521391931162;3232;3363;54;353837056;30337943;39886151
1521391931262;3242;3373;55;353837056;30339653;39888077
1521391931362;3253;3387;55;353837056;30340507;39889039
1521391931462;3263;3401;55;353837056;30342219;39890967
1521391931562;3272;3408;57;353837056;30343930;39892894
1521391931662;3283;3420;57;353837056;30345641;39894821
1521391931762;3293;3429;57;353837056;30347353;39896749
1521391931863;3303;3442;57;353837056;30349065;39898677
1521391931963;3313;3456;57;353837056;30350024;39900554
1521391932063;3323;3464;58;353837056;30352488;39902532
1521391932163;3333;3473;58;353837056;30354198;39904458
1521391932263;3343;3483;58;353837056;30355906;39906382
1521391932363;3353;3494;58;353837056;30357618;39908310
1521391932463;3363;3505;58;353837056;30359510;39910234
1521391932563;3373;3515;59;353837056;30361221;39912161
1521391932663;3383;3525;59;353837056;30362934;39914090
1521391932763;3393;3535;59;353837056;30364644;39916016
1521391932863;3403;3546;61;353837056;30366407;39917945
1521391932963;3413;3557;61;353837056;30368118;39919872
1521391933063;3423;3568;61;353837056;30369825;39921795
1521391933163;3433;3581;62;353837056;30370681;39922759
1521391933263;3443;3592;62;353837056;30372393;39924687
1521391933363;3453;3606;62;353837056;30374105;39926615
1521391933463;3463;3617;62;353837056;30376061;39928542
1521391933563;3473;3627;62;353837056;30377773;39930470
1521391933663;3483;3641;62;353837056;30379484;39932397
1521391933763;3493;3651;62;353837056;30381194;39934323
1521391933863;3503;3662;62;353837056;30382903;39936248
1521391933963;3513;3671;63;353837056;30384615;39938176
1521391934063;3523;3682;63;353837056;30386380;39940157
1521391934163;3533;3693;63;353837056;30388090;39942083
1521391934263;3543;3702;64;353837056;30389796;39944005
1521391934363;3553;3713;64;353837056;30391632;39945986
1521391934463;3563;3723;64;353837056;30393460;39948026
1521391934563;3573;3733;64;353837056;30395173;39949955
1521391934663;3583;3744;64;353837056;30396881;39951879
1521391934763;3593;3756;64;353837056;30398591;39953805
1521391934864;3603;3767;64;353837056;30400302;39955732
1521391934964;3613;3779;64;353837056;30401262;39957609
1521391935065;3623;3788;64;353837056;30402871;39958625
1521391935165;3633;3799;64;353837056;30404582;39960552
1521391935265;3643;3810;64;353837056;30406292;39962478
1521391935365;3653;3820;65;353837056;30408001;39964403
1521391935465;3663;3832;65;353837056;30409708;39966326
1521391935565;3673;3844;65;353837056;30411420;39968254
1521391935665;3683;3854;65;353837056;30413131;39970181
1521391935765;3693;3865;65;353837056;30414840;39972106
1521391935865;3703;3874;66;353837056;30416549;39974031
1521391935965;3713;3885;66;353837056;30418260;39975958
1521391936065;3723;3900;66;353837056;30419972;39977886
1521391936165;3733;3912;66;353837056;30420932;39979759
1521391936265;3743;3922;66;353837056;30423394;39981740
1521391936365;3753;3933;67;353837056;30424352;39983613
1521391936465;3763;3944;67;353837056;30426814;39985592
1521391936565;3773;3956;67;353837056;30427772;39987465
1521391936665;3783;3969;67;353837056;30429377;39988479
1521391936765;3793;3979;67;353837056;30431086;39990404
1521391936865;3803;3989;67;353837056;30432796;39992330
1521391936965;3813;4000;67;353837056;30434508;39994258
1521391937065;3823;4011;67;353837056;30436217;39996183
1521391937165;3833;4021;67;353837056;30437928;39998110
1521391937265;3843;4031;67;353837056;30439637;40000035
1521391937365;3853;4041;67;353837056;30441348;40001962
1521391937466;3863;4052;67;353837056;30443060;40003890
1521391937566;3873;4062;67;353837056;30444771;40005817
1521391937666;3883;4073;67;353837056;30446480;40007742
1521391937766;3893;4082;67;353837056;30448189;40009667
1521391937866;3903;4093;67;353837056;30449902;40011596
1521391937966;3913;4104;67;353837056;30451612;40013522
1521391938066;3923;4114;67;353837056;30453322;40015448
1521391938166;3933;4123;67;353837056;30455030;40017372
1521391938266;3943;4135;67;353837056;30456742;40019300
1521391938366;3953;4145;67;353837056;30458454;40021228
1521391938466;3963;4155;67;353837056;30460164;40023154
1521391938566;3973;4165;67;353837056;30461875;40025081
1521391938666;3983;4175;67;353837056;30463586;40027008
1521391938766;3993;4186;67;353837056;30464542;40028880
1521391938866;4003;4196;67;353837056;30466151;40029897
1521391938966;4013;4210;67;353837056;30467861;40031823
1521391939066;4023;4220;67;353837056;30469571;40033749
1521391939166;4033;4231;67;353837056;30471279;40035673
1521391939267;4043;4245;67;353837056;30473042;40037652
1521391939368;4053;4255;67;353837056;30474753;40039579
1521391939469;4063;4265;67;353837056;30476464;40041506
1521391939570;4073;4276;67;353837056;30478414;40043597
1521391939671;4083;4287;67;353837056;30480125;40045524
1521391939772;4093;4297;67;353837056;30481837;40047452
1521391939873;4104;4307;67;353837056;30483550;40049381
1521391939973;4114;4318;67;353837056;30485261;40051308
1521391940073;4124;4326;68;353837056;30486973;40053236
1521391940173;4134;4336;69;353837056;30488686;40055165
1521391940273;4144;4345;69;353837056;30490399;40057094
1521391940373;4154;4355;69;353837056;30492108;40059019
1521391940473;4164;4365;69;353837056;30493818;40060945
1521391940573;4174;4374;69;353837056;30495529;40062872
1521391940673;4184;4385;69;353837056;30497238;40064797
1521391940773;4194;4397;69;353837056;30498951;40066726
1521391940873;4204;4409;69;353837056;30500660;40068651
1521391940973;4214;4419;70;353837056;30502371;40070578
1521391941073;4224;4431;70;353837056;30504082;40072505
1521391941173;4234;4440;70;353837056;30505794;40074433
1521391941273;4244;4450;70;353837056;30507505;40076360
1521391941373;4254;4460;70;353837056;30509215;40078286
1521391941473;4264;4469;70;353837056;30510925;40080212
1521391941573;4274;4480;70;353837056;30512636;40082139
1521391941673;4284;4496;70;353837056;30514346;40084065
1521391941773;4294;4507;71;353837056;30516057;40085992
1521391941873;4304;4516;72;353837056;30517768;40087919
1521391941973;4314;4525;72;353837056;30519478;40089845
1521391942073;4324;4535;72;353837056;30521186;40091769
1521391942173;4334;4546;72;353837056;30522896;40093695
1521391942273;4344;4557;72;353837056;30524609;40095624
1521391942373;4354;4568;72;353837056;30526319;40097550
1521391942473;4364;4579;72;353837056;30528082;40099479
1521391942573;4374;4590;73;353837056;30529794;40101407
1521391942673;4384;4602;73;353837056;30531602;40103335
1521391942773;4394;4611;73;353837056;30533312;40105261
1521391942873;4404;4623;73;353837056;30535023;40107188
1521391942973;4414;4633;73;353837056;30536736;40109117
1521391943073;4424;4642;73;353837056;30538444;40111041
1521391943173;4434;4654;73;353837056;30540154;40112967
1521391943273;4444;4665;73;353837056;30541865;40114894
1521391943373;4454;4674;73;353837056;30543578;40116823
1521391943473;4464;4684;73;353837056;30545294;40118755
1521391943573;4474;4693;73;353837056;30547003;40120680
1521391943673;4484;4703;73;353837056;30549565;40123566
1521391943774;4494;4713;73;353837056;30550420;40124529
1521391943874;4504;4723;73;353837056;30552128;40126453
1521391943974;4514;4736;73;353837056;30553940;40129290
1521391944074;4524;4745;73;353837056;30556402;40131267
1521391944174;4534;4755;73;353837056;30558164;40133245
1521391944274;4544;4765;73;353837056;30559019;40134208
1521391944374;4554;4774;73;353837056;30560981;40137048
1521391944474;4564;4783;73;353837056;30562588;40138064
1521391944574;4574;4793;73;353837056;30565393;40141118
1521391944674;4584;4802;73;353837056;30567105;40143046
1521391944774;4594;4810;74;353837056;30567960;40144920
1521391944874;4604;4819;74;353837056;30570521;40146894
1521391944974;4614;4829;74;353837056;30571480;40148768
1521391945074;4624;4840;74;353837056;30573943;40150748
1521391945174;4634;4850;74;353837056;30574953;40152621
1521391945274;4644;4859;74;353837056;30577413;40154600
1521391945374;4654;4869;74;353837056;30579327;40156524
1521391945474;4664;4878;74;353837056;30581038;40158451
1521391945574;4674;4888;74;353837056;30582749;40160378
1521391945674;4684;4898;74;353837056;30584460;40162305
1521391945774;4694;4910;74;353837056;30586167;40164228
1521391945874;4704;4919;75;353837056;30587879;40166156
1521391945974;4714;4928;75;353837056;30589589;40168082
1521391946074;4724;4938;75;353837056;30591295;40170004
1521391946174;4734;4948;75;353837056;30593003;40171928
1521391946274;4744;4959;75;353837056;30594715;40173856
1521391946374;4754;4971;76;353837056;30596425;40175782
1521391946474;4764;4983;76;353837056;30598138;40177711
1521391946574;4774;4992;76;353837056;30599848;40179637
1521391946674;4784;5003;76;353837056;30601558;40181563
1521391946774;4794;5013;76;353837056;30603268;40183489
1521391946874;4804;5023;76;353837056;30604979;40185416
1521391946974;4814;5033;76;353837056;30606684;40187337
1521391947074;4824;5043;76;353837056;30608395;40189264
1521391947174;4834;5052;76;353837056;30610104;40191189
1521391947274;4844;5064;76;353837056;30611931;40193114
1521391947374;4854;5073;76;353837056;30613642;40195041
1521391947474;4864;5083;76;353837056;30615353;40196968
1521391947574;4874;5093;76;353837056;30617917;40199856
1521391947674;4884;5103;76;353837056;30618875;40201728
1521391947774;4894;5113;76;353837056;30620584;40203652
1521391947874;4904;5122;76;353837056;30623431;40205630
1521391947974;4914;5133;76;353837056;30624392;40207505
1521391948074;4924;5143;76;353837056;30626852;40209483
1521391948174;4934;5154;76;353837056;30627811;40211358
1521391948274;4944;5164;76;353837056;30630268;40213331
1521391948374;4954;5175;76;353837056;30631980;40215259
1521391948474;4964;5185;76;353837056;30633690;40217185
1521391948574;4974;5197;76;353837056;30635402;40219113
1521391948674;4984;5209;76;353837056;30637110;40221037
1521391948774;4994;5219;76;353837056;30638818;40222961
1521391948874;5004;5228;76;353837056;30640528;40224887
1521391948974;5014;5238;76;353837056;30642238;40226813
1521391949074;5024;5249;76;353837056;30643951;40228742
1521391949174;5034;5259;76;353837056;30645713;40230720
1521391949274;5044;5271;76;353837056;30647424;40232647
1521391949374;5054;5279;77;353837056;30649136;40234575
1521391949474;5064;5290;77;353837056;30651083;40236663
1521391949574;5074;5299;78;353837056;30652791;40238587
1521391949674;5084;5309;78;353837056;30654500;40240512
1521391949774;5094;5320;78;353837056;30656210;40242438
1521391949874;5104;5330;78;353837056;30657918;40244362
1521391949974;5114;5339;78;353837056;30659629;40246289
1521391950074;5124;5349;78;353837056;30661340;40248216
1521391950174;5134;5359;78;353837056;30663051;40250143
1521391950274;5144;5368;78;353837056;30664760;40252068
1521391950374;5154;5378;78;353837056;30666471;40253995
1521391950474;5164;5389;79;353837056;30668178;40255918
1521391950574;5174;5398;79;353837056;30669886;40257842
1521391950674;5184;5409;79;353837056;30671597;40259769
1521391950774;5194;5418;79;353837056;30673307;40261695
1521391950874;5204;5429;79;353837056;30675017;40263621
1521391950974;5214;5440;79;353837056;30676726;40265546
1521391951074;5224;5450;79;353837056;30678437;40267473
1521391951174;5234;5458;80;353837056;30680147;40269399
1521391951274;5244;5467;81;353837056;30681860;40271328
1521391951374;5254;5479;81;353837056;30683569;40273253
1521391951474;5264;5487;82;353837056;30685280;40275180
1521391951574;5274;5496;83;353837056;30686990;40277106
1521391951674;5284;5508;83;353837056;30688699;40279031
1521391951774;5294;5519;84;353837056;30690405;40280953
1521391951874;5304;5530;85;353837056;30692114;40282878
1521391951974;5314;5540;85;353837056;30693825;40284805
1521391952074;5324;5552;85;353837056;30695537;40286733
1521391952175;5334;5559;87;353837056;30697249;40288661
1521391952275;5344;5569;87;353837056;30698960;40290588
1521391952375;5354;5580;87;353837056;30700670;40292514
1521391952475;5364;5590;87;353837056;30702382;40294442
1521391952575;5374;5599;87;353837056;30704094;40296370
1521391952675;5384;5609;88;353837056;30705909;40299207
1521391952775;5394;5619;88;353837056;30707620;40301135
1521391952875;5404;5629;88;353837056;30709331;40303059
1521391952975;5414;5639;88;353837056;30710937;40304077
1521391953075;5424;5648;89;353837056;30712643;40305999
1521391953175;5434;5658;89;353837056;30714351;40307923
1521391953275;5444;5668;89;353837056;30716060;40309848
1521391953375;5454;5677;90;353837056;30717874;40312685
1521391953476;5464;5687;90;353837056;30719481;40313701
1521391953577;5474;5697;90;353837056;30721191;40315627
1521391953677;5484;5709;90;353837056;30722900;40317552
1521391953777;5494;5718;90;353837056;30724609;40319477
1521391953877;5504;5728;90;353837056;30726315;40321399
1521391953977;5514;5738;90;353837056;30728021;40323321
1521391954077;5524;5749;90;353837056;30729729;40325245
1521391954177;5534;5759;90;353837056;30731487;40327219
1521391954277;5544;5769;90;353837056;30733304;40330060
1521391954378;5554;5783;90;353837056;30734913;40331077
1521391954479;5564;5794;90;353837056;30736864;40334081
1521391954579;5574;5804;90;353837056;30738574;40335095
1521391954680;5584;5814;90;353837056;30740387;40337931
1521391954781;5594;5825;90;353837056;30741992;40338945
1521391954881;5604;5836;90;353837056;30743700;40340869
1521391954981;5614;5847;90;353837056;30745410;40342795
1521391955081;5624;5858;90;353837056;30747119;40344720
1521391955181;5634;5868;90;353837056;30748829;40346646
1521391955281;5644;5877;91;353837056;30750540;40348573
1521391955381;5654;5889;93;353837056;30752247;40350496
1521391955481;5664;5898;93;353837056;30753956;40352421
1521391955581;5674;5908;93;353837056;30755668;40354349
1521391955681;5684;5920;93;353837056;30757382;40356279
1521391955781;5694;5935;93;353837056;30758233;40357238
1521391955881;5704;5945;94;353837056;30759946;40359167
1521391955981;5714;5955;94;353837056;30761664;40361101
1521391956081;5724;5964;94;353837056;30763375;40363028
1521391956182;5734;5976;94;353837056;30764231;40363992
1521391956283;5745;5989;94;353837056;30765940;40365917
1521391956383;5755;5998;94;353837056;30767648;40367841
1521391956483;5765;6010;94;353837056;30769356;40369765
1521391956583;5775;6019;94;353837056;30771069;40371694
1521391956683;5785;6029;94;353837056;30772786;40373627
1521391956783;5795;6040;94;353837056;30774500;40375557
1521391956883;5805;6054;94;353837056;30776209;40377482
1521391956983;5815;6064;94;353837056;30777919;40379408
1521391957083;5825;6074;94;353837056;30779629;40381334
1521391957183;5835;6085;94;353837056;30780592;40383212
1521391957283;5845;6098;94;353837056;30782200;40384229
1521391957383;5855;6111;94;353837056;30783909;40386154
1521391957483;5865;6122;94;353837056;30785716;40388081
1521391957583;5875;6134;94;353837056;30787428;40390009
1521391957683;5885;6143;94;353837056;30789139;40391936
1521391957783;5895;6158;94;353837056;30790851;40393864
1521391957883;5905;6169;94;353837056;30792562;40395791
1521391957983;5915;6179;94;353837056;30794275;40397720
1521391958083;5925;6189;94;353837056;30795986;40399647
1521391958183;5935;6203;94;353837056;30797740;40401571
1521391958283;5945;6212;94;353837056;30799453;40403500
1521391958383;5955;6222;94;353837056;30801163;40405426
1521391958483;5965;6234;94;353837056;30802877;40407356
1521391958583;5975;6245;94;353837056;30804588;40409283
1521391958683;5985;6255;94;353837056;30806299;40411210
1521391958783;5995;6265;94;353837056;30808012;40413139
1521391958883;6005;6277;94;353837056;30809722;40415065
1521391958983;6015;6289;95;353837056;30811433;40416992
1521391959083;6025;6299;95;353837056;30813145;40418920
1521391959183;6035;6313;95;353837056;30814858;40420849
1521391959283;6045;6325;95;353837056;30816618;40422825
1521391959383;6055;6335;95;353837056;30818329;40424752
1521391959483;6065;6344;96;353837056;30820042;40426681
1521391959583;6075;6356;96;353837056;30821877;40428661
1521391959683;6085;6365;97;353837056;30823703;40430699
1521391959784;6095;6377;97;353837056;30825418;40432630
1521391959885;6105;6390;97;353837056;30827128;40434556
1521391959985;6115;6402;97;353837056;30828837;40436481
1521391960085;6125;6412;97;353837056;30829693;40437445
1521391960185;6135;6423;97;353837056;30831407;40439375
1521391960285;6145;6436;97;353837056;30833118;40441302
1521391960385;6155;6446;97;353837056;30834827;40443227
1521391960485;6165;6457;97;353837056;30836538;40445154
1521391960585;6175;6469;97;353837056;30838251;40447083
1521391960685;6185;6482;97;353837056;30839962;40449010
1521391960785;6195;6491;97;353837056;30841673;40450937
1521391960885;6205;6502;97;353837056;30843383;40452863
1521391960985;6215;6514;97;353837056;30845095;40454791
1521391961085;6225;6527;97;353837056;30846809;40456721
1521391961185;6235;6537;97;353837056;30848522;40458650
1521391961285;6245;6549;97;353837056;30850229;40460573
1521391961385;6255;6561;98;353837056;30851943;40462503
1521391961485;6265;6572;98;353837056;30853653;40464429
1521391961585;6275;6582;98;353837056;30855366;40466358
1521391961685;6285;6593;98;353837056;30857077;40468285
1521391961785;6295;6606;99;353837056;30858785;40470209
1521391961885;6305;6615;100;353837056;30860491;40472131
1521391961985;6315;6629;100;353837056;30862200;40474056
1521391962085;6325;6638;100;353837056;30863911;40475983
1521391962185;6335;6650;100;353837056;30865622;40477910
1521391962285;6345;6660;100;353837056;30867342;40479846
1521391962385;6355;6672;100;353837056;30869072;40481792
1521391962485;6365;6682;100;353837056;30870800;40483736
1521391962586;6375;6693;100;353837056;30872524;40485676
1521391962687;6385;6703;100;353837056;30874251;40487619
1521391962788;6395;6711;101;353837056;30875974;40489558
1521391962888;6405;6723;101;353837056;30877696;40491496
1521391962988;6415;6733;101;353837056;30879416;40493432
1521391963088;6425;6744;101;353837056;30881137;40495369
1521391963188;6435;6756;101;353837056;30882099;40497252
1521391963288;6445;6768;102;353837056;30884580;40499244
1521391963388;6455;6781;102;353837056;30885545;40501128
1521391963488;6465;6792;102;353837056;30888024;40503120
1521391963588;6475;6802;102;353837056;30889742;40505054
1521391963688;6485;6813;103;353837056;30891465;40506993
1521391963788;6495;6823;104;353837056;30893188;40508932
1521391963888;6505;6836;105;353837056;30894910;40510870
1521391963988;6515;6847;105;353837056;30895873;40512754
1521391964088;6525;6860;105;353837056;30897491;40513775
1521391964188;6535;6870;105;353837056;30899213;40515713
1521391964288;6545;6879;105;353837056;30900936;40517652
1521391964388;6555;6888;105;353837056;30902710;40519642
1521391964488;6565;6897;106;353837056;30904433;40521581
1521391964588;6575;6907;106;353837056;30906152;40523516
1521391964688;6585;6921;107;353837056;30907996;40525505
1521391964788;6595;6930;107;353837056;30909833;40527554
1521391964888;6605;6940;107;353837056;30910694;40528523
1521391964988;6615;6950;107;353837056;30912416;40530461
1521391965088;6625;6962;107;353837056;30914128;40532389
1521391965189;6635;6976;107;353837056;30915842;40534319
1521391965289;6645;6987;107;353837056;30917554;40536247
1521391965389;6655;6996;108;353837056;30919266;40538175
1521391965489;6665;7005;109;353837056;30920978;40540103
1521391965589;6675;7015;109;353837056;30922690;40542031
1521391965689;6685;7024;110;353837056;30924407;40543964
1521391965789;6695;7034;111;353837056;30926121;40545894
1521391965889;6705;7043;111;353837056;30927835;40547772
1521391965989;6715;7054;111;353837056;30928691;40548788
1521391966089;6725;7065;111;353837056;30930406;40550719
1521391966189;6735;7076;111;353837056;30932120;40552649
1521391966289;6745;7087;111;353837056;30933829;40554574
1521391966389;6755;7097;111;353837056;30935546;40556507
1521391966489;6765;7107;111;353837056;30937260;40558437
1521391966589;6775;7116;113;353837056;30938220;40560314
1521391966689;6785;7126;113;353837056;30939830;40561331
1521391966789;6795;7134;113;353837056;30941543;40563260
1521391966889;6805;7144;113;353837056;30943258;40565191
1521391966989;6815;7155;113;353837056;30944971;40567120
1521391967089;6825;7165;113;353837056;30946683;40569048
1521391967189;6835;7178;113;353837056;30948396;40570977
1521391967289;6845;7187;113;353837056;30950109;40572906
1521391967389;6855;7198;113;353837056;30951822;40574835
1521391967489;6865;7207;114;353837056;30953533;40576762
1521391967589;6875;7217;114;353837056;30955246;40578691
1521391967689;6885;7226;114;353837056;30956958;40580619
1521391967789;6895;7236;114;353837056;30958673;40582550
1521391967889;6905;7246;114;353837056;30960388;40584481
1521391967989;6915;7255;114;353837056;30962101;40586410
1521391968089;6925;7265;114;353837056;30963816;40588341
1521391968189;6935;7274;114;353837056;30965530;40590271
1521391968290;6945;7287;114;353837056;30966387;40591236
1521391968390;6955;7301;115;353837056;30968099;40593164
1521391968490;6965;7311;115;353837056;30969812;40595093
1521391968590;6975;7320;115;353837056;30971526;40597023
1521391968690;6985;7334;115;353837056;30973242;40598955
1521391968790;6995;7344;115;353837056;30974957;40600886
1521391968890;7005;7353;116;353837056;30976670;40602763
1521391968990;7015;7364;116;353837056;30977525;40603778
1521391969090;7025;7376;116;353837056;30979240;40605709
1521391969190;7035;7385;117;353837056;30980953;40607638
1521391969290;7045;7396;117;353837056;30982666;40609567
1521391969390;7055;7407;118;353837056;30984380;40611497
1521391969490;7065;7416;118;353837056;30986093;40613426
1521391969590;7075;7427;118;353837056;30987808;40615357
1521391969690;7085;7438;118;353837056;30989577;40617342
1521391969790;7095;7448;118;353837056;30991292;40619273
1521391969890;7105;7457;119;353837056;30993005;40621202
1521391969990;7115;7469;119;353837056;30994960;40623298
1521391970090;7125;7479;119;353837056;30996672;40625226
1521391970190;7135;7490;119;353837056;30998386;40627156
1521391970290;7145;7499;119;353837056;31000098;40629084
1521391970390;7155;7511;119;353837056;31001809;40631011
1521391970490;7165;7521;119;353837056;31003523;40632941
1521391970590;7175;7532;119;353837056;31005238;40634872
1521391970690;7185;7542;119;353837056;31006950;40636800
1521391970790;7195;7552;120;353837056;31008663;40638729
1521391970890;7205;7563;120;353837056;31010377;40640659
1521391970990;7215;7572;120;353837056;31012091;40642589
1521391971090;7225;7582;120;353837056;31013802;40644516
1521391971190;7235;7592;120;353837056;31015518;40646448
1521391971290;7245;7602;120;353837056;31017228;40648374
1521391971390;7255;7611;120;353837056;31018941;40650303
1521391971491;7265;7624;120;353837056;31020654;40652232
1521391971592;7275;7633;121;353837056;31023224;40655126
1521391971693;7286;7644;121;353837056;31024935;40657053
1521391971793;7296;7655;121;353837056;31026646;40658980
1521391971893;7306;7665;121;353837056;31028359;40660909
1521391971993;7316;7675;121;353837056;31030072;40662838
1521391972093;7326;7687;121;353837056;31031784;40664766
1521391972193;7336;7696;121;353837056;31033500;40666698
1521391972293;7346;7706;121;353837056;31035214;40668628
1521391972393;7356;7714;122;353837056;31036926;40670556
1521391972493;7366;7723;122;353837056;31038690;40672486
1521391972593;7376;7732;122;353837056;31040450;40674416
1521391972693;7386;7742;122;353837056;31042165;40676347
1521391972794;7396;7753;122;353837056;31044737;40679243
1521391972895;7406;7763;122;353837056;31046447;40681169
1521391972995;7416;7773;122;353837056;31048206;40683098
1521391973095;7426;7782;122;353837056;31049918;40685026
1521391973195;7436;7792;122;353837056;31051630;40686954
1521391973295;7446;7802;123;353837056;31053341;40688881
1521391973395;7456;7811;124;353837056;31055052;40690808
1521391973495;7466;7821;124;353837056;31056765;40692737
1521391973595;7476;7830;124;353837056;31058480;40694668
1521391973695;7486;7840;124;353837056;31060298;40697511
1521391973795;7496;7850;124;353837056;31061908;40698528
1521391973896;7506;7858;124;353837056;31063619;40700455
1521391973997;7516;7868;124;353837056;31066187;40703347
1521391974098;7526;7877;125;353837056;31067897;40705273
1521391974199;7536;7886;125;353837056;31069612;40707204
1521391974300;7546;7896;125;353837056;31071325;40709133
1521391974401;7556;7907;125;353837056;31073037;40711061
1521391974501;7566;7915;125;353837056;31074799;40713039
1521391974602;7576;7925;125;353837056;31076512;40714968
1521391974703;7587;7937;125;353837056;31078224;40717808
1521391974803;7597;7947;125;353837056;31080060;40718877
1521391974903;7607;7958;126;353837056;31081890;40720919
1521391975003;7617;7967;126;353837056;31083603;40722848
1521391975103;7627;7977;126;353837056;31085315;40724776
1521391975203;7637;7986;126;353837056;31087887;40727672
1521391975303;7647;7995;126;353837056;31089602;40729603
1521391975403;7657;8007;126;353837056;31091314;40731531
1521391975503;7667;8014;128;353837056;31093031;40733464
1521391975603;7677;8025;128;353837056;31094745;40735394
1521391975703;7687;8035;128;353837056;31096458;40737323
1521391975803;7697;8045;128;353837056;31098172;40739253
1521391975903;7707;8055;128;353837056;31099886;40741183
1521391976003;7717;8065;128;353837056;31101598;40743111
1521391976104;7727;8076;128;353837056;31103418;40745956
1521391976205;7737;8086;128;353837056;31105880;40747933
1521391976306;7747;8096;128;353837056;31106839;40749809
1521391976406;7757;8105;128;353837056;31109308;40751793
1521391976506;7767;8113;129;353837056;31111022;40753671
1521391976606;7777;8123;129;353837056;31111983;40755597
1521391976706;7787;8134;129;353837056;31113692;40757525
1521391976806;7797;8143;129;353837056;31116157;40759506
1521391976906;7807;8154;129;353837056;31117868;40761433
1521391977006;7817;8163;129;353837056;31119582;40763363
1521391977106;7827;8173;129;353837056;31121294;40765291
1521391977206;7837;8182;129;353837056;31123008;40767221
1521391977306;7847;8192;129;353837056;31124721;40769150
1521391977406;7857;8200;130;353837056;31126434;40771079
1521391977506;7867;8210;130;353837056;31128474;40773007
1521391977606;7877;8220;130;353837056;31130188;40774937
1521391977706;7887;8230;130;353837056;31131904;40776869
1521391977807;7897;8238;131;353837056;31134473;40779762
1521391977908;7907;8248;131;353837056;31136576;40781693
1521391978008;7917;8258;131;353837056;31138290;40783623
1521391978108;7927;8269;131;353837056;31140002;40785551
1521391978208;7937;8280;131;353837056;31141716;40787481
1521391978308;7947;8289;131;353837056;31143429;40789410
1521391978409;7957;8299;131;353837056;31145143;40791340
1521391978510;7967;8310;131;353837056;31146858;40793271
1521391978610;7977;8321;131;353837056;31148674;40796113
1521391978710;7987;8330;132;353837056;31150285;40797130
1521391978810;7997;8339;132;353837056;31152854;40800023
1521391978910;8007;8351;133;353837056;31154568;40801953
1521391979010;8017;8361;133;353837056;31156282;40803883
1521391979110;8027;8373;133;353837056;31157997;40805814
1521391979210;8037;8381;134;353837056;31159709;40807742
1521391979310;8047;8390;134;353837056;31161478;40809727
1521391979410;8057;8401;134;353837056;31163189;40811654
1521391979510;8067;8411;134;353837056;31164901;40813582
1521391979610;8077;8421;134;353837056;31166737;40815563
1521391979710;8087;8431;134;353837056;31168566;40817604
1521391979810;8097;8441;134;353837056;31170279;40819533
1521391979910;8107;8451;134;353837056;31171992;40821462
1521391980010;8117;8460;134;353837056;31174567;40824361
1521391980111;8127;8470;135;353837056;31176281;40826291
1521391980212;8137;8479;135;353837056;31177993;40828219
1521391980313;8148;8492;135;353837056;31179705;40830147
1521391980413;8158;8503;135;353837056;31180665;40832025
1521391980513;8168;8516;135;353837056;31182274;40833040
1521391980613;8178;8527;136;353837056;31184091;40835880
1521391980713;8188;8537;136;353837056;31185802;40837811
1521391980813;8198;8549;136;353837056;31187415;40838829
1521391980913;8208;8562;137;353837056;31189128;40840758
1521391981013;8218;8571;138;353837056;31190841;40842687
1521391981113;8228;8582;138;353837056;31192552;40844614
1521391981213;8238;8592;139;353837056;31194265;40846543
1521391981313;8248;8603;139;353837056;31195977;40848471
1521391981413;8258;8611;140;353837056;31197692;40850402
1521391981513;8268;8623;140;353837056;31199404;40852330
1521391981613;8278;8634;141;353837056;31201116;40854258
1521391981714;8288;8647;142;353837056;31202828;40856186
1521391981815;8298;8659;143;353837056;31203686;40857152
1521391981916;8308;8670;143;353837056;31205398;40859080
1521391982016;8318;8679;144;353837056;31207109;40861007
1521391982116;8328;8691;144;353837056;31208952;40862934
1521391982216;8338;8701;144;353837056;31210666;40864864
1521391982316;8348;8715;144;353837056;31212376;40866790
1521391982416;8358;8727;145;353837056;31214089;40868719
1521391982516;8368;8737;145;353837056;31215800;40870646
1521391982616;8378;8749;145;353837056;31217514;40872576
1521391982716;8388;8762;145;353837056;31219226;40874504
1521391982816;8398;8774;145;353837056;31220186;40876381
1521391982916;8408;8783;145;353837056;31221795;40877397
1521391983016;8418;8795;145;353837056;31223510;40879328
1521391983116;8428;8805;145;353837056;31225224;40881258
1521391983216;8438;8816;146;353837056;31226938;40883188
1521391983316;8448;8829;146;353837056;31228649;40885115
1521391983416;8458;8839;146;353837056;31230364;40887046
1521391983516;8468;8850;146;353837056;31232079;40888977
1521391983616;8478;8861;146;353837056;31233790;40890904
1521391983716;8488;8871;147;353837056;31235501;40892831
1521391983816;8498;8883;147;353837056;31237213;40894759
1521391983916;8508;8895;147;353837056;31239034;40897606
1521391984016;8518;8904;147;353837056;31240749;40899534
1521391984116;8528;8915;147;353837056;31243211;40901513
1521391984216;8538;8925;147;353837056;31244924;40903442
1521391984316;8548;8934;148;353837056;31246639;40905373
1521391984416;8558;8945;148;353837056;31248404;40907354
1521391984516;8568;8954;150;353837056;31250118;40909284
1521391984616;8578;8965;150;353837056;31251832;40911214
1521391984716;8588;8976;150;353837056;31253787;40913310
1521391984816;8598;8986;150;353837056;31255499;40915238
1521391984916;8608;8997;151;353837056;31256458;40917113
1521391985016;8618;9009;151;353837056;31258922;40919093
1521391985117;8628;9020;151;353837056;31259779;40920058
1521391985217;8638;9030;151;353837056;31261489;40921984
1521391985317;8648;9041;151;353837056;31263204;40924828
1521391985417;8658;9050;152;353837056;31264919;40926209
1521391985517;8668;9064;152;353837056;31266737;40928687
1521391985617;8678;9073;152;353837056;31268344;40929703
1521391985717;8688;9084;152;353837056;31270911;40932594
1521391985817;8698;9094;152;353837056;31271767;40933558
1521391985917;8708;9107;152;353837056;31273583;40936398
1521391986017;8718;9117;152;353837056;31275191;40937414
1521391986118;8728;9128;152;353837056;31276904;40939343
1521391986219;8738;9139;152;353837056;31278617;40941272
1521391986319;8748;9148;152;353837056;31280329;40943200
1521391986419;8758;9159;152;353837056;31282043;40945130
1521391986519;8768;9169;152;353837056;31283755;40947058
1521391986619;8778;9178;154;353837056;31285468;40948987
1521391986719;8788;9190;154;353837056;31287182;40950917
1521391986819;8798;9202;154;353837056;31288894;40952845
1521391986919;8808;9213;154;353837056;31290608;40954775
1521391987019;8818;9224;154;353837056;31292323;40956706
1521391987119;8828;9234;154;353837056;31294036;40958635
1521391987219;8838;9244;154;353837056;31295748;40960563
1521391987320;8848;9257;154;353837056;31297460;40962491
1521391987421;8858;9269;155;353837056;31299224;40964421
1521391987522;8868;9279;155;353837056;31300937;40966350
1521391987622;8879;9289;155;353837056;31302653;40968282
1521391987723;8889;9300;156;353837056;31304416;40970211
1521391987824;8899;9312;156;353837056;31306175;40972140
1521391987925;8909;9322;156;353837056;31307886;40974067
1521391988026;8919;9333;156;353837056;31309602;40975999
1521391988127;8929;9343;156;353837056;31311315;40977928
1521391988227;8939;9356;156;353837056;31313029;40979858
1521391988327;8949;9365;156;353837056;31314741;40981786
1521391988427;8959;9376;157;353837056;31316454;40983715
1521391988527;8969;9388;158;353837056;31318168;40985645
1521391988627;8979;9397;158;353837056;31319882;40987575
1521391988727;8989;9407;158;353837056;31321598;40989507
1521391988827;8999;9418;158;353837056;31323309;40991434
1521391988927;9009;9428;159;353837056;31325018;40993359
1521391989027;9019;9438;159;353837056;31326730;40995287
1521391989127;9029;9448;159;353837056;31328450;40997223
1521391989227;9039;9458;162;353837056;31330180;40999169
1521391989327;9049;9466;163;353837056;31331907;41001112
1521391989427;9059;9477;163;353837056;31333685;41003106
1521391989527;9069;9488;163;353837056;31335413;41005050
1521391989627;9079;9497;164;353837056;31337139;41006992
1521391989727;9089;9508;164;353837056;31338987;41008933
1521391989827;9099;9516;165;353837056;31340830;41010988
1521391989927;9109;9528;165;353837056;31342555;41012929
1521391990027;9119;9537;166;353837056;31344278;41014868
1521391990127;9129;9547;166;353837056;31346000;41016806
1521391990227;9139;9558;166;353837056;31347723;41018745
1521391990327;9149;9567;166;353837056;31349448;41020686
1521391990427;9159;9578;166;353837056;31351169;41022623
1521391990527;9169;9586;167;353837056;31352893;41024563
1521391990627;9179;9596;167;353837056;31354612;41026498
1521391990728;9189;9607;167;353837056;31356338;41028440
1521391990829;9199;9617;167;353837056;31358063;41030381
1521391990930;9209;9628;167;353837056;31359785;41032319
1521391991030;9219;9641;167;353837056;31361506;41034256
1521391991130;9229;9651;167;353837056;31363229;41036195
1521391991230;9239;9660;168;353837056;31364951;41038133
1521391991330;9249;9669;168;353837056;31366672;41040070
1521391991430;9259;9679;168;353837056;31368392;41042006
1521391991530;9269;9689;168;353837056;31370118;41043948
1521391991630;9279;9699;168;353837056;31371841;41045887
1521391991730;9289;9712;168;353837056;31373563;41047825
1521391991830;9299;9722;168;353837056;31375289;41049767
1521391991930;9309;9730;169;353837056;31377013;41051707
1521391992030;9319;9741;169;353837056;31378733;41053643
1521391992130;9329;9750;170;353837056;31380458;41055584
1521391992230;9339;9762;170;353837056;31382183;41057525
1521391992331;9349;9773;171;353837056;31383904;41059462
1521391992432;9359;9783;171;353837056;31385627;41061401
1521391992533;9370;9794;171;353837056;31387352;41063342
1521391992633;9380;9803;172;353837056;31389073;41065279
1521391992733;9390;9814;172;353837056;31390797;41067219
1521391992833;9400;9825;172;353837056;31392522;41069160
1521391992933;9410;9833;173;353837056;31394243;41071097
1521391993033;9420;9842;174;353837056;31395965;41073035
1521391993133;9430;9852;174;353837056;31397686;41074972
1521391993233;9440;9862;174;353837056;31399408;41076910
1521391993333;9450;9871;175;353837056;31401129;41078847
1521391993433;9460;9882;175;353837056;31402851;41080785
1521391993533;9470;9890;176;353837056;31404574;41082724
1521391993633;9480;9899;177;353837056;31406300;41084666
1521391993733;9490;9909;177;353837056;31408023;41086605
1521391993833;9500;9920;177;353837056;31409748;41088546
1521391993933;9510;9929;177;353837056;31411476;41090490
1521391994033;9520;9940;177;353837056;31413201;41092431
1521391994133;9530;9950;177;353837056;31414921;41094367
1521391994233;9540;9960;177;353837056;31416643;41096305
1521391994333;9550;9969;177;353837056;31418367;41098245
1521391994433;9560;9979;177;353837056;31420140;41100234
1521391994533;9570;9988;177;353837056;31421861;41102171
1521391994633;9580;9997;178;353837056;31423582;41104108
1521391994733;9590;10009;179;353837056;31425415;41106086
1521391994833;9600;10019;179;353837056;31427243;41108126
1521391994933;9610;10031;179;353837056;31428204;41110002
1521391995033;9620;10044;179;353837056;31429914;41111929
1521391995134;9630;10053;179;353837056;31431521;41112944
1521391995234;9640;10063;179;353837056;31433334;41115782
1521391995334;9650;10074;179;353837056;31434942;41116797
1521391995434;9660;10088;179;353837056;31436655;41118726
1521391995534;9670;10102;179;353837056;31438365;41120652
1521391995634;9680;10112;179;353837056;31440076;41122579
1521391995734;9690;10122;179;353837056;31441785;41124504
1521391995834;9700;10132;179;353837056;31443495;41126430
1521391995934;9710;10142;179;353837056;31445205;41128356
1521391996034;9720;10152;179;353837056;31447415;41130286
1521391996134;9730;10162;179;353837056;31449128;41132215
1521391996234;9740;10171;180;353837056;31450839;41134142
1521391996334;9750;10181;180;353837056;31452550;41136069
1521391996434;9760;10190;181;353837056;31454262;41137997
1521391996534;9770;10204;181;353837056;31455971;41139922
1521391996634;9780;10215;181;353837056;31457681;41141848
1521391996734;9790;10225;181;353837056;31459393;41143776
1521391996834;9800;10236;181;353837056;31461102;41145701
1521391996934;9810;10247;181;353837056;31462815;41147630
1521391997034;9820;10256;181;353837056;31464530;41149561
1521391997134;9830;10266;181;353837056;31466243;41151490
1521391997234;9840;10276;181;353837056;31467954;41153417
1521391997334;9850;10287;181;353837056;31469666;41155345
1521391997434;9860;10296;181;353837056;31471373;41157268
1521391997534;9870;10307;182;353837056;31473086;41159197
1521391997634;9880;10317;182;353837056;31474795;41161122
1521391997734;9890;10328;182;353837056;31476511;41163054
1521391997834;9900;10337;183;353837056;31478223;41164982
1521391997934;9910;10347;183;353837056;31479935;41166910
1521391998034;9920;10358;183;353837056;31481647;41168838
1521391998134;9930;10368;183;353837056;31483362;41170769
1521391998234;9940;10379;183;353837056;31485073;41172696
1521391998334;9950;10388;183;353837056;31486784;41174623
1521391998434;9960;10398;183;353837056;31488493;41176548
1521391998534;9970;10408;183;353837056;31490203;41178474
1521391998634;9980;10419;183;353837056;31491913;41180400
1521391998734;9990;10429;183;353837056;31493625;41182328
1521391998834;10000;10438;184;353837056;31495337;41184256
1521391998934;10010;10449;184;353837056;31497049;41186184
1521391999034;10020;10460;184;353837056;31498760;41188111
1521391999134;10030;10471;184;353837056;31500471;41190038
1521391999234;10040;10481;184;353837056;31502185;41191968
1521391999334;10050;10491;185;353837056;31503898;41193897
1521391999434;10060;10500;185;353837056;31505610;41195825
1521391999534;10070;10511;186;353837056;31507370;41197801
1521391999634;10080;10520;187;353837056;31509083;41199730
1521391999734;10090;10530;187;353837056;31510796;41201659
1521391999834;10100;10541;187;353837056;31512745;41203749
1521391999934;10110;10550;187;353837056;31514452;41205672
1521392000034;10120;10560;187;353837056;31516166;41207602
1521392000134;10130;10571;187;353837056;31517878;41209530
1521392000234;10140;10581;187;353837056;31519586;41211454
1521392000334;10150;10592;187;353837056;31521298;41213382
1521392000434;10160;10602;187;353837056;31523012;41215312
1521392000534;10170;10612;187;353837056;31524723;41217239
1521392000634;10180;10623;187;353837056;31526434;41219166
1521392000734;10190;10633;187;353837056;31528148;41221096
1521392000834;10200;10644;187;353837056;31529861;41223025
1521392000934;10210;10655;187;353837056;31531574;41224954
1521392001034;10220;10665;187;353837056;31533285;41226881
1521392001134;10230;10675;188;353837056;31534996;41228808
1521392001234;10240;10685;188;353837056;31536709;41230737
1521392001334;10250;10695;188;353837056;31538420;41232664
1521392001434;10260;10704;188;353837056;31540131;41234591
1521392001534;10270;10714;189;353837056;31541844;41236520
1521392001634;10280;10724;189;353837056;31543556;41238448
1521392001734;10290;10734;189;353837056;31545269;41240377
1521392001834;10300;10744;189;353837056;31546982;41242306
1521392001934;10310;10754;189;353837056;31548696;41244236
1521392002034;10320;10765;189;353837056;31550410;41246166
1521392002134;10330;10774;189;353837056;31552124;41248096
1521392002234;10340;10784;190;353837056;31553836;41250024
1521392002334;10350;10795;190;353837056;31555548;41251952
1521392002434;10360;10809;190;353837056;31557311;41253881
1521392002534;10370;10820;190;353837056;31559055;41255841
1521392002634;10380;10833;190;353837056;31560814;41257770
1521392002734;10390;10849;190;353837056;31562524;41259696
1521392002834;10400;10861;190;353837056;31564235;41261623
1521392002934;10410;10873;190;353837056;31565092;41262588
1521392003034;10420;10886;190;353837056;31566803;41264515
1521392003134;10430;10895;191;353837056;31568513;41266441
1521392003234;10440;10905;191;353837056;31570227;41268371
1521392003334;10450;10917;191;353837056;31571940;41270300
1521392003434;10460;10928;192;353837056;31573654;41272230
1521392003534;10470;10937;193;353837056;31575366;41274158
1521392003634;10480;10948;193;353837056;31577080;41276088
1521392003735;10490;10959;193;353837056;31578792;41278016
1521392003836;10500;10970;194;353837056;31580505;41279945
1521392003937;10510;10980;194;353837056;31582218;41281874
1521392004037;10520;10992;194;353837056;31583931;41283803
1521392004137;10530;11003;194;353837056;31585642;41285730
1521392004237;10540;11016;194;353837056;31586498;41287608
1521392004337;10550;11026;194;353837056;31588208;41288620
1521392004437;10560;11035;194;353837056;31589918;41290546
1521392004537;10570;11046;195;353837056;31591630;41292474
1521392004637;10580;11059;196;353837056;31593395;41294455
1521392004737;10590;11071;196;353837056;31595107;41296383
1521392004837;10600;11081;196;353837056;31596821;41298313
1521392004937;10610;11091;197;353837056;31598774;41300407
1521392005037;10620;11104;197;353837056;31600483;41302332
1521392005137;10630;11116;197;353837056;31602196;41304261
1521392005238;10640;11128;197;353837056;31603909;41306190
1521392005338;10650;11140;197;353837056;31605621;41308118
1521392005438;10660;11153;197;353837056;31607333;41310046
1521392005538;10670;11164;197;353837056;31609045;41311974
1521392005638;10680;11174;197;353837056;31610756;41313901
1521392005738;10690;11184;197;353837056;31612467;41315828
1521392005838;10700;11195;197;353837056;31614178;41317755
1521392005938;10710;11206;197;353837056;31615891;41319684
1521392006039;10720;11217;197;353837056;31617604;41321613
1521392006140;10730;11228;197;353837056;31619317;41323542
1521392006241;10740;11238;198;353837056;31621031;41325472
1521392006341;10750;11249;198;353837056;31622744;41327401
1521392006441;10760;11260;198;353837056;31624457;41329330
1521392006541;10770;11272;198;353837056;31626170;41331259
1521392006641;10780;11282;198;353837056;31627885;41333190
1521392006741;10790;11292;198;353837056;31629599;41335120
1521392006841;10800;11303;198;353837056;31631312;41337049
1521392006941;10810;11312;198;353837056;31633025;41338978
1521392007041;10820;11323;198;353837056;31634737;41340906
1521392007141;10830;11334;198;353837056;31636452;41342837
1521392007241;10840;11345;199;353837056;31638165;41344766
1521392007342;10850;11353;201;353837056;31639877;41346694
1521392007442;10860;11364;201;353837056;31641587;41348620
1521392007542;10870;11374;201;353837056;31643302;41350551
1521392007642;10880;11387;201;353837056;31645013;41352478
1521392007742;10890;11397;201;353837056;31646726;41354407
1521392007842;10900;11407;202;353837056;31647687;41356285
1521392007942;10910;11419;202;353837056;31650540;41358265
1521392008042;10920;11430;202;353837056;31651395;41360141
1521392008142;10930;11441;202;353837056;31653214;41362072
1521392008243;10941;11451;202;353837056;31654824;41363089
1521392008343;10951;11464;202;353837056;31656534;41365015
1521392008443;10961;11476;202;353837056;31658246;41366943
1521392008543;10971;11486;202;353837056;31659960;41368873
1521392008643;10981;11499;202;353837056;31661675;41370804
1521392008743;10991;11510;202;353837056;31663386;41372731
1521392008843;11001;11519;203;353837056;31665100;41374661
1521392008943;11011;11529;203;353837056;31666810;41376587
1521392009043;11021;11538;203;353837056;31668521;41378514
1521392009143;11031;11549;203;353837056;31670233;41380442
1521392009243;11041;11559;203;353837056;31671944;41382369
1521392009343;11051;11570;204;353837056;31673655;41384296
1521392009443;11061;11580;204;353837056;31675370;41386227
1521392009543;11071;11590;204;353837056;31677083;41388156
1521392009643;11081;11601;204;353837056;31678846;41390135
1521392009743;11091;11614;204;353837056;31680559;41392064
1521392009843;11101;11625;205;353837056;31682274;41393995
1521392009943;11111;11638;205;353837056;31684109;41395975
1521392010043;11121;11650;205;353837056;31685937;41398015
1521392010143;11131;11659;205;353837056;31687648;41399942
1521392010243;11141;11669;205;353837056;31689359;41401869
1521392010343;11151;11683;205;353837056;31691073;41403799
1521392010443;11161;11693;205;353837056;31692787;41405729
1521392010543;11171;11704;205;353837056;31694503;41407661
1521392010643;11181;11714;205;353837056;31696316;41410499
1521392010743;11191;11724;205;353837056;31697925;41411515
1521392010843;11201;11735;205;353837056;31699634;41413440
1521392010943;11211;11746;205;353837056;31701453;41416284
1521392011043;11221;11756;205;353837056;31703168;41418215
1521392011143;11231;11766;205;353837056;31705633;41420195
1521392011243;11241;11775;206;353837056;31707342;41422120
1521392011343;11251;11785;206;353837056;31709055;41424049
1521392011443;11261;11798;206;353837056;31710769;41425979
1521392011543;11271;11806;206;353837056;31712482;41427908
1521392011643;11281;11816;206;353837056;31714194;41429836
1521392011743;11291;11826;206;353837056;31715905;41431763
1521392011843;11301;11836;206;353837056;31717616;41433690
1521392011943;11311;11846;206;353837056;31719328;41435618
1521392012043;11321;11857;206;353837056;31721038;41437544
1521392012143;11331;11869;206;353837056;31722754;41439476
1521392012243;11341;11880;206;353837056;31724467;41441405
1521392012343;11351;11890;207;353837056;31726180;41443334
1521392012443;11361;11902;207;353837056;31727893;41445263
1521392012543;11371;11912;207;353837056;31729608;41447194
1521392012643;11381;11924;207;353837056;31731321;41449123
1521392012743;11391;11933;207;353837056;31733033;41451051
1521392012843;11401;11944;207;353837056;31734745;41452979
1521392012943;11411;11954;207;353837056;31736459;41454909
1521392013043;11421;11965;207;353837056;31738173;41456839
1521392013143;11431;11975;207;353837056;31739882;41458764
1521392013243;11441;11985;207;353837056;31741592;41460690
1521392013343;11451;11997;207;353837056;31743301;41462615
1521392013443;11461;12008;207;353837056;31745012;41464542
1521392013543;11471;12019;207;353837056;31746725;41466471
1521392013643;11481;12029;207;353837056;31748442;41468404
1521392013743;11491;12039;207;353837056;31750157;41470335
1521392013843;11501;12049;208;353837056;31751868;41472262
1521392013944;11511;12059;208;353837056;31753579;41474189
1521392014044;11521;12070;208;353837056;31755290;41476116
1521392014144;11531;12083;208;353837056;31757863;41479013
1521392014244;11541;12094;208;353837056;31758826;41480890
1521392014344;11551;12103;208;353837056;31761292;41482874
1521392014444;11561;12112;208;353837056;31763004;41484802
1521392014544;11571;12124;208;353837056;31764772;41486786
1521392014644;11581;12135;208;353837056;31766485;41488715
1521392014744;11591;12145;208;353837056;31767439;41490584
1521392014844;11601;12154;208;353837056;31770027;41492618
1521392014944;11611;12166;208;353837056;31770997;41493692
1521392015044;11621;12177;208;353837056;31772814;41496532
1521392015144;11631;12187;208;353837056;31775279;41498514
1521392015245;11641;12196;209;353837056;31776992;41500443
1521392015346;11651;12206;209;353837056;31778704;41502371
1521392015446;11661;12216;210;353837056;31780418;41504301
1521392015546;11671;12226;210;353837056;31782126;41506225
1521392015646;11681;12235;210;353837056;31783837;41508152
1521392015746;11691;12246;210;353837056;31785550;41510081
1521392015846;11701;12259;210;353837056;31787261;41512008
1521392015946;11711;12270;210;353837056;31788971;41513934
1521392016046;11721;12279;210;353837056;31790687;41515866
1521392016146;11731;12290;210;353837056;31792402;41517797
1521392016246;11741;12299;210;353837056;31794114;41520638
1521392016346;11751;12309;210;353837056;31795827;41521654
1521392016446;11761;12319;210;353837056;31798395;41524546
1521392016546;11771;12329;210;353837056;31800107;41526474
1521392016646;11781;12340;211;353837056;31801067;41528348
1521392016746;11791;12349;211;353837056;31803529;41530328
1521392016846;11801;12360;211;353837056;31805240;41532255
1521392016947;11811;12370;211;353837056;31806949;41534180
1521392017047;11821;12380;211;353837056;31808657;41536104
1521392017147;11831;12390;211;353837056;31810368;41538031
1521392017247;11841;12401;211;353837056;31812077;41539956
1521392017347;11851;12412;211;353837056;31813789;41541884
1521392017447;11861;12421;212;353837056;31815550;41543811
1521392017547;11871;12432;212;353837056;31817307;41545738
1521392017647;11881;12441;212;353837056;31819022;41547669
1521392017747;11891;12451;212;353837056;31820734;41549597
1521392017847;11901;12461;212;353837056;31822445;41551524
1521392017947;11911;12473;212;353837056;31824157;41553452
1521392018047;11921;12483;212;353837056;31825869;41555380
1521392018147;11931;12493;212;353837056;31827581;41557308
1521392018247;11941;12503;212;353837056;31829293;41559236
1521392018347;11951;12512;212;353837056;31831052;41561165
1521392018447;11961;12519;215;353837056;31832764;41563093
1521392018547;11971;12530;215;353837056;31834476;41565021
1521392018647;11981;12539;215;353837056;31836188;41566949
1521392018747;11991;12551;215;353837056;31837896;41568873
1521392018847;12001;12562;215;353837056;31839606;41570799
1521392018947;12011;12572;215;353837056;31841315;41572724
1521392019047;12021;12583;215;353837056;31843020;41574645
1521392019147;12031;12593;215;353837056;31844731;41576572
1521392019247;12041;12604;215;353837056;31846444;41578501
1521392019347;12051;12613;216;353837056;31848155;41580428
1521392019447;12061;12624;216;353837056;31849866;41582355
1521392019547;12071;12635;216;353837056;31851630;41584335
1521392019647;12081;12646;216;353837056;31853342;41586263
1521392019747;12091;12658;216;353837056;31855055;41588192
1521392019847;12101;12667;216;353837056;31857007;41590285
1521392019947;12111;12676;217;353837056;31858722;41592216
1521392020047;12121;12686;217;353837056;31860436;41594146
1521392020147;12131;12698;217;353837056;31862145;41596071
1521392020247;12141;12709;217;353837056;31863857;41597999
1521392020347;12151;12720;217;353837056;31865668;41600834
1521392020447;12161;12733;217;353837056;31867276;41601850
1521392020548;12171;12742;217;353837056;31868990;41603780
1521392020648;12181;12754;217;353837056;31870806;41606621
1521392020748;12191;12765;217;353837056;31872415;41607637
1521392020848;12201;12775;218;353837056;31874987;41610533
1521392020948;12211;12785;219;353837056;31876699;41612461
1521392021048;12221;12794;219;353837056;31878412;41614390
1521392021148;12231;12804;219;353837056;31880122;41616316
1521392021248;12241;12813;220;353837056;31881835;41618245
1521392021348;12251;12823;220;353837056;31883548;41620174
1521392021448;12261;12833;220;353837056;31885259;41622101
1521392021548;12271;12844;220;353837056;31886972;41624030
1521392021648;12281;12856;220;353837056;31888685;41625959
1521392021748;12291;12865;221;353837056;31890401;41627891
1521392021848;12301;12876;222;353837056;31892115;41629821
1521392021948;12311;12890;222;353837056;31893829;41631751
1521392022048;12321;12902;222;353837056;31895542;41633680
1521392022148;12331;12913;222;353837056;31897254;41635608
1521392022248;12341;12924;222;353837056;31898966;41637536
1521392022348;12351;12936;223;353837056;31900679;41639465
1521392022448;12361;12948;223;353837056;31902391;41641393
1521392022548;12371;12958;224;353837056;31904107;41643325
1521392022648;12381;12969;224;353837056;31905817;41645251
1521392022748;12391;12979;224;353837056;31907528;41647178
1521392022848;12401;12989;224;353837056;31909243;41649109
1521392022948;12411;12999;225;353837056;31911063;41651955
1521392023048;12421;13009;225;353837056;31913531;41653937
1521392023154;12432;13020;226;353837056;31915246;41655868
1521392023254;12442;13030;226;353837056;31916954;41657792
1521392023354;12452;13041;226;353837056;31918666;41659720
1521392023454;12462;13052;226;353837056;31920380;41661650
1521392023554;12472;13062;226;353837056;31922091;41663577
1521392023654;12482;13073;227;353837056;31923806;41665508
1521392023754;12492;13085;227;353837056;31925521;41667439
1521392023854;12502;13095;227;353837056;31927234;41669368
1521392023954;12512;13106;227;353837056;31928946;41671296
1521392024054;12522;13117;227;353837056;31930657;41673223
1521392024154;12532;13128;227;353837056;31932370;41675152
1521392024254;12542;13137;228;353837056;31934083;41677081
1521392024354;12552;13148;228;353837056;31935792;41679006
1521392024454;12562;13158;228;353837056;31937555;41680985
1521392024554;12572;13171;228;353837056;31939266;41682912
1521392024654;12582;13183;229;353837056;31940122;41683876
1521392024754;12592;13195;229;353837056;31941958;41685857
1521392024854;12602;13207;229;353837056;31943786;41687897
1521392024954;12612;13221;230;353837056;31945499;41689826
1521392025054;12622;13234;230;353837056;31947211;41691754
1521392025154;12632;13244;230;353837056;31948925;41693684
1521392025254;12642;13256;231;353837056;31949885;41695562
1521392025354;12652;13267;231;353837056;31951599;41697489
1521392025454;12662;13278;231;353837056;31953207;41698506
1521392025554;12672;13288;231;353837056;31954918;41700433
1521392025654;12682;13299;231;353837056;31956733;41703273
1521392025754;12692;13312;231;353837056;31958343;41704290
1521392025854;12702;13322;231;353837056;31960055;41706218
1521392025954;12712;13332;231;353837056;31961768;41708147
1521392026054;12722;13344;231;353837056;31963481;41710076
1521392026154;12732;13356;231;353837056;31965194;41712005
1521392026254;12742;13367;231;353837056;31966908;41713935
1521392026354;12752;13379;231;353837056;31967765;41714900
1521392026454;12762;13393;231;353837056;31969583;41717741
1521392026554;12772;13403;231;353837056;31971191;41718758
1521392026654;12782;13414;231;353837056;31972902;41720685
1521392026754;12792;13427;231;353837056;31974613;41722612
1521392026854;12802;13438;231;353837056;31976325;41724540
1521392026954;12812;13451;231;353837056;31978036;41726467
1521392027054;12822;13461;231;353837056;31979747;41728394
1521392027154;12832;13473;231;353837056;31981460;41730323
1521392027254;12842;13484;231;353837056;31983174;41732253
1521392027354;12852;13495;231;353837056;31984886;41734181
1521392027454;12862;13512;231;353837056;31986597;41736108
1521392027554;12872;13523;231;353837056;31988312;41738039
1521392027654;12882;13533;232;353837056;31990024;41739967
1521392027754;12892;13544;232;353837056;31991736;41741895
1521392027854;12902;13556;232;353837056;31993447;41743822
1521392027954;12912;13569;232;353837056;31995160;41745751
1521392028054;12922;13578;233;353837056;31996870;41747677
1521392028154;12932;13589;234;353837056;31997726;41748641
1521392028254;12942;13601;235;353837056;31999438;41750569
1521392028355;12952;13611;235;353837056;32001150;41752497
1521392028456;12962;13622;235;353837056;32002965;41755335
1521392028557;12972;13634;235;353837056;32004678;41757265
1521392028658;12982;13646;235;353837056;32007143;41759246
1521392028759;12992;13656;236;353837056;32008853;41761172
1521392028859;13002;13667;236;353837056;32010565;41763100
1521392028959;13012;13677;237;353837056;32012280;41765031
1521392029059;13022;13688;237;353837056;32013994;41766961
1521392029159;13032;13698;237;353837056;32015710;41768893
1521392029259;13042;13708;237;353837056;32017421;41770820
1521392029359;13052;13719;237;353837056;32019135;41772750
1521392029459;13062;13731;237;353837056;32020850;41774681
1521392029559;13072;13740;237;353837056;32022616;41776663
1521392029659;13082;13751;237;353837056;32024327;41778590
1521392029760;13092;13761;237;353837056;32026042;41780521
1521392029860;13102;13773;237;353837056;32027878;41782450
1521392029960;13112;13784;237;353837056;32029708;41784492
1521392030060;13122;13794;237;353837056;32031423;41786423
1521392030160;13132;13805;237;353837056;32033139;41788355
1521392030260;13142;13815;237;353837056;32034848;41790280
1521392030360;13152;13827;237;353837056;32036561;41792209
1521392030460;13162;13838;237;353837056;32038273;41794137
1521392030560;13172;13848;237;353837056;32039984;41796064
1521392030660;13182;13859;237;353837056;32041699;41797995
1521392030760;13192;13869;238;353837056;32043411;41799923
1521392030861;13202;13879;239;353837056;32045121;41801849
