currentTs;total_time;user_time;sys_time;virtual_size;in_octets;out_octets
1521906808161;0;0;0;360448;7481578;10120658
1521906808261;10;5;2;41689088;7482974;10121383
1521906808361;20;15;2;78299136;7484378;10122430
1521906808461;30;25;2;78299136;7484534;10123501
1521906808561;40;35;2;78299136;7484534;10123501
1521906808661;50;45;3;78299136;7484534;10123501
1521906808761;60;55;3;78299136;7484534;10123501
1521906808861;70;65;3;78299136;7484534;10123501
1521906808961;80;75;3;78299136;7484534;10123501
1521906809062;90;84;4;78299136;7484534;10123501
1521906809162;100;94;4;78299136;7484534;10123501
1521906809262;110;104;4;78299136;7484534;10123501
1521906809362;120;114;4;78299136;7484840;10130063
1521906809462;130;124;4;78299136;7485152;10137820
1521906809562;140;134;4;78299136;7485152;10137820
1521906809662;150;144;4;78299136;7485152;10137820
1521906809763;160;154;4;78299136;7485152;10137820
1521906809863;170;164;4;78299136;7485152;10137820
1521906809963;180;174;4;78299136;7485152;10137820
1521906810063;190;184;4;78299136;7485152;10137820
1521906810163;200;194;4;78299136;7485152;10137820
1521906810263;210;204;4;78299136;7485152;10137820
1521906810363;220;214;4;78299136;7485360;10142752
1521906810463;230;225;4;78299136;7485770;10152020
1521906810564;240;235;4;78299136;7485770;10152020
1521906810664;251;246;4;78299136;7485770;10152020
1521906810764;261;256;4;78299136;7485770;10152020
1521906810864;271;266;4;78299136;7485770;10152020
1521906810964;281;276;4;78299136;7485770;10152020
1521906811064;291;286;4;78299136;7485770;10152020
1521906811164;301;295;4;78299136;7485770;10152020
1521906811264;310;305;4;78299136;7485770;10152020
1521906811364;320;315;4;78299136;7486082;10159074
1521906811464;330;325;4;78299136;7486394;10165400
1521906811564;340;334;5;78299136;7486440;10165452
1521906811665;351;345;5;78299136;7486616;10165620
1521906811765;361;355;5;78299136;7486616;10165620
1521906811865;371;365;5;78299136;7486616;10165620
1521906811965;381;375;5;78299136;7486616;10165620
1521906812065;391;385;5;78299136;7486616;10165620
1521906812165;401;395;5;78299136;7486616;10165620
1521906812265;411;405;5;78299136;7486616;10165620
1521906812366;421;416;5;78299136;7486928;10173574
1521906812466;431;426;5;78299136;7487240;10180266
1521906812566;441;436;5;78299136;7487240;10180266
1521906812666;451;446;5;78299136;7487286;10180318
1521906812766;461;456;5;78299136;7487286;10180318
1521906812866;471;466;5;78299136;7487286;10180318
1521906812966;481;476;5;78299136;7487286;10180318
1521906813066;491;486;5;78299136;7487286;10180318
1521906813166;501;496;5;78299136;7487286;10180318
1521906813266;511;506;5;78299136;7487286;10180318
1521906813366;521;516;5;78299136;7487546;10187128
1521906813466;531;526;5;78299136;7487938;10193819
1521906813566;541;536;5;78299136;7487938;10193819
1521906813666;551;546;5;78299136;7487938;10193819
1521906813766;561;556;5;78299136;7487984;10193871
1521906813867;571;566;5;78299136;7487984;10193871
1521906813967;581;576;5;78299136;7487984;10193871
1521906814067;591;586;5;78299136;7487984;10193871
1521906814167;601;596;5;78299136;7487984;10193871
1521906814267;611;606;5;78299136;7487984;10193871
1521906814367;621;617;5;78299136;7488244;10200434
1521906814467;631;626;6;78299136;7488556;10207609
1521906814567;641;636;6;78299136;7488556;10207609
1521906814667;651;646;6;78299136;7488556;10207609
1521906814767;661;655;7;78299136;7488602;10207661
1521906814867;671;665;7;78299136;7488602;10207661
1521906814967;681;674;8;78299136;7488778;10207829
1521906815067;691;684;8;78299136;7488778;10207829
1521906815167;701;694;8;78299136;7488778;10207829
1521906815267;711;704;8;78299136;7488778;10207829
1521906815368;721;714;8;78299136;7488986;10214708
1521906815468;731;724;8;78299136;7489246;10221877
1521906815568;741;734;8;78299136;7489350;10221929
1521906815668;751;744;8;78299136;7489350;10221929
1521906815768;761;754;8;78299136;7489350;10221929
1521906815868;771;764;8;78299136;7489350;10221929
1521906815968;781;774;8;78299136;7489350;10221929
1521906816068;791;784;8;78299136;7489396;10221981
1521906816169;801;794;8;78299136;7489396;10221981
1521906816270;811;805;8;78299136;7489396;10221981
1521906816370;821;815;8;78299136;7489396;10221981
1521906816470;831;825;8;78299136;7489656;10228769
1521906816570;841;835;8;78299136;7489968;10235922
1521906816670;851;845;8;78299136;7489968;10235922
1521906816770;861;855;8;78299136;7489968;10235922
1521906816870;871;865;8;78299136;7489968;10235922
1521906816970;881;875;8;78299136;7489968;10235922
1521906817070;891;885;8;78299136;7489968;10235922
1521906817170;901;895;8;78299136;7489968;10235922
1521906817270;911;905;8;78299136;7489968;10235922
1521906817370;921;915;8;78299136;7489968;10235922
1521906817470;931;925;8;78299136;7490228;10243434
1521906817570;941;935;8;78299136;7490534;10249789
1521906817670;951;945;8;78299136;7490534;10249789
1521906817770;961;955;8;78299136;7490534;10249789
1521906817871;971;964;9;78299136;7490534;10249789
1521906817971;981;974;9;78299136;7490534;10249789
1521906818071;991;984;9;78299136;7490534;10249789
1521906818171;1001;994;9;78299136;7490584;10249789
1521906818271;1011;1004;9;78299136;7490806;10249957
1521906818371;1021;1015;9;78299136;7490806;10249957
1521906818471;1031;1025;9;78299136;7491170;10258032
1521906818571;1041;1035;9;78299136;7491476;10263583
1521906818672;1051;1044;10;78299136;7491476;10263583
1521906818772;1061;1054;10;78299136;7491476;10263583
1521906818872;1071;1064;10;78299136;7491476;10263583
1521906818972;1081;1074;10;78299136;7491476;10263583
1521906819072;1091;1084;10;78299136;7491476;10263583
1521906819172;1101;1094;10;78299136;7491476;10263583
1521906819272;1111;1104;10;78299136;7491476;10263583
1521906819373;1121;1114;10;78299136;7491522;10263635
1521906819473;1131;1124;10;78299136;7491834;10271429
1521906819573;1141;1134;10;78299136;7492146;10277809
1521906819673;1151;1144;10;78299136;7492146;10277809
1521906819773;1161;1154;10;78299136;7492146;10277809
1521906819873;1171;1164;10;78299136;7492146;10277809
1521906819973;1181;1174;10;78299136;7492146;10277809
1521906820073;1191;1184;10;78299136;7492146;10277809
1521906820173;1201;1193;11;78299136;7492146;10277809
1521906820273;1211;1203;11;78299136;7492146;10277809
1521906820374;1221;1213;11;78299136;7492534;10277809
1521906820474;1232;1224;11;78299136;7492788;10283342
1521906820574;1242;1234;11;78299136;7493100;10291507
1521906820674;1252;1244;11;78299136;7493100;10291507
1521906820774;1262;1254;11;78299136;7493100;10291507
1521906820874;1272;1263;11;78299136;7493100;10291507
1521906820974;1282;1274;11;78299136;7493100;10291507
1521906821074;1291;1284;11;78299136;7493100;10291507
1521906821174;1301;1294;11;78299136;7493100;10291507
1521906821275;1312;1305;11;78299136;7493100;10291507
1521906821375;1322;1315;11;78299136;7493100;10291507
1521906821475;1332;1325;11;78299136;7493412;10298768
1521906821575;1342;1334;12;78299136;7493770;10305466
1521906821675;1352;1344;12;78299136;7493946;10305634
1521906821775;1362;1354;12;78299136;7493946;10305634
1521906821875;1372;1364;12;78299136;7493946;10305634
1521906821975;1382;1373;13;78299136;7493946;10305634
1521906822075;1392;1383;13;78299136;7493946;10305634
1521906822175;1402;1393;13;78299136;7493946;10305634
1521906822275;1412;1403;13;78299136;7493946;10305634
1521906822375;1422;1413;13;78299136;7493946;10305634
1521906822475;1432;1423;13;78299136;7494258;10313562
1521906822575;1442;1433;13;78299136;7494518;10319541
1521906822675;1452;1443;13;78299136;7494564;10319593
1521906822776;1462;1453;13;78299136;7494564;10319593
1521906822876;1472;1463;13;78299136;7494564;10319593
1521906822976;1482;1473;13;78299136;7494564;10319593
1521906823076;1492;1483;13;78299136;7494564;10319593
1521906823176;1502;1493;13;78299136;7494564;10319593
1521906823276;1512;1503;13;78299136;7494564;10319593
1521906823376;1522;1514;13;78299136;7494564;10319593
1521906823476;1532;1524;13;78299136;7494876;10325745
1521906823576;1542;1534;13;78299136;7495136;10333248
1521906823676;1552;1544;13;78299136;7495182;10333300
1521906823776;1562;1554;13;78299136;7495182;10333300
1521906823876;1572;1564;13;78299136;7495182;10333300
1521906823976;1582;1574;13;78299136;7495182;10333300
1521906824076;1592;1584;13;78299136;7495182;10333300
1521906824176;1602;1594;13;78299136;7495182;10333300
1521906824276;1612;1604;13;78299136;7495182;10333300
1521906824377;1622;1614;13;78299136;7495182;10333300
1521906824477;1632;1624;13;78299136;7495442;10340819
1521906824577;1642;1634;13;78299136;7495754;10347230
1521906824677;1652;1644;13;78299136;7495800;10347282
1521906824777;1662;1654;13;78299136;7495800;10347282
1521906824877;1672;1664;13;78299136;7495800;10347282
1521906824977;1682;1674;13;78299136;7495976;10347450
1521906825077;1692;1684;13;78299136;7495976;10347450
1521906825177;1702;1694;13;78299136;7495976;10347450
1521906825277;1712;1704;13;78299136;7495976;10347450
1521906825377;1722;1713;14;78299136;7495976;10347450
1521906825477;1732;1723;14;78299136;7496288;10353954
1521906825577;1742;1733;14;78299136;7496600;10361969
1521906825677;1752;1743;14;78299136;7496600;10361969
1521906825777;1762;1753;14;78299136;7496600;10361969
1521906825878;1772;1763;14;78299136;7496600;10361969
1521906825978;1782;1773;14;78299136;7496600;10361969
1521906826078;1792;1783;14;78299136;7496646;10362021
1521906826178;1802;1793;14;78299136;7496646;10362021
1521906826278;1812;1803;14;78299136;7496646;10362021
1521906826378;1822;1813;14;78299136;7496646;10362021
1521906826478;1832;1823;14;78299136;7496906;10367111
1521906826578;1842;1833;15;78299136;7497218;10375348
1521906826678;1852;1843;15;78299136;7497218;10375348
1521906826778;1862;1853;15;78299136;7497218;10375348
1521906826878;1872;1863;15;78299136;7497218;10375348
1521906826978;1882;1873;15;78299136;7497218;10375348
1521906827078;1892;1883;15;78299136;7497218;10375348
1521906827178;1902;1893;15;78299136;7497218;10375348
1521906827278;1912;1903;15;78299136;7497218;10375348
1521906827378;1922;1913;15;78299136;7497218;10375348
1521906827478;1932;1923;15;78299136;7497478;10381327
1521906827578;1942;1933;15;78299136;7497836;10389057
1521906827678;1952;1943;15;78299136;7497836;10389057
1521906827778;1962;1953;15;78299136;7497836;10389057
1521906827878;1972;1963;15;78299136;7497836;10389057
1521906827978;1982;1973;15;78299136;7497836;10389057
1521906828078;1992;1983;15;78299136;7497836;10389057
1521906828178;2002;1993;15;78299136;7497836;10389057
1521906828278;2012;2003;15;78299136;7498012;10389225
1521906828378;2022;2013;15;78299136;7498012;10389225
1521906828478;2032;2022;16;78299136;7498324;10396480
1521906828578;2042;2032;16;78299136;7498584;10403241
1521906828678;2052;2042;16;78299136;7498584;10403241
1521906828779;2062;2052;16;78299136;7498584;10403241
1521906828879;2072;2062;16;78299136;7498584;10403241
1521906828979;2082;2072;16;78299136;7498584;10403241
1521906829079;2092;2082;16;78299136;7498584;10403241
1521906829179;2102;2092;16;78299136;7498584;10403241
1521906829279;2112;2102;16;78299136;7498630;10403293
1521906829379;2122;2112;16;78299136;7498630;10403293
1521906829480;2132;2122;16;78299136;7498890;10410619
1521906829580;2142;2132;16;78299136;7499150;10417212
1521906829680;2152;2141;17;78299136;7499150;10417212
1521906829780;2162;2151;17;78299136;7499150;10417212
1521906829880;2172;2161;17;78299136;7499150;10417212
1521906829980;2182;2170;18;78299136;7499150;10417212
1521906830080;2192;2180;18;78299136;7499150;10417212
1521906830180;2202;2191;18;78299136;7499150;10417212
1521906830280;2212;2201;18;78299136;7499150;10417212
1521906830380;2222;2211;18;78299136;7499196;10417264
1521906830480;2232;2221;18;78299136;7499456;10423566
1521906830580;2242;2231;18;78299136;7499716;10430715
1521906830680;2252;2241;18;78299136;7499716;10430715
1521906830780;2262;2251;18;78299136;7499716;10430715
1521906830880;2272;2261;18;78299136;7499716;10430715
1521906830981;2282;2271;18;78299136;7499716;10430715
1521906831081;2292;2281;18;78299136;7499716;10430715
1521906831181;2302;2291;18;78299136;7499716;10430715
1521906831281;2312;2301;18;78299136;7499716;10430715
1521906831381;2322;2311;18;78299136;7499716;10430715
1521906831481;2332;2321;18;78299136;7500022;10437432
1521906831581;2342;2331;18;78299136;7500282;10444944
1521906831681;2352;2341;18;78299136;7500458;10445112
1521906831781;2362;2351;18;78299136;7500458;10445112
1521906831881;2372;2361;18;78299136;7500458;10445112
1521906831981;2382;2361;18;78299136;7500458;10445112
1521906832081;2392;2361;18;78299136;7500458;10445112
1521906832181;2402;2361;18;78299136;7500458;10445112
1521906832281;2412;2361;18;78299136;7500458;10445112
1521906832381;2422;2361;18;78299136;7500458;10445112
1521906832481;2432;2361;18;78299136;7500614;10448112
1521906832581;2442;2361;18;78299136;7500770;10449902
1521906832681;2452;2361;18;69910528;7501082;10450226
