currentTs;total_time;user_time;sys_time;virtual_size;in_octets;out_octets
1527786203213;0;0;0;1409024;35617162;54191472
1527786203313;10;7;2;16650240;35617162;54191472
1527786203413;20;15;2;26357760;35619048;54194622
1527786203513;30;22;3;26357760;35620516;54197306
1527786203613;40;29;4;26357760;35622234;54199991
1527786203713;50;38;4;26357760;35624004;54202973
1527786203813;60;47;4;26357760;35625774;54205955
1527786203913;70;53;5;26357760;35627367;54208638
1527786204013;80;60;5;26357760;35628783;54211026
1527786204113;90;68;6;26357760;35630553;54214011
1527786204214;100;77;6;26357760;35632323;54216996
1527786204314;110;85;6;26357760;35634093;54219980
1527786204414;120;93;6;26357760;35635925;54222880
1527786204514;130;100;7;26357760;35637570;54225864
1527786204614;140;108;7;26357760;35639288;54228550
1527786204714;150;116;7;26357760;35641058;54231533
1527786204814;160;125;8;26357760;35642828;54234517
1527786204914;170;134;8;26357760;35644598;54237503
1527786205014;180;142;8;26357760;35646368;54240487
1527786205114;190;150;8;26357760;35648138;54243468
1527786205214;200;158;9;26357760;35649908;54246455
1527786205314;210;166;10;26357760;35651678;54249440
1527786205415;220;174;10;26357760;35653687;54252639
1527786205515;230;183;10;26357760;35655457;54255623
1527786205615;240;191;11;26357760;35657227;54258606
1527786205715;250;198;12;26357760;35658997;54261587
1527786205815;260;206;13;26357760;35660767;54264570
1527786205915;270;215;13;26357760;35662537;54267551
1527786206015;280;223;14;26357760;35664307;54270535
1527786206116;290;231;14;26357760;35666077;54273520
1527786206216;300;239;15;26357760;35667722;54276502
1527786206316;310;243;15;26357760;35668607;54277994
1527786206416;320;250;15;26357760;35670148;54280383
1527786206516;330;257;16;26357760;35672157;54283588
1527786206617;340;265;17;26357760;35673927;54286578
1527786206717;350;273;18;26357760;35675697;54289563
1527786206817;361;280;20;26357760;35677467;54292546
1527786206918;371;288;20;26357760;35679237;54295532
1527786207018;381;296;22;26357760;35681007;54298518
1527786207118;391;303;23;26357760;35682777;54301502
1527786207218;401;311;24;26357760;35684547;54304485
1527786207318;411;319;24;26357760;35686317;54307468
1527786207418;421;326;26;26357760;35688087;54310453
1527786207518;431;333;26;26357760;35689919;54313355
1527786207618;441;341;27;26357760;35691689;54316340
1527786207718;451;350;27;26357760;35693509;54319323
1527786207819;461;357;28;26357760;35695375;54322312
1527786207919;471;366;28;26357760;35697145;54325297
1527786208019;481;374;29;26357760;35698915;54328282
1527786208119;491;383;29;26357760;35700685;54331266
1527786208219;501;391;30;26357760;35702455;54334252
1527786208319;511;398;31;26357760;35704225;54337238
1527786208419;521;407;31;26357760;35705995;54340221
1527786208519;531;415;31;26357760;35708004;54343420
1527786208620;541;423;32;26357760;35709774;54346404
1527786208720;551;431;33;26357760;35711544;54349391
1527786208820;561;439;34;26357760;35713314;54352376
1527786208920;571;448;34;26357760;35715084;54355362
1527786209020;581;455;35;26357760;35716854;54358344
1527786209120;591;463;36;26357760;35718801;54361627
1527786209220;601;471;36;26357760;35720571;54364613
1527786209321;611;478;38;26357760;35722341;54367600
1527786209421;621;487;38;26357760;35724111;54370586
1527786209521;631;495;39;26357760;35726120;54373784
1527786209621;641;504;39;26357760;35727890;54376767
1527786209721;651;511;40;26357760;35729660;54379750
1527786209821;661;519;40;26357760;35731430;54382735
1527786209922;671;527;42;26357760;35733200;54385719
1527786210022;681;536;42;26357760;35734970;54388702
1527786210122;691;543;43;26357760;35736740;54391686
1527786210222;701;550;44;26357760;35738510;54394669
1527786210322;711;559;44;26357760;35740280;54397655
1527786210422;721;568;44;26357760;35742050;54400639
1527786210522;731;576;45;26357760;35743934;54403840
1527786210622;741;584;46;26357760;35745829;54406822
1527786210722;751;592;46;26357760;35747599;54409805
1527786210822;761;601;46;26357760;35749369;54412788
1527786210922;771;609;47;26357760;35751139;54415772
1527786211022;781;618;48;26357760;35752909;54418758
1527786211122;791;626;48;26357760;35754679;54421742
1527786211222;801;634;49;26357760;35756449;54424724
1527786211322;811;642;49;26357760;35758219;54427707
1527786211422;821;651;49;26357760;35759989;54430687
1527786211522;831;659;50;26357760;35761998;54433884
1527786211623;841;667;50;26357760;35763768;54436865
1527786211723;851;675;51;26357760;35765538;54439846
1527786211823;861;683;52;26357760;35767308;54442828
1527786211923;871;692;52;26357760;35768901;54445513
1527786212023;881;700;52;26357760;35770671;54448493
1527786212123;891;707;53;26357760;35772441;54451475
1527786212223;901;715;54;26357760;35774211;54454456
1527786212324;911;724;54;26357760;35775981;54457438
1527786212424;921;732;55;26357760;35777751;54460420
1527786212524;931;739;56;26357760;35779760;54463618
1527786212624;941;746;58;26357760;35781530;54466601
1527786212724;951;755;58;26357760;35783300;54469581
1527786212824;961;764;58;26357760;35785070;54472564
1527786212924;971;772;59;26357760;35786840;54475549
1527786213025;981;780;59;26357760;35788610;54478532
1527786213125;991;789;60;26357760;35790380;54481517
1527786213225;1001;796;61;26357760;35792327;54484799
1527786213326;1011;804;62;26357760;35794097;54487781
1527786213426;1021;812;62;26357760;35795690;54490463
1527786213526;1031;820;64;26357760;35797699;54493660
1527786213626;1041;828;64;26357760;35799469;54496641
1527786213726;1051;836;64;26357760;35801239;54499623
1527786213827;1061;844;65;26357760;35803009;54502608
1527786213927;1071;852;66;26357760;35804779;54505593
1527786214027;1081;860;67;26357760;35806549;54508581
1527786214127;1091;868;68;26357760;35808319;54511564
1527786214227;1101;876;68;26357760;35810089;54514548
1527786214327;1112;884;68;26357760;35811859;54517532
1527786214427;1122;892;69;26357760;35813629;54520518
1527786214527;1132;901;70;26357760;35815638;54523722
1527786214628;1142;909;70;26357760;35817408;54526709
1527786214728;1152;918;70;26357760;35819178;54529696
1527786214828;1162;926;70;26357760;35820948;54532682
1527786214928;1172;934;71;26357760;35822718;54535668
1527786215028;1182;942;72;26357760;35824488;54538663
1527786215128;1192;950;73;26357760;35826258;54541670
1527786215229;1202;958;74;26357760;35828028;54544664
1527786215329;1212;966;74;26357760;35829798;54547658
1527786215429;1222;974;75;26357760;35831568;54550655
1527786215529;1232;982;75;26357760;35833577;54553863
1527786215630;1242;991;76;26357760;35835170;54556553
1527786215730;1252;998;77;26357760;35836940;54559553
1527786215830;1262;1007;77;26357760;35838710;54562553
1527786215930;1272;1014;78;26357760;35840303;54565253
1527786216030;1282;1021;79;26357760;35842073;54568253
1527786216130;1292;1028;79;26357760;35843489;54570652
1527786216230;1302;1036;80;26357760;35845259;54573652
1527786216331;1312;1044;81;26357760;35847029;54576652
1527786216431;1322;1052;82;26357760;35848799;54579652
1527786216531;1332;1060;83;26357760;35850808;54582867
1527786216631;1342;1068;83;26357760;35852578;54585866
1527786216731;1352;1076;84;26357760;35854348;54588866
1527786216831;1362;1085;84;26357760;35856118;54591865
1527786216931;1372;1093;84;26357760;35857888;54594865
1527786217032;1382;1102;84;26357760;35859658;54597865
1527786217132;1392;1109;86;26357760;35861428;54600863
1527786217232;1402;1117;87;26357760;35863198;54603859
1527786217332;1412;1125;88;26357760;35864968;54606858
1527786217432;1422;1133;88;26357760;35866738;54609855
1527786217532;1432;1142;88;26357760;35868747;54613068
1527786217632;1442;1150;89;26357760;35870517;54616067
1527786217733;1452;1157;90;26357760;35872287;54619064
1527786217833;1462;1164;92;26357760;35874057;54622064
1527786217933;1472;1173;92;26357760;35875827;54625064
1527786218033;1482;1180;94;26357760;35877597;54628062
1527786218133;1492;1188;95;26357760;35879367;54631059
1527786218233;1502;1196;96;26357760;35881137;54634056
1527786218333;1512;1204;96;26357760;35882907;54637054
1527786218434;1522;1212;97;26357760;35884677;54640053
1527786218534;1532;1220;98;26357760;35886686;54643266
1527786218634;1542;1227;100;26357760;35888456;54646264
1527786218734;1552;1235;100;26357760;35890226;54649261
1527786218834;1562;1242;101;26357760;35891996;54652258
1527786218934;1572;1250;102;26357760;35893766;54655252
1527786219034;1582;1258;104;26357760;35895536;54658251
1527786219134;1592;1266;104;26357760;35897306;54661251
1527786219234;1602;1274;105;26357760;35899076;54664246
1527786219334;1612;1282;106;26357760;35900846;54667241
1527786219434;1622;1290;106;26357760;35902616;54670241
1527786219534;1632;1298;107;26357760;35904625;54673455
1527786219634;1642;1306;108;26357760;35906395;54676454
1527786219735;1652;1315;108;26357760;35908165;54679449
1527786219835;1662;1323;108;26357760;35909935;54682449
1527786219935;1672;1332;108;26357760;35911705;54685449
1527786220035;1682;1339;110;26357760;35913475;54688446
1527786220135;1692;1348;110;26357760;35915245;54691443
1527786220235;1702;1356;110;26357760;35917015;54694441
1527786220335;1712;1364;111;26357760;35918785;54697438
1527786220436;1722;1373;111;26357760;35920555;54700442
1527786220536;1732;1381;112;26357760;35922564;54703664
1527786220636;1742;1389;113;26357760;35924334;54706663
1527786220736;1752;1397;113;26357760;35926104;54709661
1527786220836;1762;1405;114;26357760;35927874;54712658
1527786220936;1772;1412;116;26357760;35929733;54715656
1527786221036;1782;1420;116;26357760;35931503;54718653
1527786221137;1792;1428;117;26357760;35933273;54721648
1527786221237;1802;1437;117;26357760;35935043;54724646
1527786221337;1813;1445;118;26357760;35936813;54727644
1527786221437;1822;1452;119;26357760;35938583;54730647
1527786221537;1833;1460;120;26357760;35940299;54733395
1527786221638;1843;1469;120;26357760;35942185;54736543
1527786221738;1853;1477;120;26357760;35943955;54739528
1527786221838;1863;1485;121;26357760;35945725;54742514
1527786221938;1873;1493;121;26357760;35947318;54745202
1527786222038;1883;1500;122;26357760;35949177;54748189
1527786222138;1893;1509;122;26357760;35950947;54751176
1527786222238;1903;1518;122;26357760;35952717;54754163
1527786222339;1913;1527;123;26357760;35954487;54757148
1527786222439;1923;1535;124;26357760;35956257;54760134
1527786222539;1933;1544;124;26357760;35958027;54763120
1527786222639;1943;1552;124;26357760;35960036;54766324
1527786222739;1953;1559;126;26357760;35961856;54769316
1527786222839;1963;1567;126;26357760;35963676;54772311
1527786222939;1973;1575;127;26357760;35965446;54775304
1527786223040;1983;1583;127;26357760;35967216;54778299
1527786223140;1993;1590;129;26357760;35968986;54781296
1527786223240;2003;1599;129;26357760;35970756;54784288
1527786223340;2013;1608;130;26357760;35972526;54787282
1527786223440;2023;1616;130;26357760;35974296;54790276
1527786223540;2033;1623;132;26357760;35976066;54793271
1527786223640;2043;1632;132;26357760;35978075;54796481
1527786223740;2053;1640;132;26357760;35979845;54799476
1527786223840;2063;1649;132;26357760;35981615;54802472
1527786223940;2073;1657;133;26357760;35983385;54805469
1527786224040;2083;1664;134;26357760;35985155;54808463
1527786224140;2093;1672;135;26357760;35986925;54811457
1527786224241;2103;1681;135;26357760;35988872;54814754
1527786224341;2113;1690;135;26357760;35990465;54817451
1527786224441;2123;1698;135;26357760;35992235;54820447
1527786224541;2133;1706;136;26357760;35994253;54823741
1527786224641;2143;1715;136;26357760;35996014;54826651
1527786224741;2153;1723;137;26357760;35997784;54829641
1527786224841;2163;1731;137;26357760;35999554;54832633
1527786224941;2173;1740;137;26357760;36001324;54835628
1527786225041;2183;1748;138;26357760;36003094;54838626
1527786225141;2193;1756;138;26357760;36004864;54841619
1527786225242;2203;1763;140;26357760;36006634;54844607
1527786225342;2213;1772;141;26357760;36008404;54847598
1527786225442;2223;1780;141;26357760;36010174;54850593
1527786225542;2233;1788;142;26357760;36011944;54853584
1527786225642;2243;1796;142;26357760;36013953;54856795
1527786225742;2253;1805;142;26357760;36015723;54859785
1527786225842;2263;1813;143;26357760;36017493;54862777
1527786225942;2273;1822;143;26357760;36019263;54865761
1527786226043;2283;1829;144;26357760;36021033;54868743
1527786226143;2293;1837;145;26357760;36022803;54871726
1527786226243;2303;1846;146;26357760;36024573;54874712
1527786226343;2313;1854;146;26357760;36026343;54877695
1527786226443;2323;1863;146;26357760;36028213;54880678
1527786226544;2333;1870;148;26357760;36029983;54883661
1527786226644;2343;1878;148;26357760;36031815;54886562
1527786226744;2353;1886;149;26357760;36033585;54889545
1527786226844;2363;1893;150;26357760;36035496;54892530
1527786226944;2373;1900;152;26357760;36037266;54895513
1527786227044;2383;1908;153;26357760;36039036;54898496
1527786227144;2393;1916;154;26357760;36040806;54901483
1527786227245;2403;1924;155;26357760;36042576;54904468
1527786227345;2413;1932;155;26357760;36044523;54907749
1527786227445;2423;1941;156;26357760;36046293;54910731
1527786227545;2433;1949;156;26357760;36048063;54913713
1527786227645;2443;1957;157;26357760;36050072;54916914
1527786227745;2453;1966;157;26357760;36051842;54919900
1527786227846;2463;1974;158;26357760;36053612;54922884
1527786227946;2473;1982;158;26357760;36055382;54925869
1527786228046;2483;1990;159;26357760;36057152;54928850
1527786228146;2493;1999;159;26357760;36058922;54931835
1527786228246;2503;2008;159;26357760;36060692;54934816
1527786228346;2513;2016;160;26357760;36062462;54937799
1527786228446;2523;2024;160;26357760;36064232;54940786
1527786228547;2533;2033;160;26357760;36066002;54943770
1527786228647;2543;2040;161;26357760;36067834;54946673
1527786228747;2553;2048;162;26357760;36069604;54949657
