currentTs;total_time;user_time;sys_time;virtual_size;in_octets;out_octets
1521390255040;1;0;0;13340672;18390806;23422245
1521390255140;11;9;1;300900352;18390806;23422245
1521390255240;21;19;1;306909184;18390806;23422245
1521390255340;31;28;2;306909184;18390806;23422245
1521390255440;41;41;2;312807424;18390806;23422245
1521390255540;51;54;2;313946112;18390806;23422245
1521390255640;61;65;2;313946112;18390806;23422245
1521390255740;71;78;2;313946112;18390806;23422245
1521390255840;81;93;2;313966592;18390806;23422245
1521390255940;91;103;2;314097664;18390806;23422245
1521390256040;101;111;4;314097664;18390806;23422245
1521390256140;111;122;4;314097664;18390806;23422245
1521390256240;121;134;5;314097664;18390806;23422245
1521390256340;131;145;5;314097664;18390806;23422245
1521390256440;141;157;6;314335232;18390806;23422245
1521390256540;151;167;7;314339328;18390806;23422245
1521390256640;161;181;7;314339328;18390806;23422245
1521390256740;171;190;8;314339328;18390806;23422245
1521390256840;181;200;8;314339328;18390806;23422245
1521390256940;191;211;8;314339328;18390806;23422245
1521390257040;201;222;8;314339328;18390806;23422245
1521390257140;211;232;9;314339328;18390806;23422245
1521390257240;221;242;9;315387904;18390806;23422245
1521390257340;231;255;9;315387904;18390806;23422245
1521390257440;241;265;11;315461632;18390806;23422245
1521390257540;251;274;12;315461632;18390806;23422245
1521390257640;261;286;12;316510208;18390806;23422245
1521390257740;271;296;14;316510208;18390806;23422245
1521390257840;281;306;15;317558784;18390806;23422245
1521390257940;291;317;15;317558784;18390806;23422245
1521390258040;301;326;15;317558784;18390806;23422245
1521390258140;311;338;15;317558784;18390806;23422245
1521390258241;321;348;15;318607360;18390806;23422245
1521390258342;331;361;15;318607360;18390806;23422245
1521390258443;342;372;15;318607360;18390806;23422245
1521390258543;352;385;15;318607360;18390806;23422245
1521390258643;362;396;15;318607360;18390806;23422245
1521390258743;372;407;15;318607360;18390806;23422245
1521390258843;382;418;16;319655936;18390806;23422245
1521390258943;392;428;16;319655936;18390806;23422245
1521390259043;402;438;16;319655936;18390806;23422245
1521390259143;412;448;17;319655936;18390806;23422245
1521390259243;422;458;17;319655936;18390806;23422245
1521390259343;432;468;17;319655936;18390806;23422245
1521390259443;442;478;18;320704512;18390806;23422245
1521390259543;452;489;18;321753088;18390806;23422245
1521390259643;462;501;18;351232000;18390806;23422245
1521390259743;472;512;19;351559680;18391151;23422878
1521390259843;482;525;19;351559680;18391380;23423400
1521390259943;492;539;19;351559680;18391609;23423923
1521390260043;502;549;19;351559680;18392067;23424958
1521390260143;512;560;19;351559680;18392296;23425473
1521390260243;522;571;19;351559680;18392525;23425990
1521390260343;532;581;19;351559680;18392983;23427025
1521390260444;542;592;20;351559680;18393212;23427543
1521390260544;552;603;20;351559680;18393670;23428575
1521390260644;562;615;20;351559680;18393899;23429092
1521390260744;572;625;21;351559680;18394357;23430126
1521390260844;582;635;21;351559680;18394586;23430643
1521390260944;592;647;21;351559680;18395044;23431677
1521390261044;602;657;21;351559680;18395273;23432192
1521390261144;612;669;21;351559680;18395731;23433223
1521390261244;622;679;22;351559680;18395960;23433741
1521390261344;632;691;22;351559680;18396418;23434772
1521390261444;642;701;22;351559680;18396647;23435290
1521390261544;652;713;22;351559680;18397105;23436327
1521390261644;662;724;22;351559680;18397563;23437362
1521390261744;672;736;22;351559680;18397792;23437878
1521390261844;682;746;24;351559680;18398250;23438913
1521390261944;692;759;24;351559680;18398708;23439946
1521390262044;702;771;24;351559680;18398937;23440462
1521390262144;712;782;24;351559680;18399395;23441498
1521390262244;722;791;25;351559680;18399853;23442533
1521390262344;732;800;25;351559680;18400311;23443569
1521390262444;742;813;25;351559680;18400590;23444087
1521390262544;752;824;25;351559680;18401094;23445121
1521390262644;762;835;26;351559680;18401552;23446154
1521390262744;772;846;26;351559680;18402010;23447186
1521390262844;782;856;27;351559680;18402239;23447701
1521390262944;792;869;27;352608256;18402743;23448735
1521390263044;802;880;27;352608256;18403201;23449769
1521390263144;812;891;27;352608256;18403659;23450804
1521390263244;822;902;27;352608256;18404117;23451840
1521390263344;832;912;27;352608256;18404346;23452356
1521390263444;842;922;27;352608256;18404804;23453391
1521390263544;852;931;28;352608256;18405262;23454424
1521390263644;862;941;28;352608256;18405720;23455460
1521390263744;872;952;29;352608256;18406178;23456496
1521390263844;882;962;29;352608256;18406636;23457529
1521390263944;892;973;29;352608256;18406865;23458044
1521390264044;902;982;30;352608256;18407323;23459079
1521390264144;912;992;30;352608256;18407781;23460113
1521390264244;922;1005;30;352608256;18408239;23461147
1521390264344;932;1016;30;352608256;18408697;23462181
1521390264444;942;1024;31;352608256;18409155;23463219
1521390264544;952;1034;31;352608256;18409613;23464255
1521390264644;962;1043;31;352608256;18410071;23465289
1521390264744;972;1058;31;352608256;18410300;23465806
1521390264844;982;1068;31;352608256;18410758;23466839
1521390264944;992;1077;33;352608256;18411216;23467872
1521390265044;1002;1088;33;352608256;18411674;23468902
1521390265144;1012;1097;34;352608256;18412132;23469935
1521390265244;1022;1109;34;352608256;18412590;23470972
1521390265344;1032;1119;34;352608256;18413048;23472006
1521390265444;1042;1128;34;352608256;18413506;23473039
1521390265544;1052;1139;34;352608256;18414087;23474073
1521390265644;1062;1149;35;352608256;18414432;23474704
1521390265744;1072;1157;37;352608256;18414890;23475739
1521390265844;1082;1167;37;352608256;18415348;23476775
1521390265944;1092;1176;37;352608256;18415806;23477807
1521390266044;1102;1188;37;352608256;18416652;23478841
1521390266144;1112;1197;37;352608256;18417110;23479875
1521390266244;1122;1208;37;352608256;18417568;23480911
1521390266344;1132;1217;38;352608256;18418026;23481949
1521390266444;1142;1236;38;353656832;18418484;23482985
1521390266544;1152;1246;39;353656832;18418942;23484020
1521390266644;1162;1256;39;353656832;18419400;23485057
1521390266744;1172;1266;39;353656832;18419858;23486089
1521390266844;1182;1278;40;353656832;18420316;23487124
1521390266944;1192;1290;40;353656832;18420774;23488160
1521390267044;1202;1300;40;353656832;18421232;23489194
1521390267144;1212;1309;40;353656832;18421690;23490229
1521390267245;1222;1320;40;353656832;18422148;23491264
1521390267345;1232;1329;41;353656832;18422606;23492299
1521390267446;1242;1340;41;353656832;18423064;23493334
1521390267546;1252;1349;43;353656832;18423522;23494370
1521390267647;1262;1359;43;353656832;18423980;23495405
1521390267748;1272;1368;43;353656832;18424438;23496440
1521390267849;1282;1378;43;353656832;18424896;23497476
1521390267950;1292;1388;43;353656832;18425354;23498507
1521390268051;1302;1399;43;353656832;18425812;23499539
1521390268152;1312;1415;43;353656832;18426270;23500572
1521390268252;1322;1432;44;353656832;18426728;23501606
1521390268352;1332;1442;44;353656832;18427186;23502639
1521390268452;1342;1451;44;353656832;18427644;23503671
1521390268553;1353;1460;44;353656832;18428102;23504707
1521390268653;1363;1469;45;353656832;18428560;23505742
1521390268753;1373;1478;45;353656832;18429018;23506778
1521390268853;1383;1487;45;353656832;18429476;23507813
1521390268953;1393;1501;46;353656832;18429934;23508848
1521390269053;1403;1511;46;353656832;18430392;23509883
1521390269153;1413;1520;46;353656832;18430850;23510915
1521390269253;1423;1530;46;353656832;18431308;23511950
1521390269353;1433;1540;46;353656832;18431766;23512983
1521390269453;1443;1549;46;353656832;18432224;23514019
1521390269553;1453;1559;46;353656832;18432682;23515055
1521390269653;1463;1569;46;353656832;18433140;23516093
1521390269753;1473;1578;47;353656832;18433598;23517128
1521390269853;1483;1589;47;353656832;18434056;23518164
1521390269953;1493;1601;47;353656832;18434514;23519489
1521390270053;1503;1614;48;353656832;18435201;23520753
1521390270153;1513;1623;48;353656832;18435659;23521786
1521390270254;1523;1634;48;353656832;18436117;23522821
1521390270354;1533;1643;48;353656832;18436575;23523857
1521390270455;1543;1653;48;353656832;18437033;23524892
1521390270555;1553;1664;48;353656832;18437614;23525930
1521390270656;1563;1673;48;353656832;18438188;23527076
1521390270757;1573;1683;48;353656832;18438646;23528110
1521390270858;1583;1692;48;353656832;18439333;23529658
1521390270958;1593;1702;48;353656832;18439791;23530691
1521390271058;1603;1711;48;353656832;18440249;23531727
1521390271158;1613;1721;48;353656832;18440707;23532764
1521390271258;1623;1732;48;353656832;18441165;23533800
1521390271358;1633;1741;48;353656832;18441623;23534836
1521390271458;1643;1751;48;353656832;18442081;23535871
1521390271559;1653;1761;48;353656832;18442539;23536905
1521390271659;1663;1770;48;353656832;18442997;23537937
1521390271759;1673;1780;48;353656832;18443455;23538969
1521390271859;1683;1789;48;353656832;18443913;23540004
1521390271959;1693;1800;49;353656832;18444371;23541037
1521390272059;1703;1809;50;353656832;18444829;23542072
1521390272159;1713;1818;50;353656832;18445287;23543104
1521390272260;1723;1828;50;353656832;18445745;23544141
1521390272360;1733;1837;50;353656832;18446203;23545176
1521390272460;1743;1846;50;353656832;18446765;23546676
1521390272560;1753;1854;51;353656832;18447348;23547763
1521390272660;1763;1863;51;353656832;18447806;23548799
1521390272760;1773;1873;51;353656832;18448264;23549833
1521390272860;1783;1883;51;353656832;18448722;23550870
1521390272960;1793;1896;51;353656832;18449180;23551905
1521390273060;1803;1910;51;353656832;18449638;23552942
1521390273160;1813;1920;51;353656832;18450096;23553974
1521390273260;1823;1928;52;353656832;18450554;23555010
1521390273360;1833;1938;52;353656832;18451241;23556560
1521390273460;1843;1948;52;353656832;18451699;23557594
1521390273560;1853;1959;52;353656832;18452157;23558630
1521390273660;1863;1968;52;353656832;18452615;23559664
1521390273760;1873;1978;52;353656832;18453073;23560700
1521390273860;1883;1988;52;353656832;18453531;23561736
1521390273960;1893;1999;52;353656832;18453989;23562770
1521390274060;1903;2007;53;353656832;18454447;23563805
1521390274160;1913;2016;53;353656832;18455134;23565360
1521390274260;1923;2026;53;353656832;18455592;23566395
1521390274360;1933;2035;53;353656832;18456050;23567429
1521390274460;1943;2045;53;353656832;18456508;23568462
1521390274560;1953;2055;53;353656832;18456966;23569494
1521390274660;1963;2064;53;353656832;18457424;23570532
1521390274760;1973;2074;53;353656832;18457882;23571567
1521390274860;1983;2085;53;353656832;18458340;23572603
1521390274960;1993;2095;53;353656832;18458798;23573639
1521390275060;2003;2104;53;353656832;18459256;23574674
1521390275160;2013;2114;53;353656832;18459714;23575710
1521390275260;2023;2123;53;353656832;18460172;23576744
1521390275360;2033;2135;54;353656832;18460753;23577777
1521390275460;2043;2152;54;353656832;18461327;23578923
1521390275560;2053;2161;54;353656832;18461785;23579959
1521390275660;2063;2169;55;353656832;18462243;23580995
1521390275760;2073;2178;55;353656832;18462701;23582032
1521390275860;2083;2188;55;353656832;18463159;23583066
1521390275960;2093;2196;56;353656832;18463617;23584103
1521390276060;2103;2205;56;353656832;18464075;23585137
1521390276160;2113;2215;57;353656832;18464533;23586172
1521390276260;2123;2225;57;353656832;18464991;23587206
1521390276360;2133;2234;57;353656832;18465449;23588240
1521390276460;2143;2243;57;353656832;18465907;23589277
1521390276560;2153;2252;57;353656832;18466365;23590311
1521390276660;2163;2259;59;353656832;18466823;23591347
1521390276760;2173;2269;59;353656832;18467510;23592894
1521390276860;2183;2279;59;353656832;18467968;23593928
1521390276960;2193;2288;59;353656832;18468426;23594959
1521390277060;2203;2296;60;353656832;18468884;23595995
1521390277160;2213;2306;60;353656832;18469342;23597029
1521390277260;2223;2313;61;353656832;18469800;23598064
1521390277360;2233;2323;61;353656832;18470258;23599099
1521390277460;2243;2331;62;353656832;18470766;23600134
1521390277560;2253;2341;62;353656832;18471453;23601689
1521390277660;2263;2350;63;353656832;18471911;23602724
1521390277760;2273;2360;63;353656832;18472415;23603758
1521390277860;2283;2369;63;353656832;18472873;23604794
1521390277960;2293;2380;63;353656832;18473377;23605828
1521390278060;2303;2391;63;353656832;18473835;23607328
1521390278160;2313;2400;63;353656832;18474397;23608362
1521390278260;2323;2409;64;353656832;18474980;23609447
1521390278360;2333;2418;64;353656832;18475438;23610483
1521390278460;2343;2427;64;353656832;18475896;23611518
1521390278560;2353;2434;65;353656832;18476354;23612554
1521390278660;2363;2444;66;353656832;18476812;23613590
1521390278760;2373;2453;66;353656832;18477270;23614623
1521390278860;2383;2464;66;353656832;18477728;23615654
1521390278960;2393;2482;66;353656832;18478186;23616688
1521390279060;2403;2501;66;353656832;18478644;23617720
1521390279160;2413;2510;67;353656832;18479331;23619271
1521390279260;2423;2524;67;353656832;18479789;23620306
1521390279360;2433;2532;68;353656832;18480247;23621341
1521390279460;2443;2542;68;353656832;18480705;23622375
1521390279560;2453;2552;68;353656832;18481392;23623926
1521390279660;2463;2562;68;353656832;18481850;23624959
1521390279760;2473;2572;68;353656832;18482308;23625992
1521390279860;2483;2582;68;353656832;18482766;23627027
1521390279960;2493;2591;69;353656832;18483224;23628061
1521390280060;2503;2601;69;353656832;18483786;23629557
1521390280160;2513;2609;70;353656832;18484608;23630755
1521390280260;2523;2619;70;353656832;18485066;23631790
1521390280360;2533;2628;70;353656832;18485524;23632826
1521390280460;2543;2638;70;353656832;18485982;23633860
1521390280560;2553;2648;70;353656832;18486669;23635410
1521390280660;2563;2659;70;353656832;18487127;23636444
1521390280760;2573;2668;70;353656832;18487585;23637478
1521390280860;2583;2678;70;353656832;18488043;23638513
1521390280960;2593;2688;70;353656832;18488501;23639544
1521390281060;2603;2698;70;353656832;18489188;23641091
1521390281160;2613;2709;71;353656832;18489646;23642122
1521390281260;2623;2717;72;353656832;18490104;23643155
1521390281360;2633;2727;72;353656832;18490562;23644189
1521390281460;2643;2737;72;353656832;18491249;23645740
1521390281560;2653;2746;72;353656832;18491707;23646778
1521390281660;2663;2755;72;353656832;18492165;23647811
1521390281760;2673;2765;72;353656832;18492623;23648844
1521390281860;2683;2776;72;353656832;18493081;23649879
1521390281960;2693;2785;72;353656832;18493768;23651428
1521390282060;2703;2793;73;353656832;18494226;23652463
1521390282160;2713;2804;73;353656832;18494684;23653498
1521390282260;2723;2814;73;353656832;18495142;23654535
1521390282360;2733;2824;73;353656832;18495600;23655569
1521390282460;2743;2833;73;353656832;18496287;23657122
1521390282560;2753;2842;73;353656832;18496745;23658158
1521390282660;2763;2852;73;353656832;18497203;23659193
1521390282760;2773;2861;73;353656832;18497661;23660226
1521390282860;2783;2871;74;353656832;18498348;23661778
1521390282960;2793;2880;74;353656832;18498806;23662813
1521390283060;2803;2889;74;353656832;18499264;23663849
1521390283160;2813;2898;75;353656832;18499722;23664884
1521390283260;2823;2908;75;353656832;18500409;23666436
1521390283360;2833;2918;75;353656832;18500867;23667471
1521390283460;2843;2927;75;353656832;18501325;23668502
1521390283560;2853;2935;76;353656832;18501783;23669538
1521390283660;2863;2945;76;353656832;18502470;23671090
1521390283761;2873;2954;76;353656832;18502928;23672124
1521390283862;2883;2963;76;353656832;18503386;23673158
1521390283963;2894;2975;76;353656832;18503844;23674194
1521390284064;2904;2984;77;353656832;18504406;23675696
1521390284165;2914;2994;77;353656832;18504989;23676781
1521390284266;2924;3005;77;353656832;18505447;23677814
1521390284366;2934;3015;77;353656832;18505905;23678847
1521390284466;2944;3025;77;353656832;18506363;23679880
1521390284566;2954;3034;78;353656832;18506821;23680915
1521390284666;2964;3052;78;353656832;18507518;23682063
1521390284766;2974;3065;78;353656832;18508108;23683099
1521390284866;2984;3074;78;353656832;18508670;23684600
1521390284966;2994;3084;78;353656832;18509253;23685686
1521390285066;3004;3094;78;353656832;18509711;23686721
1521390285166;3014;3103;78;353656832;18510169;23687759
1521390285266;3024;3114;78;353656832;18510856;23689308
1521390285366;3034;3124;78;353656832;18511314;23690344
1521390285466;3044;3134;78;353656832;18511772;23691379
1521390285566;3054;3145;78;353656832;18512230;23692417
1521390285666;3064;3154;78;353656832;18512917;23693965
1521390285766;3074;3164;78;353656832;18513375;23694999
1521390285866;3084;3173;78;353656832;18513833;23696034
1521390285966;3094;3183;78;353656832;18514291;23697068
1521390286066;3104;3193;78;353656832;18514978;23698619
1521390286166;3114;3203;78;353656832;18515436;23699650
1521390286266;3124;3212;78;353656832;18515894;23700688
1521390286366;3134;3222;78;353656832;18516352;23701722
1521390286466;3144;3232;78;353656832;18517039;23703274
1521390286566;3154;3242;78;353656832;18517497;23704309
1521390286666;3164;3251;78;353656832;18517955;23705344
1521390286766;3174;3261;78;353656832;18518413;23706380
1521390286866;3184;3270;78;353656832;18519100;23707934
1521390286966;3194;3280;78;353656832;18519558;23708971
1521390287066;3204;3289;78;353656832;18520016;23710005
1521390287166;3214;3303;78;353656832;18520474;23711039
1521390287266;3224;3312;79;353656832;18520932;23712071
1521390287366;3234;3322;79;353656832;18521619;23713623
1521390287466;3244;3332;79;353656832;18522077;23714657
1521390287566;3254;3341;79;353656832;18522535;23715693
1521390287666;3264;3351;79;353656832;18522993;23716726
1521390287766;3274;3360;79;353656832;18523680;23718282
1521390287866;3284;3370;79;353656832;18524138;23719317
1521390287966;3294;3379;80;353656832;18524596;23720348
1521390288066;3304;3389;80;353656832;18525158;23721850
1521390288167;3314;3398;80;353656832;18525741;23722938
1521390288268;3324;3407;80;353656832;18526199;23723973
1521390288369;3334;3417;80;353656832;18526657;23725009
1521390288470;3344;3427;80;353656832;18527344;23726560
1521390288570;3354;3436;80;353656832;18527802;23727595
1521390288670;3364;3446;80;353656832;18528260;23728629
1521390288770;3374;3456;80;353656832;18528718;23729667
1521390288870;3384;3466;80;353656832;18529405;23731218
1521390288970;3394;3474;80;353656832;18529863;23732248
1521390289070;3404;3485;80;353656832;18530444;23733285
1521390289170;3414;3496;80;353656832;18531018;23734433
1521390289270;3424;3505;80;353656832;18531705;23735986
1521390289370;3434;3516;80;353656832;18532163;23737019
1521390289470;3444;3525;80;353656832;18532621;23738053
1521390289570;3454;3535;80;353656832;18533079;23739089
1521390289670;3464;3545;80;353656832;18533766;23740644
1521390289770;3474;3555;80;353656832;18534224;23741679
1521390289870;3484;3564;80;353656832;18534682;23742711
1521390289970;3494;3574;80;353656832;18535369;23744259
1521390290070;3504;3584;80;353656832;18535827;23745295
1521390290170;3514;3593;81;353656832;18536285;23746330
1521390290270;3524;3602;81;353656832;18536743;23747363
1521390290370;3534;3610;82;353656832;18537201;23748396
1521390290470;3544;3618;82;353656832;18537659;23749431
1521390290570;3554;3627;83;353656832;18538117;23750467
1521390290670;3564;3636;83;353656832;18538804;23752019
1521390290770;3574;3645;83;353656832;18539262;23753053
1521390290870;3584;3657;83;353656832;18539720;23754088
1521390290970;3594;3666;84;353656832;18540178;23755121
1521390291070;3604;3675;84;353656832;18540865;23756671
1521390291170;3614;3687;84;353656832;18541323;23757706
1521390291270;3624;3697;84;353656832;18541781;23758741
1521390291370;3634;3706;84;353656832;18542239;23759774
1521390291470;3644;3715;84;353656832;18542926;23761325
1521390291570;3654;3725;84;353656832;18543384;23762358
1521390291670;3664;3735;84;353656832;18543842;23763393
1521390291770;3674;3748;84;353656832;18544300;23764429
1521390291870;3684;3755;85;353656832;18544987;23765980
1521390291970;3694;3765;85;353656832;18545445;23767015
1521390292070;3704;3773;86;353656832;18545903;23768048
1521390292170;3714;3783;86;353656832;18546465;23769549
1521390292270;3724;3790;88;353656832;18547048;23770635
1521390292370;3734;3800;88;353656832;18547506;23771667
1521390292470;3744;3808;89;353656832;18548014;23772703
1521390292570;3754;3817;89;353656832;18548518;23773739
1521390292670;3764;3827;89;353656832;18549251;23775288
1521390292770;3774;3836;89;353656832;18549709;23776324
1521390292870;3784;3845;90;353656832;18550167;23777357
1521390292970;3794;3855;90;353656832;18550625;23778394
1521390293070;3804;3863;91;353656832;18551312;23779945
1521390293170;3814;3873;91;353656832;18551770;23780979
1521390293270;3824;3882;91;353656832;18552228;23782011
1521390293370;3834;3892;91;353656832;18552686;23783047
1521390293470;3844;3901;91;353656832;18553373;23784599
1521390293570;3854;3910;91;353656832;18554070;23785798
1521390293670;3864;3920;91;353656832;18554528;23786833
1521390293770;3874;3930;91;353656832;18554986;23788336
1521390293870;3884;3938;92;353656832;18555673;23789425
1521390293970;3894;3948;92;353656832;18556131;23790459
1521390294070;3904;3959;92;353656832;18556589;23791496
1521390294170;3914;3969;92;353656832;18557151;23792999
1521390294270;3924;3978;92;353656832;18557734;23794084
1521390294370;3934;3987;93;353656832;18558192;23795118
1521390294470;3944;3998;93;353656832;18558650;23796153
1521390294570;3954;4009;93;353656832;18559108;23797186
1521390294670;3964;4018;93;353656832;18559795;23798739
1521390294770;3974;4027;94;353656832;18560253;23799774
1521390294870;3984;4036;94;353656832;18560711;23800809
1521390294970;3994;4046;94;353656832;18561398;23802362
1521390295070;4004;4056;94;353656832;18561856;23803397
1521390295170;4014;4064;95;353656832;18562314;23804431
1521390295270;4024;4071;96;353656832;18562772;23805465
1521390295370;4034;4081;96;353656832;18563230;23806500
1521390295471;4044;4094;96;353656832;18563792;23807999
1521390295571;4054;4104;96;353656832;18564375;23809086
1521390295671;4064;4115;96;353656832;18564833;23810121
1521390295771;4074;4127;96;353656832;18565291;23811156
1521390295871;4084;4138;96;353656832;18565749;23812186
1521390295971;4094;4147;96;353656832;18566436;23813741
1521390296071;4104;4158;96;353656832;18567282;23814775
1521390296171;4114;4168;96;353656832;18567740;23815812
1521390296272;4124;4178;96;353656832;18568198;23816848
1521390296373;4135;4189;96;353656832;18568885;23818401
1521390296473;4145;4200;96;353656832;18569343;23819435
1521390296573;4155;4210;96;353656832;18569801;23820472
1521390296673;4165;4219;96;353656832;18570488;23822022
1521390296773;4175;4228;96;353656832;18570946;23823056
1521390296873;4185;4238;96;353656832;18571404;23824091
1521390296973;4195;4247;96;353656832;18572091;23825647
1521390297073;4205;4258;96;353656832;18572549;23826685
1521390297173;4215;4268;96;353656832;18573007;23827718
1521390297273;4225;4277;97;353656832;18573465;23828749
1521390297373;4235;4288;97;353656832;18574152;23830298
1521390297473;4245;4297;97;353656832;18574610;23831330
1521390297573;4255;4307;97;353656832;18575068;23832365
1521390297673;4265;4316;97;353656832;18575526;23833400
1521390297773;4275;4326;97;353656832;18576213;23834951
1521390297873;4285;4334;98;353656832;18576671;23835987
1521390297973;4295;4345;98;353656832;18577252;23837126
1521390298073;4305;4354;98;353656832;18577826;23838273
1521390298173;4315;4363;98;353656832;18578513;23839826
1521390298273;4325;4373;98;353656832;18578971;23840859
1521390298373;4335;4383;98;353656832;18579429;23841890
1521390298473;4345;4393;98;353656832;18580116;23843443
1521390298573;4355;4403;98;353656832;18580574;23844476
1521390298673;4365;4412;98;353656832;18581032;23845511
1521390298773;4375;4420;100;353656832;18581490;23846543
1521390298873;4385;4429;100;353656832;18582177;23848094
1521390298973;4395;4438;100;353656832;18582635;23849130
1521390299073;4405;4449;100;353656832;18583093;23850164
1521390299173;4415;4458;100;353656832;18583551;23851197
1521390299273;4425;4466;101;353656832;18584238;23852749
1521390299373;4435;4476;101;353656832;18584696;23853779
1521390299473;4445;4486;101;353656832;18585154;23854811
1521390299573;4455;4496;101;353656832;18585841;23856366
1521390299673;4465;4505;101;353656832;18586299;23857400
1521390299773;4475;4515;101;353656832;18586757;23858434
1521390299873;4485;4525;101;353656832;18587215;23859470
1521390299973;4495;4533;102;353656832;18587673;23860968
1521390300073;4505;4543;102;353656832;18588360;23862055
1521390300173;4515;4552;102;353656832;18588818;23863084
1521390300273;4525;4562;102;353656832;18589276;23864119
1521390300373;4535;4571;102;353656832;18589963;23865669
1521390300473;4545;4581;102;353656832;18590421;23866702
1521390300573;4555;4590;102;353656832;18590879;23867737
1521390300673;4565;4601;102;353656832;18591566;23869287
1521390300773;4575;4611;102;353656832;18592024;23870321
1521390300873;4585;4622;102;353656832;18592482;23871354
1521390300973;4595;4635;102;353656832;18592940;23872386
1521390301073;4605;4647;102;353656832;18593398;23873422
1521390301173;4615;4657;102;353656832;18593856;23874456
1521390301273;4625;4666;102;353656832;18594314;23875489
1521390301373;4635;4679;103;353656832;18594543;23876007
1521390301473;4645;4688;104;353656832;18595230;23877555
1521390301573;4655;4699;104;353656832;18595688;23878589
1521390301673;4665;4711;104;353656832;18596146;23879623
1521390301773;4675;4720;105;353656832;18596604;23880658
1521390301873;4685;4730;105;353656832;18597062;23881690
1521390301973;4695;4740;105;353656832;18597749;23883240
1521390302073;4705;4750;105;353656832;18598207;23884274
1521390302173;4715;4761;105;353656832;18598665;23885311
1521390302273;4725;4770;105;353656832;18599123;23886345
1521390302373;4735;4781;105;353656832;18599810;23887899
1521390302473;4745;4791;105;353656832;18600391;23888932
1521390302573;4755;4802;105;353656832;18600965;23890077
1521390302673;4765;4812;105;353656832;18601423;23891109
1521390302773;4775;4821;105;353656832;18601985;23892607
1521390302873;4785;4830;105;353656832;18602568;23893691
1521390302973;4795;4839;106;353656832;18603026;23894726
1521390303073;4805;4849;106;353656832;18603484;23895761
1521390303173;4815;4859;106;353656832;18604171;23897313
1521390303274;4825;4870;106;353656832;18604629;23898346
1521390303374;4835;4880;106;353656832;18605087;23899379
1521390303474;4845;4889;106;353656832;18605545;23900411
1521390303574;4855;4899;106;353656832;18606003;23901445
1521390303675;4865;4912;106;353656832;18606461;23902479
1521390303776;4875;4923;106;353656832;18606919;23903512
1521390303876;4885;4934;106;353656832;18607377;23904546
1521390303976;4895;4945;106;353656832;18607835;23905582
1521390304076;4905;4956;106;353656832;18608293;23906615
1521390304176;4915;4966;106;353656832;18608751;23907650
1521390304276;4925;4978;106;353656832;18609209;23908684
1521390304376;4935;4988;106;353656832;18609771;23910185
1521390304476;4945;4999;106;353656832;18610354;23911271
1521390304576;4955;5010;106;353656832;18610812;23912304
1521390304676;4965;5020;106;353656832;18611270;23913334
1521390304776;4975;5030;106;353656832;18611728;23914367
1521390304876;4985;5040;106;353656832;18612186;23915402
1521390304976;4995;5052;107;353656832;18612644;23916438
1521390305076;5005;5062;107;353656832;18613102;23917474
1521390305176;5015;5073;107;353656832;18613560;23918509
1521390305276;5025;5083;107;353656832;18614018;23919543
1521390305377;5035;5094;107;353656832;18614476;23920579
1521390305478;5045;5105;107;353656832;18614934;23921615
1521390305579;5055;5117;108;353656832;18615392;23922650
1521390305679;5065;5130;108;353656832;18615850;23923685
1521390305779;5075;5142;108;353656832;18616308;23924720
1521390305879;5085;5153;108;353656832;18616766;23925754
1521390305979;5095;5164;108;353656832;18617453;23927300
1521390306079;5105;5177;109;353656832;18617786;23928280
1521390306179;5115;5190;109;353656832;18618369;23929366
1521390306280;5125;5202;109;353656832;18618827;23930400
1521390306380;5135;5213;109;353656832;18619285;23931436
1521390306480;5145;5224;109;353656832;18619743;23932467
1521390306580;5155;5234;109;353656832;18620201;23933502
1521390306680;5165;5246;109;353656832;18620659;23934533
1521390306780;5175;5258;109;353656832;18621117;23935565
1521390306880;5185;5270;109;353656832;18621575;23936594
1521390306980;5195;5280;109;353656832;18622033;23937625
1521390307080;5205;5291;109;353656832;18622720;23939177
1521390307180;5215;5303;109;353656832;18623178;23940214
1521390307280;5225;5312;109;353656832;18623875;23941362
1521390307380;5235;5323;109;353656832;18624333;23942396
1521390307480;5245;5333;109;353656832;18624841;23943429
1521390307580;5255;5342;110;353656832;18625299;23944462
1521390307680;5265;5355;110;353656832;18625757;23945494
1521390307780;5275;5364;111;353656832;18626215;23946528
1521390307880;5285;5374;111;353656832;18626948;23948077
1521390307980;5295;5385;112;353656832;18627456;23949111
1521390308080;5305;5394;112;353656832;18627914;23950147
1521390308180;5315;5404;112;353656832;18628372;23951178
1521390308280;5325;5415;112;353656832;18628830;23952212
1521390308381;5335;5426;113;353656832;18629517;23953768
1521390308481;5345;5436;113;353656832;18629975;23954799
1521390308581;5355;5445;114;353656832;18630433;23955838
1521390308681;5365;5455;114;353656832;18630891;23956879
1521390308781;5375;5465;114;353656832;18631349;23957913
1521390308881;5385;5475;114;353656832;18631807;23958946
1521390308981;5395;5488;115;353656832;18632494;23960495
1521390309081;5405;5498;115;353656832;18632952;23961531
1521390309181;5415;5507;116;353656832;18633410;23962566
1521390309281;5425;5518;116;353656832;18633868;23963607
1521390309381;5435;5528;116;353656832;18634326;23964641
1521390309481;5445;5539;116;353656832;18634784;23965674
1521390309581;5455;5548;116;353656832;18635471;23967227
1521390309681;5465;5558;116;353656832;18635929;23968265
1521390309781;5475;5569;116;353656832;18636387;23969299
1521390309881;5485;5579;116;353656832;18636845;23970335
1521390309981;5495;5588;116;353656832;18637303;23971370
1521390310081;5505;5598;116;353656832;18637761;23972404
1521390310181;5515;5609;116;353656832;18638219;23973440
1521390310281;5525;5619;116;353656832;18638677;23974477
1521390310381;5535;5629;116;353656832;18639135;23975512
1521390310481;5545;5639;116;353656832;18639822;23977066
1521390310581;5555;5649;116;353656832;18640280;23978098
1521390310681;5565;5659;116;353656832;18640738;23979135
1521390310781;5575;5669;116;353656832;18641196;23980169
1521390310881;5585;5679;116;353656832;18641654;23981207
1521390310981;5595;5689;116;353656832;18642112;23982242
1521390311081;5605;5698;116;353656832;18642674;23983744
1521390311181;5615;5708;116;353656832;18643257;23984832
1521390311281;5625;5717;116;353656832;18643715;23985866
1521390311381;5635;5728;116;353656832;18644173;23986900
1521390311481;5645;5739;117;353656832;18644631;23987938
1521390311581;5655;5748;117;353656832;18645089;23988972
1521390311681;5665;5758;117;353656832;18645547;23990005
1521390311781;5675;5768;117;353656832;18646005;23991042
1521390311881;5685;5779;117;353656832;18646463;23992078
1521390311981;5695;5791;117;353656832;18647389;23993742
1521390312081;5705;5802;117;353656832;18647847;23994781
1521390312181;5715;5812;117;353656832;18648305;23995815
1521390312281;5725;5822;117;353656832;18648763;23996848
1521390312381;5735;5832;117;353656832;18649221;23997885
1521390312481;5745;5843;117;353656832;18649679;23998921
1521390312582;5755;5853;117;353656832;18650137;23999955
1521390312683;5766;5863;117;353656832;18650824;24001507
1521390312784;5776;5874;117;353656832;18651282;24002544
1521390312885;5786;5883;117;353656832;18651740;24003579
1521390312985;5796;5892;118;353656832;18652198;24004614
1521390313085;5806;5903;118;353656832;18652885;24006167
1521390313185;5816;5918;120;353656832;18653343;24007203
1521390313285;5826;5929;120;353656832;18653801;24008240
1521390313385;5836;5940;120;353656832;18654259;24009276
1521390313485;5846;5953;120;353656832;18654717;24010309
1521390313585;5856;5963;120;353656832;18655175;24011344
1521390313686;5866;5973;120;353656832;18655862;24012899
1521390313786;5876;5984;120;353656832;18656320;24013934
1521390313886;5886;5994;120;353656832;18656778;24014966
1521390313986;5896;6004;120;353656832;18657236;24015996
1521390314086;5906;6015;120;353656832;18657694;24017029
1521390314186;5916;6025;120;353656832;18658381;24018581
1521390314286;5926;6033;121;353656832;18658839;24019618
1521390314386;5936;6043;121;353656832;18659297;24020671
1521390314486;5946;6053;121;353656832;18659755;24021723
1521390314586;5956;6063;121;353656832;18660213;24022772
1521390314686;5966;6071;122;353656832;18660671;24023822
1521390314786;5976;6081;124;353656832;18661129;24024872
1521390314886;5986;6090;124;353656832;18661587;24025918
1521390314986;5996;6099;124;353656832;18662045;24026965
1521390315086;6006;6109;124;353656832;18662732;24028530
1521390315186;6016;6120;124;353656832;18663190;24029573
1521390315286;6026;6130;124;353656832;18663648;24030621
1521390315386;6036;6141;124;353656832;18664106;24031665
1521390315486;6046;6150;125;353656832;18664564;24032713
1521390315586;6056;6159;125;353656832;18665251;24034279
1521390315686;6066;6169;125;353656832;18665709;24035325
1521390315786;6076;6179;125;353656832;18666167;24036373
1521390315886;6086;6189;125;353656832;18666625;24037416
1521390315986;6096;6198;126;353656832;18667083;24038462
1521390316086;6106;6208;126;353656832;18667770;24040031
1521390316186;6116;6218;126;353656832;18668228;24041078
1521390316286;6126;6229;126;353656832;18668686;24042126
1521390316389;6136;6238;126;353656832;18669144;24043169
1521390316489;6146;6247;126;353656832;18669602;24044214
1521390316589;6156;6258;126;353656832;18670299;24045370
1521390316689;6166;6267;126;353656832;18670757;24046416
1521390316789;6176;6275;127;353656832;18671215;24047462
1521390316889;6186;6285;127;353656832;18671673;24048498
1521390316989;6196;6293;128;353656832;18672131;24049536
1521390317089;6206;6303;128;353656832;18672589;24050572
1521390317189;6216;6313;128;353656832;18673047;24051608
1521390317290;6226;6323;128;353656832;18673505;24052644
1521390317390;6236;6334;128;353656832;18674067;24054148
1521390317490;6246;6343;128;353656832;18674650;24055239
1521390317590;6256;6353;128;353656832;18675108;24056277
1521390317690;6266;6362;129;353656832;18675566;24057315
1521390317790;6276;6371;129;353656832;18676024;24058354
1521390317890;6286;6381;129;353656832;18676482;24059392
1521390317990;6296;6390;129;353656832;18676940;24060425
1521390318090;6306;6400;129;353656832;18677398;24061466
1521390318190;6316;6409;129;353656832;18677856;24062504
1521390318290;6326;6418;129;353656832;18678543;24064060
1521390318390;6336;6429;129;353656832;18679001;24065097
1521390318490;6346;6439;129;353656832;18679459;24066136
1521390318590;6356;6448;129;353656832;18679917;24067173
1521390318690;6366;6458;129;353656832;18680375;24068209
1521390318790;6376;6468;129;353656832;18680833;24069246
1521390318890;6386;6477;129;353656832;18681291;24070283
1521390318990;6396;6489;129;353656832;18681749;24071320
1521390319090;6406;6498;129;353656832;18682207;24072355
1521390319190;6416;6507;129;353656832;18682894;24073911
1521390319290;6426;6516;130;353656832;18683352;24074948
1521390319390;6436;6527;131;353656832;18683810;24075985
1521390319490;6446;6537;131;353656832;18684268;24077025
1521390319590;6456;6548;131;353656832;18684726;24078062
1521390319690;6466;6558;132;353656832;18685184;24079101
1521390319790;6476;6566;133;353656832;18685642;24080139
1521390319890;6486;6576;133;353656832;18686100;24081175
1521390319990;6496;6586;133;353656832;18686558;24082212
1521390320090;6506;6595;133;353656832;18687016;24083250
1521390320190;6516;6604;133;353656832;18687474;24084290
1521390320290;6526;6614;133;353656832;18688161;24085848
1521390320390;6536;6623;133;353656832;18688619;24086883
1521390320490;6546;6634;133;353656832;18689077;24087922
1521390320590;6556;6642;134;353656832;18689535;24088959
1521390320690;6566;6651;134;353656832;18689993;24089996
1521390320790;6576;6661;134;353656832;18690451;24091034
1521390320890;6586;6671;135;353656832;18690909;24092071
1521390320990;6596;6680;135;353656832;18691596;24093631
1521390321090;6606;6689;135;353656832;18692054;24094671
1521390321190;6616;6699;135;353656832;18692512;24095709
1521390321290;6626;6708;135;353656832;18693093;24096748
1521390321390;6636;6718;135;353656832;18693667;24097896
1521390321490;6646;6728;135;353656832;18694125;24098935
1521390321590;6656;6738;135;353656832;18694583;24099971
1521390321690;6666;6748;135;353656832;18695041;24101006
1521390321790;6676;6758;136;353656832;18695728;24102562
1521390321891;6686;6767;136;353656832;18696186;24103601
1521390321992;6696;6777;136;353656832;18696644;24104637
1521390322092;6706;6786;136;353656832;18697102;24105674
1521390322192;6716;6796;136;353656832;18697560;24106712
1521390322292;6726;6806;136;353656832;18698018;24107750
1521390322392;6736;6816;136;353656832;18698476;24108785
1521390322492;6746;6825;136;353656832;18699213;24110341
1521390322592;6757;6836;136;353656832;18699703;24111410
1521390322692;6767;6845;136;353656832;18700161;24112447
1521390322792;6777;6855;136;353656832;18700619;24113484
1521390322892;6787;6866;136;353656832;18701123;24114521
1521390322992;6796;6875;136;353656832;18701581;24115556
1521390323092;6806;6886;136;353656832;18702039;24116591
1521390323192;6816;6896;136;353656832;18702726;24118146
1521390323292;6826;6904;136;353656832;18703184;24119183
1521390323392;6836;6914;136;353656832;18703642;24120221
1521390323492;6846;6923;136;353656832;18704100;24121259
1521390323592;6856;6932;137;353656832;18704558;24122298
1521390323692;6866;6941;137;353656832;18705016;24123335
1521390323792;6876;6953;137;353656832;18705578;24124839
1521390323892;6886;6962;137;353656832;18706161;24125930
1521390323992;6896;6972;137;353656832;18706619;24126968
1521390324092;6906;6981;137;353656832;18707077;24128006
1521390324192;6917;6991;137;353656832;18707535;24129042
1521390324292;6927;7001;137;353656832;18707993;24130078
1521390324393;6937;7011;137;353656832;18708680;24131631
1521390324493;6947;7020;137;353656832;18709138;24132666
1521390324593;6957;7030;137;353656832;18709596;24133701
1521390324693;6967;7040;137;353656832;18710054;24134738
1521390324793;6977;7050;137;353656832;18710512;24135777
1521390324893;6987;7058;139;353656832;18711199;24137334
1521390324993;6997;7067;139;353656832;18711657;24138372
1521390325093;7007;7080;139;353656832;18712115;24139407
1521390325193;7017;7090;139;353656832;18712573;24140442
1521390325293;7027;7100;139;353656832;18713135;24141944
1521390325393;7037;7111;139;353656832;18713718;24143033
1521390325493;7047;7120;139;353656832;18714176;24144069
1521390325593;7057;7131;139;353656832;18714634;24145107
1521390325693;7067;7140;139;353656832;18715092;24146141
1521390325793;7077;7150;139;353656832;18715654;24147643
1521390325893;7087;7160;139;353656832;18716360;24148732
1521390325993;7097;7169;139;353656832;18716934;24149882
1521390326093;7107;7180;139;353656832;18717780;24150919
1521390326193;7117;7190;139;353656832;18718238;24151955
1521390326294;7127;7202;139;353656832;18718925;24153513
1521390326394;7137;7211;140;353656832;18719383;24154552
1521390326494;7147;7221;140;353656832;18719841;24155588
1521390326594;7157;7231;140;353656832;18720299;24156629
1521390326694;7167;7242;140;353656832;18720757;24158133
1521390326794;7177;7252;140;353656832;18721444;24159223
1521390326894;7187;7262;140;353656832;18721902;24160261
1521390326994;7197;7272;140;353656832;18722360;24161298
1521390327094;7207;7286;140;353656832;18722818;24162336
1521390327194;7217;7296;140;353656832;18723505;24163892
1521390327295;7227;7305;140;353656832;18723963;24164925
1521390327396;7237;7316;140;353656832;18724421;24165964
1521390327497;7247;7325;140;353656832;18724879;24167003
1521390327597;7257;7335;140;353656832;18725566;24168556
1521390327697;7267;7344;141;353656832;18726024;24169592
1521390327797;7277;7353;142;353656832;18726482;24170629
1521390327897;7287;7363;142;353656832;18726940;24171664
1521390327997;7297;7376;142;353656832;18727502;24173168
1521390328097;7307;7385;142;353656832;18728085;24174256
1521390328197;7317;7395;143;353656832;18728543;24175295
1521390328297;7327;7406;143;353656832;18729001;24176333
1521390328397;7337;7416;143;353656832;18729459;24177367
1521390328497;7347;7425;143;353656832;18730146;24178924
1521390328597;7357;7435;143;353656832;18730604;24179964
1521390328697;7367;7444;143;353656832;18731062;24180999
1521390328797;7377;7454;143;353656832;18731520;24182039
1521390328897;7387;7464;143;353656832;18732207;24183596
1521390328997;7397;7473;143;353656832;18732665;24184632
1521390329097;7407;7483;143;353656832;18733123;24185670
1521390329197;7417;7492;143;353656832;18733581;24186707
1521390329297;7427;7504;143;353656832;18734039;24187745
1521390329397;7437;7513;143;353656832;18734726;24189303
1521390329497;7447;7524;143;353656832;18735184;24190340
1521390329597;7457;7533;144;353656832;18735642;24191377
1521390329697;7467;7545;144;353656832;18736100;24192414
1521390329797;7477;7556;144;353656832;18736787;24193971
1521390329897;7487;7565;144;353656832;18737245;24195009
1521390329997;7497;7574;145;353656832;18737703;24196046
1521390330097;7507;7584;145;353656832;18738161;24197085
1521390330197;7517;7594;145;353656832;18738848;24198641
1521390330297;7527;7604;145;353656832;18739306;24199677
1521390330397;7537;7614;145;353656832;18739887;24200714
1521390330497;7547;7623;146;353656832;18740461;24201863
1521390330597;7557;7632;146;353656832;18740919;24202900
1521390330697;7567;7641;146;353656832;18741606;24204457
1521390330797;7577;7652;146;353656832;18742064;24205498
1521390330897;7587;7661;146;353656832;18742522;24206536
1521390330997;7597;7671;146;353656832;18742980;24207572
1521390331097;7607;7682;146;353656832;18743667;24209126
1521390331197;7617;7692;146;353656832;18744125;24210163
1521390331297;7627;7703;146;353656832;18744583;24211200
1521390331397;7637;7715;146;353656832;18745041;24212235
1521390331497;7647;7724;146;353656832;18745728;24213795
1521390331597;7657;7734;146;353656832;18746186;24214832
1521390331697;7667;7744;146;353656832;18746644;24215867
1521390331797;7677;7754;146;353656832;18747102;24216905
1521390331897;7687;7764;146;353656832;18747560;24217939
1521390331997;7697;7774;146;353656832;18748247;24219497
1521390332097;7707;7782;146;353656832;18748705;24220533
1521390332197;7717;7793;146;353656832;18749163;24221569
1521390332297;7727;7802;146;353656832;18749621;24222605
1521390332397;7737;7812;146;353656832;18750308;24224161
1521390332497;7747;7822;146;353656832;18750766;24225196
1521390332597;7757;7832;146;353656832;18751224;24226231
1521390332697;7767;7842;146;353656832;18751682;24227269
1521390332797;7777;7852;146;353656832;18752369;24228822
1521390332897;7787;7861;146;353656832;18752827;24229857
1521390332997;7797;7872;146;353656832;18753285;24230895
1521390333097;7807;7883;146;353656832;18753743;24231932
1521390333197;7817;7893;146;353656832;18754430;24233486
1521390333297;7827;7903;146;353656832;18754888;24234523
1521390333397;7837;7913;146;353656832;18755346;24235563
1521390333497;7847;7923;146;353656832;18755804;24236602
1521390333597;7857;7931;147;353656832;18756262;24237635
1521390333698;7867;7942;147;353656832;18756949;24239193
1521390333798;7877;7956;147;353656832;18757178;24239713
1521390333898;7887;7966;147;353656832;18757636;24240750
1521390333999;7897;7979;147;353656832;18758094;24241783
1521390334100;7907;7989;147;353656832;18758781;24243338
1521390334201;7917;7998;147;353656832;18759239;24244379
1521390334302;7927;8008;147;353656832;18759697;24245418
1521390334403;7938;8022;147;353656832;18760155;24246453
1521390334504;7948;8031;147;353656832;18760613;24247491
1521390334605;7958;8042;147;353656832;18761071;24248527
1521390334706;7968;8052;147;353656832;18761529;24249565
1521390334807;7978;8063;147;353656832;18762216;24251121
1521390334907;7988;8073;147;353656832;18762674;24252159
1521390335007;7998;8082;147;353656832;18763371;24253311
1521390335107;8008;8094;147;353656832;18763829;24254347
1521390335207;8018;8103;148;353656832;18764287;24255382
1521390335308;8028;8113;148;353656832;18764974;24256937
1521390335409;8038;8124;148;353656832;18765432;24257971
1521390335510;8048;8133;148;353656832;18765890;24259010
1521390335611;8058;8142;148;353656832;18766348;24260049
1521390335712;8068;8154;148;353656832;18767035;24261604
1521390335813;8079;8164;148;353656832;18767493;24262641
1521390335914;8089;8174;148;353656832;18767951;24263675
1521390336015;8099;8185;148;353656832;18768409;24264712
1521390336116;8109;8195;148;353656832;18768867;24266213
1521390336216;8119;8205;148;353656832;18769554;24267302
1521390336316;8129;8215;148;353656832;18770012;24268339
1521390336416;8139;8225;148;353656832;18770241;24268857
1521390336516;8149;8235;148;353656832;18770699;24269894
1521390336617;8159;8244;148;353656832;18771157;24270931
1521390336717;8169;8255;148;353656832;18771615;24271969
1521390336817;8179;8266;148;353656832;18772073;24273004
1521390336917;8189;8273;150;353656832;18772531;24274042
1521390337017;8199;8285;150;353656832;18772989;24275078
1521390337117;8209;8295;150;353656832;18773447;24276117
1521390337217;8219;8304;150;353656832;18773905;24277156
1521390337317;8229;8314;150;353656832;18774363;24278191
1521390337417;8239;8324;150;353656832;18774871;24279228
1521390337517;8249;8333;151;353656832;18775361;24280297
1521390337617;8259;8344;151;353656832;18775819;24281335
1521390337717;8269;8355;151;353656832;18776277;24282374
1521390337817;8279;8364;152;353656832;18776964;24283930
1521390337917;8289;8374;152;353656832;18777468;24284967
1521390338017;8299;8383;152;353656832;18777926;24286002
1521390338117;8309;8393;152;353656832;18778384;24287042
1521390338217;8319;8404;152;353656832;18778842;24288079
1521390338317;8329;8413;152;353656832;18779300;24289117
1521390338417;8339;8424;152;353656832;18779758;24290153
1521390338517;8349;8433;152;353656832;18780216;24291190
1521390338617;8359;8443;152;353656832;18780674;24292228
1521390338717;8369;8453;152;353656832;18781132;24293266
1521390338817;8379;8465;152;353656832;18781590;24294306
1521390338917;8389;8475;152;353656832;18782048;24295341
1521390339017;8399;8486;152;353656832;18782506;24296374
1521390339117;8409;8495;153;353656832;18782964;24297410
1521390339217;8419;8504;153;353656832;18783422;24298454
1521390339317;8429;8514;153;353656832;18783880;24299508
1521390339417;8439;8526;153;353656832;18784338;24300559
1521390339517;8449;8535;154;353656832;18784796;24301609
1521390339617;8459;8545;155;353656832;18785254;24302661
1521390339717;8469;8555;155;353656832;18785712;24303711
1521390339817;8479;8564;157;353656832;18786293;24304760
1521390339917;8489;8574;157;353656832;18786867;24305923
1521390340017;8499;8586;157;353656832;18787325;24306972
1521390340117;8509;8595;157;353656832;18788012;24308544
1521390340217;8519;8605;158;353656832;18788470;24309588
1521390340317;8529;8616;158;353656832;18788928;24310637
1521390340417;8539;8628;158;353656832;18789386;24311683
1521390340517;8549;8639;158;353656832;18789844;24312729
1521390340617;8559;8649;158;353656832;18790302;24313775
1521390340717;8569;8660;158;353656832;18790760;24314823
1521390340817;8579;8670;158;353656832;18791218;24315873
1521390340917;8589;8681;158;353656832;18791676;24316921
1521390341017;8599;8690;158;353656832;18792134;24317966
1521390341117;8609;8700;158;353656832;18792592;24319009
1521390341217;8619;8711;158;353656832;18793279;24320580
1521390341317;8629;8720;159;353656832;18793737;24321625
1521390341417;8639;8730;159;353656832;18794195;24322669
1521390341517;8649;8741;159;353656832;18794653;24323719
1521390341617;8659;8751;159;353656832;18795111;24324766
1521390341717;8669;8761;159;353656832;18795569;24325812
1521390341817;8679;8774;160;353656832;18796027;24326862
1521390341917;8689;8784;161;353656832;18796485;24327910
1521390342017;8699;8795;161;353656832;18796943;24328954
1521390342117;8709;8805;161;353656832;18797630;24330527
1521390342217;8719;8814;162;353656832;18798088;24331576
1521390342317;8729;8827;162;353656832;18798546;24332621
1521390342417;8739;8837;162;353656832;18799004;24333671
1521390342517;8749;8848;162;353656832;18799462;24334714
1521390342617;8759;8858;162;353656832;18799920;24335764
1521390342717;8769;8869;162;353656832;18800378;24336810
1521390342817;8779;8880;162;353656832;18800836;24337858
1521390342917;8789;8894;163;353656832;18801294;24338902
1521390343017;8799;8903;163;353656832;18801981;24340471
1521390343117;8809;8913;163;353656832;18802439;24341517
1521390343217;8819;8923;164;353656832;18802897;24342562
1521390343317;8829;8936;164;353656832;18803355;24343608
1521390343417;8839;8945;164;353656832;18803813;24344655
1521390343517;8849;8955;164;353656832;18804271;24345705
1521390343617;8859;8967;164;353656832;18804958;24347278
1521390343717;8869;8979;164;353656832;18805416;24348326
1521390343817;8879;8988;165;353656832;18805874;24349378
1521390343917;8889;8999;165;353656832;18806332;24350424
1521390344017;8899;9009;165;353656832;18806790;24351467
1521390344117;8909;9019;165;353656832;18807248;24352516
1521390344218;8919;9031;165;353656832;18807935;24354085
1521390344318;8929;9040;165;353656832;18808393;24355130
1521390344418;8939;9049;166;353656832;18808851;24356175
1521390344518;8949;9060;166;353656832;18809432;24357209
1521390344618;8959;9072;166;353656832;18810006;24358357
1521390344718;8969;9082;166;353656832;18810464;24359393
1521390344818;8979;9092;166;353656832;18811151;24360945
1521390344918;8989;9103;166;353656832;18811609;24361978
1521390345018;8999;9114;166;353656832;18812067;24363014
1521390345118;9009;9125;166;353656832;18812525;24364051
1521390345218;9019;9135;166;353656832;18812983;24365085
1521390345318;9029;9146;166;353656832;18813441;24366120
1521390345418;9039;9156;166;353656832;18814128;24367671
1521390345518;9049;9167;166;353656832;18814586;24368706
1521390345618;9059;9178;166;353656832;18815044;24369739
1521390345718;9069;9188;166;353656832;18815502;24370779
1521390345818;9079;9198;166;353656832;18815960;24371815
1521390345918;9089;9210;166;353656832;18816418;24372848
1521390346018;9099;9219;166;353656832;18817105;24374402
1521390346118;9109;9230;166;353656832;18817563;24375435
1521390346218;9119;9241;166;353656832;18818021;24376469
1521390346318;9129;9250;166;353656832;18818479;24377505
1521390346419;9139;9262;167;353656832;18818937;24378538
1521390346520;9149;9271;168;353656832;18819395;24379575
1521390346621;9159;9281;169;353656832;18819853;24380614
1521390346721;9169;9291;169;353656832;18820540;24382168
1521390346821;9179;9302;169;353656832;18820998;24383204
1521390346921;9189;9313;169;353656832;18821456;24384236
1521390347021;9199;9323;169;353656832;18821914;24385273
1521390347121;9209;9336;169;353656832;18822372;24386305
1521390347221;9219;9346;170;353656832;18822830;24387343
1521390347321;9229;9356;170;353656832;18823517;24388899
1521390347422;9239;9366;170;353656832;18823975;24389935
1521390347523;9250;9376;170;353656832;18824433;24390971
1521390347624;9260;9386;170;353656832;18824891;24392010
1521390347725;9270;9396;171;353656832;18825349;24393045
1521390347826;9280;9406;171;353656832;18825807;24394080
1521390347926;9290;9417;171;353656832;18826494;24395630
1521390348026;9300;9428;171;353656832;18826952;24396662
1521390348126;9310;9437;172;353656832;18827410;24397698
1521390348226;9320;9447;172;353656832;18827868;24398734
1521390348326;9330;9457;172;353656832;18828326;24399772
1521390348426;9340;9466;173;353656832;18828784;24400807
1521390348526;9350;9477;173;353656832;18829471;24402359
1521390348626;9360;9487;173;353656832;18829929;24403397
1521390348726;9370;9496;173;353656832;18830387;24404434
1521390348826;9380;9510;173;353656832;18830845;24405470
1521390348926;9390;9523;175;353656832;18831303;24406502
1521390349026;9400;9534;175;353656832;18831761;24407539
1521390349126;9410;9544;175;353656832;18832571;24409093
1521390349226;9420;9555;176;353656832;18833145;24410240
1521390349326;9430;9565;176;353656832;18833603;24411271
1521390349426;9440;9576;176;353656832;18834061;24412309
1521390349526;9450;9588;176;353656832;18834519;24413340
1521390349626;9460;9598;176;353656832;18834977;24414376
1521390349726;9470;9607;177;353656832;18835664;24415933
1521390349826;9480;9617;177;353656832;18836122;24416968
1521390349926;9490;9626;178;353656832;18836580;24418003
1521390350026;9500;9636;178;353656832;18837038;24419041
1521390350126;9510;9646;179;353656832;18837496;24420078
1521390350226;9520;9656;180;353656832;18838183;24421633
1521390350326;9530;9666;180;353656832;18838641;24422668
1521390350426;9540;9677;180;353656832;18839099;24423705
1521390350526;9550;9686;181;353656832;18839557;24424742
1521390350626;9560;9697;181;353656832;18840015;24425774
1521390350726;9570;9706;181;353656832;18840702;24427329
1521390350826;9580;9715;181;353656832;18841160;24428365
1521390350926;9590;9726;181;353656832;18841618;24429402
1521390351026;9600;9736;182;353656832;18842076;24430439
1521390351126;9610;9747;182;353656832;18842763;24431996
1521390351226;9620;9757;182;353656832;18843221;24433034
1521390351326;9630;9767;183;353656832;18843679;24434069
1521390351426;9640;9776;184;353656832;18844137;24435107
1521390351526;9650;9787;185;353656832;18844595;24436142
1521390351626;9660;9797;185;353656832;18845282;24437698
1521390351726;9670;9806;185;353656832;18845740;24438735
1521390351826;9680;9816;185;353656832;18846198;24439769
1521390351926;9690;9825;185;353656832;18846656;24440804
1521390352026;9700;9836;185;353656832;18847114;24442306
1521390352126;9710;9845;185;353656832;18847801;24443392
1521390352226;9720;9854;186;353656832;18848259;24444430
1521390352326;9730;9864;186;353656832;18848717;24445467
1521390352426;9740;9873;187;353656832;18849225;24446505
1521390352526;9750;9883;187;353656832;18849912;24448059
1521390352626;9760;9892;188;353656832;18850416;24449095
1521390352726;9770;9902;188;353656832;18850920;24450134
1521390352826;9780;9913;188;353656832;18851378;24451169
1521390352926;9790;9922;188;353656832;18852065;24452674
1521390353027;9800;9933;188;353656832;18852523;24453761
1521390353128;9810;9944;188;353656832;18852981;24454799
1521390353229;9820;9954;188;353656832;18853439;24455831
1521390353330;9830;9965;188;353656832;18853897;24456866
1521390353430;9840;9973;188;353656832;18854584;24458420
1521390353530;9850;9983;188;353656832;18855042;24459456
1521390353630;9860;9993;188;353656832;18855500;24460494
1521390353730;9870;10002;188;353656832;18856197;24461644
1521390353830;9880;10013;188;353656832;18856884;24463194
1521390353930;9890;10023;188;353656832;18857342;24464232
1521390354030;9900;10033;188;353656832;18857800;24465268
1521390354130;9910;10042;189;353656832;18858258;24466305
1521390354230;9920;10053;189;353656832;18858820;24467807
1521390354330;9930;10062;189;353656832;18859403;24468894
1521390354430;9940;10070;190;353656832;18859861;24469929
1521390354530;9950;10081;190;353656832;18860319;24470964
1521390354631;9960;10090;190;353656832;18860777;24472001
1521390354732;9970;10102;190;353656832;18861235;24473038
1521390354833;9981;10113;190;353656832;18861922;24474593
1521390354933;9991;10123;190;353656832;18862380;24475632
1521390355033;10001;10133;190;353656832;18862838;24476669
1521390355133;10011;10143;190;353656832;18863296;24477706
1521390355233;10021;10152;191;353656832;18863754;24478743
1521390355333;10031;10162;191;353656832;18864441;24480301
1521390355433;10041;10174;191;353656832;18864899;24481338
1521390355533;10051;10183;191;353656832;18865357;24482375
1521390355633;10061;10193;192;353656832;18865815;24483411
1521390355733;10071;10204;192;353656832;18866273;24484450
1521390355833;10081;10215;193;353656832;18866835;24485955
1521390355933;10091;10225;193;353656832;18867418;24487040
1521390356033;10101;10234;193;353656832;18867876;24488077
1521390356133;10111;10244;193;353656832;18868722;24489113
1521390356233;10121;10254;193;353656832;18869180;24490149
1521390356333;10131;10265;193;353656832;18869867;24491706
1521390356433;10141;10276;193;353656832;18870325;24492742
1521390356533;10151;10287;193;353656832;18870783;24493778
1521390356633;10161;10296;193;353656832;18871241;24494817
1521390356733;10171;10306;193;353656832;18871699;24495852
1521390356833;10181;10317;193;353656832;18872386;24497406
1521390356933;10191;10326;193;353656832;18872844;24498444
1521390357033;10201;10336;193;353656832;18873302;24499483
1521390357133;10211;10345;193;353656832;18873760;24500518
1521390357233;10221;10355;193;353656832;18874447;24502073
1521390357333;10231;10365;193;353656832;18874905;24503107
1521390357433;10241;10375;193;353656832;18875363;24504142
1521390357533;10251;10385;193;353656832;18875821;24505178
1521390357633;10261;10395;193;353656832;18876279;24506213
1521390357733;10271;10406;194;353656832;18876966;24507770
1521390357833;10281;10415;195;353656832;18877424;24508807
1521390357933;10291;10425;195;353656832;18877882;24509842
1521390358033;10301;10435;195;353656832;18878340;24510879
1521390358133;10311;10445;195;353656832;18878798;24511918
1521390358233;10321;10454;195;353656832;18879724;24513686
1521390358333;10331;10463;196;353656832;18880182;24514723
1521390358433;10341;10472;197;353656832;18880640;24515757
1521390358533;10351;10482;197;353656832;18881098;24516794
1521390358633;10361;10492;197;353656832;18881556;24517832
1521390358733;10371;10501;198;353656832;18882243;24519392
1521390358834;10381;10511;198;353656832;18882701;24520425
1521390358934;10391;10520;198;353656832;18883159;24521462
1521390359035;10401;10530;198;353656832;18883617;24522495
1521390359136;10411;10540;198;353656832;18884179;24524001
1521390359237;10421;10548;198;353656832;18884762;24525092
1521390359338;10431;10558;198;353656832;18885220;24526128
1521390359439;10441;10566;199;353656832;18885678;24527161
1521390359540;10451;10577;200;353656832;18886136;24528198
1521390359640;10461;10587;200;353656832;18886594;24529236
1521390359740;10471;10597;200;353656832;18887281;24530792
1521390359841;10481;10606;200;353656832;18887739;24531827
1521390359942;10491;10616;200;353656832;18888197;24532864
1521390360043;10502;10626;200;353656832;18888655;24533897
1521390360143;10512;10640;201;353656832;18889113;24534933
1521390360243;10522;10651;201;353656832;18889800;24536489
1521390360343;10532;10661;201;353656832;18890343;24537526
1521390360443;10542;10670;202;353656832;18890801;24538563
1521390360543;10552;10679;203;353656832;18891259;24539600
1521390360643;10562;10689;203;353656832;18891717;24540639
1521390360743;10572;10698;203;353656832;18892404;24542195
1521390360843;10582;10708;203;353656832;18892862;24543231
1521390360943;10592;10718;204;353656832;18893320;24544267
1521390361043;10602;10727;204;353656832;18893778;24545306
1521390361143;10612;10737;204;353656832;18894236;24546340
1521390361243;10622;10746;205;353656832;18894923;24547891
1521390361343;10632;10755;205;353656832;18895381;24548924
1521390361443;10642;10766;205;353656832;18895839;24549959
1521390361543;10652;10776;205;353656832;18896297;24550996
1521390361643;10662;10786;205;353656832;18896755;24552037
1521390361743;10672;10794;207;353656832;18897317;24553542
1521390361843;10682;10805;208;353656832;18897900;24554628
1521390361943;10692;10816;208;353656832;18898358;24555661
1521390362043;10702;10829;208;353656832;18898816;24556699
1521390362143;10712;10839;208;353656832;18899274;24557740
1521390362243;10722;10849;208;353656832;18899732;24558777
1521390362343;10732;10860;208;353656832;18900419;24560336
1521390362444;10742;10871;208;353656832;18900877;24561373
1521390362544;10752;10880;208;353656832;18901335;24562411
1521390362644;10762;10891;208;353656832;18901793;24563442
1521390362745;10772;10901;208;353656832;18902251;24564476
1521390362845;10782;10910;208;353656832;18903177;24566145
1521390362945;10792;10920;208;353656832;18903635;24567179
1521390363045;10802;10931;208;353656832;18904093;24568217
1521390363145;10812;10940;208;353656832;18904551;24569254
1521390363245;10822;10950;208;353656832;18905009;24570290
1521390363346;10832;10959;208;353656832;18905696;24571845
1521390363447;10842;10968;210;353656832;18906154;24572877
1521390363548;10852;10978;210;353656832;18906612;24573913
1521390363649;10862;10986;211;353656832;18907070;24574952
1521390363750;10872;11000;212;353656832;18907528;24575985
1521390363850;10882;11011;212;353656832;18907986;24577021
1521390363950;10892;11021;212;353656832;18908444;24578061
1521390364050;10902;11033;212;353656832;18908902;24579098
1521390364150;10912;11044;212;353656832;18909360;24580135
1521390364251;10922;11056;212;353656832;18909818;24581173
1521390364351;10932;11066;212;353656832;18910276;24582207
1521390364451;10942;11075;212;353656832;18910734;24583243
1521390364551;10952;11085;212;353656832;18911192;24584277
1521390364651;10962;11097;212;353656832;18911650;24585313
1521390364751;10972;11108;212;353656832;18912108;24586348
1521390364851;10982;11117;213;353656832;18912795;24587898
1521390364951;10992;11126;214;353656832;18913253;24588932
1521390365051;11002;11134;214;353656832;18913711;24589964
1521390365151;11012;11145;214;353656832;18914169;24591000
1521390365251;11022;11155;214;353656832;18914627;24592035
1521390365351;11032;11164;214;353656832;18915314;24593587
1521390365451;11042;11172;215;353656832;18915772;24594626
1521390365551;11052;11183;215;353656832;18916230;24595662
1521390365651;11062;11192;216;353656832;18916688;24596697
1521390365751;11072;11201;217;353656832;18917146;24597733
1521390365851;11082;11212;217;353656832;18917604;24598769
1521390365951;11092;11223;217;353656832;18918291;24600322
1521390366052;11102;11232;217;353656832;18918749;24601359
1521390366153;11113;11244;217;353656832;18919207;24602396
1521390366254;11123;11253;217;353656832;18919665;24603431
1521390366355;11133;11262;218;353656832;18920123;24604467
1521390366456;11143;11273;218;353656832;18920581;24605501
1521390366557;11153;11284;218;353656832;18921039;24606536
1521390366658;11163;11295;220;353656832;18921497;24607568
1521390366758;11173;11306;220;353656832;18921955;24608600
1521390366859;11183;11317;220;353656832;18922413;24609631
1521390366959;11193;11327;221;353656832;18922975;24611134
1521390367059;11203;11337;221;353656832;18923558;24612221
1521390367159;11213;11346;221;353656832;18924016;24613256
1521390367259;11223;11356;222;353656832;18924474;24614292
1521390367359;11233;11366;222;353656832;18924932;24615328
1521390367459;11243;11376;222;353656832;18925472;24616397
1521390367559;11253;11386;222;353656832;18926398;24618064
1521390367659;11263;11395;223;353656832;18926627;24618585
1521390367759;11273;11405;223;353656832;18927085;24619623
1521390367859;11283;11414;224;353656832;18927543;24620656
1521390367959;11293;11423;225;353656832;18928230;24622210
1521390368059;11303;11434;225;353656832;18928688;24623241
1521390368159;11313;11444;227;353656832;18929146;24624280
1521390368259;11323;11455;227;353656832;18929650;24625315
1521390368359;11333;11465;228;353656832;18930108;24626352
1521390368459;11343;11475;228;353656832;18930566;24627389
1521390368559;11353;11486;228;353656832;18931024;24628428
1521390368660;11363;11494;230;353656832;18931482;24629464
1521390368760;11373;11508;230;353656832;18931940;24630501
1521390368860;11383;11519;230;353656832;18932627;24632053
1521390368960;11393;11530;230;353656832;18932960;24633040
1521390369060;11403;11540;230;353656832;18933543;24634127
1521390369160;11413;11548;232;353656832;18934001;24635162
1521390369260;11423;11558;232;353656832;18934459;24636198
1521390369360;11433;11568;233;353656832;18934917;24637238
1521390369460;11443;11577;233;353656832;18935375;24638277
1521390369560;11453;11587;233;353656832;18935833;24639315
1521390369660;11463;11596;233;353656832;18936291;24640353
1521390369760;11473;11606;233;353656832;18936749;24641389
1521390369860;11483;11616;233;353656832;18937207;24642425
1521390369960;11493;11627;233;353656832;18937665;24643460
1521390370060;11503;11637;233;353656832;18938123;24644499
1521390370160;11513;11650;233;353656832;18938581;24645535
1521390370260;11523;11661;233;353656832;18939039;24646572
1521390370360;11533;11671;234;353656832;18939726;24648125
1521390370460;11543;11681;234;353656832;18940184;24649164
1521390370560;11553;11692;234;353656832;18940642;24650204
1521390370660;11563;11702;234;353656832;18941100;24651242
1521390370760;11573;11712;234;353656832;18941558;24652280
1521390370860;11583;11724;234;353656832;18942016;24653318
1521390370960;11593;11734;234;353656832;18942474;24654350
1521390371060;11603;11745;234;353656832;18943161;24655907
1521390371160;11613;11755;235;353656832;18943619;24656942
1521390371260;11623;11767;235;353656832;18944077;24657981
1521390371360;11633;11776;236;353656832;18944535;24659020
1521390371460;11643;11789;236;353656832;18944993;24660057
1521390371560;11653;11802;236;353656832;18945451;24661093
1521390371660;11663;11812;236;353656832;18945909;24662594
1521390371760;11673;11821;236;353656832;18946596;24663683
1521390371860;11683;11831;236;353656832;18947054;24664718
1521390371960;11693;11841;236;353656832;18947512;24665751
1521390372060;11703;11852;236;353656832;18947970;24666787
1521390372160;11713;11861;236;353656832;18948428;24667823
1521390372260;11723;11871;236;353656832;18949009;24668860
1521390372360;11733;11881;236;353656832;18949583;24670008
1521390372460;11743;11890;236;353656832;18950041;24671045
1521390372560;11753;11899;237;353656832;18950728;24672599
1521390372660;11763;11909;237;353656832;18951186;24673637
1521390372760;11773;11919;237;353656832;18951644;24674675
1521390372860;11783;11928;237;353656832;18952102;24675711
1521390372960;11793;11940;237;353656832;18952560;24676746
1521390373060;11803;11949;237;353656832;18953018;24677781
1521390373160;11813;11959;237;353656832;18953476;24678819
1521390373260;11823;11971;237;353656832;18953934;24679855
1521390373360;11833;11981;237;353656832;18954392;24680892
1521390373460;11843;11991;237;353656832;18955079;24682446
1521390373560;11853;12002;237;353656832;18955537;24683484
1521390373660;11863;12011;237;353656832;18955995;24684523
1521390373760;11873;12021;238;353656832;18956453;24685561
1521390373860;11883;12031;238;353656832;18956911;24686597
1521390373960;11893;12040;239;353656832;18957369;24687632
1521390374060;11903;12052;240;353656832;18957827;24688956
1521390374160;11913;12062;240;353656832;18958514;24690220
1521390374260;11923;12074;240;353656832;18958972;24691255
1521390374360;11933;12083;240;353656832;18959430;24692291
1521390374460;11943;12093;240;353656832;18959888;24693328
1521390374560;11953;12104;240;353656832;18960346;24694365
1521390374660;11963;12112;241;353656832;18960804;24695403
1521390374760;11973;12123;241;353656832;18961491;24696958
1521390374860;11983;12134;241;353656832;18961949;24697994
1521390374960;11993;12144;241;353656832;18962407;24699030
1521390375060;12003;12157;241;353656832;18962865;24700065
1521390375160;12013;12167;241;353656832;18963323;24701102
1521390375260;12023;12177;242;353656832;18963781;24702136
1521390375361;12033;12187;242;353656832;18964468;24703690
1521390375462;12043;12197;242;353656832;18964926;24704726
1521390375563;12054;12207;243;353656832;18965384;24705761
1521390375664;12064;12216;244;353656832;18965842;24706798
1521390375765;12074;12225;245;353656832;18966300;24707836
1521390375865;12084;12235;245;353656832;18966987;24709387
1521390375965;12094;12246;246;353656832;18967445;24710423
1521390376065;12104;12255;246;353656832;18967903;24711462
1521390376165;12114;12267;246;353656832;18968361;24712500
1521390376265;12124;12276;246;353656832;18968819;24713540
1521390376365;12134;12286;246;353656832;18969277;24714575
1521390376465;12144;12296;246;353656832;18969964;24716131
1521390376565;12154;12306;247;353656832;18970422;24717171
1521390376665;12164;12316;247;353656832;18970880;24718208
1521390376765;12174;12326;247;353656832;18971338;24719244
1521390376865;12184;12337;247;353656832;18971796;24720282
1521390376965;12194;12347;248;353656832;18972493;24721484
1521390377065;12204;12357;248;353656832;18973180;24723042
1521390377165;12214;12367;248;353656832;18973638;24724082
1521390377265;12224;12377;249;353656832;18974096;24725115
1521390377365;12234;12387;249;353656832;18974554;24726152
1521390377465;12244;12396;249;353656832;18975012;24727188
1521390377565;12254;12406;250;353656832;18975699;24728742
1521390377665;12264;12416;250;353656832;18976157;24729782
1521390377765;12274;12425;250;353656832;18976615;24730815
