currentTs;total_time;user_time;sys_time;virtual_size;in_octets;out_octets
1521390651993;2;0;0;13340672;19568704;26040575
1521390652093;12;9;1;302473216;19568704;26040575
1521390652193;22;18;2;306909184;19568704;26040575
1521390652293;32;28;2;306909184;19568704;26040575
1521390652393;42;42;3;313946112;19568704;26040575
1521390652493;52;53;3;313946112;19568754;26040575
1521390652593;62;64;4;313946112;19568800;26040575
1521390652693;72;79;4;313946112;19568800;26040575
1521390652793;82;92;4;314097664;19568800;26040575
1521390652893;92;102;4;314097664;19568800;26040575
1521390652993;102;112;4;314097664;19568800;26040575
1521390653093;112;124;4;314097664;19568800;26040575
1521390653193;122;135;5;314097664;19568800;26040575
1521390653293;132;147;5;314097664;19568846;26040575
1521390653393;142;159;6;314335232;19568846;26040575
1521390653493;152;171;6;314339328;19568846;26040575
1521390653593;162;183;6;314339328;19568846;26040575
1521390653693;172;193;6;314339328;19568846;26040575
1521390653793;182;204;6;314339328;19568846;26040575
1521390653893;192;215;6;314339328;19568846;26040575
1521390653993;202;227;6;314339328;19568846;26040575
1521390654093;212;236;7;315387904;19568846;26040575
1521390654193;222;247;7;315387904;19568846;26040575
1521390654293;232;260;8;315387904;19568846;26040575
1521390654393;242;271;8;315461632;19568846;26040575
1521390654493;252;281;8;315461632;19568846;26040575
1521390654593;262;292;10;316510208;19568846;26040575
1521390654693;272;302;11;317558784;19568846;26040575
1521390654793;282;314;11;317558784;19568846;26040575
1521390654893;292;324;11;317558784;19568846;26040575
1521390654993;302;335;11;317558784;19568846;26040575
1521390655093;312;346;11;318607360;19568846;26040575
1521390655193;322;357;11;318607360;19568846;26040575
1521390655293;332;369;11;318607360;19568846;26040575
1521390655393;342;380;11;318607360;19568846;26040575
1521390655493;352;392;11;318607360;19568846;26040575
1521390655593;362;403;12;318607360;19568846;26040575
1521390655693;372;414;12;318607360;19568846;26040575
1521390655793;382;424;14;319655936;19568846;26040575
1521390655893;392;434;14;319655936;19568846;26040575
1521390655993;402;444;14;319655936;19568846;26040575
1521390656093;412;454;14;319655936;19568846;26040575
1521390656193;422;463;15;319655936;19568846;26040575
1521390656293;432;474;15;319655936;19568846;26040575
1521390656393;442;485;15;320704512;19569234;26040575
1521390656493;452;497;15;321753088;19569234;26040575
1521390656593;462;509;15;351232000;19569298;26040687
1521390656693;472;522;15;351559680;19569579;26041208
1521390656793;482;532;17;351559680;19569808;26041730
1521390656893;492;545;17;351559680;19570266;26042772
1521390656993;502;556;17;351559680;19570495;26043288
1521390657093;512;566;17;351559680;19570724;26043803
1521390657193;522;578;17;351559680;19570953;26044320
1521390657293;532;587;17;351559680;19571411;26045355
1521390657393;542;599;17;351559680;19571640;26045873
1521390657493;552;611;17;351559680;19572098;26046905
1521390657593;562;623;17;351559680;19572327;26047422
1521390657693;572;631;19;351559680;19572785;26048456
1521390657793;582;641;19;351559680;19573014;26048973
1521390657893;592;653;19;351559680;19573472;26050007
1521390657993;602;664;19;351559680;19573701;26050522
1521390658093;612;675;19;351559680;19574159;26051553
1521390658193;622;686;19;351559680;19574388;26052071
1521390658293;632;699;19;351559680;19574846;26053102
1521390658393;642;709;19;351559680;19575075;26053620
1521390658493;652;721;19;351559680;19575533;26054657
1521390658593;662;733;19;351559680;19575991;26055692
1521390658693;672;746;19;351559680;19576220;26056208
1521390658793;682;758;19;351559680;19576678;26057243
1521390658893;692;770;19;351559680;19577136;26058276
1521390658993;702;783;19;351559680;19577594;26059310
1521390659093;712;794;19;351559680;19577823;26059828
1521390659193;722;804;19;351559680;19578281;26060863
1521390659293;732;813;19;351559680;19578739;26061899
1521390659393;742;827;19;352608256;19579197;26062934
1521390659493;752;838;19;352608256;19579426;26063451
1521390659593;762;850;19;352608256;19579884;26064484
1521390659693;772;860;19;352608256;19580342;26065516
1521390659793;782;874;19;352608256;19580800;26066548
1521390659893;792;885;20;352608256;19581258;26067581
1521390659993;802;896;20;352608256;19581487;26068099
1521390660093;812;906;20;352608256;19581945;26069134
1521390660193;822;917;21;352608256;19582403;26070170
1521390660293;832;926;21;352608256;19582861;26071205
1521390660393;842;936;21;352608256;19583319;26072237
1521390660493;852;947;21;352608256;19583777;26073272
1521390660593;862;957;21;352608256;19584006;26073790
1521390660693;872;969;21;352608256;19584464;26074826
1521390660793;882;979;21;352608256;19584922;26075859
1521390660893;892;990;21;352608256;19585380;26076892
1521390660993;902;999;22;352608256;19585838;26077926
1521390661093;912;1010;22;352608256;19586296;26078959
1521390661193;922;1023;22;352608256;19586754;26079993
1521390661293;932;1033;22;352608256;19587212;26081028
1521390661393;942;1041;23;352608256;19587545;26082016
1521390661493;952;1052;23;352608256;19587899;26082585
1521390661593;962;1062;23;352608256;19588357;26083619
1521390661693;972;1078;23;352608256;19588815;26084652
1521390661793;982;1088;23;352608256;19589273;26085684
1521390661893;992;1100;23;352608256;19589731;26086717
1521390661993;1002;1110;23;352608256;19590189;26087748
1521390662093;1012;1121;23;352608256;19590647;26088784
1521390662193;1022;1132;23;352608256;19591105;26089821
1521390662293;1032;1142;23;352608256;19591563;26090851
1521390662393;1042;1152;23;352608256;19592021;26091885
1521390662493;1052;1162;24;352608256;19592718;26093034
1521390662593;1062;1173;24;352608256;19593176;26094069
1521390662693;1072;1183;24;352608256;19593634;26095105
1521390662793;1082;1192;24;352608256;19594092;26096137
1521390662893;1092;1203;25;352608256;19594550;26097171
1521390662993;1102;1213;25;352608256;19595008;26098205
1521390663093;1112;1222;27;352608256;19595289;26099189
1521390663193;1122;1231;28;352608256;19595924;26100279
1521390663293;1132;1247;28;353656832;19596153;26100797
1521390663393;1142;1261;28;353656832;19596611;26101833
1521390663493;1152;1271;28;353656832;19597069;26102869
1521390663593;1162;1282;28;353656832;19597527;26103902
1521390663693;1172;1293;29;353656832;19597985;26104938
1521390663793;1182;1306;29;353656832;19598443;26105972
1521390663893;1192;1315;29;353656832;19598901;26107009
1521390663993;1202;1325;29;353656832;19599359;26108041
1521390664093;1212;1335;30;353656832;19599817;26109076
1521390664193;1222;1344;31;353656832;19600275;26110112
1521390664293;1232;1354;31;353656832;19600733;26111145
1521390664393;1242;1366;31;353656832;19601191;26112181
1521390664493;1252;1375;32;353656832;19601649;26113218
1521390664593;1262;1385;32;353656832;19602107;26114252
1521390664693;1272;1394;32;353656832;19602565;26115288
1521390664793;1282;1404;32;353656832;19603023;26116322
1521390664893;1292;1412;35;353656832;19603481;26117353
1521390664993;1302;1427;35;353656832;19603939;26118387
1521390665093;1312;1445;36;353656832;19604397;26119420
1521390665194;1322;1455;36;353656832;19604855;26120453
1521390665294;1332;1465;36;353656832;19605313;26121486
1521390665394;1342;1472;38;353656832;19605771;26122519
1521390665494;1352;1482;38;353656832;19606229;26123554
1521390665594;1362;1491;38;353656832;19606687;26124591
1521390665694;1372;1499;39;353656832;19607374;26126143
1521390665794;1382;1512;39;353656832;19607832;26127126
1521390665894;1392;1524;39;353656832;19608290;26128213
1521390665994;1402;1534;39;353656832;19608748;26129245
1521390666094;1412;1542;41;353656832;19609206;26130280
1521390666194;1422;1552;41;353656832;19609664;26131313
1521390666294;1432;1560;42;353656832;19610122;26132349
1521390666395;1442;1569;43;353656832;19610580;26133385
1521390666496;1452;1579;43;353656832;19611038;26134423
1521390666597;1462;1589;43;353656832;19611496;26135458
1521390666698;1472;1599;43;353656832;19611954;26136494
1521390666799;1482;1611;43;353656832;19612412;26137530
1521390666900;1492;1626;43;353656832;19612870;26138567
1521390667001;1502;1635;44;353656832;19613328;26139601
1521390667101;1512;1644;45;353656832;19613786;26140635
1521390667201;1522;1653;46;353656832;19614244;26141668
1521390667302;1532;1664;46;353656832;19614702;26142704
1521390667403;1543;1674;46;353656832;19615264;26144208
1521390667504;1553;1684;46;353656832;19616136;26145406
1521390667605;1563;1693;47;353656832;19616640;26146440
1521390667706;1573;1701;48;353656832;19617098;26147472
1521390667807;1583;1710;49;353656832;19617556;26148504
1521390667908;1593;1720;49;353656832;19618014;26149541
1521390668009;1603;1729;49;353656832;19618472;26150577
1521390668109;1613;1740;49;353656832;19618930;26151612
1521390668209;1623;1750;50;353656832;19619388;26152649
1521390668309;1633;1760;50;353656832;19619996;26154149
1521390668409;1643;1768;51;353656832;19620579;26155235
1521390668509;1653;1776;52;353656832;19621037;26156267
1521390668609;1663;1786;52;353656832;19621495;26157299
1521390668709;1673;1796;52;353656832;19621953;26158334
1521390668809;1683;1808;52;353656832;19622411;26159367
1521390668909;1693;1818;52;353656832;19622869;26160402
1521390669009;1703;1828;52;353656832;19623327;26161434
1521390669109;1713;1838;52;353656832;19623785;26162471
1521390669209;1723;1845;54;353656832;19624243;26163506
1521390669309;1733;1855;54;353656832;19624701;26164540
1521390669410;1743;1864;54;353656832;19625159;26165576
1521390669510;1753;1874;54;353656832;19625846;26167129
1521390669610;1763;1883;54;353656832;19626304;26168163
1521390669710;1773;1891;55;353656832;19626762;26169200
1521390669810;1783;1904;55;353656832;19627220;26170235
1521390669910;1793;1919;55;353656832;19627678;26171272
1521390670010;1803;1927;56;353656832;19628136;26172304
1521390670110;1813;1936;57;353656832;19628594;26173340
1521390670210;1823;1946;57;353656832;19629052;26174373
1521390670310;1833;1956;57;353656832;19629510;26175406
1521390670410;1843;1967;57;353656832;19629968;26176442
1521390670510;1853;1977;57;353656832;19630426;26177476
1521390670610;1863;1987;57;353656832;19631113;26179030
1521390670710;1873;1996;58;353656832;19631571;26180066
1521390670810;1883;2006;58;353656832;19632029;26181100
1521390670910;1893;2016;58;353656832;19632487;26182135
1521390671010;1903;2026;58;353656832;19632945;26183170
1521390671110;1913;2035;58;353656832;19633403;26184208
1521390671210;1923;2045;58;353656832;19633861;26185242
1521390671310;1933;2054;59;353656832;19634319;26186275
1521390671410;1943;2064;59;353656832;19634777;26187310
1521390671510;1953;2073;59;353656832;19635235;26188343
1521390671610;1963;2083;59;353656832;19635693;26189380
1521390671710;1973;2092;59;353656832;19636151;26190413
1521390671810;1983;2103;59;353656832;19636609;26191450
1521390671910;1993;2113;59;353656832;19637067;26192486
1521390672010;2003;2123;59;353656832;19637525;26193522
1521390672110;2013;2134;59;353656832;19637983;26194557
1521390672210;2023;2146;59;353656832;19638545;26196055
1521390672310;2033;2163;60;353656832;19639138;26196736
1521390672410;2043;2173;60;353656832;19639825;26198289
1521390672510;2053;2181;61;353656832;19640283;26199325
1521390672610;2063;2191;61;353656832;19640741;26200362
1521390672710;2073;2200;62;353656832;19641199;26201396
1521390672810;2083;2209;62;353656832;19641657;26202433
1521390672910;2093;2219;62;353656832;19642115;26203467
1521390673010;2103;2231;62;353656832;19642573;26204502
1521390673110;2113;2240;62;353656832;19643260;26206055
1521390673210;2123;2250;62;353656832;19643718;26207088
1521390673311;2133;2259;62;353656832;19644176;26208124
1521390673412;2143;2269;62;353656832;19644634;26209160
1521390673513;2154;2279;63;353656832;19645092;26210194
1521390673613;2164;2288;64;353656832;19645550;26211224
1521390673713;2174;2297;64;353656832;19646008;26212720
1521390673813;2184;2306;65;353656832;19646695;26213806
1521390673913;2194;2315;65;353656832;19647153;26214842
1521390674013;2204;2325;65;353656832;19647611;26215876
1521390674113;2214;2335;65;353656832;19648069;26216912
1521390674213;2224;2345;65;353656832;19648527;26217946
1521390674313;2234;2354;65;353656832;19648985;26218982
1521390674413;2244;2364;66;353656832;19649672;26220536
1521390674513;2254;2373;67;353656832;19650130;26221572
1521390674613;2264;2382;67;353656832;19650588;26222606
1521390674713;2274;2392;67;353656832;19651046;26223642
1521390674813;2284;2401;68;353656832;19651504;26224676
1521390674913;2294;2411;68;353656832;19651962;26225710
1521390675013;2304;2421;68;353656832;19652420;26226744
1521390675113;2314;2431;68;353656832;19652878;26227777
1521390675213;2324;2440;68;353656832;19653565;26229331
1521390675313;2334;2450;68;353656832;19654023;26230365
1521390675413;2344;2460;68;353656832;19654481;26231402
1521390675513;2354;2470;68;353656832;19654939;26232437
1521390675613;2364;2480;69;353656832;19655397;26233467
1521390675713;2374;2494;69;353656832;19655855;26234502
1521390675813;2384;2512;69;353656832;19656313;26235534
1521390675913;2394;2526;69;353656832;19656771;26236569
1521390676013;2404;2536;69;353656832;19657229;26237890
1521390676113;2414;2549;69;353656832;19657916;26239153
1521390676213;2424;2558;70;353656832;19658374;26240188
1521390676313;2434;2566;72;353656832;19658832;26241222
1521390676413;2444;2576;72;353656832;19659290;26242256
1521390676513;2454;2587;72;353656832;19659748;26243289
1521390676613;2464;2597;72;353656832;19660435;26244840
1521390676713;2474;2606;72;353656832;19660893;26245874
1521390676813;2484;2616;72;353656832;19661351;26246908
1521390676913;2494;2626;72;353656832;19661932;26247939
1521390677013;2504;2635;73;353656832;19662506;26249085
1521390677113;2514;2644;73;353656832;19662964;26250120
1521390677213;2524;2654;73;353656832;19663651;26251672
1521390677313;2534;2661;75;353656832;19664109;26252706
1521390677413;2544;2673;75;353656832;19664567;26253740
1521390677513;2554;2683;75;353656832;19665025;26254774
1521390677613;2564;2692;75;353656832;19665483;26255808
1521390677713;2574;2700;77;353656832;19665941;26256843
1521390677813;2584;2711;77;353656832;19666628;26258389
1521390677913;2594;2720;77;353656832;19667086;26259421
1521390678013;2604;2732;77;353656832;19667544;26260452
1521390678113;2614;2741;77;353656832;19668002;26261485
1521390678213;2624;2751;77;353656832;19668460;26262519
1521390678313;2634;2760;77;353656832;19669022;26264018
1521390678413;2644;2770;77;353656832;19669605;26265108
1521390678513;2654;2779;77;353656832;19670063;26266141
1521390678613;2664;2789;77;353656832;19670521;26267174
1521390678713;2674;2799;77;353656832;19670979;26268209
1521390678813;2684;2809;77;353656832;19671437;26269243
1521390678913;2694;2819;77;353656832;19672124;26270793
1521390679013;2704;2828;78;353656832;19672582;26271828
1521390679113;2714;2838;78;353656832;19673040;26272865
1521390679213;2724;2848;78;353656832;19673498;26273899
1521390679313;2734;2857;78;353656832;19673956;26274933
1521390679413;2744;2867;78;353656832;19674414;26275969
1521390679513;2754;2876;78;353656832;19675101;26277523
1521390679613;2764;2886;78;353656832;19675559;26278556
1521390679713;2774;2896;78;353656832;19676017;26279590
1521390679813;2784;2905;79;353656832;19676475;26280625
1521390679913;2794;2914;79;353656832;19676933;26281660
1521390680013;2804;2924;79;353656832;19677620;26283214
1521390680113;2814;2931;81;353656832;19678078;26284249
1521390680213;2824;2941;81;353656832;19678536;26285283
1521390680313;2834;2951;81;353656832;19678994;26286316
1521390680413;2844;2960;81;353656832;19679452;26287350
1521390680513;2854;2970;81;353656832;19680014;26288852
1521390680613;2864;2979;81;353656832;19680597;26289938
1521390680713;2874;2987;81;353656832;19681055;26290971
1521390680813;2884;2996;82;353656832;19681513;26292007
1521390680913;2894;3005;83;353656832;19681971;26293043
1521390681013;2904;3016;83;353656832;19682429;26294078
1521390681113;2914;3026;83;353656832;19682887;26295111
1521390681213;2924;3036;83;353656832;19683574;26296661
1521390681313;2934;3046;83;353656832;19684032;26297693
1521390681413;2944;3056;83;353656832;19684490;26298727
1521390681513;2954;3070;83;353656832;19685071;26299762
1521390681613;2964;3087;83;353656832;19685645;26300912
1521390681713;2974;3099;84;353656832;19686103;26301945
1521390681813;2984;3109;84;353656832;19686561;26302982
1521390681913;2994;3118;84;353656832;19687248;26304534
1521390682013;3004;3127;85;353656832;19687706;26305570
1521390682114;3014;3135;86;353656832;19688164;26306605
1521390682215;3024;3145;87;353656832;19688622;26307638
1521390682316;3034;3154;89;353656832;19689080;26308674
1521390682417;3044;3163;90;353656832;19689817;26310228
1521390682518;3054;3172;91;353656832;19690275;26311263
1521390682618;3064;3182;91;353656832;19690765;26312327
1521390682718;3074;3191;91;353656832;19691223;26313361
1521390682818;3084;3201;91;353656832;19691910;26314914
1521390682918;3094;3209;92;353656832;19692368;26315948
1521390683018;3104;3218;93;353656832;19692872;26316981
1521390683118;3114;3228;93;353656832;19693330;26318012
1521390683218;3124;3236;95;353656832;19693788;26319050
1521390683318;3134;3246;95;353656832;19694246;26320084
1521390683418;3144;3256;95;353656832;19694933;26321636
1521390683518;3154;3265;95;353656832;19695391;26322671
1521390683618;3164;3275;95;353656832;19695849;26323706
1521390683718;3174;3284;95;353656832;19696307;26324742
1521390683818;3184;3294;95;353656832;19696765;26325779
1521390683919;3194;3303;95;353656832;19697452;26327333
1521390684020;3204;3312;95;353656832;19697910;26328367
1521390684121;3214;3325;96;353656832;19698368;26329401
1521390684222;3224;3336;96;353656832;19698826;26330433
1521390684323;3235;3347;96;353656832;19699284;26331469
1521390684424;3245;3356;96;353656832;19699971;26333019
1521390684525;3255;3366;96;353656832;19700429;26334055
1521390684626;3265;3375;96;353656832;19700887;26335088
1521390684727;3275;3385;96;353656832;19701345;26336125
1521390684828;3285;3395;96;353656832;19702032;26337679
1521390684928;3295;3404;97;353656832;19702490;26338710
1521390685028;3305;3413;97;353656832;19702948;26339746
1521390685128;3315;3423;97;353656832;19703406;26340781
1521390685228;3325;3431;98;353656832;19703864;26342108
1521390685328;3335;3441;98;353656832;19704551;26343371
1521390685428;3345;3450;98;353656832;19705009;26344406
1521390685528;3355;3460;98;353656832;19705467;26345440
1521390685628;3365;3470;98;353656832;19705925;26346473
1521390685728;3375;3479;99;353656832;19706612;26348029
1521390685828;3385;3488;99;353656832;19707070;26349063
1521390685928;3395;3498;99;353656832;19707528;26350096
1521390686028;3405;3507;100;353656832;19707986;26351130
1521390686128;3415;3518;100;353656832;19708683;26352277
1521390686228;3425;3527;100;353656832;19709370;26353832
1521390686328;3435;3537;101;353656832;19709828;26354864
1521390686428;3445;3545;102;353656832;19710806;26355898
1521390686528;3455;3555;102;353656832;19711264;26356933
1521390686628;3465;3565;102;353656832;19711722;26357970
1521390686728;3475;3575;102;353656832;19712409;26359523
1521390686828;3485;3584;102;353656832;19712867;26360557
1521390686928;3495;3594;102;353656832;19713325;26361590
1521390687028;3505;3602;103;353656832;19713783;26362621
1521390687128;3515;3611;104;353656832;19714241;26363657
1521390687228;3525;3621;104;353656832;19714928;26365207
1521390687328;3535;3630;104;353656832;19715386;26366242
1521390687428;3545;3640;104;353656832;19715844;26367275
1521390687528;3555;3649;104;353656832;19716302;26368312
1521390687628;3565;3659;104;353656832;19716989;26369862
1521390687728;3575;3668;104;353656832;19717447;26370899
1521390687828;3585;3679;104;353656832;19717905;26371932
1521390687928;3595;3688;105;353656832;19718363;26372967
1521390688028;3605;3697;105;353656832;19718821;26374000
1521390688128;3615;3708;105;353656832;19719508;26375549
1521390688228;3625;3718;106;353656832;19719966;26376583
1521390688328;3635;3726;107;353656832;19720424;26377619
1521390688428;3645;3735;108;353656832;19720882;26378652
1521390688528;3655;3744;109;353656832;19721340;26379687
1521390688628;3665;3753;109;353656832;19722027;26381238
1521390688728;3675;3763;109;353656832;19722485;26382272
1521390688828;3685;3773;110;353656832;19722943;26383308
1521390688928;3695;3781;112;353656832;19723401;26384342
1521390689028;3705;3791;112;353656832;19723859;26385840
1521390689128;3715;3800;112;353656832;19724546;26386929
1521390689228;3725;3809;112;353656832;19725004;26387963
1521390689328;3735;3819;112;353656832;19725462;26388997
1521390689428;3745;3828;112;353656832;19725920;26390029
1521390689528;3755;3838;112;353656832;19726607;26391584
1521390689628;3765;3847;112;353656832;19727065;26392618
1521390689728;3775;3857;112;353656832;19727523;26393650
1521390689828;3785;3866;112;353656832;19727981;26394686
1521390689928;3795;3875;113;353656832;19728668;26396237
1521390690028;3805;3882;115;353656832;19729126;26397272
1521390690128;3815;3892;115;353656832;19729584;26398307
1521390690228;3825;3901;116;353656832;19730042;26399341
1521390690328;3835;3911;116;353656832;19730500;26400373
1521390690428;3845;3920;117;353656832;19730958;26401409
1521390690528;3855;3927;118;353656832;19731645;26402961
1521390690628;3865;3937;118;353656832;19732342;26404108
1521390690728;3875;3947;118;353656832;19732800;26405143
1521390690828;3885;3956;118;353656832;19733258;26406179
1521390690929;3895;3966;118;353656832;19733945;26407735
1521390691029;3905;3976;118;353656832;19734403;26408769
1521390691129;3915;3985;119;353656832;19734861;26409806
1521390691229;3925;3995;119;353656832;19735319;26410841
1521390691329;3935;4005;119;353656832;19736006;26412394
1521390691429;3945;4015;119;353656832;19736464;26413428
1521390691529;3955;4024;120;353656832;19736922;26414463
1521390691629;3965;4034;120;353656832;19737380;26415496
1521390691729;3975;4044;120;353656832;19737838;26416533
1521390691829;3985;4054;120;353656832;19738525;26418084
1521390691929;3995;4064;120;353656832;19738983;26419119
1521390692029;4005;4074;120;353656832;19739441;26420154
1521390692129;4015;4083;120;353656832;19739899;26421189
1521390692229;4025;4093;120;353656832;19740461;26422689
1521390692329;4035;4102;121;353656832;19741044;26423775
1521390692429;4045;4111;121;353656832;19741502;26424810
1521390692529;4055;4123;121;353656832;19741960;26425844
1521390692629;4065;4132;121;353656832;19742418;26426879
1521390692729;4075;4144;121;353656832;19742876;26427914
1521390692829;4085;4155;121;353656832;19743563;26429466
1521390692929;4095;4167;121;353656832;19744021;26430496
1521390693029;4105;4176;121;353656832;19744479;26431532
1521390693129;4115;4186;121;353656832;19744937;26432569
1521390693229;4125;4197;121;353656832;19745395;26433604
1521390693329;4135;4206;121;353656832;19746082;26435158
1521390693429;4145;4216;121;353656832;19746540;26436194
1521390693529;4155;4227;121;353656832;19746998;26437228
1521390693629;4165;4238;121;353656832;19747456;26438263
1521390693729;4175;4248;121;353656832;19748143;26439814
1521390693829;4185;4257;121;353656832;19748601;26440848
1521390693929;4195;4267;121;353656832;19749059;26441884
1521390694029;4205;4276;121;353656832;19749517;26442919
1521390694129;4215;4286;121;353656832;19750204;26444478
1521390694229;4225;4298;121;353656832;19750662;26445511
1521390694329;4235;4307;121;353656832;19751120;26446544
1521390694429;4245;4317;121;353656832;19751578;26447576
1521390694529;4255;4328;121;353656832;19752036;26448608
1521390694629;4265;4336;122;353656832;19752723;26450159
1521390694729;4275;4344;123;353656832;19753181;26451192
1521390694830;4285;4354;123;353656832;19753639;26452226
1521390694931;4295;4364;123;353656832;19754097;26453261
1521390695032;4305;4374;123;353656832;19754784;26454815
1521390695132;4316;4383;123;353656832;19755481;26455962
1521390695232;4326;4392;124;353656832;19755939;26456998
1521390695332;4336;4400;125;353656832;19756397;26458032
1521390695432;4346;4411;125;353656832;19756959;26459527
1521390695532;4356;4420;125;353656832;19757542;26460613
1521390695633;4366;4430;125;353656832;19758000;26461649
1521390695734;4376;4440;125;353656832;19758458;26462682
1521390695835;4386;4450;125;353656832;19758916;26463717
1521390695935;4396;4459;125;353656832;19759603;26465268
1521390696035;4406;4469;125;353656832;19760061;26466300
1521390696135;4416;4479;125;353656832;19760519;26467336
1521390696235;4426;4489;125;353656832;19761206;26468885
1521390696335;4436;4498;125;353656832;19761664;26469921
1521390696435;4446;4508;125;353656832;19762122;26470955
1521390696535;4456;4517;125;353656832;19762580;26471985
1521390696635;4466;4528;125;353656832;19763267;26473485
1521390696735;4476;4537;125;353656832;19763725;26474572
1521390696835;4486;4547;125;353656832;19764183;26475606
1521390696935;4496;4557;125;353656832;19764641;26476640
1521390697035;4506;4566;125;353656832;19765099;26477676
1521390697135;4516;4576;125;353656832;19765786;26479226
1521390697235;4526;4585;125;353656832;19766244;26480261
1521390697335;4536;4595;125;353656832;19766702;26481290
1521390697435;4546;4605;125;353656832;19767210;26482325
1521390697535;4556;4614;125;353656832;19767714;26483358
1521390697635;4566;4622;126;353656832;19768401;26484908
1521390697735;4576;4632;126;353656832;19768859;26485943
1521390697835;4586;4643;126;353656832;19769317;26486978
1521390697935;4596;4653;126;353656832;19769775;26488011
1521390698035;4606;4663;126;353656832;19770508;26489560
1521390698135;4616;4672;126;353656832;19770966;26490592
1521390698235;4626;4682;126;353656832;19771424;26491628
1521390698335;4636;4690;127;353656832;19771882;26492662
1521390698435;4646;4699;128;353656832;19772569;26494213
1521390698535;4656;4709;128;353656832;19773027;26495242
1521390698635;4666;4718;128;353656832;19773485;26496278
1521390698735;4676;4728;128;353656832;19773943;26497312
1521390698835;4686;4741;129;353656832;19774401;26498348
1521390698935;4696;4750;129;353656832;19774859;26499380
1521390699035;4706;4761;131;353656832;19775317;26500412
1521390699135;4716;4771;131;353656832;19775775;26501446
1521390699235;4726;4780;132;353656832;19776233;26502480
1521390699335;4736;4793;132;353656832;19776691;26503517
1521390699435;4746;4802;133;353656832;19777149;26504551
1521390699535;4756;4814;133;353656832;19777607;26505586
1521390699635;4766;4824;133;353656832;19778065;26506622
1521390699735;4776;4833;134;353656832;19778762;26507766
1521390699835;4786;4844;134;353656832;19779449;26509315
1521390699935;4796;4853;135;353656832;19779907;26510349
1521390700036;4806;4863;135;353656832;19780365;26511382
1521390700137;4816;4872;136;353656832;19780823;26512415
1521390700238;4826;4881;137;353656832;19781281;26513450
1521390700339;4836;4892;137;353656832;19781739;26514484
1521390700440;4846;4901;138;353656832;19782426;26516035
1521390700541;4856;4911;138;353656832;19782884;26517070
1521390700642;4866;4921;138;353656832;19783342;26518101
1521390700743;4877;4933;138;353656832;19783800;26519133
1521390700844;4887;4943;138;353656832;19784258;26520633
1521390700945;4897;4952;138;353656832;19784945;26521718
1521390701046;4907;4962;138;353656832;19785403;26522752
1521390701147;4917;4972;138;353656832;19785861;26523788
1521390701248;4927;4982;138;353656832;19786319;26524821
1521390701349;4937;4993;138;353656832;19787006;26526375
1521390701449;4947;5002;140;353656832;19787235;26526890
1521390701549;4957;5014;140;353656832;19787693;26527924
1521390701649;4967;5024;140;353656832;19788151;26528961
1521390701749;4977;5034;140;353656832;19788609;26529993
1521390701850;4987;5046;140;353656832;19789067;26531024
1521390701951;4997;5057;140;353656832;19789525;26532058
1521390702052;5007;5068;140;353656832;19789983;26533088
1521390702153;5018;5081;140;353656832;19790441;26534125
1521390702254;5028;5091;140;353656832;19791128;26535680
1521390702355;5038;5101;141;353656832;19791586;26536715
1521390702456;5048;5113;141;353656832;19792044;26537749
1521390702556;5058;5123;141;353656832;19792502;26538785
1521390702656;5068;5134;141;353656832;19792960;26539821
1521390702756;5078;5142;142;353656832;19793418;26540856
1521390702856;5088;5158;142;353656832;19793876;26541891
1521390702956;5098;5167;143;353656832;19794334;26542926
1521390703056;5108;5178;143;353656832;19794792;26543960
1521390703156;5118;5188;143;353656832;19795250;26544990
1521390703256;5128;5198;144;353656832;19795708;26546022
1521390703356;5138;5212;144;353656832;19796166;26547055
1521390703456;5148;5223;145;353656832;19796624;26548089
1521390703556;5158;5233;145;353656832;19797082;26549124
1521390703656;5168;5245;145;353656832;19797540;26550158
1521390703756;5178;5254;146;353656832;19797998;26551191
1521390703856;5188;5265;146;353656832;19798456;26552224
1521390703956;5198;5278;147;353656832;19798914;26553254
1521390704056;5208;5288;147;353656832;19799372;26554284
1521390704156;5218;5299;147;353656832;19799830;26555316
1521390704257;5228;5311;147;353656832;19800288;26556346
1521390704358;5238;5321;148;353656832;19800746;26557383
1521390704458;5248;5331;148;353656832;19801204;26558420
1521390704558;5258;5342;149;353656832;19801901;26559568
1521390704658;5268;5354;149;353656832;19802359;26560602
1521390704758;5278;5367;149;353656832;19802817;26561635
1521390704858;5288;5376;150;353656832;19803275;26562668
1521390704958;5298;5386;150;353656832;19803962;26564216
1521390705058;5308;5396;151;353656832;19804420;26565251
1521390705158;5318;5405;152;353656832;19804878;26566283
1521390705258;5328;5415;153;353656832;19805336;26567317
1521390705358;5338;5426;153;353656832;19805794;26568353
1521390705458;5348;5436;153;353656832;19806252;26569384
1521390705558;5358;5450;153;353656832;19806710;26570418
1521390705658;5368;5460;153;353656832;19807168;26571456
1521390705758;5378;5470;153;353656832;19807626;26572487
1521390705858;5388;5481;153;353656832;19808084;26573524
1521390705958;5398;5491;153;353656832;19808542;26574566
1521390706058;5408;5502;153;353656832;19809000;26575601
1521390706158;5418;5512;153;353656832;19809458;26576635
1521390706258;5428;5523;153;353656832;19810145;26578184
1521390706358;5438;5532;154;353656832;19810603;26579216
1521390706458;5448;5543;154;353656832;19811061;26580253
1521390706558;5458;5552;155;353656832;19811519;26581294
1521390706658;5468;5563;155;353656832;19811977;26582332
1521390706758;5478;5573;155;353656832;19812435;26583365
1521390706858;5488;5583;155;353656832;19812893;26584399
1521390706958;5498;5595;155;353656832;19813580;26585954
1521390707058;5508;5606;155;353656832;19814038;26586990
1521390707158;5518;5618;155;353656832;19814496;26588023
1521390707258;5528;5628;155;353656832;19814954;26589058
1521390707358;5538;5638;155;353656832;19815412;26590094
1521390707458;5548;5649;155;353656832;19815870;26591129
1521390707558;5558;5658;155;353656832;19816328;26592165
1521390707658;5568;5667;155;353656832;19817015;26593718
1521390707758;5578;5679;155;353656832;19817473;26594754
1521390707858;5588;5689;155;353656832;19817931;26595789
1521390707958;5598;5700;155;353656832;19818389;26596823
1521390708058;5608;5710;155;353656832;19818847;26597858
1521390708158;5618;5721;155;353656832;19819305;26598894
1521390708258;5628;5732;155;353656832;19819763;26599932
1521390708358;5638;5741;155;353656832;19820450;26601483
1521390708458;5648;5750;156;353656832;19820908;26602520
1521390708558;5658;5760;157;353656832;19821366;26603554
1521390708658;5668;5769;157;353656832;19821824;26604589
1521390708758;5678;5779;157;353656832;19822282;26605625
1521390708858;5688;5789;157;353656832;19822740;26606662
1521390708958;5698;5800;157;353656832;19823198;26607694
1521390709058;5708;5808;158;353656832;19823885;26609248
1521390709158;5718;5819;158;353656832;19824343;26610284
1521390709258;5728;5828;158;353656832;19825040;26611484
1521390709358;5738;5839;158;353656832;19825498;26612520
1521390709458;5748;5850;158;353656832;19825956;26613557
1521390709558;5758;5859;158;353656832;19826414;26614590
1521390709658;5768;5870;159;353656832;19826872;26615624
1521390709758;5778;5880;159;353656832;19827330;26616662
1521390709858;5788;5891;159;353656832;19827788;26617697
1521390709958;5798;5902;160;353656832;19828246;26618730
1521390710058;5808;5911;161;353656832;19828933;26620283
1521390710158;5818;5921;161;353656832;19829391;26621321
1521390710258;5828;5929;163;353656832;19829849;26622354
1521390710358;5838;5938;164;353656832;19830307;26623390
1521390710458;5848;5949;164;353656832;19830765;26624425
1521390710558;5858;5960;164;353656832;19831223;26625461
1521390710658;5868;5970;164;353656832;19831681;26626498
1521390710758;5878;5978;166;353656832;19832368;26628048
1521390710858;5888;5987;166;353656832;19832826;26629086
1521390710958;5898;5998;166;353656832;19833284;26630120
1521390711058;5908;6008;166;353656832;19833742;26631157
1521390711158;5918;6018;166;353656832;19834200;26632192
1521390711258;5928;6030;166;353656832;19834658;26633224
1521390711358;5938;6040;166;353656832;19835116;26634254
1521390711458;5948;6052;166;353656832;19835574;26635287
1521390711558;5958;6064;166;353656832;19836261;26636839
1521390711658;5968;6073;166;353656832;19836719;26637876
1521390711758;5978;6082;167;353656832;19837177;26638929
1521390711858;5988;6092;167;353656832;19837635;26639981
1521390711958;5998;6102;167;353656832;19838093;26641030
1521390712058;6008;6111;167;353656832;19838551;26642080
1521390712158;6018;6122;168;353656832;19839009;26643130
1521390712258;6028;6131;169;353656832;19839467;26644176
1521390712358;6038;6141;169;353656832;19839925;26645223
1521390712458;6048;6150;169;353656832;19840662;26646788
1521390712558;6058;6161;169;353656832;19841166;26647831
1521390712658;6068;6171;169;353656832;19841624;26648879
1521390712758;6078;6183;169;353656832;19842082;26649923
1521390712858;6088;6193;169;353656832;19842540;26650971
1521390712958;6098;6204;169;353656832;19842998;26652013
1521390713058;6108;6214;169;353656832;19843502;26653060
1521390713158;6118;6224;169;353656832;19843960;26654107
1521390713258;6128;6235;169;353656832;19844647;26655674
1521390713358;6138;6244;169;353656832;19845105;26656720
1521390713458;6148;6255;169;353656832;19845563;26657766
1521390713558;6158;6265;169;353656832;19846021;26658813
1521390713658;6168;6275;169;353656832;19846479;26659859
1521390713758;6178;6284;169;353656832;19846937;26660906
1521390713858;6188;6295;169;353656832;19847395;26662420
1521390713958;6198;6305;169;353656832;19848321;26663628
1521390714058;6208;6314;169;353656832;19848779;26664674
1521390714158;6218;6324;169;353656832;19849237;26665720
1521390714258;6228;6335;169;353656832;19849695;26666756
1521390714358;6238;6344;169;353656832;19850153;26667794
1521390714458;6248;6355;169;353656832;19850611;26668830
1521390714558;6258;6364;170;353656832;19851298;26670383
1521390714658;6268;6374;170;353656832;19851756;26671421
1521390714758;6278;6383;171;353656832;19852214;26672458
1521390714858;6288;6392;171;353656832;19852672;26673497
1521390714958;6298;6403;171;353656832;19853130;26674535
1521390715058;6308;6413;171;353656832;19853588;26675573
1521390715158;6318;6424;171;353656832;19854046;26677078
1521390715258;6328;6434;172;353656832;19854733;26678165
1521390715358;6338;6444;172;353656832;19855191;26679204
1521390715459;6348;6452;173;353656832;19855649;26680242
1521390715560;6358;6462;173;353656832;19856107;26681280
1521390715661;6368;6470;174;353656832;19856565;26682318
1521390715761;6378;6481;174;353656832;19857023;26683355
1521390715861;6388;6490;174;353656832;19857710;26684913
1521390715961;6398;6499;175;353656832;19858168;26685948
1521390716061;6408;6509;175;353656832;19858626;26686985
1521390716161;6418;6519;175;353656832;19859084;26688022
1521390716261;6428;6529;175;353656832;19859542;26689060
1521390716361;6438;6539;175;353656832;19860000;26690095
1521390716461;6448;6548;176;353656832;19860846;26691131
1521390716561;6458;6558;176;353656832;19861533;26692686
1521390716661;6468;6567;178;353656832;19861991;26693725
1521390716761;6478;6575;179;353656832;19862449;26694764
1521390716861;6488;6585;179;353656832;19862907;26695801
1521390716961;6498;6596;179;353656832;19863365;26696840
1521390717061;6508;6607;179;353656832;19863823;26697878
1521390717161;6518;6621;179;353656832;19864281;26698915
1521390717261;6528;6631;179;353656832;19864739;26699951
1521390717361;6538;6640;180;353656832;19865197;26700989
1521390717461;6548;6650;180;353656832;19865884;26702548
1521390717561;6558;6660;180;353656832;19866342;26703587
1521390717661;6568;6670;180;353656832;19866800;26704624
1521390717761;6578;6680;180;353656832;19867258;26705660
1521390717861;6588;6689;180;353656832;19867716;26706699
1521390717961;6598;6699;180;353656832;19868174;26707736
1521390718061;6608;6710;180;353656832;19868632;26708773
1521390718161;6618;6721;181;353656832;19869090;26710277
1521390718261;6628;6730;181;353656832;19869777;26711368
1521390718361;6638;6740;181;353656832;19870235;26712409
1521390718461;6648;6749;181;353656832;19870693;26713448
1521390718561;6658;6759;181;353656832;19871151;26714485
1521390718661;6668;6769;182;353656832;19871848;26715637
1521390718761;6678;6780;182;353656832;19872306;26716673
1521390718861;6688;6793;182;353656832;19872764;26718177
1521390718961;6698;6801;183;353656832;19873451;26719264
1521390719061;6708;6812;184;353656832;19873909;26720300
1521390719161;6718;6820;185;353656832;19874367;26721339
1521390719261;6728;6830;185;353656832;19874825;26722377
1521390719361;6738;6840;185;353656832;19875283;26723415
1521390719461;6748;6851;185;353656832;19875741;26724450
1521390719561;6758;6860;187;353656832;19876303;26725956
1521390719661;6768;6870;187;353656832;19876886;26727043
1521390719761;6778;6880;187;353656832;19877344;26728083
1521390719861;6788;6888;189;353656832;19877802;26729117
1521390719961;6798;6898;189;353656832;19878260;26730154
1521390720061;6808;6908;189;353656832;19878718;26731191
1521390720161;6818;6917;189;353656832;19879176;26732229
1521390720261;6828;6929;189;353656832;19879634;26733265
1521390720361;6838;6940;189;353656832;19880092;26734765
1521390720461;6848;6950;189;353656832;19880779;26735854
1521390720561;6858;6960;189;353656832;19881237;26736891
1521390720661;6868;6970;189;353656832;19881695;26737927
1521390720761;6878;6980;189;353656832;19882153;26738967
1521390720861;6888;6989;190;353656832;19882611;26740005
1521390720961;6898;6999;190;353656832;19883069;26741041
1521390721061;6908;7009;190;353656832;19883756;26742598
1521390721161;6918;7019;190;353656832;19884214;26743635
1521390721261;6928;7028;190;353656832;19884672;26744675
1521390721361;6938;7038;190;353656832;19885130;26745714
1521390721461;6948;7048;191;353656832;19885588;26746748
1521390721561;6958;7057;191;353656832;19886046;26747785
1521390721661;6968;7068;191;353656832;19886504;26749288
1521390721761;6978;7077;191;353656832;19887191;26750375
1521390721861;6988;7086;191;353656832;19887649;26751410
1521390721961;6998;7096;191;353656832;19888107;26752446
1521390722061;7008;7105;192;353656832;19888565;26753484
1521390722161;7018;7115;192;353656832;19889023;26754522
1521390722261;7028;7125;192;353656832;19889481;26755560
1521390722361;7038;7135;192;353656832;19890168;26757114
1521390722461;7048;7144;192;353656832;19890626;26758151
1521390722561;7058;7154;192;353656832;19891084;26759185
1521390722662;7068;7164;192;353656832;19891542;26760222
1521390722762;7079;7172;193;353656832;19892000;26761259
1521390722862;7089;7181;194;353656832;19892687;26762814
1521390722963;7099;7193;194;353656832;19893145;26763848
1521390723064;7109;7204;195;353656832;19893603;26764885
1521390723165;7119;7213;197;353656832;19894061;26765921
1521390723265;7129;7223;197;353656832;19894642;26766958
1521390723365;7139;7233;197;353656832;19895216;26768108
1521390723465;7149;7243;197;353656832;19895903;26769662
1521390723565;7159;7252;197;353656832;19896361;26770700
1521390723665;7169;7262;197;353656832;19896819;26771739
1521390723765;7179;7274;197;353656832;19897277;26772778
1521390723865;7189;7283;197;353656832;19897735;26773814
1521390723965;7199;7294;197;353656832;19898193;26774855
1521390724065;7209;7304;197;353656832;19898651;26775893
1521390724165;7219;7314;197;353656832;19899338;26777449
1521390724265;7229;7323;197;353656832;19899796;26778487
1521390724365;7239;7335;197;353656832;19900254;26779524
1521390724465;7249;7344;197;353656832;19900712;26780562
1521390724565;7259;7354;197;353656832;19901170;26781601
1521390724665;7269;7364;197;353656832;19901628;26782634
1521390724765;7279;7374;197;353656832;19902315;26784190
1521390724865;7289;7382;198;353656832;19902773;26785229
1521390724965;7299;7393;198;353656832;19903231;26786267
1521390725065;7309;7402;199;353656832;19903689;26787300
1521390725165;7319;7411;199;353656832;19904147;26788336
1521390725265;7329;7422;199;353656832;19904605;26789373
1521390725365;7339;7432;200;353656832;19905063;26790410
1521390725465;7349;7442;200;353656832;19905750;26791964
1521390725565;7359;7454;200;353656832;19906208;26793002
1521390725665;7369;7463;201;353656832;19906666;26794039
1521390725765;7379;7474;201;353656832;19907124;26795076
1521390725865;7389;7486;201;353656832;19907582;26796112
1521390725965;7399;7496;201;353656832;19908040;26797150
1521390726065;7409;7505;202;353656832;19908498;26798190
1521390726165;7419;7515;202;353656832;19909060;26799693
1521390726265;7429;7524;202;353656832;19909643;26800784
1521390726365;7439;7533;202;353656832;19910101;26801822
1521390726465;7449;7543;202;353656832;19910559;26802858
1521390726565;7459;7551;203;353656832;19911017;26803896
1521390726665;7469;7561;203;353656832;19911475;26804933
1521390726765;7479;7571;203;353656832;19911933;26805971
1521390726865;7489;7580;203;353656832;19912620;26807529
1521390726965;7499;7590;203;353656832;19913078;26808566
1521390727065;7509;7600;203;353656832;19913536;26809603
1521390727166;7519;7610;203;353656832;19913994;26810640
1521390727267;7529;7619;204;353656832;19914452;26811678
1521390727368;7539;7629;204;353656832;19915139;26813235
1521390727469;7549;7642;204;353656832;19915647;26814272
1521390727570;7559;7653;204;353656832;19916151;26815311
1521390727671;7569;7663;204;353656832;19916609;26816349
1521390727772;7579;7673;204;353656832;19917067;26817386
1521390727873;7590;7682;205;353656832;19917525;26818422
1521390727974;7600;7691;205;353656832;19918451;26820089
1521390728074;7610;7700;206;353656832;19918909;26821126
1521390728174;7620;7710;206;353656832;19919367;26822163
1521390728274;7630;7718;207;353656832;19919871;26823203
1521390728374;7640;7729;207;353656832;19920329;26824243
1521390728474;7650;7739;207;353656832;19920787;26825746
1521390728574;7660;7750;207;353656832;19921474;26826834
1521390728674;7670;7760;207;353656832;19921932;26827872
1521390728774;7680;7770;207;353656832;19922390;26828907
1521390728874;7690;7779;207;353656832;19922848;26829943
1521390728974;7700;7790;207;353656832;19923306;26830982
1521390729074;7710;7800;207;353656832;19923993;26832539
1521390729174;7720;7807;209;353656832;19924451;26833576
1521390729274;7730;7818;209;353656832;19924909;26834611
1521390729374;7740;7828;210;353656832;19925367;26835648
1521390729474;7750;7837;211;353656832;19925825;26836684
1521390729574;7760;7846;211;353656832;19926512;26838242
1521390729674;7770;7857;211;353656832;19926970;26839277
1521390729774;7780;7868;211;353656832;19927428;26840314
1521390729874;7790;7878;211;353656832;19927886;26841351
1521390729974;7800;7888;211;353656832;19928344;26842387
1521390730074;7810;7897;211;353656832;19928802;26843422
1521390730174;7820;7908;211;353656832;19929489;26844976
1521390730274;7830;7917;211;353656832;19929947;26846014
1521390730374;7840;7927;211;353656832;19930405;26847048
1521390730474;7850;7936;212;353656832;19930863;26848083
1521390730574;7860;7946;212;353656832;19931321;26849587
1521390730674;7870;7956;212;353656832;19932008;26850675
1521390730774;7880;7966;212;353656832;19932466;26851712
1521390730874;7890;7975;212;353656832;19932924;26852749
1521390730974;7900;7986;212;353656832;19933382;26853789
1521390731074;7910;7996;212;353656832;19933840;26854828
1521390731174;7920;8008;212;353656832;19934298;26855861
1521390731274;7930;8018;212;353656832;19934756;26857367
1521390731374;7940;8028;212;353656832;19935443;26858458
1521390731474;7950;8041;212;353656832;19935672;26858976
1521390731574;7960;8054;212;353656832;19936130;26860009
1521390731674;7970;8064;212;353656832;19936588;26861045
1521390731774;7980;8074;212;353656832;19937046;26862086
1521390731874;7990;8084;212;353656832;19937733;26863644
1521390731974;8000;8097;212;353656832;19937962;26864161
1521390732074;8010;8108;212;353656832;19938420;26865196
1521390732174;8020;8118;212;353656832;19938878;26866233
1521390732274;8030;8130;212;353656832;19939336;26867739
1521390732374;8040;8139;213;353656832;19940023;26868827
1521390732474;8050;8149;213;353656832;19940481;26869867
1521390732575;8060;8159;213;353656832;19941062;26870905
1521390732676;8070;8168;214;353656832;19941636;26872054
1521390732777;8080;8179;214;353656832;19942094;26873090
1521390732878;8090;8188;215;353656832;19942552;26874125
1521390732979;8100;8198;216;353656832;19943114;26875628
1521390733080;8110;8209;216;353656832;19943697;26876716
1521390733180;8120;8219;216;353656832;19944155;26877755
1521390733280;8130;8229;216;353656832;19944613;26878795
1521390733380;8140;8240;216;353656832;19945071;26879830
1521390733481;8150;8250;216;353656832;19945529;26880867
1521390733582;8160;8261;217;353656832;19945987;26881901
1521390733683;8171;8272;217;353656832;19946445;26882938
1521390733783;8181;8284;217;353656832;19946903;26883973
1521390733883;8191;8294;218;353656832;19947361;26885009
1521390733983;8201;8305;218;353656832;19947819;26886046
1521390734083;8211;8314;219;353656832;19948277;26887083
1521390734183;8221;8325;219;353656832;19948735;26888120
1521390734283;8231;8336;219;353656832;19949193;26889157
1521390734383;8241;8346;219;353656832;19949880;26890712
1521390734483;8251;8357;219;353656832;19950109;26891230
1521390734583;8261;8366;219;353656832;19950796;26892786
1521390734683;8271;8377;219;353656832;19951254;26893824
1521390734783;8281;8389;219;353656832;19951712;26894863
1521390734883;8291;8399;219;353656832;19952170;26895900
1521390734983;8301;8408;220;353656832;19952628;26896936
1521390735083;8311;8418;220;353656832;19953086;26897972
1521390735183;8321;8429;220;353656832;19953544;26899010
1521390735283;8331;8438;220;353656832;19954002;26900047
1521390735383;8341;8448;222;353656832;19954460;26901087
1521390735483;8351;8457;223;353656832;19954918;26902124
1521390735583;8361;8467;223;353656832;19955376;26903161
1521390735683;8371;8476;224;353656832;19956063;26904716
1521390735783;8381;8486;224;353656832;19956521;26905754
1521390735883;8391;8497;224;353656832;19956979;26906792
1521390735983;8401;8508;225;353656832;19957437;26907829
1521390736083;8411;8517;225;353656832;19957895;26908866
1521390736183;8421;8528;225;353656832;19958353;26909904
1521390736283;8431;8537;225;353656832;19958811;26910941
1521390736383;8441;8548;225;353656832;19959269;26911979
1521390736483;8451;8558;225;353656832;19959727;26913018
1521390736583;8461;8570;225;353656832;19960185;26914050
1521390736683;8471;8580;225;353656832;19960643;26915084
1521390736783;8481;8591;225;353656832;19961101;26916124
1521390736883;8491;8602;225;353656832;19961559;26917175
1521390736983;8501;8612;226;353656832;19962017;26918228
1521390737083;8511;8622;226;353656832;19962475;26919279
1521390737183;8521;8632;226;353656832;19962933;26920328
1521390737283;8531;8644;226;353656832;19963620;26921905
1521390737383;8541;8656;226;353656832;19963849;26922430
1521390737483;8551;8667;226;353656832;19964650;26924065
1521390737583;8561;8679;226;353656832;19965004;26924642
1521390737683;8571;8689;227;353656832;19965691;26926213
1521390737783;8581;8700;227;353656832;19966149;26927259
1521390737883;8591;8711;227;353656832;19966607;26928306
1521390737983;8601;8720;227;353656832;19967065;26929355
1521390738083;8611;8730;228;353656832;19967523;26930400
1521390738183;8621;8740;228;353656832;19967981;26931448
1521390738283;8631;8750;228;353656832;19968439;26932491
1521390738383;8641;8761;228;353656832;19968897;26933541
1521390738483;8651;8771;228;353656832;19969355;26934590
1521390738583;8661;8780;230;353656832;19969813;26935636
1521390738683;8671;8790;230;353656832;19970271;26936681
1521390738783;8681;8800;231;353656832;19970729;26937728
1521390738883;8691;8809;232;353656832;19971187;26938774
1521390738983;8701;8820;232;353656832;19971645;26939819
1521390739083;8711;8830;232;353656832;19972332;26941389
1521390739183;8721;8840;232;353656832;19972790;26942438
1521390739283;8731;8850;232;353656832;19973248;26943482
1521390739383;8741;8860;232;353656832;19973706;26944532
1521390739483;8751;8874;232;353656832;19974164;26945579
1521390739583;8761;8885;233;353656832;19974622;26946627
1521390739683;8771;8895;234;353656832;19975080;26947673
1521390739783;8781;8905;234;353656832;19975538;26948721
1521390739883;8791;8916;235;353656832;19975996;26949770
1521390739983;8801;8927;235;353656832;19976454;26950815
1521390740083;8811;8938;235;353656832;19976912;26951865
1521390740183;8821;8947;236;353656832;19977599;26953432
1521390740283;8831;8958;236;353656832;19978057;26954480
1521390740383;8841;8968;236;353656832;19978515;26955529
1521390740483;8851;8978;236;353656832;19978973;26956574
1521390740583;8861;8988;236;353656832;19979431;26957620
1521390740683;8871;8998;237;353656832;19979889;26958665
1521390740783;8881;9010;237;353656832;19980347;26959711
1521390740883;8891;9019;237;353656832;19980805;26960756
1521390740983;8901;9031;238;353656832;19981263;26961802
1521390741083;8911;9042;238;353656832;19981721;26962849
1521390741183;8921;9053;239;353656832;19982179;26963899
1521390741283;8931;9065;239;353656832;19982866;26965472
1521390741383;8941;9074;239;353656832;19983324;26966520
1521390741483;8951;9085;240;353656832;19983782;26967572
1521390741583;8961;9095;240;353656832;19984240;26968618
1521390741683;8971;9106;240;353656832;19984698;26969661
1521390741783;8981;9115;240;353656832;19985156;26970710
1521390741883;8991;9125;240;353656832;19985614;26971756
1521390741983;9001;9137;240;353656832;19986072;26972803
1521390742083;9011;9147;240;353656832;19986530;26973845
1521390742183;9021;9159;240;353656832;19987340;26975403
1521390742283;9031;9170;240;353656832;19987914;26976551
1521390742383;9041;9180;240;353656832;19988372;26977587
1521390742483;9051;9191;240;353656832;19988926;26978622
1521390742583;9061;9200;240;353656832;19989384;26979655
1521390742683;9071;9210;240;353656832;19989842;26980691
1521390742783;9081;9220;240;353656832;19990300;26981727
1521390742883;9091;9231;240;353656832;19990758;26982763
1521390742983;9101;9241;240;353656832;19991262;26983798
1521390743083;9111;9251;240;353656832;19991949;26985347
1521390743183;9121;9262;240;353656832;19992407;26986381
1521390743283;9131;9274;240;353656832;19992865;26987415
1521390743383;9141;9284;240;353656832;19993323;26988453
1521390743483;9151;9294;240;353656832;19993781;26989490
1521390743583;9161;9304;240;353656832;19994239;26990525
1521390743683;9171;9315;240;353656832;19994697;26991560
1521390743783;9181;9327;240;353656832;19995155;26992596
1521390743883;9191;9340;240;353656832;19995613;26993629
1521390743983;9201;9350;241;353656832;19996071;26994663
1521390744083;9211;9360;241;353656832;19996758;26996217
1521390744183;9221;9371;241;353656832;19997216;26997249
1521390744283;9231;9380;243;353656832;19997674;26998287
1521390744383;9241;9389;243;353656832;19998132;26999326
1521390744483;9251;9400;243;353656832;19998590;27000362
1521390744584;9261;9410;243;353656832;19999048;27001398
1521390744685;9271;9418;244;353656832;19999506;27002430
1521390744786;9281;9428;244;353656832;19999964;27003467
1521390744887;9291;9438;244;353656832;20000422;27004499
1521390744987;9301;9449;244;353656832;20000880;27005537
1521390745087;9311;9457;245;353656832;20001567;27007093
1521390745187;9321;9468;245;353656832;20002025;27008129
1521390745287;9331;9477;245;353656832;20002483;27009165
1521390745387;9341;9486;245;353656832;20002941;27010204
1521390745487;9351;9496;245;353656832;20003399;27011239
1521390745587;9361;9505;246;353656832;20003857;27012274
1521390745687;9371;9515;246;353656832;20004315;27013307
1521390745787;9381;9525;246;353656832;20004773;27014341
1521390745887;9391;9534;247;353656832;20005231;27015375
1521390745987;9401;9545;247;353656832;20005689;27016411
1521390746087;9411;9555;247;353656832;20006376;27017966
1521390746187;9421;9564;247;353656832;20006834;27019001
1521390746287;9431;9575;247;353656832;20007292;27020034
1521390746387;9441;9584;247;353656832;20007750;27021071
1521390746487;9451;9595;247;353656832;20008596;27022110
1521390746587;9461;9605;247;353656832;20009054;27023148
1521390746687;9471;9615;247;353656832;20009512;27024180
1521390746787;9481;9627;247;353656832;20010199;27025733
1521390746887;9491;9638;247;353656832;20010657;27026770
1521390746987;9501;9647;247;353656832;20011354;27027916
1521390747088;9511;9658;247;353656832;20011812;27028947
1521390747189;9521;9669;247;353656832;20012270;27029985
1521390747290;9531;9679;247;353656832;20012728;27031021
1521390747390;9541;9688;248;353656832;20013415;27032570
1521390747490;9551;9697;249;353656832;20013873;27033608
1521390747590;9561;9706;250;353656832;20014331;27034644
1521390747690;9571;9716;250;353656832;20014789;27035680
1521390747790;9581;9726;250;353656832;20015247;27036716
1521390747890;9591;9737;250;353656832;20015705;27037753
1521390747990;9601;9748;250;353656832;20016163;27038792
1521390748090;9611;9758;250;353656832;20016850;27040344
1521390748190;9621;9768;250;353656832;20017308;27041379
1521390748290;9631;9777;251;353656832;20017766;27042416
1521390748390;9641;9786;251;353656832;20018224;27043451
1521390748490;9651;9795;252;353656832;20018682;27044486
1521390748590;9661;9807;252;353656832;20019140;27045523
1521390748690;9671;9818;252;353656832;20019702;27047026
1521390748790;9681;9828;252;353656832;20020285;27048116
1521390748890;9691;9837;253;353656832;20020743;27049152
1521390748990;9701;9847;254;353656832;20021201;27050190
1521390749090;9711;9858;254;353656832;20021659;27051228
1521390749190;9721;9867;255;353656832;20022117;27052263
1521390749290;9731;9877;255;353656832;20022575;27053301
1521390749390;9741;9888;255;353656832;20023262;27054856
1521390749490;9751;9898;255;353656832;20023720;27055892
1521390749590;9761;9906;256;353656832;20024178;27056929
1521390749690;9771;9915;256;353656832;20024636;27057963
1521390749790;9781;9925;256;353656832;20025094;27058998
1521390749890;9791;9934;257;353656832;20025552;27060033
1521390749990;9801;9943;257;353656832;20026239;27061586
1521390750091;9811;9954;257;353656832;20026697;27062624
1521390750191;9821;9962;258;353656832;20027155;27063661
1521390750291;9831;9971;259;353656832;20027613;27064699
1521390750391;9841;9981;259;353656832;20028071;27065735
1521390750491;9851;9990;260;353656832;20028758;27067289
1521390750591;9861;9999;260;353656832;20029216;27068328
1521390750691;9871;10011;260;353656832;20029674;27069363
1521390750791;9881;10022;260;353656832;20030132;27070399
1521390750891;9891;10031;260;353656832;20030590;27071437
1521390750991;9901;10040;261;353656832;20031048;27072473
1521390751091;9911;10051;261;353656832;20031735;27074025
1521390751191;9921;10061;261;353656832;20032193;27075060
1521390751291;9931;10072;261;353656832;20032651;27076096
1521390751391;9941;10082;261;353656832;20033109;27077130
1521390751491;9951;10092;261;353656832;20033567;27078167
1521390751591;9961;10101;262;353656832;20034148;27079206
1521390751691;9971;10111;262;353656832;20034951;27080871
1521390751791;9981;10119;263;353656832;20035409;27081908
1521390751891;9991;10129;263;353656832;20035867;27082945
1521390751992;10001;10140;263;353656832;20036325;27083981
1521390752092;10011;10150;263;353656832;20036783;27085017
1521390752193;10022;10161;263;353656832;20037470;27086571
1521390752294;10032;10170;264;353656832;20037928;27087605
1521390752394;10042;10182;264;353656832;20038386;27088641
1521390752494;10052;10194;264;353656832;20038844;27089678
1521390752594;10062;10203;265;353656832;20039302;27090716
1521390752694;10072;10213;265;353656832;20039760;27091750
1521390752794;10082;10226;265;353656832;20040218;27092787
1521390752894;10092;10236;266;353656832;20040676;27093826
1521390752994;10102;10248;266;353656832;20041238;27095329
1521390753094;10112;10258;266;353656832;20041696;27096366
1521390753194;10122;10267;267;353656832;20042279;27097457
1521390753294;10132;10276;268;353656832;20042737;27098495
1521390753394;10142;10287;268;353656832;20043195;27099532
1521390753494;10152;10295;269;353656832;20043653;27100569
1521390753594;10162;10305;269;353656832;20044111;27101605
1521390753694;10172;10314;270;353656832;20044569;27102933
1521390753794;10182;10323;270;353656832;20045256;27104201
1521390753894;10192;10333;270;353656832;20045714;27105234
1521390753994;10202;10342;270;353656832;20046172;27106271
1521390754094;10212;10354;270;353656832;20046630;27107307
1521390754194;10222;10364;270;353656832;20047088;27108343
1521390754294;10232;10374;270;353656832;20047546;27109381
1521390754394;10242;10383;270;353656832;20048004;27110418
1521390754494;10252;10393;270;353656832;20048691;27111972
1521390754595;10262;10405;270;353656832;20049149;27113011
1521390754696;10272;10415;270;353656832;20049607;27114046
1521390754796;10282;10424;270;353656832;20050065;27115082
1521390754896;10292;10435;270;353656832;20050523;27116118
1521390754996;10302;10444;271;353656832;20051085;27117625
1521390755096;10312;10456;271;353656832;20051668;27118712
1521390755196;10322;10464;272;353656832;20052126;27119750
1521390755296;10332;10473;273;353656832;20052584;27120784
1521390755396;10342;10482;273;353656832;20053042;27121819
1521390755496;10352;10494;273;353656832;20053500;27122855
1521390755596;10362;10504;273;353656832;20054062;27124355
1521390755696;10372;10512;274;353656832;20054645;27125444
1521390755796;10382;10522;274;353656832;20055103;27126482
1521390755896;10392;10532;274;353656832;20055561;27127519
1521390755996;10402;10542;274;353656832;20056019;27128555
1521390756100;10412;10552;274;353656832;20056477;27129591
1521390756200;10422;10561;274;353656832;20057287;27131148
1521390756300;10432;10571;274;353656832;20057861;27132296
1521390756400;10442;10581;274;353656832;20058319;27133331
1521390756500;10452;10590;274;353656832;20058777;27134366
1521390756600;10462;10599;275;353656832;20059235;27135404
1521390756700;10472;10608;275;353656832;20059693;27136442
1521390756800;10482;10617;275;353656832;20060151;27137482
1521390756900;10492;10626;275;353656832;20060838;27139034
1521390757000;10502;10636;275;353656832;20061296;27140070
1521390757100;10512;10646;275;353656832;20061754;27141104
1521390757200;10522;10654;276;353656832;20062212;27142143
1521390757301;10532;10663;276;353656832;20062670;27143182
1521390757402;10542;10674;276;353656832;20063178;27144218
1521390757503;10553;10683;276;353656832;20063865;27145772
1521390757603;10563;10693;276;353656832;20064369;27146807
1521390757703;10573;10704;276;353656832;20064827;27147845
1521390757803;10583;10714;276;353656832;20065285;27148882
1521390757903;10593;10723;276;353656832;20065743;27149917
1521390758003;10603;10732;277;353656832;20066430;27151469
1521390758103;10613;10742;277;353656832;20066934;27152505
1521390758203;10623;10752;278;353656832;20067392;27153539
1521390758303;10633;10762;278;353656832;20067850;27154579
1521390758403;10643;10772;278;353656832;20068308;27155616
1521390758503;10653;10781;278;353656832;20068766;27156653
1521390758603;10663;10791;278;353656832;20069453;27158210
1521390758703;10673;10801;278;353656832;20069911;27159249
1521390758803;10683;10811;279;353656832;20070369;27160285
1521390758903;10693;10820;279;353656832;20070827;27161321
1521390759003;10703;10831;279;353656832;20071285;27162357
1521390759103;10713;10840;280;353656832;20071743;27163396
1521390759203;10723;10849;281;353656832;20072201;27164430
1521390759303;10733;10858;282;353656832;20072763;27165929
1521390759404;10743;10868;282;353656832;20073117;27166497
1521390759505;10753;10877;282;353656832;20073804;27168049
1521390759605;10763;10887;282;353656832;20074262;27169086
1521390759705;10773;10898;282;353656832;20074720;27170127
1521390759805;10783;10909;282;353656832;20075178;27171166
1521390759905;10793;10919;282;353656832;20075636;27172201
1521390760005;10803;10929;282;353656832;20076094;27173236
1521390760105;10813;10943;282;353656832;20076552;27174271
1521390760205;10823;10953;282;353656832;20077239;27175830
1521390760306;10833;10963;282;353656832;20077697;27176867
1521390760407;10843;10974;282;353656832;20078155;27177907
1521390760507;10853;10982;284;353656832;20078613;27178943
1521390760607;10863;10994;284;353656832;20079071;27179983
1521390760707;10873;11004;284;353656832;20079529;27181020
1521390760807;10883;11015;284;353656832;20080216;27182566
1521390760907;10893;11025;284;353656832;20080913;27183715
1521390761007;10903;11035;284;353656832;20081371;27184752
1521390761107;10913;11044;285;353656832;20081829;27185789
1521390761207;10923;11053;286;353656832;20082287;27186825
1521390761307;10933;11063;286;353656832;20082745;27187863
1521390761407;10943;11074;286;353656832;20083307;27189366
1521390761507;10953;11083;286;353656832;20083890;27190398
1521390761607;10963;11093;286;353656832;20084348;27191485
1521390761707;10973;11104;287;353656832;20084577;27192003
1521390761807;10983;11115;288;353656832;20085035;27193042
1521390761907;10993;11124;288;353656832;20085493;27194075
1521390762007;11003;11134;288;353656832;20085951;27195111
1521390762107;11013;11143;288;353656832;20086409;27196151
1521390762207;11023;11152;288;353656832;20086867;27197188
1521390762307;11033;11164;289;353656832;20087325;27198225
1521390762407;11043;11173;289;353656832;20087783;27199263
1521390762507;11053;11183;289;353656832;20088241;27200297
1521390762607;11063;11192;289;353656832;20088699;27201333
1521390762707;11073;11202;289;353656832;20089157;27202367
1521390762807;11083;11214;289;353656832;20089615;27203403
1521390762907;11093;11224;290;353656832;20090073;27204438
1521390763007;11103;11235;290;353656832;20090531;27205471
1521390763107;11113;11244;290;353656832;20091218;27207022
1521390763207;11123;11255;290;353656832;20091676;27208054
1521390763307;11133;11265;290;353656832;20092134;27209090
1521390763407;11143;11275;290;353656832;20092592;27210125
1521390763507;11153;11285;291;353656832;20093050;27211161
1521390763607;11163;11295;291;353656832;20093508;27212198
1521390763707;11173;11304;292;353656832;20093966;27213523
1521390763807;11183;11313;292;353656832;20094653;27214787
1521390763907;11193;11322;292;353656832;20095111;27215823
1521390764007;11203;11332;292;353656832;20095569;27216859
1521390764107;11213;11342;292;353656832;20096027;27217895
1521390764207;11223;11351;293;353656832;20096485;27218931
1521390764307;11233;11362;293;353656832;20097047;27220434
1521390764407;11243;11371;293;353656832;20097630;27221521
1521390764507;11253;11382;293;353656832;20098088;27222557
1521390764607;11263;11393;293;353656832;20098546;27223591
1521390764707;11273;11402;294;353656832;20099004;27224626
1521390764807;11283;11413;294;353656832;20099462;27225658
1521390764907;11293;11426;294;353656832;20099920;27226690
1521390765007;11303;11436;294;353656832;20100378;27227721
1521390765107;11313;11447;294;353656832;20100836;27228757
1521390765207;11323;11458;294;353656832;20101294;27229796
1521390765307;11333;11468;294;353656832;20101752;27230827
1521390765407;11343;11480;294;353656832;20102210;27231864
1521390765507;11353;11490;294;353656832;20102668;27232901
1521390765607;11363;11500;295;353656832;20103126;27233937
1521390765707;11373;11510;295;353656832;20104052;27235604
1521390765807;11383;11519;296;353656832;20104510;27236643
1521390765907;11393;11528;296;353656832;20104968;27237681
1521390766007;11403;11537;298;353656832;20105426;27238714
1521390766107;11413;11547;298;353656832;20105884;27239750
1521390766207;11423;11557;298;353656832;20106342;27240781
1521390766307;11433;11569;298;353656832;20106800;27241817
1521390766407;11443;11579;298;353656832;20107258;27242855
1521390766507;11453;11589;299;353656832;20107716;27243891
1521390766607;11463;11600;299;353656832;20108174;27244928
1521390766707;11473;11610;299;353656832;20108632;27245966
1521390766807;11483;11621;299;353656832;20109319;27247522
1521390766907;11493;11629;300;353656832;20109777;27248559
1521390767007;11503;11644;300;353656832;20110235;27249593
1521390767107;11513;11654;300;353656832;20110693;27250630
1521390767208;11523;11664;300;353656832;20111151;27251667
1521390767309;11533;11675;300;353656832;20111609;27252702
1521390767410;11543;11689;300;353656832;20112067;27253739
1521390767511;11553;11698;300;353656832;20112525;27254776
1521390767612;11563;11711;301;353656832;20113087;27256283
1521390767713;11574;11721;301;353656832;20113670;27257373
1521390767814;11584;11731;301;353656832;20114128;27258411
1521390767915;11594;11743;301;353656832;20114586;27259447
1521390768016;11604;11752;301;353656832;20115044;27260483
1521390768116;11614;11762;301;353656832;20115502;27261518
1521390768216;11624;11773;301;353656832;20116064;27263022
1521390768316;11634;11791;301;353656832;20116647;27264114
1521390768416;11644;11804;301;353656832;20117105;27265148
1521390768516;11654;11815;301;353656832;20117563;27266183
1521390768616;11664;11825;301;353656832;20118021;27267222
1521390768716;11674;11836;301;353656832;20118479;27268262
1521390768816;11684;11846;302;353656832;20118937;27269300
1521390768916;11694;11857;302;353656832;20119395;27270338
1521390769016;11704;11867;303;353656832;20119853;27271376
1521390769116;11714;11877;303;353656832;20120311;27272408
1521390769216;11724;11890;303;353656832;20120769;27273446
1521390769316;11734;11901;303;353656832;20121227;27274483
1521390769416;11744;11910;304;353656832;20121685;27275521
1521390769517;11754;11920;305;353656832;20122143;27276847
1521390769618;11764;11930;306;353656832;20122830;27278115
1521390769719;11774;11942;306;353656832;20123288;27279151
1521390769820;11784;11953;307;353656832;20123746;27280186
1521390769921;11794;11964;307;353656832;20124204;27281223
1521390770022;11804;11975;308;353656832;20124662;27282260
1521390770122;11814;11985;308;353656832;20125120;27283293
1521390770222;11824;11997;308;353656832;20125682;27284793
1521390770322;11834;12005;309;353656832;20126265;27285881
1521390770422;11844;12015;309;353656832;20126846;27286918
1521390770522;11854;12025;309;353656832;20127420;27288066
1521390770622;11864;12034;310;353656832;20127878;27289103
1521390770722;11874;12044;310;353656832;20128336;27290139
1521390770822;11885;12054;310;353656832;20128794;27291177
1521390770922;11895;12064;312;353656832;20129481;27292733
1521390771022;11905;12073;312;353656832;20129939;27293769
1521390771122;11915;12083;313;353656832;20130397;27294804
1521390771222;11925;12094;313;353656832;20130855;27295839
1521390771322;11935;12105;313;353656832;20131313;27296877
1521390771423;11945;12115;313;353656832;20131771;27297913
1521390771524;11955;12125;315;353656832;20132229;27298950
1521390771624;11965;12135;315;353656832;20132687;27299987
1521390771724;11975;12143;317;353656832;20133145;27301024
1521390771824;11985;12153;317;353656832;20133832;27302529
1521390771924;11995;12164;317;353656832;20134290;27303619
1521390772024;12005;12174;317;353656832;20134748;27304655
1521390772124;12015;12191;317;353656832;20135206;27305690
1521390772224;12025;12202;317;353656832;20135664;27306725
1521390772324;12035;12212;317;353656832;20136122;27307761
1521390772424;12045;12223;317;353656832;20136630;27308796
1521390772524;12055;12233;317;353656832;20137088;27309831
1521390772624;12065;12245;317;353656832;20137546;27310868
1521390772724;12075;12255;317;353656832;20138050;27311906
1521390772824;12085;12267;317;353656832;20138554;27312942
1521390772924;12095;12277;317;353656832;20139241;27314495
1521390773024;12105;12287;317;353656832;20139699;27315534
1521390773124;12115;12297;318;353656832;20140157;27316570
1521390773224;12125;12307;319;353656832;20140615;27317606
1521390773324;12135;12318;319;353656832;20141073;27318643
1521390773424;12145;12329;319;353656832;20141531;27319677
1521390773524;12155;12339;319;353656832;20141989;27320712
1521390773624;12165;12351;319;353656832;20142447;27322213
1521390773724;12175;12361;319;353656832;20143134;27323301
1521390773825;12185;12371;319;353656832;20143592;27324336
1521390773926;12195;12382;319;353656832;20144050;27325374
1521390774027;12205;12392;319;353656832;20144508;27326411
1521390774127;12215;12401;319;353656832;20144966;27327445
1521390774227;12225;12411;319;353656832;20145424;27328481
1521390774327;12235;12421;320;353656832;20146111;27330039
1521390774427;12245;12431;320;353656832;20146569;27331078
1521390774528;12255;12440;321;353656832;20147027;27332115
1521390774628;12265;12450;321;353656832;20147485;27333152
1521390774728;12275;12459;322;353656832;20147943;27334189
1521390774828;12285;12469;324;353656832;20148401;27335229
1521390774928;12295;12479;324;353656832;20148963;27336731
1521390775028;12305;12489;324;353656832;20149546;27337822
1521390775128;12315;12499;324;353656832;20150127;27338859
1521390775228;12325;12509;324;353656832;20150701;27340009
1521390775328;12335;12519;324;353656832;20151159;27341048
1521390775428;12345;12529;324;353656832;20151617;27342088
1521390775528;12355;12540;324;353656832;20152075;27343121
1521390775628;12365;12551;324;353656832;20152533;27344158
1521390775728;12375;12562;324;353656832;20152991;27345194
1521390775828;12385;12572;325;353656832;20153678;27346748
1521390775928;12395;12583;325;353656832;20154136;27347788
1521390776028;12405;12592;326;353656832;20154594;27348821
