currentTs;total_time;user_time;sys_time;virtual_size;in_octets;out_octets
1521908477184;2;0;0;311296;19883394;25215029
1521908477284;12;0;1;13340672;19883394;25215029
1521908477384;22;0;2;14794752;19883394;25215029
1521908477484;32;0;3;298643456;19883394;25215029
1521908477584;42;2;3;300900352;19883394;25215029
1521908477684;53;7;3;300900352;19883394;25215029
1521908477784;63;11;5;306909184;19883394;25215029
1521908477884;73;15;8;306909184;19883394;25215029
1521908477984;83;21;9;306909184;19883394;25215029
1521908478084;93;26;10;309858304;19883394;25215029
1521908478184;103;34;10;312897536;19883394;25215029
1521908478284;113;39;10;311758848;19883394;25215029
1521908478384;123;48;11;313946112;19883394;25215029
1521908478484;133;55;12;313946112;19883394;25215029
1521908478584;143;62;12;313946112;19883394;25215029
1521908478684;153;71;12;313946112;19883394;25215029
1521908478784;163;81;13;313946112;19883394;25215029
1521908478884;173;88;14;313966592;19883394;25215029
1521908478984;183;95;15;314097664;19883394;25215029
1521908479084;193;101;15;314097664;19883394;25215029
1521908479184;203;108;15;314097664;19883394;25215029
1521908479284;213;119;15;314097664;19883394;25215029
1521908479384;223;131;15;314097664;19883394;25215029
1521908479484;233;141;15;314097664;19883394;25215029
1521908479584;243;148;15;314191872;19883394;25215029
1521908479684;253;158;15;314335232;19883394;25215029
1521908479784;263;166;16;314339328;19883394;25215029
1521908479884;273;177;17;314339328;19883394;25215029
1521908479984;283;186;17;314339328;19883394;25215029
1521908480084;293;195;17;314339328;19883394;25215029
1521908480184;303;203;18;314339328;19883394;25215029
1521908480284;313;210;18;314339328;19883394;25215029
1521908480384;323;220;18;314339328;19883394;25215029
1521908480484;333;228;18;314339328;19883394;25215029
1521908480584;343;231;19;314339328;19883394;25215029
1521908480684;353;236;19;315387904;19883394;25215029
1521908480784;363;242;20;315387904;19883394;25215029
1521908480884;373;248;20;315387904;19883394;25215029
1521908480984;383;260;21;315461632;19883394;25215029
1521908481084;393;267;21;315461632;19883394;25215029
1521908481184;403;274;21;315461632;19883394;25215029
1521908481284;413;278;22;315461632;19883394;25215029
1521908481384;423;287;23;316510208;19883394;25215029
1521908481484;433;295;25;316510208;19883394;25215029
1521908481584;443;303;25;316510208;19883394;25215029
1521908481684;453;312;25;316510208;19883394;25215029
1521908481784;463;318;25;316510208;19883394;25215029
1521908481884;473;326;25;317558784;19883394;25215029
1521908481984;483;334;25;317558784;19883394;25215029
1521908482084;493;341;26;317558784;19883394;25215029
1521908482184;503;349;26;318607360;19883394;25215029
1521908482284;513;358;26;318607360;19883394;25215029
1521908482384;523;367;27;318607360;19883394;25215029
1521908482484;533;374;29;318607360;19883394;25215029
1521908482584;543;386;29;318607360;19883394;25215029
1521908482684;553;396;30;318607360;19883394;25215029
1521908482784;563;403;31;318607360;19883394;25215029
1521908482884;573;414;32;318607360;19883394;25215029
1521908482984;583;422;33;319655936;19883394;25215029
1521908483084;593;431;33;319655936;19883444;25215029
1521908483184;603;436;34;319655936;19883444;25215029
1521908483284;613;444;34;319655936;19883444;25215029
1521908483384;623;452;34;319655936;19883444;25215029
1521908483484;633;459;34;319655936;19883494;25215029
1521908483584;643;468;35;319655936;19883494;25215029
1521908483684;653;478;35;319655936;19883494;25215029
1521908483784;663;489;35;320704512;19883540;25215029
1521908483884;673;500;35;320704512;19883540;25215029
1521908483984;683;508;35;350183424;19883540;25215029
1521908484084;693;520;36;350511104;19883885;25215662
1521908484184;703;532;36;350511104;19884114;25216184
1521908484284;713;545;36;350511104;19884343;25216707
1521908484384;723;555;36;350511104;19884801;25217742
1521908484484;733;565;36;350511104;19885030;25218257
1521908484584;743;577;36;350511104;19885259;25218774
1521908484684;753;586;36;350511104;19885717;25219809
1521908484784;763;597;37;350511104;19885946;25220327
1521908484884;773;608;37;350511104;19886404;25221359
1521908484984;783;621;37;350511104;19886633;25221876
1521908485084;793;632;37;350511104;19887091;25222910
1521908485184;803;642;37;350511104;19887320;25223427
1521908485284;813;653;37;350511104;19887778;25224461
1521908485384;823;664;37;350511104;19888007;25224976
1521908485484;833;675;37;350511104;19888465;25226007
1521908485584;843;685;38;350511104;19888694;25226525
1521908485684;853;697;38;350511104;19889152;25227556
1521908485784;863;707;38;350511104;19889381;25228074
1521908485884;873;719;39;350511104;19889839;25229111
1521908485984;883;730;39;350511104;19890297;25230146
1521908486084;893;743;39;350511104;19890526;25230662
1521908486184;903;755;39;350511104;19890984;25231697
1521908486284;913;768;39;351559680;19891442;25232730
1521908486384;923;780;39;351559680;19891900;25233712
1521908486484;933;791;39;351559680;19892129;25234282
1521908486584;943;801;39;351559680;19892587;25235317
1521908486684;953;811;39;351559680;19893045;25236353
1521908486784;963;825;39;351559680;19893503;25237388
1521908486884;973;835;39;351559680;19893961;25238370
1521908486984;983;847;39;351559680;19894190;25238938
1521908487084;993;857;40;351559680;19894648;25239970
1521908487184;1003;871;40;351559680;19895106;25241002
1521908487284;1013;881;41;351559680;19895564;25242035
1521908487384;1023;892;41;351559680;19896022;25243070
1521908487484;1033;903;41;351559680;19896251;25243588
1521908487584;1043;913;41;351559680;19896709;25244624
1521908487684;1053;923;41;351559680;19897167;25245659
1521908487784;1063;933;42;351559680;19897625;25246691
1521908487884;1073;944;42;351559680;19898083;25247726
1521908487984;1083;954;42;351559680;19898541;25248761
1521908488084;1093;966;42;351559680;19898999;25249798
1521908488184;1103;977;42;351559680;19899228;25250313
1521908488284;1113;988;42;351559680;19899686;25251346
1521908488384;1123;997;43;351559680;19900144;25252380
1521908488484;1133;1007;43;351559680;19900602;25253413
1521908488584;1143;1020;43;351559680;19901060;25254447
1521908488684;1153;1029;43;351559680;19901518;25255482
1521908488784;1163;1039;43;351559680;19901976;25256522
1521908488884;1173;1050;43;351559680;19902434;25257556
1521908488984;1183;1061;43;351559680;19902892;25258590
1521908489084;1193;1077;43;351559680;19903350;25259623
1521908489184;1203;1087;43;351559680;19903808;25260656
1521908489284;1213;1097;44;351559680;19904037;25261171
1521908489384;1223;1106;45;351559680;19904547;25262491
1521908489484;1233;1116;45;351559680;19904953;25263238
1521908489584;1243;1126;46;351559680;19905411;25264275
1521908489684;1253;1135;46;351559680;19905869;25265305
1521908489784;1263;1145;46;351559680;19906327;25266339
1521908489884;1273;1156;46;351559680;19907024;25267488
1521908489984;1283;1166;46;351559680;19907482;25268523
1521908490084;1293;1175;47;351559680;19907940;25269559
1521908490184;1303;1185;47;351559680;19908398;25270591
1521908490284;1313;1196;47;351559680;19908856;25271625
1521908490384;1323;1205;48;351559680;19909314;25272659
1521908490484;1333;1216;48;351559680;19909772;25273695
1521908490584;1343;1228;48;351559680;19910230;25274733
1521908490684;1353;1246;48;352608256;19910688;25275769
1521908490784;1363;1258;48;352608256;19911146;25276804
1521908490884;1373;1268;48;352608256;19911604;25277841
1521908490984;1383;1277;49;352608256;19912062;25278873
1521908491084;1393;1287;50;352608256;19912520;25279908
1521908491184;1403;1299;50;352608256;19912978;25280944
1521908491284;1413;1309;50;352608256;19913436;25281978
1521908491384;1423;1320;50;352608256;19913894;25283013
1521908491484;1433;1332;50;352608256;19914352;25284048
1521908491584;1443;1341;50;352608256;19914810;25285083
1521908491684;1453;1352;51;352608256;19915268;25286118
1521908491784;1463;1362;51;352608256;19915726;25287154
1521908491884;1473;1372;51;352608256;19916184;25288189
1521908491984;1483;1381;51;352608256;19916642;25289224
1521908492084;1493;1390;51;352608256;19917100;25290260
1521908492184;1503;1401;51;352608256;19917558;25291291
1521908492284;1513;1411;51;352608256;19918016;25292323
1521908492384;1523;1427;52;352608256;19918474;25293356
1521908492484;1533;1443;53;352608256;19918932;25294390
1521908492584;1543;1453;53;352608256;19919390;25295423
1521908492684;1553;1464;53;352608256;19919848;25296455
1521908492784;1563;1474;53;352608256;19920306;25297491
1521908492884;1573;1482;54;352608256;19920764;25298526
1521908492984;1583;1491;54;352608256;19921222;25299562
1521908493084;1593;1500;55;352608256;19921680;25300597
1521908493184;1603;1514;55;352608256;19922138;25301632
1521908493284;1613;1523;55;352608256;19922825;25303183
1521908493384;1623;1532;56;352608256;19923283;25304215
1521908493484;1633;1543;56;352608256;19923741;25305250
1521908493584;1643;1553;56;352608256;19924199;25306284
1521908493684;1653;1562;56;352608256;19924657;25307321
1521908493784;1663;1572;57;352608256;19925115;25308359
1521908493884;1673;1583;57;352608256;19925573;25309393
1521908493984;1683;1592;57;352608256;19926031;25310428
1521908494085;1693;1603;57;352608256;19926489;25311467
1521908494185;1703;1618;58;352608256;19926947;25312503
1521908494285;1713;1628;58;352608256;19927405;25313537
1521908494385;1723;1637;58;352608256;19928092;25315089
1521908494485;1733;1647;58;352608256;19928550;25316122
1521908494585;1743;1657;58;352608256;19929008;25317158
1521908494685;1753;1668;58;352608256;19929466;25318195
1521908494785;1763;1677;58;352608256;19930163;25319342
1521908494885;1773;1687;58;352608256;19930621;25320376
1521908494986;1783;1697;58;352608256;19931079;25321409
1521908495086;1793;1706;59;352608256;19931766;25322958
1521908495186;1803;1715;60;352608256;19932224;25323995
1521908495287;1813;1724;60;352608256;19932682;25325031
1521908495388;1823;1734;60;352608256;19933140;25326066
1521908495489;1833;1744;60;352608256;19933598;25327103
1521908495590;1843;1753;60;352608256;19934056;25328139
1521908495691;1853;1763;60;352608256;19934514;25329171
1521908495792;1863;1771;61;352608256;19934972;25330205
1521908495893;1873;1781;61;352608256;19935430;25331235
1521908495994;1883;1793;62;352608256;19935888;25332270
1521908496094;1893;1802;62;352608256;19936346;25333305
1521908496194;1903;1811;62;352608256;19936804;25334338
1521908496294;1914;1820;63;352608256;19937262;25335372
1521908496394;1924;1829;64;352608256;19937720;25336408
1521908496494;1934;1838;64;352608256;19938178;25337443
1521908496594;1944;1847;65;352608256;19938636;25338478
1521908496694;1954;1855;66;352608256;19939094;25339512
1521908496794;1964;1863;67;352608256;19939552;25340547
1521908496894;1974;1873;67;352608256;19940010;25342048
1521908496994;1984;1881;68;352608256;19940468;25342617
1521908497094;1994;1891;68;352608256;19941155;25344171
1521908497194;2004;1904;68;352608256;19941613;25345156
1521908497294;2014;1916;68;352608256;19942071;25346240
1521908497394;2024;1925;69;352608256;19942529;25347275
1521908497494;2034;1935;69;352608256;19942987;25348311
1521908497594;2044;1944;69;352608256;19943833;25349344
1521908497694;2054;1954;69;352608256;19944291;25350378
1521908497794;2064;1964;69;352608256;19944749;25351414
1521908497894;2074;1974;69;352608256;19945436;25352965
1521908497994;2084;1984;69;352608256;19945894;25354003
1521908498094;2094;1993;69;352608256;19946402;25355037
1521908498194;2104;2005;70;352608256;19946860;25356072
1521908498294;2114;2015;70;352608256;19947364;25357107
1521908498394;2124;2024;70;352608256;19947822;25358144
1521908498494;2134;2034;70;352608256;19948330;25359179
1521908498594;2144;2044;70;352608256;19949017;25360729
1521908498694;2154;2054;70;352608256;19949475;25361764
1521908498794;2164;2063;70;352608256;19949933;25362797
1521908498894;2174;2073;70;352608256;19950391;25363834
1521908498994;2184;2083;70;352608256;19950849;25364867
1521908499094;2194;2093;70;352608256;19951307;25365904
1521908499194;2204;2103;70;352608256;19951765;25366940
1521908499294;2214;2113;70;352608256;19952223;25367976
1521908499394;2224;2125;70;352608256;19952681;25369011
1521908499494;2234;2134;70;352608256;19953139;25370044
1521908499594;2244;2151;71;352608256;19953836;25371190
1521908499694;2254;2161;71;352608256;19954294;25372226
1521908499794;2264;2170;71;352608256;19954752;25373261
1521908499894;2274;2180;72;352608256;19955314;25374764
1521908499994;2284;2190;72;352608256;19955897;25375850
1521908500094;2294;2199;72;352608256;19956355;25376887
1521908500194;2304;2209;72;352608256;19956813;25377921
1521908500294;2314;2219;72;352608256;19957271;25378956
1521908500394;2324;2227;74;352608256;19957729;25379990
1521908500494;2334;2236;74;352608256;19958187;25381024
1521908500594;2344;2246;74;352608256;19958874;25382578
1521908500694;2354;2253;76;352608256;19959332;25383614
1521908500794;2364;2263;76;352608256;19959790;25384648
1521908500894;2374;2273;76;352608256;19960248;25385678
1521908500994;2384;2283;76;352608256;19960706;25386712
1521908501094;2394;2292;76;352608256;19961393;25388260
1521908501194;2404;2301;76;352608256;19961851;25389296
1521908501294;2414;2311;76;352608256;19962309;25390330
1521908501394;2424;2321;76;352608256;19962767;25391366
1521908501494;2434;2331;76;352608256;19963225;25392400
1521908501594;2444;2340;76;352608256;19963683;25393436
1521908501694;2454;2349;77;352608256;19964370;25394990
1521908501794;2464;2358;77;352608256;19964828;25396026
1521908501894;2474;2368;77;352608256;19965286;25397060
1521908501994;2484;2378;77;352608256;19965744;25398096
1521908502094;2494;2388;77;352608256;19966202;25399130
1521908502194;2504;2398;77;352608256;19966660;25400164
1521908502294;2514;2406;78;352608256;19967222;25401661
1521908502394;2524;2415;78;352608256;19967805;25402749
1521908502494;2534;2426;78;352608256;19968263;25403785
1521908502594;2544;2434;79;352608256;19968721;25404819
1521908502694;2554;2445;79;352608256;19969179;25405856
1521908502794;2564;2455;79;352608256;19969637;25406891
1521908502894;2574;2466;79;352608256;19970324;25408438
1521908502994;2584;2480;79;352608256;19970782;25409472
1521908503094;2594;2497;79;352608256;19971240;25410504
1521908503194;2604;2506;80;352608256;19971698;25411539
1521908503294;2614;2515;80;352608256;19972156;25412573
1521908503394;2624;2525;80;352608256;19972614;25413607
1521908503494;2634;2534;81;352608256;19973072;25414642
1521908503594;2644;2543;81;352608256;19973530;25415676
1521908503694;2654;2553;81;352608256;19973988;25416710
1521908503794;2664;2562;81;352608256;19974446;25417743
1521908503894;2674;2571;81;352608256;19975133;25419294
1521908503994;2684;2584;81;352608256;19975362;25419811
1521908504094;2694;2592;82;352608256;19975924;25421310
1521908504194;2704;2601;83;352608256;19976630;25422393
1521908504294;2714;2611;83;352608256;19977204;25423539
1521908504394;2724;2620;83;352608256;19977662;25424574
1521908504494;2734;2629;83;352608256;19978120;25425610
1521908504594;2744;2639;83;352608256;19978578;25426644
1521908504694;2754;2648;83;352608256;19979036;25427675
1521908504794;2764;2659;83;352608256;19979494;25428710
1521908504894;2774;2668;83;352608256;19980181;25430262
1521908504994;2784;2678;83;352608256;19980639;25431297
1521908505094;2794;2688;83;352608256;19981097;25432328
1521908505194;2804;2698;83;352608256;19981555;25433359
1521908505294;2814;2709;83;352608256;19982013;25434390
1521908505394;2824;2719;84;352608256;19982700;25435939
1521908505494;2834;2728;84;352608256;19983158;25436973
1521908505594;2844;2738;84;352608256;19983616;25438009
1521908505694;2854;2747;84;352608256;19984074;25439044
1521908505794;2864;2757;84;352608256;19984532;25440078
1521908505894;2874;2767;84;352608256;19985219;25441628
1521908505994;2884;2778;84;352608256;19985677;25442663
1521908506094;2894;2788;85;352608256;19986135;25443697
1521908506194;2904;2797;85;352608256;19986593;25444730
1521908506294;2914;2806;85;352608256;19987051;25445764
1521908506394;2924;2816;85;352608256;19987738;25447319
1521908506494;2934;2826;85;352608256;19988196;25448353
1521908506594;2944;2835;85;352608256;19988654;25449387
1521908506694;2954;2844;85;352608256;19989112;25450423
1521908506794;2964;2854;85;352608256;19989570;25451461
1521908506894;2974;2863;85;352608256;19990257;25453010
1521908506994;2984;2872;85;352608256;19990715;25454044
1521908507094;2994;2881;86;352608256;19991173;25455079
1521908507194;3004;2891;86;352608256;19991631;25456114
1521908507294;3014;2901;86;352608256;19992089;25457150
1521908507394;3024;2911;86;352608256;19992776;25458703
1521908507494;3034;2921;86;352608256;19993234;25459737
1521908507594;3044;2930;86;352608256;19993692;25460770
1521908507694;3054;2939;86;352608256;19994150;25461804
1521908507794;3064;2947;87;352608256;19994608;25462840
1521908507894;3074;2957;87;352608256;19995066;25463874
1521908507994;3084;2965;89;352608256;19995524;25464908
1521908508094;3094;2974;89;352608256;19996211;25466461
1521908508194;3104;2982;91;352608256;19996669;25467497
1521908508294;3114;2991;92;352608256;19997127;25468532
1521908508394;3124;3000;92;352608256;19997585;25469565
1521908508494;3134;3010;92;352608256;19998043;25470598
1521908508594;3144;3019;92;352608256;19998501;25471631
1521908508694;3154;3028;92;352608256;19998959;25472664
1521908508794;3164;3038;92;352608256;19999417;25473699
1521908508894;3174;3054;93;352608256;20000114;25474847
1521908508994;3184;3065;93;352608256;20000572;25475883
1521908509094;3194;3075;93;352608256;20001030;25476917
1521908509194;3204;3087;93;352608256;20001488;25477952
1521908509294;3214;3096;93;352608256;20002175;25479505
1521908509394;3224;3106;93;352608256;20002633;25480543
1521908509494;3234;3115;93;352608256;20003091;25481576
1521908509594;3244;3125;93;352608256;20003549;25482611
1521908509694;3254;3134;93;352608256;20004007;25483644
1521908509794;3264;3144;93;352608256;20004465;25484682
1521908509894;3274;3153;93;352608256;20004923;25485717
1521908509994;3284;3162;93;352608256;20005381;25486749
1521908510094;3294;3172;93;352608256;20006068;25488301
1521908510194;3304;3182;93;352608256;20006526;25489336
1521908510294;3314;3191;93;352608256;20006984;25490370
1521908510394;3324;3199;94;352608256;20007442;25491403
1521908510494;3334;3209;94;352608256;20007900;25492434
1521908510594;3343;3221;94;352608256;20008587;25493990
1521908510694;3353;3230;94;352608256;20009045;25495024
1521908510794;3363;3240;94;352608256;20009503;25496058
1521908510894;3373;3249;94;352608256;20009961;25497093
1521908510994;3384;3260;94;352608256;20010419;25498128
1521908511094;3394;3269;94;352608256;20010877;25499164
1521908511194;3404;3283;94;352608256;20011564;25500718
1521908511294;3414;3292;94;352608256;20012022;25501755
1521908511394;3424;3301;94;352608256;20012480;25502789
1521908511494;3434;3310;95;352608256;20012938;25503823
1521908511594;3444;3322;96;352608256;20013396;25504855
1521908511694;3454;3332;96;352608256;20014083;25506407
1521908511794;3464;3342;96;352608256;20014541;25507441
1521908511894;3474;3351;97;352608256;20014999;25508477
1521908511994;3484;3360;97;352608256;20015457;25509510
1521908512094;3494;3372;97;352608256;20016019;25511014
1521908512194;3504;3381;97;352608256;20016602;25512101
1521908512294;3514;3391;97;352608256;20017060;25513132
1521908512394;3524;3400;97;352608256;20017518;25514168
1521908512494;3534;3408;98;352608256;20018205;25515722
1521908512594;3544;3418;98;352608256;20018663;25516757
1521908512694;3554;3428;98;352608256;20019121;25517793
1521908512794;3564;3438;98;352608256;20019579;25518828
1521908512894;3574;3449;98;352608256;20020266;25520379
1521908512994;3584;3458;98;352608256;20020724;25521413
1521908513094;3594;3469;98;352608256;20021232;25522451
1521908513194;3604;3479;98;352608256;20021736;25523485
1521908513294;3614;3488;98;352608256;20022423;25525032
1521908513394;3624;3498;98;352608256;20023004;25526069
1521908513494;3634;3507;98;352608256;20023578;25527217
1521908513594;3644;3519;98;352608256;20024082;25528254
1521908513694;3654;3528;98;352608256;20024769;25529803
1521908513794;3664;3537;98;352608256;20025227;25530837
1521908513894;3674;3546;99;352608256;20025685;25531873
1521908513994;3684;3554;100;352608256;20026143;25532910
1521908514094;3694;3564;100;352608256;20026830;25534463
1521908514194;3704;3573;100;352608256;20027288;25535495
1521908514294;3714;3583;100;352608256;20027746;25536526
1521908514394;3724;3592;100;352608256;20028204;25537562
1521908514494;3734;3601;101;352608256;20028891;25539114
1521908514594;3744;3614;101;352608256;20029349;25540147
1521908514694;3754;3622;102;352608256;20029807;25541180
1521908514794;3764;3632;102;352608256;20030265;25542215
1521908514894;3774;3641;102;352608256;20030952;25543769
1521908514994;3784;3652;102;352608256;20031410;25544803
1521908515094;3794;3661;102;352608256;20031868;25545837
1521908515194;3804;3671;102;352608256;20032326;25546872
1521908515294;3814;3680;102;352608256;20033013;25548422
1521908515394;3824;3690;102;352608256;20033471;25549455
1521908515494;3834;3699;102;352608256;20033929;25550490
1521908515594;3844;3709;102;352608256;20034387;25551989
1521908515694;3854;3718;102;352608256;20035074;25553074
1521908515794;3864;3728;102;352608256;20035532;25554109
1521908515894;3874;3737;102;352608256;20035990;25555142
1521908515994;3884;3747;102;352608256;20036677;25556694
1521908516094;3894;3756;102;352608256;20037135;25557730
1521908516194;3904;3766;102;352608256;20037593;25558764
1521908516294;3914;3775;102;352608256;20038051;25559799
1521908516394;3924;3784;102;352608256;20038738;25561351
1521908516494;3934;3793;103;352608256;20039196;25562385
1521908516594;3944;3802;103;352608256;20039654;25563419
1521908516694;3954;3812;103;352608256;20040112;25564451
1521908516794;3964;3821;103;352608256;20040799;25566006
1521908516894;3974;3830;103;352608256;20041257;25567040
1521908516994;3984;3839;104;352608256;20041715;25568072
1521908517094;3994;3848;104;352608256;20042173;25569108
1521908517194;4004;3858;104;352608256;20042860;25570659
1521908517294;4014;3867;104;352608256;20043318;25571694
1521908517394;4024;3877;104;352608256;20043776;25572729
1521908517494;4034;3886;105;352608256;20044366;25573763
1521908517594;4044;3896;105;352608256;20045053;25575313
1521908517694;4054;3905;105;352608256;20045511;25576348
1521908517794;4064;3915;105;352608256;20045969;25577383
1521908517894;4074;3925;105;352608256;20046666;25578530
1521908517994;4084;3935;105;352608256;20047353;25580084
1521908518094;4094;3945;105;352608256;20047811;25581120
1521908518194;4104;3955;105;352608256;20048269;25582157
1521908518294;4114;3965;105;352608256;20048727;25583191
1521908518394;4124;3974;105;352608256;20049414;25584746
1521908518494;4134;3983;105;352608256;20049872;25585783
1521908518594;4144;3993;105;352608256;20050330;25586816
1521908518694;4154;4002;105;352608256;20050788;25587850
1521908518794;4164;4011;105;352608256;20051475;25589402
1521908518894;4174;4021;105;352608256;20051933;25590436
1521908518994;4184;4029;107;352608256;20052391;25591471
1521908519094;4194;4039;107;352608256;20052849;25592506
1521908519194;4204;4051;108;352608256;20053536;25594058
1521908519294;4214;4061;108;352608256;20053994;25595094
1521908519394;4224;4070;108;352608256;20054452;25596129
1521908519494;4234;4080;108;352608256;20054910;25597163
1521908519594;4244;4089;108;352608256;20055597;25598712
1521908519694;4254;4098;108;352608256;20056055;25599747
1521908519794;4264;4108;108;352608256;20056513;25600783
1521908519894;4274;4117;108;352608256;20057200;25602336
1521908519994;4284;4127;108;352608256;20057658;25603370
1521908520094;4294;4138;109;352608256;20058116;25604402
1521908520194;4304;4149;109;352608256;20058574;25605436
1521908520294;4314;4158;109;352608256;20059261;25606991
1521908520394;4324;4170;109;352608256;20059719;25608026
1521908520494;4334;4179;109;352608256;20060177;25609063
1521908520594;4344;4190;109;352608256;20060635;25610098
1521908520694;4354;4199;109;352608256;20061322;25611650
1521908520794;4364;4208;109;352608256;20061780;25612685
1521908520894;4374;4218;109;352608256;20062238;25613722
1521908520994;4384;4230;109;352608256;20062696;25614754
1521908521094;4394;4239;109;352608256;20063383;25616306
1521908521194;4404;4249;109;352608256;20063841;25617341
1521908521294;4414;4259;109;352608256;20064299;25618379
1521908521394;4424;4269;109;352608256;20064757;25619417
1521908521494;4434;4278;109;352608256;20065444;25620966
1521908521594;4444;4287;109;352608256;20065902;25621998
1521908521694;4454;4297;109;352608256;20066360;25623030
1521908521794;4464;4312;110;352608256;20066818;25624062
1521908521894;4474;4321;110;352608256;20067505;25625614
1521908521994;4484;4331;110;352608256;20067963;25626648
1521908522094;4494;4341;110;352608256;20068421;25627683
1521908522194;4504;4350;111;352608256;20069108;25629237
1521908522294;4514;4359;112;352608256;20069805;25630384
1521908522394;4524;4368;112;352608256;20070263;25631420
1521908522494;4534;4377;113;352608256;20070825;25632919
1521908522594;4544;4386;113;352608256;20071408;25634001
1521908522694;4554;4396;113;352608256;20071866;25635035
1521908522794;4564;4406;113;352608256;20072324;25636071
1521908522894;4574;4416;113;352608256;20073011;25637620
1521908522994;4584;4426;113;352608256;20073469;25638656
1521908523094;4594;4435;113;352608256;20073927;25639690
1521908523194;4604;4447;113;352608256;20074385;25640722
1521908523294;4614;4457;113;352608256;20074843;25641758
1521908523394;4624;4471;113;352608256;20075301;25642792
1521908523494;4634;4484;113;352608256;20075759;25643825
1521908523594;4644;4495;113;352608256;20076217;25644861
1521908523694;4654;4506;113;352608256;20076675;25645891
1521908523794;4664;4515;113;352608256;20077133;25646924
1521908523894;4674;4525;113;352608256;20077591;25647959
1521908523994;4684;4534;113;352608256;20078049;25648994
1521908524094;4694;4544;113;352608256;20078507;25650494
1521908524194;4704;4556;113;352608256;20079194;25651580
1521908524294;4714;4566;113;352608256;20079652;25652614
1521908524394;4724;4575;113;352608256;20080110;25653648
1521908524494;4734;4586;114;352608256;20080797;25655198
1521908524594;4744;4596;114;352608256;20081255;25656231
1521908524694;4754;4607;114;352608256;20081713;25657263
1521908524794;4764;4617;114;352608256;20082171;25658297
1521908524894;4774;4627;114;352608256;20082629;25659330
1521908524994;4784;4636;115;352608256;20083316;25660883
1521908525094;4794;4646;115;352608256;20083774;25661915
1521908525194;4804;4655;115;352608256;20084232;25662949
1521908525294;4814;4665;115;352608256;20084690;25663982
1521908525394;4824;4676;115;352608256;20085252;25665479
1521908525494;4834;4684;115;352608256;20085835;25666566
1521908525594;4844;4694;115;352608256;20086293;25667600
1521908525694;4854;4705;115;352608256;20086751;25668635
1521908525794;4864;4714;115;352608256;20087209;25669664
1521908525894;4874;4727;115;352608256;20087667;25670700
1521908525994;4884;4739;115;352608256;20088125;25671734
1521908526094;4894;4751;116;352608256;20088583;25672770
1521908526194;4904;4762;116;352608256;20089041;25673802
1521908526294;4914;4773;116;352608256;20089499;25674834
1521908526394;4924;4783;116;352608256;20089957;25675868
1521908526494;4934;4793;116;352608256;20090415;25676902
1521908526594;4944;4804;117;352608256;20091102;25678457
1521908526694;4954;4815;117;352608256;20091560;25679491
1521908526794;4964;4825;117;352608256;20092018;25680527
1521908526894;4974;4835;117;352608256;20092599;25681560
1521908526994;4984;4847;117;352608256;20093173;25682705
1521908527094;4994;4857;117;352608256;20093631;25683737
1521908527194;5004;4869;117;352608256;20094089;25684771
1521908527294;5014;4878;117;352608256;20094651;25686267
1521908527394;5024;4889;117;352608256;20095005;25686837
1521908527494;5034;4899;117;352608256;20095692;25688389
1521908527594;5044;4909;117;352608256;20096538;25689424
1521908527694;5054;4920;117;352608256;20096996;25690457
1521908527794;5064;4931;117;352608256;20097454;25691492
1521908527894;5074;4945;117;352608256;20097912;25692523
1521908527994;5084;4955;117;352608256;20098370;25693555
1521908528094;5094;4965;117;352608256;20098878;25694590
1521908528194;5104;4975;117;352608256;20099382;25695624
1521908528294;5114;4987;117;352608256;20099840;25696658
1521908528394;5124;4999;118;352608256;20100298;25697691
1521908528494;5134;5009;120;352608256;20100756;25698726
1521908528594;5144;5019;120;352608256;20101214;25699760
1521908528694;5154;5030;120;352608256;20101672;25700797
1521908528794;5164;5043;120;352608256;20102405;25702346
1521908528894;5174;5054;120;352608256;20102863;25703383
1521908528994;5184;5064;120;352608256;20103321;25704415
1521908529094;5194;5076;121;352608256;20103779;25705446
1521908529194;5204;5086;121;352608256;20104237;25706480
1521908529294;5214;5096;121;352608256;20104695;25707510
1521908529394;5224;5111;121;352608256;20105153;25708547
1521908529494;5234;5121;121;352608256;20105611;25709582
1521908529594;5244;5132;121;352608256;20106298;25711137
1521908529694;5254;5143;121;352608256;20106756;25712171
1521908529794;5264;5154;121;352608256;20107214;25713207
1521908529894;5274;5166;121;352608256;20107672;25714243
1521908529994;5284;5176;121;352608256;20108130;25715278
1521908530094;5294;5187;121;352608256;20108588;25716313
1521908530194;5304;5197;121;352608256;20109046;25717348
1521908530294;5314;5207;121;352608256;20109504;25718382
1521908530394;5324;5218;122;352608256;20110191;25719928
1521908530494;5334;5228;122;352608256;20110649;25720960
1521908530594;5344;5239;122;352608256;20111107;25721994
1521908530694;5354;5249;122;352608256;20111565;25723028
1521908530794;5364;5260;122;352608256;20112023;25724064
1521908530894;5374;5271;122;352608256;20112481;25725095
1521908530994;5384;5281;122;352608256;20113168;25726646
1521908531094;5394;5291;122;352608256;20113626;25727676
1521908531194;5404;5302;122;352608256;20114084;25728706
1521908531294;5414;5314;122;352608256;20114542;25729738
1521908531394;5424;5326;122;352608256;20115000;25730768
1521908531494;5434;5337;122;352608256;20115458;25731805
1521908531594;5444;5348;122;352608256;20115916;25732842
1521908531694;5454;5358;122;352608256;20116842;25734508
1521908531794;5464;5369;122;352608256;20117300;25735540
1521908531894;5474;5379;122;352608256;20117758;25736574
1521908531994;5484;5390;122;352608256;20118216;25737605
1521908532094;5494;5399;123;352608256;20118674;25738638
1521908532194;5504;5410;123;352608256;20119132;25739673
1521908532294;5514;5422;123;352608256;20119590;25740705
1521908532394;5524;5432;123;352608256;20120048;25741739
1521908532494;5534;5443;123;352608256;20120735;25743289
1521908532594;5544;5453;123;352608256;20121193;25744322
1521908532694;5554;5463;124;352608256;20121651;25745358
1521908532794;5564;5472;124;352608256;20122109;25746396
1521908532894;5574;5483;124;352608256;20122567;25747427
1521908532994;5584;5493;124;352608256;20123254;25748988
1521908533094;5594;5504;124;352608256;20123712;25750023
1521908533194;5604;5514;124;352608256;20124170;25751057
1521908533294;5614;5524;124;352608256;20124628;25752089
1521908533394;5624;5533;124;352608256;20125086;25753123
1521908533494;5634;5544;124;352608256;20125544;25754159
1521908533594;5644;5554;124;352608256;20126231;25755716
1521908533694;5654;5564;124;352608256;20126689;25756754
1521908533794;5664;5574;125;352608256;20127147;25757787
1521908533894;5674;5584;125;352608256;20127605;25758821
1521908533994;5684;5591;128;352608256;20128063;25759855
1521908534094;5694;5601;128;352608256;20128521;25760893
1521908534194;5704;5611;128;352608256;20128979;25761927
1521908534294;5714;5622;128;352608256;20129437;25762963
1521908534394;5724;5632;129;352608256;20129895;25763998
1521908534494;5734;5642;129;352608256;20130582;25765551
1521908534594;5744;5652;129;352608256;20131040;25766587
1521908534694;5754;5661;130;352608256;20131498;25767622
1521908534794;5764;5670;130;352608256;20131956;25768659
1521908534894;5774;5681;131;352608256;20132414;25769694
1521908534994;5784;5691;131;352608256;20132872;25770726
1521908535094;5794;5703;131;352608256;20133330;25771763
1521908535194;5804;5712;131;352608256;20133788;25772797
1521908535294;5814;5722;131;352608256;20134246;25773835
1521908535394;5824;5737;131;352608256;20134704;25774870
1521908535494;5834;5749;131;352608256;20135162;25775905
1521908535594;5844;5761;131;352608256;20135620;25776942
1521908535694;5854;5770;131;352608256;20136130;25778442
1521908535794;5864;5780;131;352608256;20136765;25779528
1521908535894;5874;5789;132;352608256;20136994;25780047
1521908535994;5884;5800;132;352608256;20137681;25781600
1521908536094;5894;5809;132;352608256;20138139;25782633
1521908536194;5904;5819;132;352608256;20138597;25783670
1521908536294;5914;5830;132;352608256;20139055;25784706
1521908536394;5924;5839;132;352608256;20139752;25785854
1521908536494;5934;5849;132;352608256;20140439;25787409
1521908536594;5944;5860;132;352608256;20140897;25788443
1521908536694;5954;5868;134;352608256;20141355;25789476
1521908536794;5964;5880;134;352608256;20141813;25790513
1521908536894;5974;5890;135;352608256;20142271;25791549
1521908536994;5984;5900;135;352608256;20142729;25792583
1521908537094;5994;5909;136;352608256;20143187;25793618
1521908537194;6004;5920;136;352608256;20143874;25795172
1521908537294;6014;5930;136;352608256;20144332;25796207
1521908537394;6024;5939;137;352608256;20144790;25797242
1521908537494;6034;5948;138;352608256;20145248;25798276
1521908537594;6044;5959;138;352608256;20145706;25799312
1521908537694;6054;5969;138;352608256;20146164;25800350
1521908537794;6064;5978;138;352608256;20146851;25801904
1521908537894;6074;5989;138;352608256;20147309;25802937
1521908537994;6084;5999;138;352608256;20147767;25803972
1521908538094;6094;6009;138;352608256;20148225;25805011
1521908538194;6104;6020;138;352608256;20148683;25806046
1521908538294;6114;6029;139;352608256;20149141;25807366
1521908538394;6124;6040;139;352608256;20149828;25808624
1521908538494;6134;6050;139;352608256;20150286;25809657
1521908538594;6144;6060;140;352608256;20150744;25810692
1521908538694;6154;6069;140;352608256;20151202;25811727
1521908538794;6164;6080;140;352608256;20151660;25812771
1521908538894;6174;6091;140;352608256;20152118;25813825
1521908538994;6184;6101;140;352608256;20152805;25815400
1521908539094;6194;6111;140;352608256;20153263;25816450
1521908539194;6204;6122;140;352608256;20153721;25817500
1521908539294;6214;6131;141;352608256;20154179;25818546
1521908539394;6224;6141;141;352608256;20154637;25819593
1521908539494;6234;6150;141;352608256;20155324;25821158
1521908539594;6244;6161;141;352608256;20155782;25822201
1521908539694;6254;6171;141;352608256;20156240;25823249
1521908539794;6264;6181;141;352608256;20156698;25824293
1521908539894;6274;6190;141;352608256;20157156;25825341
1521908539994;6284;6200;141;352608256;20157843;25826907
1521908540094;6294;6209;141;352608256;20158301;25827953
1521908540194;6304;6218;142;352608256;20158759;25829001
1521908540294;6314;6228;142;352608256;20159217;25830044
1521908540394;6324;6237;142;352608256;20159675;25831090
1521908540494;6334;6248;142;352608256;20160362;25832659
1521908540594;6344;6258;142;352608256;20160820;25833706
1521908540694;6354;6268;142;352608256;20161278;25834754
1521908540794;6364;6278;142;352608256;20161736;25835797
1521908540894;6374;6288;142;352608256;20162194;25836842
1521908540994;6384;6298;142;352608256;20162891;25838102
1521908541094;6394;6307;143;352608256;20163578;25839671
1521908541194;6404;6317;144;352608256;20164036;25840712
1521908541294;6414;6326;144;352608256;20164494;25841750
1521908541394;6424;6336;144;352608256;20164952;25842787
1521908541494;6434;6346;144;352608256;20165410;25843823
1521908541594;6444;6356;144;352608256;20166097;25845376
1521908541694;6454;6365;144;352608256;20166555;25846412
1521908541794;6464;6374;145;352608256;20167013;25847453
1521908541894;6474;6383;145;352608256;20167471;25848491
1521908541994;6484;6393;146;352608256;20167929;25849529
1521908542094;6494;6402;147;352608256;20168387;25850566
1521908542194;6504;6412;147;352608256;20169074;25852124
1521908542294;6514;6421;148;352608256;20169532;25853157
1521908542394;6524;6431;148;352608256;20169990;25854198
1521908542494;6534;6440;148;352608256;20170448;25855236
1521908542594;6544;6450;148;352608256;20170906;25856273
1521908542694;6554;6461;148;352608256;20171364;25857310
1521908542794;6564;6473;148;352608256;20172051;25858868
1521908542894;6574;6482;148;352608256;20172509;25859905
1521908542994;6584;6492;150;352608256;20172967;25860941
1521908543094;6594;6502;150;352608256;20173475;25861978
1521908543194;6604;6512;150;352608256;20173933;25863015
1521908543294;6614;6522;150;352608256;20174712;25864569
1521908543394;6624;6532;150;352608256;20175170;25865605
1521908543494;6634;6541;150;352608256;20175628;25866643
1521908543594;6644;6551;151;352608256;20176086;25867680
1521908543694;6654;6562;151;352608256;20176544;25868717
1521908543794;6664;6572;151;352608256;20177002;25869757
1521908543894;6674;6583;151;352608256;20177689;25871314
1521908543994;6684;6593;151;352608256;20178147;25872352
1521908544094;6694;6602;152;352608256;20178605;25873389
1521908544194;6704;6612;152;352608256;20179063;25874425
1521908544294;6714;6622;152;352608256;20179521;25875463
1521908544394;6724;6630;153;352608256;20180208;25877022
1521908544494;6734;6640;153;352608256;20180666;25878061
1521908544594;6744;6649;154;352608256;20181124;25879098
1521908544694;6754;6659;154;352608256;20181582;25880134
1521908544794;6764;6668;155;352608256;20182040;25881173
1521908544894;6774;6679;155;352608256;20182498;25882210
1521908544994;6784;6689;155;352608256;20183185;25883766
1521908545094;6794;6697;156;352608256;20183643;25884803
1521908545194;6804;6707;156;352608256;20184101;25885842
1521908545294;6814;6716;157;352608256;20184559;25886883
1521908545394;6824;6725;158;352608256;20185017;25887922
1521908545494;6834;6735;159;352608256;20185475;25888959
1521908545594;6844;6744;159;352608256;20186401;25890628
1521908545694;6854;6754;159;352608256;20186859;25891667
1521908545794;6864;6764;159;352608256;20187317;25892703
1521908545894;6874;6775;160;352608256;20187775;25893738
1521908545994;6884;6784;160;352608256;20188233;25894774
1521908546094;6894;6793;161;352608256;20188691;25895813
1521908546194;6904;6802;162;352608256;20189378;25897369
1521908546294;6914;6811;162;352608256;20189836;25898406
1521908546394;6924;6821;162;352608256;20190294;25899444
1521908546494;6934;6831;162;352608256;20190752;25900482
1521908546594;6944;6841;162;352608256;20191210;25901517
1521908546694;6954;6851;162;352608256;20191668;25902557
1521908546794;6964;6861;162;352608256;20192355;25904110
1521908546894;6974;6870;163;352608256;20192813;25905147
1521908546994;6984;6879;164;352608256;20193271;25906184
1521908547094;6994;6888;164;352608256;20193729;25907221
1521908547194;7004;6897;165;352608256;20194187;25908256
1521908547294;7014;6907;165;352608256;20194874;25909809
1521908547394;7024;6916;165;352608256;20195332;25910846
1521908547494;7034;6926;165;352608256;20195790;25911883
1521908547594;7044;6936;165;352608256;20196248;25912921
1521908547694;7054;6946;165;352608256;20196706;25913959
1521908547794;7064;6956;165;352608256;20197393;25915515
1521908547894;7074;6965;166;352608256;20197851;25916553
1521908547994;7084;6975;166;352608256;20198309;25917591
1521908548094;7094;6985;166;352608256;20198767;25918630
1521908548194;7104;6997;166;352608256;20199225;25919668
1521908548294;7114;7007;166;352608256;20199683;25920706
1521908548394;7124;7017;166;352608256;20200370;25922259
1521908548494;7134;7027;166;352608256;20200828;25923295
1521908548594;7144;7037;166;352608256;20201286;25924331
1521908548694;7154;7046;167;352608256;20201744;25925366
1521908548794;7164;7056;167;352608256;20202202;25926401
1521908548894;7174;7066;169;352608256;20202660;25927438
1521908548994;7184;7075;169;352608256;20203347;25928996
1521908549094;7194;7087;169;352608256;20203805;25930034
1521908549194;7204;7099;169;352608256;20204263;25931072
1521908549294;7214;7112;169;352608256;20204721;25932107
1521908549394;7224;7122;169;352608256;20205179;25933142
1521908549494;7234;7132;169;352608256;20205866;25934696
1521908549594;7244;7143;169;352608256;20206324;25935733
1521908549694;7254;7153;169;352608256;20206782;25936769
1521908549794;7264;7161;170;352608256;20207240;25937807
1521908549894;7274;7171;170;352608256;20207698;25938841
1521908549994;7284;7181;170;352608256;20208156;25939879
1521908550094;7294;7190;170;352608256;20208966;25941432
1521908550194;7304;7200;170;352608256;20209540;25942582
1521908550294;7314;7210;170;352608256;20209998;25943619
1521908550394;7324;7220;170;352608256;20210456;25944655
1521908550494;7334;7229;171;352608256;20210914;25945983
1521908550594;7344;7238;171;352608256;20211601;25947252
1521908550694;7354;7247;172;352608256;20212059;25948288
1521908550794;7364;7256;172;352608256;20212517;25949329
1521908550894;7374;7266;172;352608256;20212975;25950367
1521908550994;7384;7277;172;352608256;20213433;25951404
1521908551094;7394;7286;172;352608256;20214120;25952961
1521908551194;7404;7295;173;352608256;20214578;25953998
1521908551294;7414;7305;173;352608256;20215036;25955036
1521908551394;7424;7314;174;352608256;20215494;25956075
1521908551494;7434;7323;174;352608256;20215952;25957108
1521908551594;7444;7333;174;352608256;20216639;25958664
1521908551694;7454;7342;174;352608256;20217097;25959703
1521908551794;7464;7352;174;352608256;20217555;25960741
1521908551894;7474;7362;174;352608256;20218013;25961774
1521908551994;7484;7372;174;352608256;20218471;25962810
1521908552094;7494;7381;175;352608256;20219033;25964312
1521908552194;7504;7390;175;352608256;20219616;25965402
1521908552294;7514;7402;175;352608256;20220074;25966438
1521908552394;7524;7412;175;352608256;20220532;25967476
1521908552494;7534;7422;175;352608256;20220990;25968513
1521908552594;7544;7431;176;352608256;20221448;25969550
1521908552694;7554;7441;176;352608256;20222135;25971105
1521908552794;7564;7451;176;352608256;20222593;25972144
1521908552894;7574;7461;176;352608256;20223051;25973182
1521908552994;7584;7471;176;352608256;20223509;25974219
1521908553094;7594;7481;176;352608256;20223967;25975258
1521908553194;7604;7490;176;352608256;20224654;25976815
1521908553294;7614;7499;176;352608256;20225112;25977852
1521908553394;7624;7509;176;352608256;20225570;25978887
1521908553494;7634;7519;176;352608256;20226028;25979927
1521908553594;7644;7530;176;352608256;20226486;25980963
1521908553694;7654;7539;176;352608256;20227173;25982520
1521908553794;7664;7548;176;352608256;20227631;25983559
1521908553894;7674;7561;176;352608256;20228089;25984595
1521908553994;7684;7571;177;352608256;20228547;25985633
1521908554094;7694;7581;177;352608256;20229005;25986671
1521908554194;7704;7590;178;352608256;20229463;25987709
1521908554294;7714;7598;179;352608256;20230150;25989265
1521908554394;7724;7608;179;352608256;20230608;25990306
1521908554494;7734;7619;180;352608256;20231066;25991341
1521908554594;7744;7628;181;352608256;20231524;25992377
1521908554694;7754;7636;182;352608256;20232105;25993414
1521908554794;7764;7646;182;352608256;20232908;25995082
1521908554894;7774;7655;183;352608256;20233366;25996118
1521908554994;7784;7664;183;352608256;20233824;25997157
1521908555094;7794;7674;183;352608256;20234282;25998198
1521908555194;7804;7684;183;352608256;20234740;25999236
1521908555294;7814;7695;183;352608256;20235198;26000272
1521908555394;7824;7704;183;352608256;20235885;26001826
1521908555494;7834;7715;183;352608256;20236343;26002863
1521908555594;7844;7725;183;352608256;20236801;26003900
1521908555694;7854;7734;185;352608256;20237259;26004935
1521908555794;7864;7743;185;352608256;20237717;26005976
1521908555894;7874;7755;185;352608256;20238175;26007013
1521908555994;7884;7767;185;352608256;20238633;26008050
1521908556094;7894;7777;185;352608256;20239091;26009085
1521908556194;7904;7786;185;352608256;20239549;26010122
1521908556294;7914;7795;186;352608256;20240236;26011677
1521908556394;7924;7804;186;352608256;20240694;26012716
1521908556494;7934;7814;186;352608256;20241152;26013751
1521908556594;7944;7823;187;352608256;20241610;26014788
1521908556694;7954;7833;187;352608256;20242068;26015825
1521908556794;7964;7844;187;352608256;20242526;26016861
1521908556894;7974;7857;187;352608256;20242984;26017896
1521908556994;7984;7867;187;352608256;20243442;26018931
1521908557094;7994;7878;187;352608256;20243900;26019969
1521908557194;8004;7888;187;352608256;20244358;26021003
1521908557294;8014;7897;187;352608256;20244816;26022040
1521908557394;8024;7908;187;352608256;20245503;26023595
1521908557494;8034;7918;189;352608256;20245961;26024632
1521908557594;8044;7928;189;352608256;20246419;26025667
1521908557694;8054;7938;189;352608256;20247265;26026704
1521908557794;8064;7949;189;352608256;20247723;26027743
1521908557894;8074;7958;190;352608256;20248285;26029250
1521908557994;8084;7967;191;352608256;20248868;26030335
1521908558094;8094;7976;192;352608256;20249376;26031374
1521908558194;8104;7985;194;352608256;20249834;26032413
1521908558294;8114;7995;194;352608256;20250292;26033450
1521908558394;8124;8006;194;352608256;20250828;26034515
1521908558494;8134;8016;194;352608256;20251515;26036070
1521908558594;8144;8025;194;352608256;20251973;26037111
1521908558694;8154;8035;194;352608256;20252431;26038150
1521908558794;8164;8048;194;352608256;20252889;26039185
1521908558894;8174;8060;194;352608256;20253347;26040223
1521908558994;8184;8072;194;352608256;20253805;26041259
1521908559094;8194;8083;194;352608256;20254263;26042297
1521908559194;8204;8094;194;352608256;20254721;26043333
1521908559294;8214;8103;195;352608256;20255179;26044373
1521908559394;8224;8112;196;352608256;20255760;26045411
1521908559494;8234;8123;196;352608256;20256334;26046560
1521908559594;8244;8134;196;352608256;20256792;26047596
1521908559694;8254;8144;196;352608256;20257250;26048631
1521908559794;8264;8152;199;352608256;20257708;26049669
1521908559894;8274;8163;199;352608256;20258166;26050703
1521908559994;8284;8173;199;352608256;20258624;26051742
1521908560094;8294;8184;199;352608256;20259082;26052781
1521908560194;8304;8194;199;352608256;20259769;26054336
1521908560294;8314;8204;199;352608256;20260227;26055373
1521908560394;8324;8216;199;352608256;20260685;26056407
1521908560494;8334;8226;199;352608256;20261143;26057444
1521908560594;8344;8235;199;352608256;20261601;26058479
1521908560694;8354;8245;200;352608256;20262059;26059515
1521908560794;8364;8254;201;352608256;20262517;26060552
1521908560894;8374;8264;201;352608256;20263204;26062107
1521908560994;8384;8275;202;352608256;20263662;26063145
1521908561094;8394;8284;203;352608256;20264120;26064181
1521908561194;8404;8294;204;352608256;20264578;26065218
1521908561294;8414;8305;204;352608256;20265036;26066256
1521908561394;8424;8314;205;352608256;20265494;26067292
1521908561494;8434;8324;205;352608256;20265952;26068330
1521908561594;8444;8335;205;352608256;20266410;26069369
1521908561694;8454;8345;205;352608256;20266868;26070406
1521908561794;8464;8357;205;352608256;20267326;26071442
1521908561894;8474;8368;205;352608256;20267784;26072478
1521908561994;8484;8378;206;352608256;20268242;26073516
1521908562094;8494;8389;206;352608256;20268700;26074553
1521908562194;8504;8400;207;352608256;20269387;26076110
1521908562294;8514;8409;207;352608256;20269845;26077150
1521908562394;8524;8421;207;352608256;20270303;26078186
1521908562494;8534;8433;207;352608256;20270761;26079222
1521908562594;8544;8442;210;352608256;20271219;26080260
1521908562694;8554;8452;211;352608256;20271677;26081298
1521908562794;8564;8465;211;352608256;20272135;26082335
1521908562894;8574;8475;211;352608256;20272593;26083372
1521908562994;8584;8484;212;352608256;20273051;26084410
1521908563094;8594;8493;213;352608256;20273509;26085447
1521908563194;8604;8503;213;352608256;20273967;26086485
1521908563294;8614;8512;214;352608256;20274654;26088041
1521908563394;8624;8522;214;352608256;20275112;26089074
1521908563494;8634;8532;214;352608256;20275570;26090110
1521908563594;8644;8542;215;352608256;20276028;26091154
1521908563694;8654;8552;215;352608256;20276486;26092208
1521908563794;8664;8562;215;352608256;20276944;26093259
1521908563894;8674;8572;215;352608256;20277402;26094309
1521908563994;8684;8581;215;352608256;20277964;26095834
1521908564094;8694;8592;215;352608256;20278547;26096936
1521908564194;8704;8603;216;352608256;20279244;26098148
1521908564294;8714;8614;216;352608256;20279702;26099200
1521908564394;8724;8623;217;352608256;20280160;26100249
1521908564494;8734;8632;218;352608256;20280618;26101296
1521908564594;8744;8643;218;352608256;20281076;26102340
1521908564694;8754;8653;218;352608256;20281534;26103389
1521908564794;8764;8663;218;352608256;20281992;26104435
1521908564894;8773;8673;218;352608256;20282679;26106006
1521908564994;8784;8683;220;352608256;20283137;26107049
1521908565094;8794;8695;220;352608256;20283595;26108099
1521908565194;8804;8708;220;352608256;20284053;26109148
1521908565294;8814;8718;220;352608256;20284511;26110194
1521908565394;8824;8728;220;352608256;20284969;26111239
1521908565494;8834;8738;220;352608256;20285427;26112286
1521908565594;8844;8749;220;352608256;20285885;26113332
1521908565694;8854;8757;221;352608256;20286572;26114900
1521908565794;8864;8768;221;352608256;20287030;26115947
1521908565894;8874;8780;221;352608256;20287488;26116996
1521908565994;8884;8790;221;352608256;20287946;26118040
1521908566094;8894;8799;222;352608256;20288404;26119090
1521908566194;8904;8809;223;352608256;20288862;26120137
1521908566294;8914;8820;223;352608256;20289320;26121185
1521908566394;8924;8831;223;352608256;20289778;26122231
1521908566494;8934;8840;223;352608256;20290236;26123279
1521908566594;8944;8852;224;352608256;20290923;26124849
1521908566694;8954;8862;224;352608256;20291381;26125896
1521908566794;8964;8875;225;352608256;20291839;26126945
1521908566894;8974;8884;226;352608256;20292297;26127990
1521908566994;8984;8893;226;352608256;20292755;26129038
1521908567094;8994;8904;227;352608256;20293213;26130087
1521908567194;9004;8913;229;352608256;20293671;26131132
1521908567295;9014;8925;229;352608256;20294358;26132702
1521908567396;9024;8935;229;352608256;20294816;26133748
1521908567496;9034;8946;229;352608256;20295274;26134791
1521908567597;9044;8958;230;352608256;20295732;26135836
1521908567698;9054;8968;230;352608256;20296190;26136885
1521908567799;9064;8976;232;352608256;20296648;26137931
1521908567900;9074;8986;232;352608256;20297106;26138979
1521908568000;9084;8997;232;352608256;20297668;26140501
1521908568100;9094;9006;233;352608256;20298251;26141605
1521908568200;9104;9017;233;352608256;20298709;26142654
1521908568301;9114;9028;233;352608256;20299167;26143698
1521908568402;9124;9038;233;352608256;20299625;26144744
1521908568502;9134;9048;233;352608256;20300083;26145792
1521908568602;9144;9061;233;352608256;20300541;26146837
1521908568702;9154;9070;234;352608256;20301103;26148351
1521908568802;9164;9080;234;352608256;20301686;26149444
1521908568903;9174;9088;236;352608256;20302383;26150696
1521908569004;9184;9098;236;352608256;20302841;26151732
1521908569104;9194;9110;236;352608256;20303299;26152766
1521908569204;9204;9119;236;352608256;20303757;26153801
1521908569304;9215;9129;237;352608256;20304215;26154834
1521908569404;9225;9141;237;352608256;20304902;26156389
1521908569504;9235;9151;237;352608256;20305360;26157425
1521908569604;9245;9163;237;352608256;20305818;26158460
1521908569704;9255;9172;237;352608256;20306276;26159493
1521908569804;9265;9182;238;352608256;20306734;26160527
1521908569904;9275;9192;238;352608256;20307192;26161562
1521908570004;9285;9202;238;352608256;20307650;26162595
1521908570104;9295;9213;238;352608256;20308108;26163924
1521908570204;9305;9224;238;352608256;20308795;26165187
1521908570304;9315;9234;238;352608256;20309253;26166222
1521908570404;9325;9245;238;352608256;20309711;26167258
1521908570504;9335;9255;238;352608256;20310169;26168291
1521908570604;9345;9265;238;352608256;20310627;26169325
1521908570704;9355;9275;238;352608256;20311085;26170361
1521908570804;9365;9287;238;352608256;20311772;26171911
1521908570904;9375;9297;238;352608256;20312230;26172949
1521908571004;9385;9307;238;352608256;20312688;26173988
1521908571104;9395;9317;238;352608256;20313146;26175024
1521908571204;9405;9327;238;352608256;20313604;26176060
1521908571304;9415;9336;238;352608256;20314062;26177092
1521908571404;9425;9350;238;352608256;20314749;26178646
1521908571504;9435;9360;238;352608256;20315207;26179679
1521908571604;9445;9370;238;352608256;20315665;26180719
1521908571704;9455;9381;238;352608256;20316123;26181755
1521908571804;9465;9391;238;352608256;20316581;26182791
1521908571904;9475;9406;238;352608256;20317039;26183827
1521908572004;9485;9420;238;352608256;20317726;26185384
1521908572104;9495;9430;238;352608256;20318184;26186417
1521908572204;9505;9440;238;352608256;20318642;26187451
1521908572304;9515;9449;239;352608256;20319100;26188486
1521908572404;9525;9459;241;352608256;20319558;26189518
1521908572504;9535;9470;241;352608256;20320245;26191073
1521908572604;9545;9480;242;352608256;20320703;26192109
1521908572704;9555;9490;242;352608256;20321161;26193145
1521908572804;9565;9500;242;352608256;20321619;26194180
1521908572904;9575;9510;242;352608256;20322077;26195215
1521908573004;9585;9520;242;352608256;20322764;26196772
1521908573104;9595;9531;242;352608256;20323272;26197810
1521908573204;9605;9541;242;352608256;20323730;26198842
1521908573304;9615;9549;243;352608256;20324234;26199875
1521908573404;9625;9559;243;352608256;20324692;26200913
1521908573504;9635;9568;243;352608256;20325664;26202578
1521908573604;9645;9578;243;352608256;20326122;26203609
1521908573704;9655;9588;244;352608256;20326580;26204647
1521908573804;9665;9599;244;352608256;20327038;26205683
1521908573904;9675;9611;244;352608256;20327496;26207180
1521908574004;9685;9622;244;352608256;20328183;26208270
1521908574104;9695;9631;245;352608256;20328641;26209306
1521908574204;9705;9640;246;352608256;20329099;26210342
1521908574304;9715;9649;246;352608256;20329557;26211378
1521908574404;9725;9659;246;352608256;20330244;26212934
1521908574504;9735;9669;246;352608256;20330702;26213971
1521908574604;9745;9679;246;352608256;20331160;26215006
1521908574704;9755;9689;246;352608256;20331618;26216041
1521908574804;9765;9699;246;352608256;20332305;26217598
1521908574904;9775;9711;246;352608256;20332763;26218630
1521908575004;9785;9719;247;352608256;20333221;26219669
1521908575104;9795;9729;247;352608256;20333679;26220705
1521908575204;9805;9738;249;352608256;20334137;26221740
1521908575304;9815;9748;250;352608256;20334595;26223243
1521908575404;9825;9756;251;352608256;20335282;26224333
1521908575504;9835;9767;251;352608256;20335740;26225371
1521908575604;9845;9777;251;352608256;20336198;26226409
1521908575704;9855;9788;251;352608256;20336656;26227445
1521908575804;9865;9796;252;352608256;20337343;26228998
1521908575904;9875;9807;252;352608256;20337801;26230036
1521908576004;9885;9816;252;352608256;20338259;26231071
1521908576104;9895;9827;252;352608256;20338717;26232108
1521908576204;9905;9837;252;352608256;20339404;26233660
1521908576304;9915;9847;252;352608256;20339862;26234695
1521908576404;9925;9857;252;352608256;20340320;26235730
1521908576504;9935;9867;252;352608256;20340778;26236768
1521908576604;9945;9879;252;352608256;20341236;26237807
1521908576704;9955;9889;252;352608256;20341923;26239361
1521908576804;9965;9899;252;352608256;20342381;26240397
1521908576904;9975;9909;252;352608256;20342839;26241435
1521908577004;9985;9920;252;352608256;20343297;26242471
1521908577104;9995;9928;253;352608256;20343984;26244025
1521908577204;10005;9939;253;352608256;20344442;26245061
1521908577304;10015;9948;253;352608256;20344900;26246099
1521908577404;10025;9959;253;352608256;20345358;26247135
1521908577504;10035;9970;253;352608256;20345816;26248169
1521908577604;10045;9982;253;352608256;20346378;26249670
1521908577704;10055;9991;253;352608256;20346961;26250758
1521908577804;10065;10002;253;352608256;20347419;26251792
1521908577904;10075;10012;253;352608256;20347877;26252829
1521908578004;10085;10021;254;352608256;20348574;26254448
1521908578104;10095;10031;254;352608256;20349261;26255533
1521908578204;10105;10039;255;352608256;20349719;26256570
1521908578304;10115;10050;255;352608256;20350177;26257607
1521908578404;10125;10060;255;352608256;20350635;26258643
1521908578504;10135;10070;255;352608256;20351322;26260196
1521908578604;10145;10080;255;352608256;20351780;26261233
1521908578704;10155;10093;255;352608256;20352238;26262267
1521908578804;10165;10101;256;352608256;20352696;26263303
1521908578904;10175;10110;257;352608256;20353383;26264857
1521908579004;10185;10120;257;352608256;20353841;26265894
1521908579104;10195;10129;257;352608256;20354299;26266931
1521908579204;10205;10139;257;352608256;20354757;26267969
1521908579304;10215;10149;257;352608256;20355215;26269006
1521908579404;10225;10160;257;352608256;20355902;26270562
1521908579504;10235;10170;257;352608256;20356360;26271599
1521908579604;10245;10180;257;352608256;20356818;26272639
1521908579704;10255;10190;257;352608256;20357276;26273674
1521908579804;10265;10199;257;352608256;20357734;26275179
1521908579904;10275;10209;257;352608256;20358421;26276267
1521908580004;10285;10218;257;352608256;20358879;26277306
1521908580104;10295;10228;257;352608256;20359337;26278343
1521908580204;10305;10241;257;352608256;20359795;26279379
1521908580304;10315;10250;257;352608256;20360253;26280881
1521908580404;10325;10260;257;352608256;20360940;26281969
1521908580504;10335;10270;257;352608256;20361398;26283005
1521908580604;10345;10280;257;352608256;20361856;26284043
1521908580704;10355;10290;257;352608256;20362314;26285080
1521908580804;10365;10299;257;352608256;20363001;26286634
1521908580904;10375;10308;258;352608256;20363459;26287673
1521908581004;10385;10319;258;352608256;20363917;26288708
1521908581104;10395;10329;258;352608256;20364375;26289744
1521908581204;10405;10339;258;352608256;20364833;26290780
1521908581304;10415;10349;258;352608256;20365520;26292339
1521908581404;10425;10360;258;352608256;20365978;26293374
1521908581504;10435;10371;258;352608256;20366436;26294412
1521908581604;10445;10382;258;352608256;20366894;26295446
1521908581704;10455;10392;258;352608256;20367352;26296481
1521908581804;10465;10406;258;352608256;20368039;26298034
1521908581904;10475;10414;260;352608256;20368497;26299069
1521908582004;10485;10425;260;352608256;20368955;26300106
1521908582104;10495;10435;260;352608256;20369413;26301144
1521908582204;10505;10444;260;352608256;20369871;26302646
1521908582304;10515;10455;260;352608256;20370558;26303735
1521908582404;10525;10465;261;352608256;20371016;26304774
1521908582504;10535;10475;261;352608256;20371597;26305810
1521908582604;10545;10484;262;352608256;20372171;26306958
1521908582704;10555;10493;262;352608256;20372858;26308509
1521908582804;10565;10502;262;352608256;20373316;26309546
1521908582904;10575;10512;263;352608256;20373774;26310584
1521908583004;10585;10522;263;352608256;20374232;26311624
1521908583104;10595;10531;263;352608256;20374919;26313177
1521908583204;10605;10541;263;352608256;20375377;26314214
1521908583304;10615;10551;263;352608256;20375835;26315247
1521908583404;10625;10561;263;352608256;20376293;26316286
1521908583504;10635;10570;264;352608256;20376751;26317792
1521908583604;10645;10581;264;352608256;20377438;26318880
1521908583704;10655;10591;264;352608256;20377896;26319913
1521908583804;10665;10600;264;352608256;20378354;26320950
1521908583904;10675;10609;265;352608256;20378812;26321988
1521908584004;10685;10619;265;352608256;20379499;26323544
1521908584104;10695;10629;265;352608256;20379957;26324579
1521908584204;10705;10639;265;352608256;20380415;26325616
1521908584304;10715;10650;265;352608256;20380873;26326649
1521908584404;10725;10660;265;352608256;20381560;26328201
1521908584504;10735;10670;265;352608256;20382018;26329241
1521908584604;10745;10679;265;352608256;20382476;26330278
1521908584704;10755;10693;265;352608256;20382934;26331315
1521908584804;10765;10705;265;352608256;20383392;26332352
1521908584904;10775;10715;265;352608256;20383850;26333391
1521908585004;10785;10724;266;352608256;20384308;26334428
1521908585104;10795;10733;266;352608256;20384766;26335464
1521908585204;10805;10744;266;352608256;20385224;26336500
1521908585304;10815;10755;266;352608256;20385682;26337538
1521908585404;10825;10764;266;352608256;20386140;26338576
1521908585504;10835;10777;266;352608256;20386827;26340125
1521908585604;10845;10787;266;352608256;20387285;26341159
1521908585704;10855;10799;266;352608256;20387514;26341676
1521908585804;10865;10809;266;352608256;20387972;26342711
1521908585904;10875;10819;266;352608256;20388659;26344269
1521908586004;10885;10830;266;352608256;20389117;26345308
1521908586104;10895;10840;266;352608256;20389575;26346346
1521908586204;10905;10850;266;352608256;20390033;26347380
1521908586304;10915;10861;266;352608256;20390491;26348413
1521908586404;10925;10871;266;352608256;20390949;26349451
1521908586504;10935;10879;267;352608256;20391636;26351013
1521908586604;10945;10889;268;352608256;20392094;26352048
1521908586704;10955;10899;268;352608256;20392552;26353088
1521908586804;10965;10909;268;352608256;20393010;26354125
1521908586904;10975;10918;268;352608256;20393468;26355163
1521908587004;10985;10931;268;352608256;20393926;26356194
1521908587104;10995;10941;268;352608256;20394384;26357228
1521908587204;11005;10951;268;352608256;20395310;26358897
1521908587304;11015;10961;268;352608256;20395768;26359931
1521908587404;11025;10971;268;352608256;20396226;26360969
1521908587504;11035;10980;268;352608256;20396684;26362006
1521908587604;11045;10990;268;352608256;20397142;26363042
1521908587704;11055;10999;269;352608256;20398217;26364597
1521908587804;11065;11010;269;352608256;20398675;26365629
1521908587904;11075;11021;269;352608256;20399133;26366665
1521908588004;11085;11031;269;352608256;20399591;26367704
1521908588104;11095;11041;269;352608256;20400099;26368737
1521908588204;11105;11052;269;352608256;20400557;26369773
1521908588304;11115;11062;269;352608256;20401061;26370813
1521908588404;11125;11073;270;352608256;20401519;26371850
1521908588504;11135;11084;270;352608256;20402023;26372887
1521908588604;11145;11097;270;352608256;20402481;26373925
1521908588704;11155;11107;270;352608256;20402939;26374959
1521908588804;11165;11117;270;352608256;20403397;26375995
1521908588904;11175;11130;270;352608256;20403905;26377029
1521908589004;11185;11140;270;352608256;20404592;26378583
1521908589104;11195;11150;271;352608256;20405050;26379617
1521908589204;11205;11160;272;352608256;20405508;26380650
1521908589304;11215;11171;272;352608256;20405966;26381684
1521908589404;11225;11181;272;352608256;20406424;26382716
1521908589504;11235;11190;272;352608256;20406882;26383752
1521908589604;11245;11200;273;352608256;20407340;26384787
1521908589704;11255;11210;273;352608256;20408027;26386339
1521908589804;11265;11220;273;352608256;20408485;26387378
1521908589904;11275;11231;273;352608256;20408943;26388414
1521908590004;11285;11242;273;352608256;20409401;26389449
1521908590104;11295;11254;273;352608256;20409859;26390485
1521908590204;11305;11267;273;352608256;20410317;26391521
1521908590304;11315;11277;274;352608256;20410775;26392557
1521908590404;11325;11288;274;352608256;20411233;26393593
1521908590504;11335;11299;274;352608256;20411691;26394630
1521908590604;11345;11309;274;352608256;20412378;26396183
1521908590704;11355;11321;274;352608256;20412836;26397219
1521908590804;11365;11333;274;352608256;20413294;26398253
1521908590904;11375;11343;274;352608256;20413752;26399288
1521908591004;11385;11354;274;352608256;20414210;26400320
1521908591104;11395;11365;274;352608256;20414668;26401352
1521908591204;11405;11375;274;352608256;20415355;26402901
1521908591304;11415;11386;274;352608256;20415688;26403886
1521908591404;11425;11395;275;352608256;20416271;26404973
1521908591504;11435;11405;276;352608256;20416729;26406008
1521908591604;11445;11415;276;352608256;20417187;26407044
1521908591704;11455;11424;277;352608256;20417645;26408080
1521908591804;11465;11436;277;352608256;20418103;26409117
1521908591904;11475;11447;277;352608256;20418800;26410266
1521908592004;11485;11457;277;352608256;20419258;26411305
1521908592104;11495;11468;277;352608256;20419716;26412343
1521908592204;11505;11480;277;352608256;20420174;26413376
1521908592304;11515;11489;278;352608256;20420632;26414412
1521908592404;11525;11500;278;352608256;20421090;26415443
1521908592504;11535;11510;278;352608256;20421777;26417000
1521908592604;11545;11520;279;352608256;20422235;26418035
1521908592704;11555;11530;280;352608256;20422693;26419072
1521908592804;11565;11541;280;352608256;20423151;26420109
1521908592904;11575;11553;281;352608256;20423609;26421148
1521908593004;11585;11563;282;352608256;20424067;26422184
1521908593104;11595;11575;282;352608256;20424525;26423221
1521908593204;11605;11585;284;352608256;20425212;26424773
1521908593304;11615;11596;284;352608256;20425670;26425812
1521908593404;11625;11605;284;352608256;20426128;26426847
1521908593504;11635;11618;284;352608256;20426586;26427882
1521908593604;11645;11628;284;352608256;20427044;26428918
1521908593704;11655;11638;284;352608256;20427502;26429958
1521908593804;11665;11648;284;352608256;20427960;26430997
1521908593904;11675;11658;284;352608256;20428647;26432554
1521908594004;11685;11668;284;352608256;20429105;26433591
1521908594104;11695;11678;284;352608256;20429563;26434627
1521908594204;11705;11687;285;352608256;20430021;26435663
1521908594304;11715;11698;285;352608256;20430479;26436700
1521908594404;11725;11709;285;352608256;20430937;26437736
1521908594504;11735;11721;285;352608256;20431395;26439065
1521908594604;11745;11732;285;352608256;20432082;26440328
1521908594704;11755;11741;285;352608256;20432540;26441365
1521908594804;11765;11750;287;352608256;20432998;26442404
1521908594904;11775;11759;288;352608256;20433456;26443444
1521908595004;11785;11770;288;352608256;20433914;26444482
1521908595104;11795;11779;288;352608256;20434372;26445521
1521908595204;11805;11788;290;352608256;20434830;26446553
1521908595304;11815;11798;290;352608256;20435517;26448108
1521908595404;11825;11808;290;352608256;20435975;26449145
1521908595504;11835;11818;291;352608256;20436433;26450183
1521908595604;11845;11828;291;352608256;20436891;26451220
1521908595704;11855;11839;291;352608256;20437349;26452259
1521908595804;11865;11850;291;352608256;20437807;26453296
1521908595904;11875;11859;292;352608256;20438494;26454848
1521908596004;11885;11871;292;352608256;20438952;26455885
1521908596104;11895;11880;292;352608256;20439410;26456922
1521908596204;11905;11890;292;352608256;20439868;26457955
1521908596304;11915;11900;292;352608256;20440326;26458990
1521908596404;11925;11910;293;352608256;20441013;26460543
1521908596504;11935;11921;293;352608256;20441594;26461580
1521908596604;11945;11931;293;352608256;20442168;26462728
1521908596704;11955;11942;293;352608256;20442626;26463765
1521908596804;11965;11952;293;352608256;20443084;26464801
1521908596904;11975;11963;293;352608256;20443542;26465839
1521908597004;11985;11973;293;352608256;20444104;26467343
1521908597104;11995;11983;293;352608256;20444687;26468431
1521908597204;12005;11993;293;352608256;20445145;26469466
1521908597304;12015;12002;293;352608256;20445603;26470501
1521908597404;12025;12013;293;352608256;20446061;26471539
1521908597504;12035;12023;294;352608256;20446519;26472575
1521908597604;12045;12032;294;352608256;20446977;26473612
1521908597704;12055;12042;295;352608256;20447664;26475166
1521908597804;12065;12051;296;352608256;20448122;26476204
1521908597904;12075;12063;296;352608256;20448580;26477243
1521908598004;12085;12072;297;352608256;20449038;26478281
1521908598104;12095;12083;297;352608256;20449496;26479317
1521908598204;12105;12093;297;352608256;20449954;26480352
1521908598304;12115;12103;297;352608256;20450412;26481387
1521908598404;12125;12113;297;352608256;20450974;26482888
1521908598504;12135;12122;299;352608256;20451557;26483975
1521908598604;12145;12132;299;352608256;20452015;26485011
1521908598704;12155;12145;300;352608256;20452473;26486048
1521908598804;12165;12154;300;352608256;20452931;26487085
1521908598904;12175;12165;300;352608256;20453389;26488123
1521908599004;12185;12175;300;352608256;20453951;26489626
1521908599104;12195;12184;301;352608256;20454534;26490714
1521908599204;12205;12195;301;352608256;20454992;26491750
1521908599304;12215;12205;301;352608256;20455450;26492785
1521908599404;12225;12214;301;352608256;20455908;26493822
1521908599504;12235;12224;302;352608256;20456366;26494856
1521908599604;12245;12234;302;352608256;20456824;26495892
1521908599704;12255;12244;303;352608256;20457282;26496927
1521908599804;12265;12255;303;352608256;20457969;26498481
1521908599904;12275;12265;303;352608256;20458427;26499518
1521908600004;12285;12276;303;352608256;20458885;26500556
1521908600104;12295;12285;303;352608256;20459343;26501589
1521908600204;12305;12296;303;352608256;20459801;26502626
1521908600304;12315;12304;305;352608256;20460259;26503661
1521908600404;12325;12315;305;352608256;20460946;26505220
1521908600504;12335;12324;306;352608256;20461404;26506260
1521908600604;12345;12334;306;352608256;20461862;26507295
1521908600704;12355;12345;306;352608256;20462320;26508333
1521908600804;12365;12356;306;352608256;20462778;26509372
1521908600904;12375;12366;306;352608256;20463236;26510410
1521908601004;12385;12376;306;352608256;20463694;26511734
1521908601104;12395;12387;306;352608256;20464381;26513002
1521908601204;12405;12397;306;352608256;20465078;26514152
1521908601304;12415;12407;306;352608256;20465536;26515189
1521908601404;12425;12419;306;352608256;20465994;26516230
1521908601504;12435;12429;306;352608256;20466452;26517266
1521908601604;12445;12439;307;352608256;20466910;26518589
1521908601704;12455;12448;307;352608256;20467597;26519856
1521908601804;12465;12458;308;352608256;20468055;26520891
1521908601904;12475;12468;308;352608256;20468513;26521930
1521908602004;12485;12479;308;352608256;20468971;26522966
