currentTs;total_time;user_time;sys_time;virtual_size;in_octets;out_octets
1521390450478;1;0;0;13340672;18978940;24731468
1521390450578;11;8;1;300900352;18978940;24731468
1521390450678;21;18;2;306909184;18978940;24731468
1521390450778;31;27;3;306909184;18978940;24731468
1521390450878;41;40;3;312807424;18978940;24731468
1521390450978;51;51;5;313946112;18978940;24731468
1521390451078;61;62;5;313946112;18978940;24731468
1521390451178;71;77;5;313946112;18978940;24731468
1521390451278;81;89;6;314097664;18978940;24731468
1521390451379;91;99;6;314097664;18978940;24731468
1521390451480;101;109;6;314097664;18978940;24731468
1521390451581;111;122;6;314097664;18978940;24731468
1521390451682;121;134;7;314097664;18978940;24731468
1521390451783;132;145;7;314097664;18978940;24731468
1521390451884;142;158;7;314335232;18978940;24731468
1521390451985;152;171;7;314339328;18978940;24731468
1521390452086;162;183;7;314339328;18978940;24731468
1521390452187;172;193;7;314339328;18978940;24731468
1521390452288;182;204;7;314339328;18978940;24731468
1521390452389;192;214;7;314339328;18978940;24731468
1521390452490;202;226;7;314339328;18978940;24731468
1521390452591;212;236;7;315387904;18978940;24731468
1521390452692;222;247;7;315387904;18978940;24731468
1521390452793;233;262;7;315461632;18978940;24731468
1521390452894;243;272;7;315461632;18978940;24731468
1521390452995;253;282;7;315461632;18978940;24731468
1521390453096;263;295;7;316510208;18978940;24731468
1521390453197;273;306;7;317558784;18978940;24731468
1521390453298;283;317;7;317558784;18978940;24731468
1521390453399;293;326;8;317558784;18978940;24731468
1521390453500;303;337;8;317558784;18978940;24731468
1521390453601;313;348;8;318607360;18978940;24731468
1521390453702;323;359;8;318607360;18978940;24731468
1521390453803;334;371;8;318607360;18978940;24731468
1521390453904;344;383;8;318607360;18978940;24731468
1521390454004;354;394;8;318607360;18978940;24731468
1521390454105;364;404;9;318607360;18978940;24731468
1521390454206;374;415;10;318607360;18978940;24731468
1521390454306;384;427;10;319655936;18978940;24731468
1521390454406;394;437;10;319655936;18978940;24731468
1521390454506;404;447;10;319655936;18978940;24731468
1521390454606;414;457;10;319655936;18978940;24731468
1521390454706;424;467;10;319655936;18978940;24731468
1521390454806;434;477;10;319655936;18978940;24731468
1521390454906;444;488;10;321753088;18978940;24731468
1521390455006;454;501;10;321753088;18978940;24731468
1521390455106;464;510;11;351559680;18979285;24732101
1521390455207;474;523;12;351559680;18979285;24732101
1521390455308;484;535;12;351559680;18979743;24733146
1521390455409;494;547;12;351559680;18979972;24733665
1521390455510;504;559;12;351559680;18980201;24734181
1521390455611;514;570;12;351559680;18980659;24735213
1521390455712;524;579;14;351559680;18980888;24735732
1521390455813;535;591;14;351559680;18981117;24736248
1521390455913;545;601;14;351559680;18981575;24737280
1521390456013;555;613;14;351559680;18981804;24737798
1521390456113;565;624;14;351559680;18982262;24738833
1521390456213;575;635;14;351559680;18982491;24739349
1521390456313;585;645;14;351559680;18982949;24740383
1521390456413;595;656;14;351559680;18983178;24740900
1521390456513;605;667;14;351559680;18983636;24741930
1521390456613;615;678;14;351559680;18984094;24742964
1521390456713;625;689;15;351559680;18984323;24743479
1521390456813;635;700;15;351559680;18984781;24744513
1521390456913;645;713;15;351559680;18985010;24745032
1521390457013;655;724;15;351559680;18985468;24746068
1521390457113;665;737;15;351559680;18985926;24747101
1521390457213;675;749;15;351559680;18986384;24748136
1521390457313;685;759;15;351559680;18986613;24748652
1521390457413;695;771;15;351559680;18986892;24749169
1521390457513;705;782;15;351559680;18987396;24750203
1521390457613;715;791;16;351559680;18987854;24751239
1521390457713;725;798;18;351559680;18988312;24752274
1521390457813;735;809;18;351559680;18988541;24752792
1521390457913;745;821;19;351559680;18988999;24753827
1521390458013;755;831;19;351559680;18989457;24754861
1521390458113;765;843;19;351559680;18989915;24755894
1521390458213;775;854;19;351559680;18990144;24756409
1521390458313;785;867;19;352608256;18990602;24757441
1521390458413;795;878;19;352608256;18991106;24758474
1521390458513;805;889;19;352608256;18991564;24759509
1521390458613;815;901;19;352608256;18992022;24760545
1521390458713;825;909;20;352608256;18992480;24761579
1521390458813;835;920;20;352608256;18992938;24762614
1521390458913;845;930;20;352608256;18993167;24763130
1521390459013;855;940;20;352608256;18993625;24764165
1521390459113;865;950;20;352608256;18994083;24765200
1521390459213;875;962;20;352608256;18994541;24766237
1521390459313;885;973;20;352608256;18994999;24767267
1521390459413;895;983;21;352608256;18995457;24768302
1521390459513;905;993;21;352608256;18995915;24769336
1521390459613;915;1005;22;352608256;18996373;24770370
1521390459713;925;1015;23;352608256;18996831;24771404
1521390459813;935;1024;23;352608256;18997289;24772442
1521390459913;945;1034;23;352608256;18997747;24773478
1521390460013;955;1044;23;352608256;18998205;24774512
1521390460113;965;1060;23;352608256;18998663;24775545
1521390460213;975;1071;23;352608256;18999121;24776577
1521390460313;985;1081;24;352608256;18999579;24777610
1521390460413;995;1091;24;352608256;19000037;24778641
1521390460513;1005;1102;24;352608256;19000266;24779625
1521390460613;1015;1113;24;352608256;19000724;24780662
1521390460713;1025;1123;24;352608256;19001411;24781692
1521390460813;1035;1132;24;352608256;19001640;24782262
1521390460913;1045;1143;24;352608256;19002221;24783296
1521390461013;1055;1152;25;352608256;19002795;24784445
1521390461113;1065;1162;25;352608256;19003253;24785478
1521390461213;1075;1171;25;352608256;19003711;24786515
1521390461313;1085;1182;26;352608256;19004169;24787546
1521390461413;1095;1191;26;352608256;19004627;24788582
1521390461513;1105;1200;27;352608256;19005085;24789616
1521390461613;1115;1209;28;352608256;19005543;24790652
1521390461713;1125;1221;28;352608256;19006001;24791690
1521390461813;1135;1239;29;353656832;19006230;24792208
1521390461913;1145;1247;30;353656832;19006917;24793762
1521390462014;1155;1256;32;353656832;19007375;24794795
1521390462115;1165;1267;32;353656832;19007833;24795831
1521390462215;1175;1279;33;353656832;19008062;24796813
1521390462315;1185;1290;33;353656832;19008749;24797902
1521390462415;1195;1300;33;353656832;19008978;24798882
1521390462515;1205;1309;33;353656832;19009665;24799969
1521390462615;1215;1321;33;353656832;19010123;24801005
1521390462715;1225;1331;33;353656832;19010581;24802038
1521390462815;1235;1343;33;353656832;19011039;24803074
1521390462915;1245;1352;33;353656832;19011497;24804111
1521390463015;1255;1363;33;353656832;19011955;24805145
1521390463115;1265;1372;34;353656832;19012413;24806181
1521390463215;1275;1381;34;353656832;19012871;24807215
1521390463315;1285;1392;34;353656832;19013329;24808246
1521390463415;1295;1404;35;353656832;19013787;24809280
1521390463515;1305;1424;35;353656832;19014245;24810313
1521390463615;1315;1435;35;353656832;19014703;24811346
1521390463715;1325;1443;37;353656832;19015161;24812379
1521390463815;1335;1452;37;353656832;19015619;24813412
1521390463915;1345;1462;37;353656832;19016077;24814447
1521390464015;1355;1470;38;353656832;19016535;24815484
1521390464115;1365;1479;39;353656832;19016993;24816519
1521390464215;1375;1491;39;353656832;19017451;24817553
1521390464315;1385;1504;39;353656832;19017909;24818587
1521390464415;1395;1513;39;353656832;19018367;24820086
1521390464516;1405;1524;39;353656832;19018825;24821121
1521390464617;1415;1533;39;353656832;19019512;24822206
1521390464717;1425;1543;39;353656832;19019970;24823242
1521390464817;1435;1552;39;353656832;19020428;24824278
1521390464917;1445;1562;40;353656832;19020886;24825316
1521390465017;1455;1572;40;353656832;19021344;24826351
1521390465117;1465;1581;40;353656832;19021802;24827387
1521390465217;1475;1592;40;353656832;19022260;24828423
1521390465317;1485;1608;40;353656832;19022718;24829460
1521390465417;1495;1617;40;353656832;19023176;24830494
1521390465517;1505;1627;40;353656832;19023634;24831528
1521390465617;1515;1637;40;353656832;19024092;24832561
1521390465717;1525;1646;40;353656832;19024550;24833597
1521390465817;1535;1656;40;353656832;19025008;24834634
1521390465917;1545;1666;40;353656832;19025705;24835781
1521390466017;1555;1675;40;353656832;19026163;24836815
1521390466117;1565;1685;40;353656832;19026621;24837848
1521390466217;1575;1694;40;353656832;19027079;24838881
1521390466317;1585;1704;40;353656832;19027537;24839914
1521390466417;1595;1713;40;353656832;19027995;24840950
1521390466517;1605;1721;41;353656832;19028453;24841987
1521390466617;1615;1733;41;353656832;19029015;24843490
1521390466717;1625;1742;41;353656832;19029369;24844059
1521390466817;1635;1750;42;353656832;19030056;24845610
1521390466918;1645;1759;42;353656832;19030514;24846644
1521390467019;1655;1768;43;353656832;19030972;24847674
1521390467119;1665;1777;43;353656832;19031430;24848709
1521390467219;1675;1787;44;353656832;19031888;24849744
1521390467319;1685;1797;45;353656832;19032346;24850777
1521390467419;1695;1806;45;353656832;19032804;24851811
1521390467519;1705;1814;46;353656832;19033262;24852847
1521390467619;1715;1824;46;353656832;19033720;24853882
1521390467719;1725;1832;47;353656832;19034178;24854917
1521390467819;1735;1841;47;353656832;19034636;24855951
1521390467919;1745;1851;47;353656832;19035094;24856986
1521390468019;1755;1860;47;353656832;19035552;24858022
1521390468119;1765;1869;47;353656832;19036010;24859056
1521390468219;1775;1878;47;353656832;19036468;24860093
1521390468319;1785;1891;47;353656832;19036926;24861128
1521390468419;1795;1905;47;353656832;19037384;24862165
1521390468519;1805;1914;47;353656832;19037842;24863197
1521390468619;1815;1923;47;353656832;19038300;24864233
1521390468719;1825;1932;48;353656832;19038758;24865266
1521390468819;1835;1941;48;353656832;19039216;24866299
1521390468919;1845;1952;49;353656832;19039674;24867335
1521390469019;1855;1961;49;353656832;19040132;24868369
1521390469119;1865;1971;49;353656832;19040590;24869404
1521390469220;1875;1981;49;353656832;19041277;24870959
1521390469320;1885;1991;49;353656832;19041735;24871993
1521390469420;1895;2000;49;353656832;19042193;24873028
1521390469520;1905;2010;49;353656832;19042651;24874063
1521390469620;1915;2019;49;353656832;19043109;24875101
1521390469720;1925;2029;49;353656832;19043567;24876135
1521390469820;1935;2039;49;353656832;19044025;24877168
1521390469920;1945;2049;49;353656832;19044483;24878203
1521390470020;1955;2057;50;353656832;19044941;24879236
1521390470120;1965;2067;50;353656832;19045399;24880273
1521390470220;1975;2076;50;353656832;19045857;24881306
1521390470320;1985;2087;50;353656832;19046315;24882343
1521390470420;1995;2096;51;353656832;19046773;24883379
1521390470520;2005;2106;51;353656832;19047231;24884415
1521390470620;2015;2117;51;353656832;19047689;24885450
1521390470720;2025;2128;51;353656832;19048251;24886948
1521390470820;2035;2147;51;353656832;19048844;24887629
1521390470920;2045;2158;51;353656832;19049531;24889182
1521390471020;2055;2167;51;353656832;19049989;24890218
1521390471120;2065;2175;52;353656832;19050447;24891255
1521390471220;2075;2186;52;353656832;19050905;24892289
1521390471320;2085;2193;53;353656832;19051363;24893326
1521390471420;2095;2204;53;353656832;19051821;24894360
1521390471520;2105;2215;53;353656832;19052279;24895395
1521390471620;2115;2224;54;353656832;19052966;24896948
1521390471720;2125;2232;55;353656832;19053424;24897981
1521390471820;2135;2242;55;353656832;19053882;24899017
1521390471920;2145;2250;56;353656832;19054340;24900053
1521390472021;2155;2261;56;353656832;19054798;24901087
1521390472122;2165;2271;56;353656832;19055256;24902406
1521390472223;2176;2282;56;353656832;19055943;24903665
1521390472324;2186;2292;56;353656832;19056401;24904699
1521390472424;2196;2301;56;353656832;19056955;24905735
1521390472524;2206;2310;56;353656832;19057413;24906769
1521390472624;2216;2320;56;353656832;19057871;24907805
1521390472724;2226;2330;56;353656832;19058604;24909357
1521390472824;2236;2339;56;353656832;19059062;24910395
1521390472924;2246;2349;56;353656832;19059520;24911429
1521390473024;2256;2359;56;353656832;19059978;24912465
1521390473124;2266;2369;56;353656832;19060436;24913499
1521390473224;2276;2379;56;353656832;19060894;24914535
1521390473324;2286;2389;56;353656832;19061456;24916035
1521390473424;2296;2397;57;353656832;19062039;24917120
1521390473524;2306;2408;57;353656832;19062497;24918152
1521390473624;2316;2417;57;353656832;19062955;24919188
1521390473724;2326;2426;57;353656832;19063413;24920224
1521390473824;2336;2437;57;353656832;19063871;24921258
1521390473924;2346;2447;57;353656832;19064329;24922295
1521390474024;2356;2455;58;353656832;19065016;24923846
1521390474124;2366;2465;59;353656832;19065474;24924877
1521390474224;2376;2481;60;353656832;19065932;24925911
1521390474324;2386;2499;60;353656832;19066390;24926943
1521390474424;2396;2509;61;353656832;19066848;24927978
1521390474524;2406;2519;61;353656832;19067306;24929012
1521390474624;2416;2532;61;353656832;19067764;24930046
1521390474724;2426;2542;61;353656832;19068222;24931081
1521390474824;2436;2551;61;353656832;19068680;24932115
1521390474924;2446;2561;61;353656832;19069138;24933149
1521390475025;2456;2571;61;353656832;19069825;24934698
1521390475126;2466;2581;61;353656832;19070283;24935733
1521390475226;2476;2591;62;353656832;19070741;24936767
1521390475326;2486;2600;62;353656832;19071199;24937801
1521390475426;2496;2610;62;353656832;19071780;24938832
1521390475526;2506;2619;62;353656832;19072583;24940496
1521390475626;2516;2628;62;353656832;19073041;24941531
1521390475726;2526;2638;62;353656832;19073499;24942565
1521390475826;2536;2647;62;353656832;19073957;24943599
1521390475926;2546;2655;63;353656832;19074415;24944633
1521390476026;2556;2664;64;353656832;19074873;24945667
1521390476126;2566;2673;64;353656832;19075331;24946701
1521390476226;2576;2683;64;353656832;19076177;24947736
1521390476326;2586;2692;65;353656832;19077779;24949282
1521390476426;2596;2701;65;353656832;19078237;24950314
1521390476526;2606;2713;65;353656832;19078695;24951345
1521390476626;2616;2721;66;353656832;19079153;24952378
1521390476726;2626;2731;66;353656832;19079611;24953412
1521390476826;2636;2740;66;353656832;19080069;24954448
1521390476927;2646;2749;67;353656832;19080527;24955483
1521390477027;2656;2758;67;353656832;19081264;24957034
1521390477127;2666;2766;68;353656832;19081722;24958067
1521390477227;2676;2775;68;353656832;19082180;24959102
1521390477327;2686;2782;70;353656832;19082638;24960136
1521390477427;2696;2791;70;353656832;19083302;24961169
1521390477527;2706;2801;70;353656832;19083760;24962203
1521390477627;2716;2811;70;353656832;19084218;24963239
1521390477727;2726;2819;70;353656832;19084905;24964792
1521390477827;2736;2829;70;353656832;19085363;24965826
1521390477927;2746;2839;70;353656832;19085821;24966862
1521390478027;2756;2847;71;353656832;19086279;24967900
1521390478127;2766;2856;72;353656832;19086966;24969449
1521390478227;2776;2865;73;353656832;19087424;24970483
1521390478327;2786;2874;73;353656832;19087882;24971518
1521390478427;2796;2883;73;353656832;19088340;24972553
1521390478527;2806;2893;73;353656832;19088798;24973589
1521390478627;2816;2902;73;353656832;19089256;24974623
1521390478727;2826;2911;73;353656832;19089714;24975659
1521390478827;2836;2920;73;353656832;19090172;24976694
1521390478927;2846;2929;73;353656832;19090859;24978243
1521390479027;2856;2938;73;353656832;19091317;24979279
1521390479127;2866;2948;73;353656832;19091775;24980313
1521390479227;2876;2957;73;353656832;19092233;24981347
1521390479327;2886;2966;73;353656832;19092691;24982381
1521390479427;2896;2975;73;353656832;19093253;24983884
1521390479527;2906;2982;75;353656832;19093836;24984971
1521390479627;2916;2991;76;353656832;19094294;24986004
1521390479727;2926;3000;76;353656832;19094752;24987037
1521390479827;2936;3010;77;353656832;19095210;24988070
1521390479927;2946;3020;77;353656832;19095668;24989103
1521390480027;2956;3030;77;353656832;19096126;24990138
1521390480127;2966;3046;78;353656832;19096823;24991286
1521390480227;2976;3061;78;353656832;19097281;24992322
1521390480327;2986;3071;78;353656832;19098049;24993823
1521390480427;2996;3081;78;353656832;19098632;24994909
1521390480527;3006;3091;78;353656832;19099090;24995944
1521390480627;3016;3100;78;353656832;19099548;24996982
1521390480727;3026;3109;78;353656832;19100235;24998479
1521390480827;3036;3121;78;353656832;19100693;24999567
1521390480927;3046;3131;78;353656832;19101151;25000602
1521390481027;3056;3141;78;353656832;19101609;25001640
1521390481127;3066;3151;78;353656832;19102296;25003136
1521390481227;3076;3161;78;353656832;19102754;25004222
1521390481327;3086;3170;78;353656832;19103212;25005257
1521390481427;3096;3180;78;353656832;19103670;25006291
1521390481527;3106;3189;78;353656832;19104128;25007324
1521390481627;3116;3198;78;353656832;19104815;25008873
1521390481727;3126;3208;78;353656832;19105273;25009911
1521390481827;3136;3218;78;353656832;19105731;25010945
1521390481927;3146;3228;78;353656832;19106189;25011979
1521390482027;3156;3238;78;353656832;19106751;25013480
1521390482127;3166;3247;79;353656832;19107334;25014567
1521390482227;3176;3257;79;353656832;19107792;25015603
1521390482327;3186;3266;79;353656832;19108250;25016640
1521390482427;3196;3276;79;353656832;19108708;25017674
1521390482527;3206;3285;79;353656832;19109395;25019228
1521390482627;3216;3294;79;353656832;19109853;25020262
1521390482727;3226;3304;79;353656832;19110311;25021294
1521390482827;3236;3319;79;353656832;19110769;25022330
1521390482927;3246;3327;79;353656832;19111456;25023880
1521390483027;3256;3337;79;353656832;19111914;25024916
1521390483127;3266;3346;79;353656832;19112372;25025949
1521390483227;3276;3355;80;353656832;19112830;25026986
1521390483328;3286;3364;80;353656832;19113288;25028022
1521390483429;3296;3374;80;353656832;19113746;25029056
1521390483529;3306;3383;80;353656832;19114433;25030607
1521390483629;3316;3392;80;353656832;19114891;25031642
1521390483729;3326;3402;80;353656832;19115349;25032680
1521390483829;3336;3411;80;353656832;19115807;25033715
1521390483929;3346;3421;80;353656832;19116265;25034749
1521390484029;3356;3430;80;353656832;19116952;25036301
1521390484129;3366;3439;81;353656832;19117542;25037334
1521390484229;3376;3449;81;353656832;19118000;25038370
1521390484329;3386;3459;81;353656832;19118458;25039407
1521390484429;3396;3469;81;353656832;19119145;25040957
1521390484529;3406;3478;81;353656832;19119603;25041991
1521390484629;3416;3488;81;353656832;19120300;25043138
1521390484729;3426;3497;81;353656832;19120758;25044175
1521390484829;3436;3509;81;353656832;19121216;25045209
1521390484929;3446;3519;81;353656832;19121903;25046759
1521390485029;3456;3529;81;353656832;19122361;25047794
1521390485129;3466;3539;81;353656832;19122819;25048831
1521390485229;3476;3547;82;353656832;19123277;25049867
1521390485329;3486;3557;83;353656832;19123964;25051418
1521390485429;3496;3565;84;353656832;19124422;25052451
1521390485529;3506;3575;84;353656832;19124880;25053482
1521390485629;3516;3584;84;353656832;19125338;25054518
1521390485729;3526;3594;84;353656832;19126025;25056068
1521390485830;3536;3603;84;353656832;19126483;25057103
1521390485930;3546;3613;84;353656832;19126941;25058136
1521390486030;3556;3622;85;353656832;19127399;25059173
1521390486130;3566;3632;85;353656832;19128086;25060723
1521390486230;3576;3640;86;353656832;19128544;25061760
1521390486330;3586;3649;86;353656832;19129002;25062793
1521390486430;3596;3659;86;353656832;19129460;25063828
1521390486530;3606;3669;86;353656832;19129918;25064861
1521390486630;3616;3678;87;353656832;19130605;25066410
1521390486730;3626;3687;87;353656832;19131063;25067444
1521390486830;3636;3696;88;353656832;19131521;25068480
1521390486930;3646;3707;89;353656832;19131979;25069513
1521390487030;3656;3717;89;353656832;19132437;25070548
1521390487130;3666;3726;89;353656832;19133124;25072099
1521390487230;3676;3736;89;353656832;19133582;25073133
1521390487330;3686;3745;89;353656832;19134040;25074169
1521390487430;3696;3756;89;353656832;19134594;25075203
1521390487530;3706;3768;89;353656832;19135156;25076701
1521390487630;3716;3777;89;353656832;19135739;25077790
1521390487730;3726;3786;89;353656832;19136197;25078824
1521390487830;3736;3796;89;353656832;19136701;25079858
1521390487930;3746;3804;90;353656832;19137159;25080890
1521390488031;3756;3812;92;353656832;19137846;25082445
1521390488131;3766;3820;93;353656832;19138304;25083479
1521390488231;3776;3830;93;353656832;19138762;25084511
1521390488332;3786;3838;94;353656832;19139220;25085547
1521390488433;3797;3848;94;353656832;19139907;25087098
1521390488534;3807;3858;94;353656832;19140365;25088133
1521390488634;3817;3867;94;353656832;19140823;25089168
1521390488734;3827;3877;94;353656832;19141281;25090202
1521390488834;3837;3887;94;353656832;19141843;25091700
1521390488934;3847;3895;95;353656832;19142426;25092787
1521390489034;3857;3905;95;353656832;19142884;25093822
1521390489134;3867;3913;96;353656832;19143581;25094969
1521390489234;3877;3923;96;353656832;19144039;25096004
1521390489334;3887;3932;96;353656832;19144807;25097507
1521390489434;3897;3941;96;353656832;19145390;25098596
1521390489534;3907;3951;96;353656832;19145848;25099630
1521390489634;3917;3961;96;353656832;19146306;25100667
1521390489734;3927;3970;97;353656832;19146764;25101702
1521390489834;3937;3980;97;353656832;19147451;25103255
1521390489934;3947;3989;98;353656832;19147909;25104289
1521390490034;3957;3999;98;353656832;19148367;25105324
1521390490134;3967;4008;98;353656832;19148825;25106357
1521390490234;3977;4018;99;353656832;19149512;25107910
1521390490334;3987;4028;99;353656832;19149970;25108945
1521390490435;3997;4038;99;353656832;19150428;25109980
1521390490536;4007;4047;99;353656832;19150886;25111015
1521390490637;4017;4057;99;353656832;19151573;25112568
1521390490737;4027;4067;99;353656832;19152031;25113602
1521390490837;4037;4076;99;353656832;19152489;25114636
1521390490937;4047;4086;99;353656832;19152947;25115671
1521390491037;4057;4095;99;353656832;19153634;25117222
1521390491137;4067;4105;99;353656832;19154092;25118257
1521390491237;4077;4117;99;353656832;19154550;25119292
1521390491337;4087;4128;100;353656832;19155008;25120327
1521390491437;4097;4140;100;353656832;19155466;25121357
1521390491537;4107;4150;100;353656832;19156153;25122912
1521390491637;4117;4161;100;353656832;19156611;25123946
1521390491737;4127;4170;100;353656832;19157069;25124983
1521390491837;4137;4179;100;353656832;19157527;25126019
1521390491937;4147;4189;100;353656832;19158214;25127572
1521390492037;4157;4201;100;353656832;19158672;25128606
1521390492137;4167;4210;100;353656832;19159130;25129643
1521390492237;4177;4219;100;353656832;19159588;25130675
1521390492337;4187;4227;101;353656832;19160046;25131709
1521390492437;4197;4236;101;353656832;19160504;25132745
1521390492537;4207;4244;102;353656832;19161191;25134299
1521390492637;4217;4253;102;353656832;19161649;25135339
1521390492737;4227;4263;102;353656832;19162107;25136372
1521390492837;4237;4274;102;353656832;19162565;25137405
1521390492937;4247;4283;102;353656832;19163023;25138437
1521390493037;4257;4293;103;353656832;19163710;25139985
1521390493137;4267;4302;103;353656832;19164168;25141020
1521390493237;4277;4309;105;353656832;19164626;25142053
1521390493337;4287;4319;105;353656832;19165084;25143087
1521390493438;4297;4328;105;353656832;19165542;25144122
1521390493539;4307;4338;105;353656832;19166000;25145158
1521390493639;4317;4346;105;353656832;19166926;25146823
1521390493739;4327;4356;105;353656832;19167384;25147859
1521390493839;4337;4365;106;353656832;19167842;25148893
1521390493939;4347;4374;106;353656832;19168300;25149926
1521390494039;4357;4384;106;353656832;19168758;25150957
1521390494139;4367;4393;106;353656832;19169445;25152510
1521390494239;4377;4402;106;353656832;19169903;25153543
1521390494339;4387;4412;106;353656832;19170361;25154578
1521390494439;4397;4422;106;353656832;19170819;25155610
1521390494539;4407;4431;106;353656832;19171506;25157161
1521390494639;4417;4441;106;353656832;19171964;25158197
1521390494739;4427;4450;106;353656832;19172422;25159231
1521390494839;4437;4459;106;353656832;19172880;25160264
1521390494939;4447;4469;106;353656832;19173338;25161300
1521390495039;4457;4478;106;353656832;19174025;25162846
1521390495139;4467;4488;106;353656832;19174483;25163878
1521390495239;4477;4496;106;353656832;19174941;25164914
1521390495339;4487;4507;106;353656832;19175399;25165948
1521390495439;4497;4518;107;353656832;19175857;25166985
1521390495539;4507;4529;107;353656832;19176315;25168019
1521390495639;4517;4538;107;353656832;19176773;25169053
1521390495739;4527;4551;107;353656832;19177231;25170087
1521390495839;4537;4560;107;353656832;19177689;25171122
1521390495939;4547;4568;108;353656832;19178376;25172670
1521390496039;4557;4577;108;353656832;19178834;25173702
1521390496139;4567;4586;108;353656832;19179292;25174736
1521390496239;4577;4595;108;353656832;19179750;25175769
1521390496339;4587;4609;109;353656832;19179979;25176287
1521390496439;4597;4618;109;353656832;19180666;25177839
1521390496539;4607;4627;109;353656832;19181124;25178872
1521390496639;4617;4636;111;353656832;19181582;25179904
1521390496739;4627;4647;111;353656832;19182040;25180936
1521390496839;4637;4658;111;353656832;19182498;25181970
1521390496939;4647;4668;111;353656832;19183185;25183523
1521390497039;4657;4677;111;353656832;19183643;25184556
1521390497139;4667;4687;111;353656832;19184101;25185592
1521390497239;4677;4698;111;353656832;19184559;25186622
1521390497339;4687;4708;111;353656832;19185017;25187656
1521390497439;4697;4718;111;353656832;19185475;25188690
1521390497539;4707;4727;111;353656832;19186162;25190241
1521390497639;4717;4738;111;353656832;19186620;25191273
1521390497739;4727;4745;112;353656832;19187078;25192307
1521390497839;4737;4755;112;353656832;19187536;25193341
1521390497939;4747;4765;113;353656832;19187994;25194378
1521390498039;4757;4775;113;353656832;19188452;25195412
1521390498139;4767;4784;113;353656832;19189139;25196966
1521390498239;4777;4797;114;353656832;19189368;25197483
1521390498339;4787;4807;115;353656832;19190065;25198627
1521390498439;4797;4818;115;353656832;19190523;25199659
1521390498539;4807;4829;116;353656832;19190981;25200692
1521390498639;4817;4839;116;353656832;19191439;25201726
1521390498739;4827;4850;116;353656832;19191897;25202758
1521390498839;4837;4861;116;353656832;19192355;25203793
1521390498939;4847;4871;117;353656832;19192813;25204828
1521390499039;4857;4881;117;353656832;19193271;25205863
1521390499139;4867;4893;117;353656832;19193729;25206896
1521390499239;4877;4902;118;353656832;19194187;25207931
1521390499339;4887;4912;118;353656832;19194645;25208962
1521390499439;4897;4922;118;353656832;19195103;25209994
1521390499539;4907;4933;119;353656832;19195790;25211546
1521390499640;4917;4942;119;353656832;19196248;25212579
1521390499741;4927;4954;119;353656832;19196706;25213613
1521390499842;4937;4963;119;353656832;19197164;25214649
1521390499942;4948;4974;119;353656832;19197622;25215682
1521390500042;4958;4984;119;353656832;19198080;25216717
1521390500143;4968;4996;119;353656832;19198538;25217751
1521390500243;4978;5009;119;353656832;19198996;25218785
1521390500343;4988;5019;119;353656832;19199454;25219822
1521390500443;4998;5029;120;353656832;19199912;25220854
1521390500543;5008;5039;121;353656832;19200370;25221885
1521390500643;5018;5053;121;353656832;19200828;25222919
1521390500743;5028;5062;122;353656832;19201286;25223949
1521390500843;5038;5072;123;353656832;19201744;25224986
1521390500943;5048;5083;123;353656832;19202202;25226021
1521390501043;5058;5096;123;353656832;19202660;25227059
1521390501143;5068;5107;123;353656832;19203222;25228558
1521390501243;5078;5117;123;353656832;19203805;25229646
1521390501343;5088;5126;125;353656832;19204263;25230682
1521390501443;5098;5135;125;353656832;19204721;25231717
1521390501543;5108;5145;125;353656832;19205179;25232752
1521390501643;5118;5158;125;353656832;19205637;25233787
1521390501743;5128;5172;126;353656832;19206095;25234821
1521390501843;5138;5182;126;353656832;19206553;25235851
1521390501943;5148;5193;126;353656832;19207011;25236883
1521390502043;5158;5203;126;353656832;19207469;25237916
1521390502143;5168;5213;127;353656832;19208156;25239415
1521390502243;5178;5227;127;353656832;19208614;25240503
1521390502343;5188;5237;127;353656832;19208843;25241019
1521390502443;5198;5247;127;353656832;19209351;25242052
1521390502543;5208;5256;127;353656832;19209855;25243085
1521390502643;5218;5267;127;353656832;19210313;25244115
1521390502743;5228;5277;127;353656832;19210817;25245145
1521390502843;5238;5286;127;353656832;19211275;25246177
1521390502943;5248;5295;128;353656832;19211733;25247207
1521390503043;5258;5304;128;353656832;19212191;25248244
1521390503143;5268;5316;128;353656832;19212649;25249281
1521390503243;5278;5327;128;353656832;19213346;25250429
1521390503343;5288;5336;128;353656832;19213804;25251463
1521390503443;5298;5345;128;353656832;19214491;25253013
1521390503543;5308;5354;129;353656832;19214949;25254044
1521390503643;5318;5366;129;353656832;19215407;25255077
1521390503743;5328;5375;130;353656832;19215636;25255595
1521390503843;5338;5384;130;353656832;19216323;25257144
1521390503948;5348;5395;130;353656832;19216781;25258178
1521390504048;5358;5404;130;353656832;19217239;25259214
1521390504148;5368;5414;131;353656832;19217697;25260245
1521390504248;5378;5424;131;353656832;19218155;25261279
1521390504348;5388;5433;132;353656832;19218613;25262317
1521390504448;5398;5444;132;353656832;19219071;25263348
1521390504548;5408;5454;132;353656832;19219529;25264385
1521390504648;5418;5464;132;353656832;19219987;25265427
1521390504748;5428;5474;132;353656832;19220445;25266462
1521390504848;5438;5483;133;353656832;19220903;25267496
1521390504948;5448;5493;133;353656832;19221361;25268528
1521390505048;5458;5503;133;353656832;19221819;25269562
1521390505148;5468;5512;134;353656832;19222506;25271114
1521390505248;5478;5522;134;353656832;19222964;25272155
1521390505348;5488;5532;134;353656832;19223422;25273193
1521390505448;5498;5544;134;353656832;19223880;25274226
1521390505548;5508;5558;134;353656832;19224338;25275260
1521390505648;5518;5567;135;353656832;19224796;25276294
1521390505748;5528;5577;135;353656832;19225254;25277332
1521390505848;5538;5587;135;353656832;19225941;25278884
1521390505948;5548;5597;135;353656832;19226399;25279919
1521390506048;5558;5607;135;353656832;19226857;25280955
1521390506148;5568;5617;136;353656832;19227315;25281990
1521390506248;5578;5626;137;353656832;19228161;25283026
1521390506348;5588;5635;137;353656832;19228619;25284061
1521390506448;5598;5646;137;353656832;19229077;25285098
1521390506548;5608;5656;137;353656832;19229535;25286598
1521390506648;5618;5665;138;353656832;19230222;25287684
1521390506748;5628;5675;138;353656832;19230680;25288719
1521390506848;5638;5685;139;353656832;19231138;25289755
1521390506948;5648;5696;140;353656832;19231596;25290793
1521390507048;5658;5706;140;353656832;19232054;25291827
1521390507148;5668;5716;141;353656832;19232512;25292863
1521390507248;5678;5727;141;353656832;19232970;25293899
1521390507348;5688;5737;141;353656832;19233428;25294933
1521390507448;5698;5746;142;353656832;19234115;25296486
1521390507549;5708;5757;143;353656832;19234573;25297523
1521390507650;5718;5765;144;353656832;19235031;25298555
1521390507751;5728;5776;144;353656832;19235489;25299590
1521390507852;5738;5786;144;353656832;19235947;25300627
1521390507952;5749;5795;145;353656832;19236528;25301663
1521390508052;5759;5806;145;353656832;19237206;25303277
1521390508153;5769;5817;146;353656832;19237789;25304366
1521390508253;5779;5836;146;353656832;19238247;25305399
1521390508353;5789;5847;146;353656832;19238705;25306433
1521390508453;5799;5858;147;353656832;19239163;25307471
1521390508553;5809;5869;147;353656832;19239621;25308506
1521390508653;5819;5879;147;353656832;19240079;25309539
1521390508753;5829;5887;148;353656832;19240537;25310574
1521390508853;5839;5898;148;353656832;19240995;25311611
1521390508953;5849;5909;148;353656832;19241453;25312646
1521390509053;5859;5917;149;353656832;19242140;25314199
1521390509153;5869;5927;149;353656832;19242598;25315234
1521390509254;5879;5938;149;353656832;19243056;25316270
1521390509354;5889;5948;149;353656832;19243514;25317307
1521390509455;5899;5958;149;353656832;19243972;25318343
1521390509556;5909;5969;150;353656832;19244430;25319376
1521390509657;5919;5978;150;353656832;19245117;25320929
1521390509758;5929;5989;150;353656832;19245575;25321966
1521390509858;5939;5998;150;353656832;19246033;25323001
1521390509958;5949;6008;151;353656832;19246491;25324033
1521390510058;5959;6018;151;353656832;19246949;25325063
1521390510159;5969;6028;151;353656832;19247407;25326096
1521390510260;5979;6037;152;353656832;19248094;25327648
1521390510361;5989;6046;153;353656832;19248552;25328685
1521390510462;5999;6055;153;353656832;19249010;25329738
1521390510563;6010;6067;153;353656832;19249468;25330790
1521390510664;6020;6075;154;353656832;19250155;25332364
1521390510765;6030;6085;154;353656832;19250613;25333415
1521390510865;6040;6095;154;353656832;19251071;25334462
1521390510965;6050;6105;154;353656832;19251529;25335508
1521390511065;6060;6114;155;353656832;19251987;25336552
1521390511165;6070;6124;155;353656832;19252445;25337597
1521390511265;6080;6133;156;353656832;19253132;25339164
1521390511365;6090;6144;156;353656832;19253590;25340211
1521390511465;6100;6155;156;353656832;19254048;25341256
1521390511565;6110;6164;157;353656832;19254506;25342302
1521390511665;6120;6173;157;353656832;19254964;25343346
1521390511765;6130;6183;157;353656832;19255651;25344916
1521390511865;6140;6192;157;353656832;19256109;25345962
1521390511965;6150;6202;157;353656832;19256567;25347006
1521390512065;6160;6214;157;353656832;19257025;25348051
1521390512165;6170;6224;157;353656832;19257483;25349098
1521390512265;6180;6235;157;353656832;19257941;25350145
1521390512365;6190;6245;157;353656832;19258628;25351715
1521390512465;6200;6255;157;353656832;19259086;25352758
1521390512565;6210;6263;159;353656832;19259667;25353803
1521390512665;6220;6273;159;353656832;19260241;25354960
1521390512765;6230;6283;159;353656832;19260699;25356006
1521390512865;6240;6291;161;353656832;19261157;25357047
1521390512965;6250;6300;161;353656832;19261844;25358603
1521390513065;6260;6309;162;353656832;19262302;25359639
1521390513165;6270;6320;162;353656832;19262760;25360675
1521390513265;6280;6330;162;353656832;19263218;25361711
1521390513365;6290;6341;162;353656832;19263676;25362747
1521390513465;6300;6350;162;353656832;19264363;25364306
1521390513565;6310;6360;163;353656832;19264821;25365344
1521390513665;6320;6370;163;353656832;19265279;25366382
1521390513765;6330;6380;163;353656832;19265737;25367421
1521390513865;6340;6392;163;353656832;19266195;25368459
1521390513965;6350;6405;163;353656832;19266653;25369492
1521390514065;6360;6415;163;353656832;19267111;25370533
1521390514165;6370;6424;163;353656832;19267798;25372089
1521390514265;6380;6434;163;353656832;19268256;25373127
1521390514366;6390;6443;163;353656832;19268714;25374164
1521390514466;6400;6453;163;353656832;19269172;25375203
1521390514567;6410;6463;163;353656832;19269630;25376240
1521390514667;6420;6473;163;353656832;19270317;25377794
1521390514768;6430;6483;163;353656832;19270775;25378831
1521390514869;6440;6491;164;353656832;19271233;25379869
1521390514970;6450;6501;164;353656832;19271691;25380904
1521390515071;6460;6511;164;353656832;19272149;25381940
1521390515172;6470;6522;164;353656832;19272836;25383495
1521390515272;6481;6531;165;353656832;19273294;25384534
1521390515373;6491;6541;166;353656832;19273752;25385573
1521390515474;6501;6550;167;353656832;19274210;25386610
1521390515575;6511;6561;167;353656832;19274668;25387649
1521390515676;6521;6569;168;353656832;19275126;25388687
1521390515777;6531;6580;168;353656832;19275813;25390242
1521390515878;6541;6589;169;353656832;19276271;25391279
1521390515979;6551;6601;169;353656832;19276729;25392317
1521390516080;6561;6610;169;353656832;19277187;25393357
1521390516181;6571;6621;169;353656832;19277874;25394915
1521390516281;6581;6631;169;353656832;19278332;25395950
1521390516381;6591;6641;169;353656832;19278790;25396989
1521390516481;6601;6652;169;353656832;19279248;25398026
1521390516581;6611;6661;169;353656832;19279706;25399063
1521390516681;6621;6671;169;353656832;19280164;25400101
1521390516781;6631;6682;169;353656832;19280622;25401138
1521390516881;6641;6690;170;353656832;19281309;25402698
1521390516981;6651;6700;170;353656832;19281767;25403738
1521390517081;6661;6710;170;353656832;19282225;25404776
1521390517181;6671;6722;170;353656832;19282806;25405867
1521390517281;6681;6732;170;353656832;19283380;25407015
1521390517381;6691;6743;170;353656832;19284067;25408520
1521390517481;6701;6752;170;353656832;19284621;25409608
1521390517581;6711;6762;170;353656832;19285079;25410643
1521390517681;6721;6771;171;353656832;19285537;25411681
1521390517781;6731;6781;171;353656832;19285995;25412720
1521390517881;6741;6792;172;353656832;19286453;25414045
1521390517981;6751;6802;172;353656832;19287140;25415311
1521390518081;6761;6811;172;353656832;19287598;25416350
1521390518181;6771;6823;172;353656832;19288102;25417388
1521390518281;6781;6830;173;353656832;19288560;25418425
1521390518381;6791;6841;173;353656832;19289018;25419926
1521390518481;6801;6850;173;353656832;19289705;25421015
1521390518581;6811;6860;173;353656832;19290163;25422052
1521390518681;6821;6870;173;353656832;19290621;25423090
1521390518781;6831;6879;173;353656832;19291079;25424126
1521390518881;6841;6889;173;353656832;19291537;25425160
1521390518981;6851;6899;173;353656832;19292224;25426715
1521390519081;6861;6908;173;353656832;19292682;25427752
1521390519181;6871;6917;173;353656832;19293140;25428788
1521390519281;6881;6927;173;353656832;19293598;25429828
1521390519381;6891;6937;173;353656832;19294056;25430866
1521390519481;6901;6946;174;353656832;19294743;25432422
1521390519581;6911;6955;174;353656832;19295201;25433459
1521390519681;6921;6965;174;353656832;19295659;25434496
1521390519781;6931;6976;174;353656832;19296117;25435536
1521390519881;6941;6985;174;353656832;19296575;25436575
1521390519981;6951;6996;175;353656832;19297262;25438129
1521390520081;6961;7005;175;353656832;19297720;25439165
1521390520181;6971;7017;175;353656832;19298178;25440201
1521390520281;6981;7026;175;353656832;19298636;25441236
1521390520381;6991;7036;175;353656832;19299094;25442271
1521390520481;7001;7047;175;353656832;19299781;25443825
1521390520581;7011;7060;175;353656832;19300239;25444864
1521390520681;7021;7070;175;353656832;19300697;25445902
1521390520781;7031;7079;175;353656832;19301155;25446940
1521390520881;7041;7089;175;353656832;19301613;25447975
1521390520981;7051;7098;175;353656832;19302071;25449012
1521390521081;7061;7107;175;353656832;19302758;25450563
1521390521181;7071;7119;175;353656832;19303216;25451602
1521390521281;7081;7130;175;353656832;19303674;25452639
1521390521381;7091;7138;176;353656832;19304132;25453675
1521390521481;7101;7150;176;353656832;19304590;25454709
1521390521581;7111;7160;176;353656832;19305277;25456266
1521390521681;7121;7169;176;353656832;19305735;25457300
1521390521781;7131;7181;176;353656832;19306432;25458450
1521390521881;7141;7190;176;353656832;19306890;25459486
1521390521981;7151;7200;176;353656832;19307452;25460990
1521390522081;7161;7209;177;353656832;19308035;25462081
1521390522181;7171;7218;177;353656832;19308493;25463120
1521390522281;7181;7231;177;353656832;19308951;25464157
1521390522381;7191;7242;177;353656832;19309409;25465195
1521390522481;7201;7252;177;353656832;19309919;25466702
1521390522581;7211;7261;177;353656832;19310554;25467791
1521390522681;7221;7271;177;353656832;19311012;25468829
1521390522781;7231;7281;177;353656832;19311470;25469867
1521390522881;7241;7291;177;353656832;19311928;25470903
1521390522981;7251;7301;178;353656832;19312615;25472462
1521390523081;7261;7310;178;353656832;19313073;25473495
1521390523181;7271;7320;178;353656832;19313531;25474531
1521390523281;7281;7329;178;353656832;19313989;25475571
1521390523381;7291;7340;178;353656832;19314447;25476609
1521390523481;7301;7349;178;353656832;19315134;25478161
1521390523582;7311;7358;178;353656832;19315592;25479197
1521390523683;7322;7368;178;353656832;19316050;25480234
1521390523784;7332;7378;178;353656832;19316508;25481271
1521390523885;7342;7387;178;353656832;19316966;25482307
1521390523985;7352;7397;178;353656832;19317653;25483863
1521390524085;7362;7407;178;353656832;19318111;25484900
1521390524185;7372;7415;179;353656832;19318569;25485937
1521390524285;7382;7424;179;353656832;19319027;25486973
1521390524385;7392;7433;179;353656832;19319485;25488011
1521390524485;7402;7442;179;353656832;19320172;25489569
1521390524585;7412;7451;179;353656832;19320630;25490606
1521390524685;7422;7462;179;353656832;19321088;25491645
1521390524785;7432;7471;179;353656832;19321546;25492683
1521390524885;7442;7480;179;353656832;19322004;25493719
1521390524985;7452;7490;179;353656832;19322462;25494757
1521390525085;7462;7499;180;353656832;19323149;25496314
1521390525185;7472;7508;180;353656832;19323607;25497350
1521390525285;7482;7517;180;353656832;19324065;25498390
1521390525385;7492;7527;180;353656832;19324523;25499427
1521390525485;7502;7536;181;353656832;19325085;25500930
1521390525585;7512;7545;181;353656832;19325668;25502020
1521390525685;7522;7555;181;353656832;19326126;25503058
1521390525785;7532;7564;181;353656832;19326584;25504096
1521390525885;7542;7574;181;353656832;19327271;25505652
1521390525985;7552;7584;181;353656832;19327729;25506693
1521390526085;7562;7593;183;353656832;19328187;25507728
1521390526185;7572;7604;183;353656832;19328645;25508764
1521390526285;7582;7614;183;353656832;19329571;25510484
1521390526385;7592;7626;183;353656832;19330029;25511573
1521390526485;7602;7636;183;353656832;19330487;25512609
1521390526585;7612;7645;183;353656832;19330945;25513648
1521390526685;7622;7656;183;353656832;19331403;25514689
1521390526785;7632;7665;183;353656832;19332090;25516245
1521390526885;7642;7675;183;353656832;19332548;25517282
1521390526985;7652;7684;184;353656832;19333006;25518317
1521390527085;7662;7694;184;353656832;19333464;25519820
1521390527185;7672;7703;184;353656832;19334151;25520908
1521390527285;7682;7713;184;353656832;19334609;25521947
1521390527385;7692;7722;185;353656832;19335067;25522986
1521390527485;7702;7731;185;353656832;19335629;25524489
1521390527585;7712;7741;185;353656832;19336212;25525576
1521390527686;7722;7750;186;353656832;19336670;25526613
1521390527787;7732;7759;186;353656832;19337128;25527649
1521390527888;7742;7769;186;353656832;19337815;25529207
1521390527988;7752;7779;186;353656832;19338273;25530242
1521390528088;7762;7790;186;353656832;19338731;25531279
1521390528188;7772;7803;186;353656832;19339189;25532316
1521390528288;7782;7812;187;353656832;19339876;25533868
1521390528388;7792;7822;187;353656832;19340334;25534903
1521390528488;7802;7831;187;353656832;19340792;25535941
1521390528588;7812;7841;187;353656832;19341354;25537442
1521390528688;7822;7851;187;353656832;19341937;25538531
1521390528788;7832;7860;187;353656832;19342395;25539566
1521390528888;7842;7870;188;353656832;19342853;25540604
1521390528988;7852;7879;188;353656832;19343311;25541640
1521390529088;7862;7890;188;353656832;19343998;25543195
1521390529188;7872;7902;188;353656832;19344227;25543714
1521390529288;7882;7911;189;353656832;19344914;25545272
1521390529388;7892;7921;189;353656832;19345372;25546310
1521390529488;7902;7934;189;353656832;19345830;25547345
1521390529588;7912;7944;190;353656832;19346288;25548384
1521390529688;7922;7957;190;353656832;19346621;25549371
1521390529788;7932;7965;191;353656832;19347204;25550458
1521390529888;7942;7975;191;353656832;19347662;25551493
1521390529988;7952;7984;192;353656832;19348120;25552529
1521390530088;7962;7996;192;353656832;19348578;25553570
1521390530188;7972;8007;192;353656832;19349265;25555126
1521390530289;7982;8015;193;353656832;19349723;25556161
1521390530389;7992;8024;193;353656832;19350181;25557198
1521390530489;8002;8034;194;353656832;19350639;25558237
1521390530589;8012;8044;194;353656832;19351326;25559792
1521390530689;8022;8055;194;353656832;19351784;25560832
1521390530789;8032;8065;194;353656832;19352365;25561870
1521390530889;8042;8074;194;353656832;19352939;25563019
1521390530989;8052;8086;194;353656832;19353626;25564573
1521390531089;8062;8095;194;353656832;19354084;25565609
1521390531189;8072;8105;194;353656832;19354542;25566645
1521390531289;8082;8116;194;353656832;19355000;25567681
1521390531389;8092;8126;194;353656832;19355458;25568720
1521390531489;8102;8136;194;353656832;19355916;25569760
1521390531589;8112;8148;194;353656832;19356603;25571313
1521390531689;8122;8158;194;353656832;19357061;25572349
1521390531789;8132;8168;194;353656832;19357519;25573384
1521390531889;8142;8180;194;353656832;19357977;25574420
1521390531989;8152;8192;194;353656832;19358435;25575456
1521390532089;8162;8202;194;353656832;19358893;25576493
1521390532189;8172;8214;194;353656832;19359351;25577530
1521390532289;8182;8224;194;353656832;19359809;25578566
1521390532389;8192;8233;194;353656832;19360267;25579604
1521390532489;8202;8244;194;353656832;19360821;25580640
1521390532589;8212;8255;194;353656832;19361279;25581677
1521390532689;8222;8265;195;353656832;19361966;25583233
1521390532789;8232;8276;195;353656832;19362424;25584269
1521390532889;8242;8286;195;353656832;19362882;25585308
1521390532989;8252;8297;195;353656832;19363340;25586347
1521390533089;8262;8307;195;353656832;19363798;25587382
1521390533189;8272;8316;196;353656832;19364256;25588419
1521390533289;8282;8328;196;353656832;19364818;25589923
1521390533389;8292;8337;196;353656832;19365447;25591012
1521390533489;8302;8348;196;353656832;19365905;25592052
1521390533589;8312;8358;196;353656832;19366363;25593089
1521390533689;8322;8369;196;353656832;19366821;25594126
1521390533789;8332;8379;196;353656832;19367279;25595161
1521390533889;8342;8389;196;353656832;19367737;25596201
1521390533989;8352;8400;196;353656832;19368424;25597757
1521390534089;8362;8411;196;353656832;19368882;25598794
1521390534189;8372;8421;196;353656832;19369340;25599831
1521390534289;8382;8431;196;353656832;19369798;25600869
1521390534389;8392;8442;196;353656832;19370256;25601906
1521390534489;8402;8452;197;353656832;19370714;25602944
1521390534589;8412;8462;197;353656832;19371172;25603983
1521390534689;8422;8473;198;353656832;19371630;25605015
1521390534789;8432;8483;198;353656832;19372088;25606049
1521390534890;8442;8493;198;353656832;19372775;25607613
1521390534991;8452;8504;199;353656832;19373233;25608667
1521390535092;8462;8516;199;353656832;19373691;25609718
1521390535193;8473;8527;199;353656832;19374149;25610768
1521390535294;8483;8537;199;353656832;19374607;25611820
1521390535395;8493;8551;199;353656832;19375065;25612870
1521390535495;8503;8562;199;353656832;19375991;25614555
1521390535595;8513;8571;199;353656832;19376449;25615607
1521390535695;8523;8582;199;353656832;19376907;25616656
1521390535795;8533;8594;199;353656832;19377365;25617703
1521390535895;8543;8604;199;353656832;19377823;25618747
1521390535995;8553;8614;199;353656832;19378510;25620320
1521390536095;8563;8624;199;353656832;19378968;25621365
1521390536195;8573;8632;200;353656832;19379426;25622413
1521390536295;8583;8641;200;353656832;19380272;25623456
1521390536395;8593;8651;200;353656832;19380730;25624506
1521390536495;8603;8660;200;353656832;19381188;25625555
1521390536595;8613;8670;200;353656832;19381646;25626601
1521390536695;8623;8678;201;353656832;19382104;25627646
1521390536795;8633;8688;201;353656832;19382562;25628693
1521390536895;8643;8697;201;353656832;19383020;25629739
1521390536995;8653;8708;201;353656832;19383478;25630784
1521390537095;8663;8717;201;353656832;19383936;25631828
1521390537195;8673;8731;201;353656832;19384394;25632878
1521390537295;8683;8741;201;353656832;19384852;25633925
1521390537395;8693;8751;201;353656832;19385539;25635497
1521390537495;8703;8763;201;353656832;19385997;25636544
1521390537595;8713;8773;201;353656832;19386455;25637592
1521390537695;8723;8783;201;353656832;19386913;25638638
1521390537795;8733;8794;201;353656832;19387371;25639686
1521390537895;8743;8805;201;353656832;19387829;25640735
1521390537995;8753;8815;201;353656832;19388391;25642251
1521390538095;8763;8827;201;353656832;19388974;25643352
1521390538195;8773;8838;201;353656832;19389432;25644397
1521390538295;8783;8848;201;353656832;19389890;25645445
1521390538395;8793;8859;201;353656832;19390348;25646494
1521390538495;8803;8871;201;353656832;19390806;25647539
1521390538595;8813;8881;201;353656832;19391264;25648585
1521390538695;8823;8891;201;353656832;19391722;25649630
1521390538795;8833;8899;202;353656832;19392180;25650676
1521390538895;8843;8910;202;353656832;19392638;25651721
1521390538995;8853;8919;203;353656832;19393200;25653240
1521390539095;8863;8929;203;353656832;19393783;25654338
1521390539195;8873;8940;203;353656832;19394241;25655386
1521390539295;8883;8949;203;353656832;19394699;25656437
1521390539395;8893;8960;203;353656832;19395157;25657485
1521390539495;8903;8971;203;353656832;19395615;25658537
1521390539595;8913;8980;203;353656832;19396073;25659583
1521390539695;8923;8989;204;353656832;19396531;25660626
1521390539795;8933;9000;204;353656832;19397093;25662147
1521390539895;8943;9010;204;353656832;19397676;25663244
1521390539995;8953;9021;204;353656832;19398134;25664289
1521390540095;8963;9033;204;353656832;19398592;25665334
1521390540195;8973;9044;204;353656832;19399173;25666472
1521390540295;8983;9056;204;353656832;19399747;25667620
1521390540395;8993;9065;204;353656832;19400205;25668656
1521390540495;9003;9077;204;353656832;19400663;25669691
1521390540595;9013;9088;204;353656832;19401121;25670724
1521390540695;9023;9098;204;353656832;19401579;25671760
1521390540795;9033;9109;204;353656832;19402037;25673262
1521390540895;9043;9118;204;353656832;19402724;25674348
1521390540995;9053;9128;204;353656832;19403182;25675383
1521390541095;9063;9137;205;353656832;19403640;25676416
1521390541195;9073;9148;205;353656832;19404098;25677450
1521390541295;9083;9157;205;353656832;19404556;25678484
1521390541395;9093;9167;205;353656832;19405014;25679522
1521390541496;9103;9178;205;353656832;19405701;25681078
1521390541597;9113;9190;205;353656832;19406159;25682111
1521390541698;9123;9200;205;353656832;19406617;25683147
1521390541799;9133;9211;205;353656832;19407075;25684180
1521390541900;9143;9220;205;353656832;19407533;25685215
1521390542001;9153;9231;205;353656832;19407991;25686248
1521390542102;9163;9243;205;353656832;19408449;25687286
1521390542203;9174;9258;206;353656832;19408907;25688786
1521390542303;9184;9269;206;353656832;19409594;25689877
1521390542403;9194;9280;206;353656832;19410052;25690914
1521390542503;9204;9290;206;353656832;19410510;25691949
1521390542603;9214;9300;206;353656832;19410968;25692985
1521390542703;9224;9310;206;353656832;19411426;25694016
1521390542803;9234;9321;206;353656832;19411884;25695053
1521390542903;9244;9332;206;353656832;19412571;25696606
1521390543003;9254;9341;206;353656832;19413029;25697642
1521390543103;9264;9351;206;353656832;19413487;25698680
1521390543203;9274;9362;207;353656832;19413945;25699717
1521390543303;9284;9373;207;353656832;19414403;25700752
1521390543403;9294;9383;207;353656832;19414861;25701791
1521390543503;9304;9393;207;353656832;19415319;25702824
1521390543603;9314;9403;208;353656832;19416006;25704376
1521390543703;9324;9413;208;353656832;19416464;25705410
1521390543803;9334;9422;209;353656832;19416922;25706444
1521390543903;9344;9431;209;353656832;19417380;25707480
1521390544003;9354;9441;209;353656832;19417838;25708516
1521390544103;9364;9450;210;353656832;19418296;25710018
1521390544203;9374;9459;210;353656832;19418983;25711103
1521390544303;9384;9471;210;353656832;19419441;25712140
1521390544403;9394;9483;210;353656832;19419899;25713179
1521390544503;9404;9493;210;353656832;19420357;25714217
1521390544603;9414;9503;210;353656832;19420815;25715249
1521390544703;9424;9512;210;353656832;19421273;25716282
1521390544803;9434;9522;210;353656832;19421835;25717787
1521390544903;9444;9531;211;353656832;19422657;25718985
1521390545003;9454;9541;211;353656832;19423115;25720016
1521390545103;9464;9550;211;353656832;19423573;25721054
1521390545203;9474;9560;211;353656832;19424031;25722090
1521390545303;9484;9572;211;353656832;19424489;25723122
1521390545403;9494;9587;211;353656832;19424947;25724158
1521390545503;9504;9599;211;353656832;19425509;25725661
1521390545603;9514;9611;211;353656832;19426092;25726749
1521390545703;9524;9620;212;353656832;19426550;25727785
1521390545803;9534;9631;212;353656832;19427008;25728822
1521390545903;9544;9641;212;353656832;19427466;25729861
1521390546003;9554;9650;212;353656832;19427924;25730896
1521390546103;9564;9662;212;353656832;19428382;25732396
1521390546203;9574;9671;212;353656832;19429069;25733485
1521390546303;9584;9683;212;353656832;19429527;25734520
1521390546403;9594;9693;212;353656832;19429985;25735555
1521390546503;9604;9703;212;353656832;19430443;25736592
1521390546603;9614;9714;212;353656832;19430901;25737628
1521390546703;9624;9724;212;353656832;19431588;25739185
1521390546803;9634;9732;213;353656832;19432046;25740221
1521390546903;9644;9743;213;353656832;19432504;25741259
1521390547003;9654;9753;213;353656832;19432962;25742297
1521390547103;9664;9763;213;353656832;19433420;25743332
1521390547203;9674;9773;213;353656832;19433878;25744370
1521390547303;9684;9783;213;353656832;19434565;25745925
1521390547403;9694;9792;213;353656832;19435023;25746961
1521390547503;9704;9802;213;353656832;19435563;25748030
1521390547603;9714;9811;213;353656832;19436021;25749064
1521390547703;9724;9823;213;353656832;19436479;25750099
1521390547803;9734;9833;213;353656832;19437166;25751653
1521390547903;9744;9844;213;353656832;19437670;25752687
1521390548003;9754;9853;213;353656832;19438128;25753725
1521390548103;9764;9863;215;353656832;19438586;25754762
1521390548203;9774;9873;215;353656832;19439044;25755800
1521390548303;9784;9883;216;353656832;19439502;25756836
1521390548403;9794;9891;217;353656832;19440064;25758338
1521390548503;9804;9901;217;353656832;19440647;25759429
1521390548604;9814;9911;217;353656832;19441105;25760464
1521390548705;9824;9921;217;353656832;19441563;25761500
1521390548806;9834;9932;217;353656832;19442021;25762538
1521390548907;9844;9942;217;353656832;19442708;25764094
1521390549008;9854;9952;217;353656832;19443166;25765126
1521390549108;9864;9961;217;353656832;19443624;25766161
1521390549208;9874;9971;217;353656832;19444082;25767197
1521390549308;9884;9981;217;353656832;19444540;25768231
1521390549408;9894;9991;217;353656832;19445227;25769789
1521390549508;9904;10003;217;353656832;19445924;25770939
1521390549608;9914;10012;217;353656832;19446382;25771972
1521390549708;9924;10021;218;353656832;19446840;25773009
1521390549808;9934;10030;219;353656832;19447298;25774046
1521390549908;9944;10041;219;353656832;19447756;25775082
1521390550008;9954;10051;219;353656832;19448443;25776635
1521390550108;9964;10061;219;353656832;19448901;25777672
1521390550208;9974;10070;220;353656832;19449359;25778706
1521390550308;9984;10079;220;353656832;19449817;25779742
1521390550408;9994;10089;221;353656832;19450275;25781244
1521390550508;10004;10099;221;353656832;19450962;25782333
1521390550608;10014;10109;221;353656832;19451420;25783370
1521390550708;10024;10118;222;353656832;19451878;25784408
1521390550808;10034;10128;222;353656832;19452336;25785445
1521390550908;10044;10137;223;353656832;19453023;25787001
1521390551008;10054;10149;223;353656832;19453481;25788038
1521390551108;10064;10158;223;353656832;19453939;25789078
1521390551208;10074;10167;224;353656832;19454397;25790113
1521390551308;10084;10178;224;353656832;19454855;25791152
1521390551408;10094;10188;224;353656832;19455313;25792188
1521390551508;10104;10198;224;353656832;19456000;25793745
1521390551608;10114;10208;224;353656832;19456458;25794782
1521390551708;10124;10218;224;353656832;19456916;25795818
1521390551808;10134;10228;224;353656832;19457374;25796852
1521390551908;10144;10239;224;353656832;19457832;25797891
1521390552008;10154;10248;224;353656832;19458519;25799444
1521390552108;10164;10259;224;353656832;19458977;25800482
1521390552208;10174;10269;224;353656832;19459435;25801519
1521390552308;10184;10281;224;353656832;19459893;25802554
1521390552408;10194;10291;224;353656832;19460351;25803593
1521390552508;10204;10300;225;353656832;19461038;25805147
1521390552608;10214;10311;225;353656832;19461496;25806183
1521390552708;10224;10321;225;353656832;19461954;25807219
1521390552808;10234;10331;225;353656832;19462412;25808260
1521390552908;10244;10341;225;353656832;19462870;25809297
1521390553008;10254;10349;226;353656832;19463557;25810851
1521390553108;10264;10359;226;353656832;19464015;25811885
1521390553208;10274;10369;226;353656832;19464473;25812920
1521390553308;10284;10379;227;353656832;19464931;25813956
1521390553408;10294;10388;227;353656832;19465389;25814991
1521390553508;10304;10398;227;353656832;19465847;25816026
1521390553608;10314;10409;227;353656832;19466534;25817583
1521390553708;10324;10417;228;353656832;19466992;25818620
1521390553808;10334;10427;228;353656832;19467450;25819656
1521390553908;10344;10437;228;353656832;19467908;25820692
1521390554008;10354;10446;228;353656832;19468366;25821731
1521390554108;10364;10456;228;353656832;19469292;25823397
1521390554208;10374;10466;228;353656832;19469750;25824432
1521390554308;10384;10476;228;353656832;19470208;25825467
1521390554408;10394;10486;228;353656832;19470666;25826505
1521390554508;10404;10495;228;353656832;19471124;25827543
1521390554608;10414;10505;228;353656832;19471811;25829100
1521390554708;10424;10515;228;353656832;19472269;25830135
1521390554808;10434;10524;229;353656832;19472727;25831171
1521390554908;10444;10532;230;353656832;19473185;25832205
1521390555008;10454;10542;230;353656832;19473643;25833244
1521390555108;10464;10551;230;353656832;19474826;25834801
1521390555208;10474;10561;230;353656832;19475284;25835837
1521390555308;10484;10571;230;353656832;19475742;25836873
1521390555408;10494;10580;230;353656832;19476200;25837908
1521390555508;10504;10591;232;353656832;19476658;25838946
1521390555608;10514;10600;232;353656832;19477345;25840500
1521390555708;10524;10610;232;353656832;19477803;25841535
1521390555808;10534;10620;232;353656832;19478261;25842570
1521390555908;10544;10630;232;353656832;19478719;25843606
1521390556008;10554;10639;232;353656832;19479177;25844640
1521390556108;10564;10647;234;353656832;19479864;25846198
1521390556208;10574;10657;234;353656832;19480322;25847236
1521390556308;10584;10666;234;353656832;19480780;25848272
1521390556408;10594;10676;234;353656832;19481238;25849311
1521390556508;10604;10685;234;353656832;19481925;25850867
1521390556608;10614;10695;234;353656832;19482383;25851903
1521390556708;10624;10705;234;353656832;19482841;25852939
1521390556808;10634;10714;234;353656832;19483299;25853977
1521390556908;10644;10723;235;353656832;19483757;25855015
1521390557008;10654;10732;236;353656832;19484215;25856048
1521390557108;10664;10742;236;353656832;19484673;25857546
1521390557208;10674;10751;236;353656832;19485360;25858632
1521390557308;10684;10761;236;353656832;19485818;25859670
1521390557408;10694;10768;238;353656832;19486276;25860708
1521390557508;10704;10777;238;353656832;19486734;25861747
1521390557608;10714;10788;238;353656832;19487192;25862785
1521390557708;10724;10799;238;353656832;19487879;25864337
1521390557808;10734;10808;238;353656832;19488337;25865372
1521390557908;10744;10818;238;353656832;19488795;25866411
1521390558008;10754;10828;238;353656832;19489253;25867452
1521390558108;10764;10839;238;353656832;19489711;25868487
1521390558208;10774;10848;238;353656832;19490169;25869527
1521390558308;10784;10857;238;353656832;19490627;25870564
1521390558408;10794;10866;238;353656832;19491085;25871602
1521390558508;10804;10878;238;353656832;19491772;25873150
1521390558608;10814;10887;238;353656832;19492353;25874188
1521390558708;10824;10899;238;353656832;19492927;25875336
1521390558808;10834;10908;238;353656832;19493385;25876370
1521390558908;10844;10917;239;353656832;19493843;25877408
1521390559008;10854;10926;239;353656832;19494301;25878445
1521390559108;10864;10934;241;353656832;19494759;25879481
1521390559208;10874;10944;241;353656832;19495217;25880519
1521390559308;10884;10956;241;353656832;19495675;25881551
1521390559408;10894;10966;241;353656832;19496133;25882586
1521390559508;10904;10974;242;353656832;19496820;25884143
1521390559609;10914;10984;242;353656832;19497278;25885176
1521390559709;10924;10995;242;353656832;19497736;25886212
1521390559809;10934;11004;243;353656832;19498194;25887252
1521390559909;10944;11012;245;353656832;19498881;25888807
1521390560009;10954;11021;245;353656832;19499339;25889844
1521390560109;10964;11031;245;353656832;19499797;25890882
1521390560209;10974;11042;245;353656832;19500255;25891916
1521390560309;10984;11052;245;353656832;19500713;25892952
1521390560409;10994;11061;246;353656832;19501171;25893987
1521390560509;11004;11070;246;353656832;19501858;25895539
1521390560609;11014;11079;246;353656832;19502316;25896572
1521390560709;11024;11089;246;353656832;19502774;25897604
1521390560809;11034;11098;246;353656832;19503232;25898639
1521390560909;11044;11108;246;353656832;19503690;25899672
1521390561009;11054;11117;246;353656832;19504377;25901226
1521390561109;11064;11126;246;353656832;19504835;25902262
1521390561209;11074;11135;246;353656832;19505293;25903299
1521390561309;11084;11145;246;353656832;19505751;25904335
1521390561409;11094;11154;246;353656832;19506209;25905371
1521390561509;11104;11163;247;353656832;19506667;25906406
1521390561609;11114;11173;247;353656832;19507229;25907908
1521390561709;11124;11182;247;353656832;19507812;25908996
1521390561809;11134;11190;248;353656832;19508270;25910032
1521390561909;11144;11202;248;353656832;19508728;25911069
1521390562009;11154;11214;248;353656832;19509186;25912105
1521390562109;11164;11227;248;353656832;19509644;25913141
1521390562209;11174;11237;248;353656832;19510102;25914177
1521390562309;11184;11247;248;353656832;19510560;25915209
1521390562409;11194;11256;248;353656832;19511068;25916243
1521390562509;11204;11266;248;353656832;19511572;25917276
1521390562609;11214;11275;248;353656832;19512259;25918822
1521390562709;11224;11287;248;353656832;19512488;25919340
1521390562810;11234;11296;248;353656832;19513175;25920897
1521390562911;11244;11306;248;353656832;19513633;25921928
1521390563012;11254;11315;248;353656832;19514137;25922965
1521390563113;11265;11325;248;353656832;19514824;25924519
1521390563213;11275;11334;248;353656832;19515282;25925556
1521390563313;11285;11346;249;353656832;19515979;25926705
1521390563413;11295;11355;249;353656832;19516437;25927744
1521390563513;11305;11365;249;353656832;19516895;25928782
1521390563613;11315;11374;249;353656832;19517353;25929815
1521390563713;11325;11384;249;353656832;19517811;25930851
1521390563813;11335;11393;249;353656832;19518269;25931882
1521390563913;11345;11403;250;353656832;19518727;25932918
1521390564013;11355;11413;250;353656832;19519185;25933956
1521390564113;11365;11423;250;353656832;19519872;25935511
1521390564213;11375;11432;251;353656832;19520330;25936548
1521390564313;11385;11441;251;353656832;19520788;25937587
1521390564413;11395;11451;251;353656832;19521246;25938623
1521390564513;11405;11460;251;353656832;19521704;25939660
1521390564613;11415;11470;251;353656832;19522266;25941160
1521390564713;11425;11479;251;353656832;19522849;25942251
1521390564813;11435;11489;251;353656832;19523307;25943286
1521390564913;11445;11498;251;353656832;19523765;25944321
1521390565013;11455;11509;251;353656832;19524223;25945357
1521390565113;11465;11518;251;353656832;19524681;25946397
1521390565213;11475;11528;252;353656832;19525139;25947436
1521390565313;11485;11538;252;353656832;19525597;25948474
1521390565413;11495;11547;252;353656832;19526055;25949512
1521390565513;11505;11557;252;353656832;19526513;25950548
1521390565613;11515;11568;252;353656832;19526971;25951584
1521390565713;11525;11578;252;353656832;19527429;25952619
1521390565813;11535;11590;252;353656832;19527887;25953658
1521390565913;11545;11599;252;353656832;19528345;25954694
1521390566013;11555;11613;252;353656832;19528803;25955731
1521390566113;11565;11624;252;353656832;19529261;25956767
1521390566213;11575;11634;252;353656832;19529719;25957804
1521390566313;11585;11644;252;353656832;19530794;25959363
1521390566413;11595;11655;252;353656832;19531252;25960401
1521390566513;11605;11665;252;353656832;19531710;25961439
1521390566613;11615;11674;252;353656832;19532168;25962477
1521390566713;11625;11684;252;353656832;19532626;25963509
1521390566813;11635;11695;252;353656832;19533084;25964547
1521390566913;11645;11706;252;353656832;19533542;25965584
1521390567013;11655;11716;252;353656832;19534229;25967140
1521390567113;11665;11724;253;353656832;19534687;25968179
1521390567213;11675;11735;253;353656832;19535145;25969216
1521390567313;11685;11745;253;353656832;19535603;25970252
1521390567413;11695;11756;253;353656832;19536061;25971287
1521390567513;11705;11766;253;353656832;19536519;25972324
1521390567613;11715;11775;254;353656832;19536977;25973361
1521390567713;11725;11786;254;353656832;19537435;25974858
1521390567813;11735;11796;254;353656832;19538122;25975946
1521390567913;11745;11806;254;353656832;19538580;25976982
1521390568013;11755;11815;255;353656832;19539161;25978019
1521390568113;11765;11825;255;353656832;19539735;25979167
1521390568213;11775;11834;255;353656832;19540193;25980204
1521390568313;11785;11845;256;353656832;19540651;25981240
1521390568413;11795;11856;256;353656832;19541109;25982278
1521390568513;11805;11867;256;353656832;19541567;25983316
1521390568613;11815;11876;257;353656832;19542025;25984351
1521390568713;11825;11886;257;353656832;19542483;25985388
1521390568813;11835;11898;257;353656832;19542941;25986421
1521390568913;11845;11907;257;353656832;19543628;25987978
1521390569013;11855;11917;257;353656832;19544086;25989014
1521390569113;11865;11927;257;353656832;19544315;25989533
1521390569213;11875;11937;257;353656832;19544773;25990569
1521390569313;11885;11948;257;353656832;19545231;25991605
1521390569414;11895;11960;257;353656832;19545689;25992643
1521390569515;11905;11969;257;353656832;19546147;25993682
1521390569616;11915;11979;257;353656832;19546605;25994720
1521390569717;11925;11989;257;353656832;19547063;25995756
1521390569817;11935;11997;258;353656832;19547521;25996791
1521390569917;11945;12007;258;353656832;19547979;25997826
1521390570018;11955;12017;258;353656832;19548437;25998862
1521390570119;11965;12026;258;353656832;19548895;25999897
1521390570220;11975;12037;258;353656832;19549353;26000932
1521390570321;11985;12050;259;353656832;19549811;26001969
1521390570422;11995;12061;260;353656832;19550373;26003472
1521390570522;12005;12072;260;353656832;19550956;26004562
1521390570623;12016;12082;260;353656832;19551414;26005596
1521390570724;12026;12093;260;353656832;19551872;26006635
1521390570825;12036;12105;260;353656832;19552330;26007671
1521390570925;12046;12115;260;353656832;19552788;26008707
1521390571025;12056;12124;260;353656832;19553475;26010261
1521390571125;12066;12134;260;353656832;19553933;26011295
1521390571225;12076;12144;260;353656832;19554391;26012331
1521390571325;12086;12154;260;353656832;19554849;26013366
1521390571425;12096;12164;260;353656832;19555307;26014402
1521390571525;12106;12174;260;353656832;19555994;26015957
1521390571625;12116;12183;261;353656832;19556452;26016995
1521390571726;12126;12193;261;353656832;19556910;26018028
1521390571827;12136;12203;261;353656832;19557368;26019065
1521390571928;12146;12213;261;353656832;19557826;26020100
1521390572028;12156;12223;262;353656832;19558284;26021140
1521390572128;12166;12235;262;353656832;19558742;26022468
1521390572228;12176;12245;262;353656832;19559429;26023734
1521390572328;12186;12256;262;353656832;19559887;26024772
1521390572428;12196;12266;262;353656832;19560345;26025811
1521390572528;12206;12276;262;353656832;19560803;26026849
1521390572628;12216;12286;262;353656832;19561261;26027884
1521390572728;12226;12297;262;353656832;19561719;26028923
1521390572828;12236;12307;262;353656832;19562520;26030539
1521390572928;12246;12316;262;353656832;19563103;26031628
1521390573028;12256;12327;262;353656832;19563561;26032669
1521390573128;12266;12337;262;353656832;19564019;26033705
1521390573229;12276;12349;262;353656832;19564477;26034739
1521390573330;12286;12360;262;353656832;19564935;26035777
1521390573431;12296;12370;262;353656832;19565393;26036813
1521390573532;12306;12381;262;353656832;19565851;26037849
1521390573633;12317;12387;266;353656832;19566538;26039405
