currentTs;total_time;user_time;sys_time;virtual_size;in_octets;out_octets
1527373442806;0;0;0;311296;27623904;41140375
1527373442906;10;8;1;300900352;27623904;41140375
1527373443006;20;17;2;306909184;27623904;41140375
1527373443106;30;26;3;306909184;27623904;41140375
1527373443206;40;36;4;311758848;27623904;41140375
1527373443306;50;47;6;312897536;27623904;41140375
1527373443406;60;58;6;313946112;27623904;41140375
1527373443506;70;73;6;313946112;27623904;41140375
1527373443606;80;82;7;313946112;27623904;41140375
1527373443706;90;92;7;313946112;27623904;41140375
1527373443806;100;102;7;313946112;27623904;41140375
1527373443906;110;117;7;314019840;27623904;41140375
1527373444006;120;127;8;314019840;27623956;41140887
1527373444106;130;139;8;314019840;27623956;41140887
1527373444206;140;150;9;314019840;27623956;41140887
1527373444306;150;164;9;343498752;27623956;41140887
1527373444406;160;176;9;343498752;27623956;41140887
1527373444506;170;186;9;343588864;27623956;41140887
1527373444606;180;198;9;345292800;27623956;41140887
1527373444706;190;208;9;345292800;27623956;41140887
1527373444806;200;222;9;345292800;27623956;41140887
1527373444906;210;234;9;345292800;27623956;41140887
1527373445006;220;239;9;345292800;27624124;41141100
1527373445107;230;252;9;345292800;27624753;41141319
1527373445207;240;262;9;347389952;27624753;41141371
1527373445308;250;273;9;347389952;27624753;41141371
1527373445409;260;283;9;347389952;27624753;41141371
1527373445509;270;295;9;347389952;27624753;41141371
1527373445609;280;305;9;347389952;27624753;41141371
1527373445709;290;316;9;347389952;27624753;41141371
1527373445809;301;326;9;348438528;27624753;41141371
1527373445909;311;340;9;348438528;27624753;41141371
1527373446009;321;352;9;348438528;27624753;41141371
1527373446109;331;361;10;348438528;27624753;41141371
1527373446209;341;372;10;348438528;27624753;41141371
1527373446309;351;384;10;348438528;27625191;41141561
1527373446409;361;394;10;348438528;27625191;41141561
1527373446509;371;405;11;349487104;27625191;41141561
1527373446609;381;415;11;349552640;27625191;41141561
1527373446709;391;424;12;349552640;27625191;41141561
1527373446809;401;437;12;349552640;27625191;41141561
1527373446909;411;450;12;350601216;27625191;41141561
1527373447009;421;460;13;351649792;27625191;41141561
1527373447109;431;471;13;352698368;27625191;41141561
1527373447209;441;483;13;353046528;27625191;41141561
1527373447309;451;492;15;353177600;27625191;41141561
1527373447409;461;502;15;353271808;27625191;41141561
1527373447509;471;514;15;353419264;27625191;41141561
1527373447609;481;530;16;353419264;27625191;41141561
1527373447709;491;540;16;353419264;27625191;41141561
1527373447809;501;551;16;353419264;27625237;41141613
1527373447909;511;562;16;354467840;27625237;41141613
1527373448009;521;574;17;354467840;27625237;41141613
1527373448109;531;587;17;354467840;27625353;41141725
1527373448209;541;597;17;354467840;27625353;41141725
1527373448309;551;608;17;354467840;27625353;41141725
1527373448409;561;619;17;354467840;27625469;41141837
1527373448509;571;629;17;354467840;27625819;41141965
1527373448609;581;639;17;354467840;27625819;41141965
1527373448709;591;652;17;354467840;27626460;41142244
1527373448809;601;663;18;354467840;27626460;41142244
1527373448909;611;683;18;354467840;27626972;41142536
1527373449009;621;704;18;355516416;27627930;41143803
1527373449109;631;716;18;355516416;27628310;41144916
1527373449209;641;728;18;355516416;27628586;41145336
1527373449311;651;742;18;355516416;27629078;41146444
1527373449411;661;754;18;355516416;27629406;41147183
1527373449511;671;766;18;355516416;27629734;41147922
1527373449611;681;779;18;355516416;27630062;41148663
1527373449711;691;792;18;355516416;27630566;41149836
1527373449811;701;805;18;355516416;27631098;41150731
1527373449911;711;817;18;355516416;27631426;41151472
1527373450012;721;833;18;355516416;27631918;41152583
1527373450112;731;844;19;355516416;27632246;41153325
1527373450212;741;860;19;355516416;27632738;41154433
1527373450312;751;874;20;355516416;27633066;41155173
1527373450412;761;887;20;355516416;27633558;41156285
1527373450512;771;900;20;355516416;27634050;41157343
1527373450612;781;910;21;355516416;27634430;41158454
1527373450712;791;923;21;355516416;27634870;41159247
1527373450812;801;935;21;355516416;27635408;41160410
1527373450912;811;950;21;355516416;27635992;41161625
1527373451012;821;962;22;355516416;27636372;41162683
1527373451112;831;974;22;355516416;27636812;41163473
1527373451212;841;988;22;355516416;27637304;41164584
1527373451312;851;1000;22;355516416;27637796;41165696
1527373451412;861;1012;22;355516416;27638288;41166808
1527373451512;871;1028;22;355516416;27638780;41167918
1527373451612;881;1040;22;355516416;27639160;41168977
1527373451712;891;1053;22;355516416;27639652;41170090
1527373451812;901;1066;23;355516416;27640092;41170883
1527373451912;911;1078;23;355516416;27640630;41172050
1527373452012;921;1089;23;355516416;27641214;41173268
1527373452112;931;1103;23;355516416;27641706;41174381
1527373452212;941;1115;23;355516416;27642198;41175495
1527373452313;951;1127;24;355516416;27642690;41176608
1527373452414;961;1141;24;355516416;27643182;41177718
1527373452515;971;1153;24;355516416;27643674;41178830
1527373452616;981;1165;24;355516416;27644166;41179941
1527373452717;991;1176;25;355516416;27644658;41181054
1527373452818;1001;1186;26;355516416;27645150;41182166
1527373452919;1011;1200;26;355516416;27645642;41183278
1527373453019;1021;1214;26;355516416;27646304;41184558
1527373453119;1032;1226;27;355516416;27646888;41185775
1527373453219;1042;1239;27;355516416;27647380;41186889
1527373453319;1052;1250;27;355516416;27647872;41188002
1527373453419;1062;1263;27;355516416;27648364;41189114
1527373453519;1072;1278;27;355516416;27648856;41190226
1527373453619;1082;1289;27;355516416;27649348;41191339
1527373453719;1092;1301;27;355516416;27649840;41192449
1527373453820;1102;1312;28;355516416;27650332;41193562
1527373453921;1112;1325;28;355516416;27650876;41194993
1527373454022;1122;1337;28;355516416;27651368;41196104
1527373454123;1132;1350;29;355516416;27651906;41197270
1527373454224;1142;1362;29;355516416;27652602;41198539
1527373454325;1152;1378;29;355516416;27653094;41199652
1527373454426;1162;1389;29;355516416;27653586;41200765
1527373454527;1172;1400;29;355516416;27654078;41201874
1527373454628;1182;1412;29;355516416;27654570;41202985
1527373454728;1192;1425;29;355516416;27655114;41204416
1527373454828;1202;1437;29;355516416;27655606;41205527
1527373454928;1212;1450;29;355516416;27656210;41206691
1527373455028;1222;1462;29;355516416;27656702;41207802
1527373455128;1232;1474;29;355516416;27657194;41208915
1527373455228;1242;1484;29;355516416;27657686;41210028
1527373455328;1252;1496;29;355516416;27658224;41211193
1527373455428;1262;1507;29;355516416;27658860;41212731
1527373455528;1272;1523;29;355516416;27659402;41213843
1527373455628;1282;1537;29;355516416;27660006;41215007
1527373455728;1292;1547;29;355516416;27660386;41216069
1527373455828;1302;1559;29;355516416;27660990;41217232
1527373455928;1312;1571;29;355516416;27661528;41218344
1527373456028;1322;1582;29;355516416;27662066;41219458
1527373456128;1332;1594;29;355516416;27662660;41220883
1527373456228;1342;1608;29;355516416;27663264;41222047
1527373456328;1352;1620;30;355516416;27663880;41223275
1527373456428;1362;1633;31;355516416;27664372;41224385
1527373456528;1372;1644;31;355516416;27664956;41225602
1527373456628;1382;1656;31;355516416;27665448;41226715
1527373456728;1392;1667;31;355516416;27665992;41228144
1527373456828;1402;1678;31;355516416;27666596;41229308
1527373456928;1412;1689;31;355516416;27667088;41230419
1527373457028;1422;1701;31;355516416;27667580;41231531
1527373457128;1432;1711;32;355516416;27668072;41232638
1527373457228;1442;1722;33;355516416;27668616;41234070
1527373457328;1452;1734;33;355516416;27669220;41235183
1527373457428;1462;1745;34;355516416;27669712;41236348
1527373457528;1472;1762;35;355516416;27670250;41237514
1527373457628;1482;1773;35;355516416;27670834;41238726
1527373457728;1492;1786;35;355516416;27671326;41239840
1527373457828;1502;1798;35;355516416;27671818;41240948
1527373457928;1512;1809;35;355516416;27672474;41242430
1527373458028;1522;1820;36;355516416;27672966;41243542
1527373458128;1532;1834;36;355516416;27673458;41244654
1527373458228;1542;1844;37;355516416;27673950;41245767
1527373458328;1552;1856;37;355516416;27674494;41247198
1527373458428;1562;1868;37;355516416;27675098;41248360
1527373458528;1572;1879;37;355516416;27675478;41249418
1527373458628;1582;1890;37;355516416;27676016;41250586
1527373458728;1592;1901;37;355516416;27676548;41251482
1527373458828;1602;1912;38;355516416;27677040;41252596
1527373458929;1612;1924;38;355516416;27677532;41253703
1527373459029;1622;1938;38;355516416;27678076;41255134
1527373459129;1632;1956;38;355516416;27678680;41256300
1527373459229;1643;1968;39;355516416;27679172;41257416
1527373459329;1653;1978;40;355516416;27679664;41258531
1527373459429;1663;1991;40;355516416;27680208;41259961
1527373459529;1673;2001;41;355516416;27680700;41261073
1527373459629;1683;2012;41;355516416;27681304;41262239
1527373459729;1693;2025;41;355516416;27681966;41263521
1527373459829;1703;2037;41;355516416;27682622;41265006
1527373459929;1713;2050;41;355516416;27683206;41266222
1527373460029;1723;2066;41;355516416;27683698;41267330
1527373460129;1733;2078;41;355516416;27684190;41268441
1527373460230;1743;2089;41;355516416;27684682;41269555
1527373460331;1753;2101;41;355516416;27685338;41271037
1527373460432;1763;2112;41;355516416;27685830;41272149
1527373460533;1773;2123;41;355516416;27686322;41273261
1527373460633;1783;2134;41;355516416;27686978;41274695
1527373460733;1793;2145;41;355516416;27687470;41275861
1527373460833;1803;2154;43;355516416;27688008;41277024
1527373460933;1813;2165;43;355516416;27688500;41278138
1527373461033;1823;2177;43;355516416;27689084;41279353
1527373461133;1833;2188;43;355516416;27689740;41280835
1527373461233;1843;2200;43;355516416;27690232;41281949
1527373461333;1853;2212;43;355516416;27690724;41283061
1527373461433;1863;2228;43;355516416;27691216;41284174
1527373461533;1873;2239;43;355516416;27691872;41285652
1527373461633;1883;2250;44;355516416;27692364;41286765
1527373461733;1893;2262;44;355516416;27692856;41287878
1527373461833;1903;2273;44;355516416;27693348;41288992
1527373461933;1913;2284;44;355516416;27694050;41290423
1527373462033;1923;2297;45;355516416;27694542;41291589
1527373462133;1933;2308;45;355516416;27695126;41292806
1527373462233;1943;2318;46;355516416;27695670;41294233
1527373462333;1953;2330;46;355516416;27696274;41295401
1527373462433;1963;2342;46;355516416;27696430;41296356
1527373462533;1973;2354;46;355516416;27697258;41297570
1527373462633;1983;2366;46;355516416;27697802;41299054
1527373462733;1993;2378;46;355516416;27698406;41300218
1527373462833;2003;2390;46;355516416;27698898;41301331
1527373462933;2013;2401;46;355516416;27699554;41302812
1527373463033;2023;2412;46;355516416;27700216;41304094
1527373463133;2033;2423;46;355516416;27700708;41305208
1527373463233;2043;2435;46;355516416;27701292;41306427
1527373463333;2053;2447;46;355516416;27701948;41307910
1527373463433;2063;2458;46;355516416;27702440;41309022
1527373463533;2073;2469;47;355516416;27702932;41310135
1527373463633;2083;2479;47;355516416;27703476;41311564
1527373463733;2093;2491;47;355516416;27704080;41312727
1527373463833;2103;2502;47;355516416;27704572;41313841
1527373463933;2113;2513;47;355516416;27705064;41314955
1527373464033;2123;2524;47;355516416;27705720;41316437
1527373464133;2133;2535;47;355516416;27706212;41317545
1527373464233;2143;2547;47;355516416;27706750;41318710
1527373464333;2153;2558;47;355516416;27707498;41320297
1527373464433;2163;2569;47;355516416;27707990;41321409
1527373464533;2173;2579;47;355516416;27708482;41322518
1527373464633;2183;2590;47;355516416;27709026;41323946
1527373464733;2193;2601;48;355516416;27709630;41325110
1527373464833;2203;2612;48;355516416;27710122;41326219
1527373464933;2213;2624;48;355516416;27710614;41327334
1527373465033;2223;2636;48;355516416;27711270;41328815
1527373465133;2233;2648;48;355516416;27711762;41329921
1527373465233;2243;2664;48;355516416;27712254;41331037
1527373465333;2253;2679;48;355516416;27712792;41332203
1527373465433;2263;2690;48;355516416;27713540;41333788
1527373465533;2273;2700;49;355516416;27714032;41334902
1527373465633;2283;2712;49;355516416;27714524;41336015
1527373465733;2293;2724;49;355516416;27715068;41337446
1527373465833;2303;2735;49;355516416;27715672;41338611
1527373465933;2313;2746;49;355516416;27716164;41339725
1527373466033;2323;2757;49;355516416;27716708;41341155
1527373466133;2333;2768;49;355516416;27717312;41342317
1527373466233;2343;2779;49;355516416;27717804;41343432
1527373466333;2353;2790;49;355516416;27718584;41345032
1527373466433;2363;2801;49;355516416;27719076;41346144
1527373466533;2373;2812;49;355516416;27719660;41347362
1527373466633;2383;2823;49;355516416;27720152;41348472
1527373466733;2393;2836;49;355516416;27720808;41349952
1527373466833;2403;2849;49;355516416;27721300;41351064
1527373466933;2413;2860;50;355516416;27721792;41352178
1527373467034;2423;2870;51;355516416;27722336;41353607
1527373467135;2433;2881;52;355516416;27722940;41354771
1527373467236;2443;2893;52;355516416;27723432;41355884
1527373467337;2453;2904;52;355516416;27723976;41357314
1527373467438;2463;2915;52;355516416;27724626;41358533
1527373467539;2473;2926;52;355516416;27725118;41359642
1527373467639;2483;2937;52;355516416;27725754;41361178
1527373467739;2493;2949;52;355516416;27726358;41362346
1527373467839;2503;2962;53;355516416;27726850;41363456
1527373467939;2514;2973;53;355516416;27727394;41364887
1527373468039;2524;2984;53;355516416;27727998;41366052
1527373468139;2534;2992;55;355516416;27728490;41367164
1527373468239;2544;3005;56;355516416;27728982;41368276
1527373468339;2554;3017;56;355516416;27729526;41369707
1527373468439;2564;3027;56;355516416;27730130;41370868
1527373468539;2574;3039;56;355516416;27730622;41371979
1527373468639;2584;3049;57;355516416;27731160;41373142
1527373468739;2594;3060;57;355516416;27731816;41374629
1527373468839;2604;3072;57;355516416;27732236;41375473
1527373468939;2614;3083;57;355516416;27732892;41376956
1527373469039;2624;3093;58;355516416;27733436;41378385
1527373469139;2634;3102;60;355516416;27734040;41379549
1527373469239;2644;3113;60;355516416;27734532;41380660
1527373469339;2654;3124;60;355516416;27735412;41381771
1527373469439;2664;3135;60;355516416;27735904;41382885
1527373469539;2674;3145;61;355516416;27736560;41384366
1527373469639;2684;3155;61;355516416;27737052;41385478
1527373469739;2694;3166;61;355516416;27737668;41386707
1527373469840;2704;3175;64;355516416;27738304;41388241
1527373469941;2714;3185;65;355516416;27738908;41389406
1527373470042;2724;3195;65;355516416;27739400;41390514
1527373470143;2734;3206;65;355516416;27739892;41391627
1527373470244;2744;3216;66;355516416;27740384;41392738
1527373470345;2754;3227;67;355516416;27741040;41394170
1527373470446;2764;3238;67;355516416;27741532;41395335
1527373470547;2774;3247;69;355516416;27742074;41396448
1527373470647;2784;3256;71;355516416;27742618;41397872
1527373470747;2794;3265;72;355516416;27743222;41399036
1527373470848;2804;3276;72;355516416;27743760;41400197
1527373470949;2814;3287;72;355516416;27744344;41401415
1527373471049;2824;3298;72;355516416;27745046;41402898
1527373471149;2834;3308;72;355516416;27745538;41404010
1527373471249;2844;3318;73;355516416;27746030;41405124
1527373471349;2855;3329;73;355516416;27746522;41406237
1527373471449;2865;3339;74;355516416;27747060;41407352
1527373471549;2875;3349;76;355516416;27747716;41408834
1527373471649;2885;3360;76;355516416;27748208;41409947
1527373471749;2895;3371;76;355516416;27748700;41411055
1527373471849;2905;3382;76;355516416;27749244;41412486
1527373471949;2915;3392;77;355516416;27749894;41413700
1527373472049;2925;3403;77;355516416;27750386;41414812
1527373472149;2935;3415;77;355516416;27750970;41416023
1527373472249;2945;3427;77;355516416;27751462;41417132
1527373472349;2955;3438;77;355516416;27752118;41418612
1527373472449;2965;3449;77;355516416;27752610;41419723
1527373472549;2975;3461;77;355516416;27753102;41420829
1527373472650;2985;3475;77;355516416;27753594;41421941
1527373472751;2995;3486;77;355516416;27754250;41423370
1527373472852;3005;3500;77;355516416;27754742;41424536
1527373472952;3015;3510;77;355516416;27755234;41425649
1527373473052;3025;3523;77;355516416;27755850;41426879
1527373473152;3035;3533;78;355516416;27756506;41428363
1527373473252;3045;3545;78;355516416;27756978;41429524
1527373473352;3055;3555;78;355516416;27757582;41430689
1527373473452;3065;3567;78;355516416;27758074;41431802
1527373473552;3075;3578;78;355516416;27758618;41433231
1527373473652;3085;3587;80;355516416;27759222;41434393
1527373473752;3095;3599;80;355516416;27759714;41435509
1527373473852;3105;3609;82;355516416;27760206;41436618
1527373473952;3115;3620;82;355516416;27760750;41438048
1527373474052;3125;3631;82;355516416;27761354;41439209
1527373474152;3135;3642;82;355516416;27761892;41440374
1527373474252;3145;3653;83;355516416;27762476;41441591
1527373474352;3155;3663;83;355516416;27762968;41442702
1527373474452;3165;3675;83;355516416;27763624;41444184
1527373474552;3175;3686;83;355516416;27764116;41445298
1527373474652;3185;3696;83;355516416;27764608;41446410
1527373474752;3195;3707;83;355516416;27765152;41447840
1527373474852;3205;3717;84;355516416;27765756;41449004
1527373474952;3215;3728;84;355516416;27766248;41450112
1527373475052;3225;3740;84;355516416;27766740;41451225
1527373475152;3235;3750;85;355516416;27767396;41452656
1527373475252;3245;3760;85;355516416;27767888;41453820
1527373475352;3255;3771;85;355516416;27768426;41454980
1527373475452;3265;3782;85;355516416;27769010;41456197
1527373475552;3275;3793;85;355516416;27769502;41457309
1527373475652;3285;3804;85;355516416;27770158;41458794
1527373475752;3295;3814;85;355516416;27770650;41459904
1527373475852;3305;3824;86;355516416;27771030;41460965
1527373475952;3315;3835;86;355516416;27771634;41462126
1527373476052;3325;3846;87;355516416;27772178;41463555
1527373476152;3335;3856;87;355516416;27772782;41464719
1527373476252;3345;3868;87;355516416;27773274;41465834
1527373476352;3355;3878;87;355516416;27773812;41466999
1527373476452;3365;3889;87;355516416;27774684;41468646
1527373476552;3375;3900;87;355516416;27775176;41469809
1527373476652;3385;3909;88;355516416;27775668;41470917
1527373476752;3395;3921;88;355516416;27776160;41472028
1527373476852;3405;3932;88;355516416;27776704;41473460
1527373476952;3415;3942;89;355516416;27777308;41474623
1527373477052;3425;3952;89;355516416;27777800;41475736
1527373477152;3435;3963;89;355516416;27778292;41476848
1527373477252;3445;3973;90;355516416;27778836;41478279
1527373477352;3455;3983;90;355516416;27779440;41479444
1527373477452;3465;3994;90;355516416;27779932;41480554
1527373477552;3475;4004;91;355516416;27780470;41481715
1527373477652;3485;4015;91;355516416;27781054;41482932
1527373477752;3495;4026;91;355516416;27781710;41484417
1527373477852;3505;4037;91;355516416;27782202;41485532
1527373477952;3515;4050;91;355516416;27782694;41486640
1527373478052;3525;4059;93;355516416;27783238;41488067
1527373478152;3535;4070;93;355516416;27783842;41489229
1527373478252;3545;4080;93;355516416;27784170;41489968
1527373478352;3555;4092;93;355516416;27784662;41491082
1527373478452;3565;4103;93;355516416;27785206;41492511
1527373478552;3575;4114;94;355516416;27785744;41493676
1527373478653;3585;4123;96;355516416;27786440;41494944
1527373478754;3595;4134;96;355516416;27786932;41496056
1527373478855;3605;4146;96;355516416;27787424;41497169
1527373478956;3615;4158;96;355516416;27787916;41498279
1527373479057;3625;4169;97;355516416;27788572;41499760
1527373479158;3635;4179;97;355516416;27789064;41500874
1527373479259;3645;4190;97;355516416;27789556;41501989
1527373479359;3655;4201;97;355516416;27790048;41503102
1527373479459;3665;4212;97;355516416;27790704;41504589
1527373479559;3675;4223;97;355516416;27791196;41505698
1527373479659;3686;4234;97;355516416;27791734;41506869
1527373479759;3696;4246;97;355516416;27792442;41508201
1527373479859;3706;4257;97;355516416;27792934;41509309
1527373479959;3716;4268;97;355516416;27793590;41510794
1527373480059;3726;4278;98;355516416;27794082;41511902
1527373480159;3736;4289;98;355516416;27794574;41513013
1527373480259;3746;4300;98;355516416;27795118;41514442
1527373480359;3756;4313;98;355516416;27795610;41515550
1527373480459;3766;4323;99;355516416;27796214;41516708
1527373480559;3776;4334;99;355516416;27796706;41517821
1527373480659;3786;4345;99;355516416;27797198;41518932
1527373480759;3796;4356;99;355516416;27797742;41520361
1527373480859;3806;4366;100;355516416;27798484;41521681
1527373480959;3816;4378;100;355516416;27798976;41522795
1527373481059;3826;4389;100;355516416;27799468;41523906
1527373481159;3836;4399;100;355516416;27799960;41525017
1527373481259;3846;4410;100;355516416;27800616;41526442
1527373481359;3856;4420;100;355516416;27801108;41527606
1527373481459;3866;4431;100;355516416;27801600;41528716
1527373481559;3876;4441;101;355516416;27802092;41529835
1527373481659;3886;4451;101;355516416;27802584;41530951
1527373481760;3896;4462;101;355516416;27803240;41532429
1527373481861;3906;4473;101;355516416;27803732;41533541
1527373481961;3916;4484;101;355516416;27804362;41534812
1527373482062;3926;4495;101;355516416;27804854;41535925
1527373482162;3936;4507;102;355516416;27805346;41537040
1527373482262;3946;4518;102;355516416;27805838;41538159
1527373482362;3956;4529;102;355516416;27806330;41539271
1527373482462;3966;4539;103;355516416;27806822;41540382
1527373482562;3976;4550;103;355516416;27807366;41541814
1527373482662;3986;4561;103;355516416;27807858;41542928
1527373482762;3996;4572;103;355516416;27808462;41544090
1527373482862;4006;4582;103;355516416;27808954;41545202
1527373482962;4016;4594;103;355516416;27809446;41546315
1527373483062;4026;4604;104;355516416;27810206;41547967
1527373483162;4036;4615;104;355516416;27810810;41549078
1527373483262;4046;4626;105;355516416;27811302;41550246
1527373483362;4056;4635;106;355516416;27811794;41551361
1527373483462;4066;4646;106;355516416;27812286;41552476
1527373483562;4076;4657;106;355516416;27812830;41553911
1527373483662;4086;4666;107;355516416;27813434;41555074
1527373483762;4096;4677;107;355516416;27813926;41556186
1527373483862;4106;4687;107;355516416;27814418;41557299
1527373483962;4116;4701;108;355516416;27814910;41558413
1527373484062;4126;4712;109;355516416;27815402;41559523
1527373484163;4136;4723;110;355516416;27816032;41560795
1527373484264;4146;4734;111;355516416;27816524;41561909
1527373484365;4156;4746;111;355516416;27817016;41563023
1527373484466;4166;4757;112;355516416;27817508;41564133
1527373484567;4176;4767;113;355516416;27818000;41565245
1527373484668;4186;4778;114;355516416;27818492;41566357
1527373484768;4196;4789;114;355516416;27818984;41567468
1527373484869;4206;4799;115;355516416;27819640;41568897
1527373484969;4216;4809;116;355516416;27820132;41570059
1527373485069;4226;4821;116;355516416;27820624;41571172
1527373485169;4236;4833;116;355516416;27820952;41571915
1527373485269;4247;4845;116;355516416;27821746;41573557
1527373485369;4257;4856;116;355516416;27822238;41574670
1527373485469;4267;4869;116;355516416;27822780;41575788
1527373485569;4277;4880;117;355516416;27823272;41576928
1527373485669;4287;4891;117;355516416;27823764;41578063
1527373485769;4297;4903;117;355516416;27824176;41579181
1527373485869;4307;4915;117;355516416;27824780;41580363
1527373485969;4317;4929;117;355516416;27825160;41581440
1527373486069;4327;4941;117;355516416;27825764;41582617
1527373486169;4337;4951;118;355516416;27826302;41583752
1527373486269;4347;4962;119;355516416;27826794;41584881
1527373486369;4357;4974;119;355516416;27827548;41586284
1527373486469;4367;4985;119;355516416;27828040;41587413
1527373486569;4377;4996;119;355516416;27828532;41588543
1527373486669;4387;5007;119;355516416;27829024;41589672
1527373486769;4397;5019;119;355516416;27829516;41590804
1527373486869;4407;5030;120;355516416;27830008;41591934
1527373486969;4417;5040;121;355516416;27830500;41593065
1527373487069;4427;5051;121;355516416;27830992;41594193
1527373487170;4437;5063;121;355516416;27831484;41595324
1527373487271;4447;5076;121;355516416;27831976;41596447
1527373487372;4457;5086;122;355516416;27832468;41597564
1527373487473;4467;5097;123;355516416;27833098;41598833
1527373487573;4477;5109;123;355516416;27833590;41599945
1527373487673;4487;5121;124;355516416;27834134;41601381
1527373487773;4497;5131;125;355516416;27834574;41602177
1527373487873;4507;5144;125;355516416;27835066;41603290
1527373487973;4517;5155;125;355516416;27835722;41604778
1527373488073;4527;5165;126;355516416;27836214;41605894
1527373488173;4537;5177;126;355516416;27836706;41607013
1527373488273;4547;5189;126;355516416;27837198;41608128
1527373488373;4557;5201;126;355516416;27837690;41609244
1527373488473;4567;5212;126;355516416;27838182;41610361
1527373488573;4577;5223;126;355516416;27838674;41611479
1527373488673;4587;5236;126;355516416;27839304;41612752
1527373488773;4597;5249;126;355516416;27839796;41613871
1527373488873;4607;5259;127;355516416;27840288;41614989
1527373488973;4617;5270;127;355516416;27840780;41616107
1527373489073;4627;5282;127;355516416;27841272;41617225
1527373489173;4637;5292;128;355516416;27841764;41618342
1527373489273;4647;5303;129;355516416;27842256;41619461
1527373489373;4657;5315;129;355516416;27842800;41620899
1527373489473;4667;5326;129;355516416;27843404;41622069
1527373489573;4677;5338;129;355516416;27843896;41623185
1527373489673;4687;5348;130;355516416;27844388;41624302
1527373489773;4697;5359;130;355516416;27845096;41625640
1527373489873;4707;5371;130;355516416;27845588;41626756
1527373489973;4717;5380;132;355516416;27846080;41627873
1527373490073;4727;5391;132;355516416;27846572;41628991
1527373490173;4737;5402;132;355516416;27847064;41630112
1527373490273;4747;5413;132;355516416;27847556;41631229
1527373490373;4757;5424;132;355516416;27848048;41632347
1527373490473;4767;5433;134;355516416;27848540;41633463
1527373490573;4777;5443;135;355516416;27849032;41634579
1527373490673;4787;5454;135;355516416;27849524;41635696
1527373490773;4797;5466;135;355516416;27850068;41637133
1527373490873;4807;5478;135;355516416;27850698;41638406
1527373490973;4817;5489;135;355516416;27851302;41639575
1527373491073;4827;5501;135;355516416;27851794;41640693
1527373491173;4837;5513;135;355516416;27852286;41641813
1527373491273;4847;5523;137;355516416;27852778;41642930
1527373491373;4857;5534;137;355516416;27853270;41644048
1527373491473;4867;5545;137;355516416;27853762;41645165
1527373491573;4877;5556;137;355516416;27854254;41646282
1527373491673;4887;5567;137;355516416;27854746;41647400
1527373491773;4897;5579;137;355516416;27855238;41648518
1527373491873;4907;5590;137;355516416;27855730;41649632
1527373491973;4917;5601;137;355516416;27856360;41650906
1527373492073;4927;5611;138;355516416;27856904;41652344
1527373492173;4937;5623;138;355516416;27857508;41653514
1527373492273;4947;5635;138;355516416;27858000;41654630
1527373492373;4957;5645;139;355516416;27858492;41655749
1527373492473;4967;5656;140;355516416;27858984;41656866
1527373492573;4977;5668;140;355516416;27859476;41657983
1527373492673;4987;5680;140;355516416;27859968;41659098
1527373492773;4997;5691;140;355516416;27860460;41660214
1527373492873;5007;5701;141;355516416;27861084;41661328
1527373492973;5017;5711;141;355516416;27861576;41662445
1527373493073;5027;5723;142;355516416;27862330;41663834
1527373493173;5037;5735;142;355516416;27862986;41665320
1527373493273;5047;5746;143;355516416;27863478;41666436
1527373493373;5057;5757;143;355516416;27863970;41667553
1527373493473;5067;5768;143;355516416;27864462;41668670
1527373493573;5077;5778;144;355516416;27864954;41669787
1527373493673;5087;5786;147;355516416;27865446;41670905
1527373493774;5097;5798;147;355516416;27865938;41672020
1527373493874;5107;5808;147;355516416;27866430;41673136
1527373493974;5117;5820;147;355516416;27866922;41674255
1527373494074;5127;5830;147;355516416;27867506;41675475
1527373494174;5137;5841;147;355516416;27868044;41676644
1527373494274;5147;5852;147;355516416;27868588;41678081
1527373494374;5157;5863;147;355516416;27869192;41679249
1527373494474;5167;5875;147;355516416;27869684;41680366
1527373494574;5177;5886;147;355516416;27870176;41681483
1527373494675;5187;5898;147;355516416;27870668;41682599
1527373494776;5197;5909;147;355516416;27871324;41684033
1527373494877;5207;5921;147;355516416;27871816;41685200
1527373494978;5217;5932;147;355516416;27872308;41686315
1527373495078;5227;5943;147;355516416;27872800;41687432
1527373495178;5237;5955;147;355516416;27873436;41688973
1527373495278;5247;5967;147;355516416;27873974;41690142
1527373495378;5257;5982;147;355516416;27874578;41691312
1527373495478;5267;5992;148;355516416;27875070;41692430
1527373495579;5277;6003;148;355516416;27875562;41693548
1527373495679;5287;6014;148;355516416;27876054;41694665
1527373495779;5297;6024;149;355516416;27876598;41696100
1527373495879;5307;6036;149;355516416;27877202;41697270
1527373495979;5318;6048;149;355516416;27877694;41698388
1527373496079;5328;6059;149;355516416;27878186;41699504
1527373496179;5338;6071;149;355516416;27878678;41700620
1527373496279;5348;6083;149;355516416;27879222;41702056
1527373496379;5358;6094;149;355516416;27879918;41703392
1527373496479;5368;6108;149;355516416;27880534;41704561
1527373496579;5378;6119;149;355516416;27881026;41705680
1527373496679;5388;6130;149;355516416;27881518;41706792
1527373496779;5398;6142;149;355516416;27882010;41707908
1527373496879;5408;6154;150;355516416;27882554;41709344
1527373496979;5418;6165;150;355516416;27883158;41710515
1527373497079;5428;6177;150;355516416;27883650;41711634
1527373497179;5438;6187;150;355516416;27884142;41712751
1527373497279;5448;6198;150;355516416;27884634;41713867
1527373497379;5458;6210;150;355516416;27885178;41715309
1527373497479;5468;6221;150;355516416;27885874;41716582
1527373497579;5478;6233;150;355516416;27886300;41717700
1527373497679;5488;6244;150;355516416;27886904;41718870
1527373497779;5498;6255;150;355516416;27887396;41719984
1527373497879;5508;6266;150;355516416;27887940;41721417
1527373497979;5518;6277;150;355516416;27888544;41722588
1527373498079;5528;6288;150;355516416;27889036;41723707
1527373498179;5538;6299;150;355516416;27889528;41724823
1527373498279;5548;6311;150;355516416;27890020;41725939
1527373498379;5558;6322;150;355516416;27890564;41727375
1527373498479;5568;6334;150;355516416;27891260;41728649
1527373498579;5578;6347;150;355516416;27891798;41729816
1527373498679;5588;6359;150;355516416;27892290;41730929
1527373498779;5598;6369;150;355516416;27892782;41732043
1527373498879;5608;6380;151;355516416;27893326;41733477
1527373498979;5618;6390;152;355516416;27893930;41734644
1527373499079;5628;6400;152;355516416;27894422;41735763
1527373499179;5638;6412;152;355516416;27894914;41736880
1527373499279;5648;6423;152;355516416;27895406;41737997
1527373499379;5658;6434;152;355516416;27895950;41739437
1527373499479;5668;6446;152;355516416;27896942;41740606
1527373499579;5678;6458;152;355516416;27897434;41741723
1527373499679;5688;6468;152;355516416;27898018;41742945
1527373499779;5698;6478;153;355516416;27898680;41744229
1527373499879;5708;6489;153;355516416;27899336;41745668
1527373499979;5718;6500;154;355516416;27899828;41746836
1527373500079;5728;6511;154;355516416;27900320;41747953
1527373500179;5738;6522;154;355516416;27900812;41749070
1527373500279;5748;6533;154;355516416;27901304;41750187
1527373500379;5758;6545;154;355516416;27901960;41751675
1527373500479;5768;6556;154;355516416;27902502;41752792
1527373500579;5778;6567;154;355516416;27903040;41753907
1527373500679;5788;6577;154;355516416;27903532;41755021
1527373500779;5798;6589;154;355516416;27904116;41756242
1527373500879;5808;6601;154;355516416;27904818;41757783
1527373500979;5818;6613;154;355516416;27905356;41758900
1527373501079;5828;6623;155;355516416;27905848;41760017
1527373501179;5838;6634;155;355516416;27906340;41761134
1527373501279;5848;6645;156;355516416;27906832;41762253
1527373501379;5858;6656;156;355516416;27907488;41763740
1527373501479;5868;6666;157;355516416;27907980;41764854
1527373501579;5878;6678;157;355516416;27908472;41765966
1527373501679;5888;6690;158;355516416;27908964;41767085
1527373501779;5898;6703;158;355516416;27909456;41768203
1527373501879;5908;6714;158;355516416;27910092;41769743
1527373501979;5918;6725;158;355516416;27910742;41770963
1527373502079;5928;6736;158;355516416;27911234;41772081
1527373502179;5938;6748;158;355516416;27911726;41773194
1527373502279;5948;6759;158;355516416;27912218;41774310
1527373502379;5957;6770;158;355516416;27912762;41775748
1527373502479;5967;6781;158;355516416;27913366;41776917
1527373502579;5977;6793;158;355516416;27913858;41777985
1527373502679;5987;6803;158;355516416;27914350;41779175
1527373502779;5998;6815;158;355516416;27914842;41780315
1527373502879;6008;6826;158;355516416;27915498;41781830
1527373502979;6018;6839;158;355516416;27915990;41782963
1527373503079;6028;6848;159;355516416;27916744;41784374
1527373503179;6038;6859;159;355516416;27917236;41785505
1527373503279;6048;6869;160;355516416;27917728;41786636
1527373503379;6058;6880;160;355516416;27918384;41788145
1527373503479;6068;6890;161;355516416;27918876;41789278
1527373503579;6078;6903;161;355516416;27919368;41790411
1527373503679;6088;6914;161;355516416;27919860;41791547
1527373503779;6098;6926;161;355516416;27920404;41793004
1527373503879;6108;6937;161;355516416;27921008;41794191
1527373503979;6118;6948;161;355516416;27921500;41795322
1527373504079;6128;6961;161;355516416;27921992;41796454
1527373504179;6138;6973;161;355516416;27922622;41798068
1527373504279;6148;6985;161;355516416;27923166;41799194
1527373504379;6158;6996;161;355516416;27923770;41800377
1527373504479;6168;7007;161;355516416;27924262;41801507
1527373504579;6178;7018;161;355516416;27924754;41802642
1527373504679;6188;7030;161;355516416;27925410;41804101
1527373504779;6198;7041;161;355516416;27925902;41805284
1527373504879;6208;7053;161;355516416;27926394;41806420
1527373504979;6218;7063;162;355516416;27926886;41807552
1527373505079;6228;7075;162;355516416;27927378;41808685
1527373505179;6238;7087;162;355516416;27928034;41810192
1527373505279;6248;7098;162;355516416;27928526;41811322
1527373505379;6258;7109;162;355516416;27929156;41812608
1527373505479;6268;7121;162;355516416;27929648;41813744
1527373505579;6278;7132;162;355516416;27930192;41815209
1527373505679;6288;7145;162;355516416;27930796;41816397
1527373505779;6298;7156;162;355516416;27931288;41817529
1527373505879;6308;7167;162;355516416;27931780;41818663
1527373505979;6318;7178;162;355516416;27932436;41820119
1527373506079;6328;7188;163;355516416;27932928;41821288
1527373506179;6338;7199;163;355516416;27933420;41822397
1527373506279;6348;7209;164;355516416;27933912;41823508
1527373506379;6358;7220;165;355516416;27934404;41824618
1527373506479;6368;7231;165;355516416;27935276;41826325
1527373506579;6378;7242;165;355516416;27935768;41827440
1527373506679;6388;7253;165;355516416;27936260;41828553
1527373506779;6398;7264;165;355516416;27936752;41829666
1527373506879;6408;7275;165;355516416;27937296;41831100
1527373506979;6418;7287;165;355516416;27937900;41832264
1527373507079;6428;7298;165;355516416;27938392;41833376
1527373507179;6438;7309;166;355516416;27938884;41834491
1527373507279;6448;7321;166;355516416;27939428;41835928
1527373507379;6458;7331;166;355516416;27940032;41837096
1527373507479;6468;7342;166;355516416;27940570;41838263
1527373507579;6478;7355;167;355516416;27941154;41839479
1527373507679;6488;7366;167;355516416;27941698;41840917
1527373507779;6498;7378;167;355516416;27942302;41842084
1527373507879;6508;7390;167;355516416;27942794;41843196
1527373507979;6518;7401;167;355516416;27943286;41844310
1527373508079;6528;7411;167;355516416;27943778;41845427
1527373508179;6538;7421;168;355516416;27943986;41846708
1527373508279;6548;7434;168;355516416;27944926;41847979
1527373508379;6558;7445;168;355516416;27945418;41849144
1527373508479;6568;7456;168;355516416;27945910;41850257
1527373508579;6578;7466;168;355516416;27946566;41851691
1527373508679;6588;7477;168;355516416;27947104;41852908
1527373508779;6598;7490;168;355516416;27947688;41854129
1527373508879;6608;7501;168;355516416;27948180;41855244
1527373508979;6618;7512;168;355516416;27948672;41856358
1527373509079;6628;7523;169;355516416;27949328;41857842
1527373509179;6638;7535;169;355516416;27949820;41858955
1527373509279;6648;7546;169;355516416;27950312;41860067
1527373509379;6658;7557;169;355516416;27950804;41861182
1527373509479;6668;7569;169;355516416;27951460;41862619
1527373509579;6678;7583;169;355516416;27951788;41863417
1527373509679;6688;7594;169;355516416;27952332;41864853
1527373509780;6698;7605;169;355516416;27953060;41866135
1527373509880;6708;7617;169;355516416;27953644;41867356
1527373509980;6718;7630;169;355516416;27954136;41868471
1527373510080;6728;7642;169;355516416;27954628;41869583
1527373510180;6738;7654;169;355516416;27955120;41870699
1527373510281;6748;7667;170;355516416;27955612;41871818
1527373510382;6758;7679;170;355516416;27956104;41872933
1527373510483;6768;7691;170;355516416;27956760;41874421
1527373510584;6778;7703;170;355516416;27957252;41875537
1527373510685;6788;7714;170;355516416;27957744;41876655
1527373510786;6798;7728;170;355516416;27958236;41877766
1527373510887;6808;7740;170;355516416;27958774;41878933
1527373510988;6818;7751;171;355516416;27959522;41880527
1527373511089;6828;7764;171;355516416;27960014;41881642
1527373511189;6838;7778;171;355516416;27960506;41882757
1527373511289;6848;7790;171;355516416;27960998;41883872
1527373511389;6859;7801;171;355516416;27961490;41884987
1527373511489;6869;7813;171;355516416;27962034;41886421
1527373511589;6879;7826;171;355516416;27962474;41887216
1527373511689;6889;7838;171;355516416;27962966;41888331
1527373511789;6899;7851;171;355516416;27963458;41889446
1527373511889;6909;7867;171;355516416;27963950;41890562
1527373511989;6919;7879;171;355516416;27964494;41892001
1527373512089;6929;7891;171;355516416;27965144;41893221
1527373512189;6939;7905;172;355516416;27965728;41894439
1527373512289;6949;7917;172;355516416;27966220;41895555
1527373512389;6959;7928;172;355516416;27966712;41896671
1527373512489;6969;7940;172;355516416;27967256;41898105
1527373512589;6979;7951;172;355516416;27967860;41899274
1527373512689;6989;7963;172;355516416;27968352;41900391
1527373512789;6999;7976;172;355516416;27968844;41901508
1527373512889;7009;7990;172;355516416;27969336;41902621
1527373512989;7019;8002;172;355516416;27969828;41903736
1527373513089;7029;8013;173;355516416;27970444;41904966
1527373513189;7039;8025;173;355516416;27970936;41906082
1527373513289;7049;8037;173;355516416;27971520;41907305
1527373513389;7059;8049;173;355516416;27972176;41908795
1527373513489;7069;8061;173;355516416;27972668;41909910
1527373513589;7079;8072;173;355516416;27973160;41911026
1527373513689;7089;8084;173;355516416;27973652;41912141
1527373513789;7099;8098;173;355516416;27974144;41913255
1527373513889;7109;8110;173;355516416;27974636;41914372
1527373513990;7119;8124;173;355516416;27975180;41915807
1527373514091;7129;8136;173;355516416;27975784;41916977
1527373514192;7139;8147;173;355516416;27976276;41918095
1527373514292;7149;8159;173;355516416;27976814;41919265
1527373514393;7159;8171;173;355516416;27977398;41920485
1527373514494;7169;8184;173;355516416;27977942;41921923
1527373514595;7179;8197;173;355516416;27978546;41923093
1527373514696;7189;8209;173;355516416;27979038;41924210
1527373514796;7199;8220;173;355516416;27979530;41925325
1527373514897;7209;8232;173;355516416;27980022;41926439
1527373514998;7219;8242;174;355516416;27980514;41927552
1527373515099;7229;8255;174;355516416;27981006;41928667
1527373515199;7239;8268;174;355516416;27981498;41929784
1527373515299;7249;8279;175;355516416;27981990;41930902
1527373515399;7260;8291;176;355516416;27982692;41932445
1527373515499;7270;8304;176;355516416;27983372;41933665
1527373515599;7280;8319;176;355516416;27983864;41934781
1527373515699;7290;8330;176;355516416;27984356;41935896
1527373515799;7300;8343;176;355516416;27984848;41937011
1527373515899;7310;8355;176;355516416;27985340;41938127
1527373515999;7320;8367;176;355516416;27985878;41939244
1527373516099;7330;8375;180;355516416;27986422;41940679
1527373516199;7340;8388;180;355516416;27987026;41941846
1527373516299;7350;8399;180;355516416;27987518;41942957
1527373516399;7360;8411;180;355516416;27988056;41944125
1527373516499;7370;8424;180;355516416;27988764;41945461
1527373516599;7380;8437;180;355516416;27989256;41946580
1527373516699;7390;8450;180;355516416;27989748;41947697
1527373516799;7400;8461;180;355516416;27990292;41949129
1527373516899;7410;8477;180;355516416;27990784;41950246
1527373516999;7420;8494;181;356564992;27991388;41951364
1527373517100;7430;8507;181;356564992;27991880;41952534
1527373517201;7440;8521;181;356564992;27992372;41953651
1527373517302;7450;8535;181;356564992;27992864;41954767
1527373517403;7460;8548;181;356564992;27993356;41955881
1527373517503;7470;8559;182;356564992;27993900;41957319
1527373517603;7480;8570;182;356564992;27994642;41958643
1527373517703;7490;8582;183;356564992;27995134;41959756
1527373517803;7500;8594;183;356564992;27995626;41960867
1527373517903;7510;8608;183;356564992;27996118;41961985
1527373518003;7520;8619;183;356564992;27996610;41963101
1527373518103;7530;8633;183;356564992;27997258;41964536
1527373518203;7540;8647;183;356564992;27997750;41965652
1527373518303;7550;8657;183;356564992;27998354;41966819
1527373518403;7560;8668;183;356564992;27998846;41967936
1527373518503;7570;8679;184;356564992;27999338;41969052
1527373518603;7580;8690;184;356564992;27999882;41970489
1527373518703;7590;8702;185;356564992;28000624;41971811
1527373518803;7600;8713;186;356564992;28001116;41972929
1527373518903;7610;8725;186;356564992;28001608;41974045
1527373519003;7620;8736;186;356564992;28002100;41975162
1527373519103;7630;8748;186;356564992;28002644;41976597
1527373519203;7640;8761;186;356564992;28003248;41977758
1527373519303;7650;8773;186;356564992;28003740;41978876
1527373519403;7660;8785;187;356564992;28004232;41979989
1527373519503;7670;8797;187;356564992;28004724;41981104
1527373519603;7680;8808;187;356564992;28005380;41982594
1527373519703;7690;8819;187;356564992;28005872;41983711
1527373519803;7700;8831;187;356564992;28006580;41985044
1527373519903;7710;8841;188;356564992;28007072;41986154
1527373520003;7720;8852;188;356564992;28007564;41987266
1527373520103;7730;8864;188;356564992;28008056;41988379
1527373520203;7740;8874;189;356564992;28008600;41989811
1527373520303;7750;8888;189;356564992;28009204;41990974
1527373520403;7760;8899;189;356564992;28009696;41992088
1527373520503;7770;8910;189;356564992;28010188;41993205
1527373520603;7780;8922;189;356564992;28010680;41994319
1527373520703;7790;8933;189;356564992;28011172;41995433
1527373520803;7800;8945;189;356564992;28011664;41996552
1527373520903;7810;8956;190;356564992;28012346;41998145
1527373521003;7820;8969;190;356564992;28012950;41999315
1527373521103;7830;8982;190;356564992;28013442;42000428
1527373521203;7840;8994;190;356564992;28013934;42001543
1527373521303;7850;9006;190;356564992;28014426;42002660
1527373521403;7860;9017;190;356564992;28014918;42003774
1527373521503;7870;9031;190;356564992;28015410;42005208
1527373521603;7880;9043;190;356564992;28015954;42006322
1527373521703;7890;9055;190;356564992;28016558;42007492
1527373521803;7900;9068;190;356564992;28017050;42008610
1527373521903;7910;9079;190;356564992;28017542;42009725
1527373522003;7920;9091;190;356564992;28018172;42011001
1527373522103;7930;9103;191;356564992;28018716;42012436
1527373522203;7940;9114;191;356564992;28019320;42013603
1527373522303;7950;9127;191;356564992;28019812;42014722
1527373522403;7960;9138;192;356564992;28020304;42015838
1527373522503;7970;9148;193;356564992;28020796;42016955
1527373522603;7980;9159;193;356564992;28021452;42018445
1527373522703;7990;9171;193;356564992;28021944;42019562
1527373522803;8000;9190;194;356564992;28022436;42020676
1527373522903;8010;9201;194;356564992;28022928;42021790
1527373523003;8020;9213;194;356564992;28023420;42022903
1527373523103;8030;9224;195;356564992;28024174;42024295
1527373523203;8040;9235;195;356564992;28024830;42025785
1527373523303;8050;9248;195;356564992;28025322;42026902
1527373523403;8060;9259;196;356564992;28025814;42028020
1527373523503;8070;9270;196;356564992;28026306;42029136
1527373523603;8080;9284;196;356564992;28026850;42030576
1527373523703;8090;9295;196;356564992;28027454;42031748
1527373523803;8100;9307;197;356564992;28027946;42032863
1527373523903;8110;9319;197;356564992;28028438;42033978
1527373524003;8120;9331;197;356564992;28028982;42035420
1527373524103;8130;9343;197;356564992;28029586;42036588
1527373524203;8140;9354;197;356564992;28030216;42037856
1527373524303;8150;9366;197;356564992;28030708;42038969
1527373524403;8160;9377;197;356564992;28031200;42040084
1527373524503;8170;9390;197;356564992;28031856;42041576
1527373524603;8180;9401;198;356564992;28032348;42042689
1527373524703;8190;9412;198;356564992;28032840;42043801
1527373524803;8200;9423;198;356564992;28033332;42044916
1527373524903;8210;9434;199;356564992;28033876;42046353
1527373525003;8220;9447;199;356564992;28034480;42047521
1527373525103;8230;9458;199;356564992;28034972;42048638
1527373525203;8240;9468;199;356564992;28035464;42049753
1527373525303;8250;9479;200;356564992;28036146;42051345
1527373525403;8260;9491;200;356564992;28036750;42052512
1527373525503;8270;9501;201;356564992;28037242;42053629
1527373525603;8280;9515;201;356564992;28037734;42054745
1527373525703;8290;9526;201;356564992;28038226;42055862
1527373525803;8300;9537;201;356564992;28038882;42057349
1527373525903;8310;9547;202;356564992;28039374;42058465
1527373526003;8320;9560;202;356564992;28039866;42059580
1527373526103;8330;9572;202;356564992;28040410;42061018
1527373526203;8340;9585;202;356564992;28041014;42062189
1527373526303;8350;9597;202;356564992;28041506;42063306
1527373526403;8360;9610;202;356564992;28042136;42064579
1527373526503;8370;9622;203;356564992;28042752;42065812
1527373526603;8380;9635;203;356564992;28043408;42067294
1527373526703;8390;9646;203;356564992;28043900;42068411
1527373526803;8400;9657;204;356564992;28044392;42069524
1527373526903;8410;9669;204;356564992;28044936;42070961
1527373527003;8420;9679;205;356564992;28045540;42072128
1527373527103;8430;9690;205;356564992;28046032;42073243
1527373527203;8440;9701;205;356564992;28046524;42074361
1527373527303;8450;9712;205;356564992;28047016;42075480
1527373527403;8460;9726;205;356564992;28047672;42076970
1527373527503;8470;9738;206;356564992;28048302;42078238
1527373527603;8480;9750;206;356564992;28048794;42079357
1527373527703;8490;9760;208;356564992;28049286;42080476
1527373527803;8500;9770;209;356564992;28049942;42081915
1527373527903;8510;9781;209;356564992;28050434;42083082
1527373528003;8520;9794;209;356564992;28050926;42084195
1527373528103;8530;9805;210;356564992;28051418;42085313
1527373528203;8540;9816;210;356564992;28051962;42086747
1527373528303;8550;9829;210;356564992;28052566;42087917
1527373528403;8560;9841;210;356564992;28053058;42089032
1527373528503;8570;9853;210;356564992;28053550;42090147
1527373528603;8580;9865;210;356564992;28054232;42091746
1527373528703;8590;9878;210;356564992;28054836;42092978
1527373528803;8600;9882;210;356564992;28055428;42093498
