currentTs;total_time;user_time;sys_time;virtual_size;in_octets;out_octets
1527463327708;0;0;0;311296;46216476;66682392
1527463327808;10;8;1;300900352;46216476;66682392
1527463327908;20;17;3;306909184;46216476;66682392
1527463328008;30;26;3;306909184;46216476;66682392
1527463328108;40;36;5;311758848;46216476;66682392
1527463328208;50;48;5;313946112;46216476;66682392
1527463328308;60;59;5;313946112;46216476;66682392
1527463328408;70;72;7;313946112;46216476;66682392
1527463328508;80;82;7;313946112;46216476;66682392
1527463328608;90;90;9;313946112;46216476;66682392
1527463328709;100;100;9;313946112;46216476;66682392
1527463328810;110;115;10;314019840;46216476;66682392
1527463328911;120;125;10;314019840;46216580;66682904
1527463329012;130;137;10;314019840;46216580;66682904
1527463329113;140;149;10;314019840;46216580;66682904
1527463329214;150;162;11;343498752;46216580;66682904
1527463329314;160;174;11;343498752;46216580;66682904
1527463329415;170;183;12;343588864;46216580;66682904
1527463329515;180;195;13;345292800;46216580;66682904
1527463329615;190;205;13;345292800;46216580;66682904
1527463329715;200;218;13;345292800;46216580;66682904
1527463329815;210;229;13;345292800;46216580;66682904
1527463329915;220;237;13;345292800;46216841;66683169
1527463330015;230;250;13;346341376;46217377;66683388
1527463330115;240;260;13;347389952;46217377;66683388
1527463330215;250;271;13;347389952;46217377;66683388
1527463330315;260;283;13;347389952;46217377;66683388
1527463330415;270;293;13;347389952;46217377;66683388
1527463330515;280;304;13;347389952;46217377;66683388
1527463330615;290;314;13;348438528;46217377;66683388
1527463330715;300;325;13;348438528;46217377;66683388
1527463330815;310;339;13;348438528;46217377;66683388
1527463330915;320;349;13;348438528;46217377;66683388
1527463331015;330;360;13;348438528;46217377;66683388
1527463331115;340;371;13;348438528;46217423;66683440
1527463331215;350;382;13;348438528;46217815;66683578
1527463331315;360;392;14;348438528;46217815;66683578
1527463331415;370;401;16;349487104;46217815;66683578
1527463331515;380;411;16;349552640;46217815;66683578
1527463331615;390;421;17;349552640;46217815;66683578
1527463331715;400;435;17;351649792;46217815;66683578
1527463331815;410;445;18;351649792;46217815;66683578
1527463331915;420;456;18;352698368;46217815;66683578
1527463332015;430;468;18;353026048;46217815;66683578
1527463332115;440;479;18;353046528;46217815;66683578
1527463332215;450;490;18;353177600;46217815;66683578
1527463332316;460;501;18;353415168;46217861;66683630
1527463332416;470;514;19;353419264;46217861;66683630
1527463332516;480;528;19;353419264;46217861;66683630
1527463332616;490;538;19;353419264;46217861;66683630
1527463332716;500;549;19;353419264;46217861;66683630
1527463332816;511;560;19;354467840;46217861;66683630
1527463332916;521;573;20;354467840;46217861;66683630
1527463333016;531;585;20;354467840;46217977;66683742
1527463333116;541;594;20;354467840;46218365;66683742
1527463333216;551;605;20;354467840;46218365;66683742
1527463333316;561;616;20;354467840;46218831;66683982
1527463333416;571;626;20;354467840;46218877;66684034
1527463333516;581;635;21;354467840;46218877;66684034
1527463333616;591;649;21;354467840;46219518;66684313
1527463333716;601;662;21;354467840;46219634;66684425
1527463333816;611;685;22;355516416;46220264;66685041
1527463333916;621;701;22;355516416;46221106;66686295
1527463334016;631;713;22;355516416;46221434;66687037
1527463334116;641;725;22;355516416;46221762;66687776
1527463334216;651;739;22;355516416;46222090;66688513
1527463334316;661;750;23;355516416;46222418;66689252
1527463334416;671;762;23;355516416;46222956;66690413
1527463334516;681;774;23;355516416;46223284;66691153
1527463334616;691;788;23;355516416;46223736;66692009
1527463334716;701;800;23;355516416;46224156;66692852
1527463334816;711;814;23;355516416;46224648;66693962
1527463334916;721;828;23;355516416;46225072;66694704
1527463335016;731;842;24;355516416;46225564;66695816
1527463335116;741;857;24;355516416;46225892;66696554
1527463335216;751;870;24;355516416;46226384;66697665
1527463335316;761;883;24;355516416;46226876;66698775
1527463335416;771;895;25;355516416;46227256;66699833
1527463335516;781;906;26;355516416;46227696;66700627
1527463335616;791;917;28;355516416;46228234;66701791
1527463335716;801;928;29;355516416;46228726;66702901
1527463335816;811;943;29;355516416;46229356;66704064
1527463335916;821;955;29;355516416;46229684;66704856
1527463336016;831;969;29;355516416;46230176;66705965
1527463336116;841;981;29;355516416;46230668;66707076
1527463336216;851;993;29;355516416;46231160;66708187
1527463336316;861;1006;29;355516416;46231652;66709300
1527463336416;871;1020;29;355516416;46232144;66710410
1527463336516;881;1032;29;355516416;46232524;66711469
1527463336616;891;1045;29;355516416;46233016;66712583
1527463336716;901;1060;29;355516416;46233502;66713427
1527463336816;911;1072;29;355516416;46233994;66714543
1527463336916;921;1084;29;355516416;46234578;66715760
1527463337017;931;1097;29;355516416;46235070;66716874
1527463337118;941;1109;29;355516416;46235562;66717987
1527463337219;951;1121;30;355516416;46236054;66719097
1527463337320;961;1134;31;355516416;46236546;66720209
1527463337421;971;1146;31;355516416;46237038;66721321
1527463337522;981;1157;32;355516416;46237530;66722433
1527463337623;991;1169;32;355516416;46238022;66723546
1527463337724;1001;1180;33;355516416;46238514;66724657
1527463337825;1011;1195;33;355516416;46239052;66725821
1527463337926;1021;1209;33;355516416;46239668;66727050
1527463338026;1031;1221;33;355516416;46240252;66728266
1527463338126;1041;1232;33;355516416;46240744;66729381
1527463338226;1052;1244;33;355516416;46241236;66730495
1527463338326;1062;1255;33;355516416;46241728;66731607
1527463338426;1072;1270;33;355516416;46242220;66732718
1527463338526;1082;1282;33;355516416;46242712;66733831
1527463338626;1092;1294;33;355516416;46243204;66734942
1527463338726;1102;1307;33;355516416;46243696;66736373
1527463338826;1112;1318;34;355516416;46244240;66737485
1527463338926;1122;1329;35;355516416;46244844;66738648
1527463339026;1132;1343;35;355516416;46245382;66739814
1527463339126;1142;1355;35;355516416;46245874;66740927
1527463339226;1152;1372;35;355516416;46246458;66742144
1527463339326;1162;1383;35;355516416;46246950;66743256
1527463339426;1172;1394;35;355516416;46247442;66744366
1527463339526;1182;1406;35;355516416;46247934;66745477
1527463339626;1192;1419;35;355516416;46248478;66746907
1527463339726;1202;1432;35;355516416;46249082;66748071
1527463339826;1212;1443;36;355516416;46249574;66749182
1527463339926;1222;1453;37;355516416;46250066;66750293
1527463340026;1232;1465;37;355516416;46250558;66751407
1527463340126;1242;1476;37;355516416;46251096;66752572
1527463340226;1252;1486;39;355516416;46251732;66754109
1527463340326;1262;1499;39;355516416;46252336;66755275
1527463340426;1272;1516;39;355516416;46252828;66756387
1527463340526;1282;1527;39;355516416;46253320;66757500
1527463340626;1292;1538;39;355516416;46253812;66758612
1527463340726;1302;1548;40;355516416;46254304;66759724
1527463340826;1312;1561;40;355516416;46254960;66761208
1527463340926;1322;1572;40;355516416;46255452;66762319
1527463341026;1332;1585;40;355516416;46255944;66763426
1527463341126;1342;1598;40;355516416;46256436;66764540
1527463341226;1352;1612;40;355516416;46257098;66765818
1527463341326;1362;1622;41;355516416;46257642;66767248
1527463341426;1372;1634;41;355516416;46257890;66768309
1527463341526;1382;1646;41;355516416;46258830;66769576
1527463341626;1392;1657;41;355516416;46259322;66770740
1527463341726;1402;1668;41;355516416;46259814;66771852
1527463341826;1412;1680;41;355516416;46260306;66772964
1527463341926;1422;1691;41;355516416;46260962;66774441
1527463342026;1432;1703;41;355516416;46261454;66775553
1527463342126;1442;1714;41;355516416;46261946;66776667
1527463342226;1452;1725;41;355516416;46262438;66777779
1527463342326;1462;1738;42;355516416;46262976;66779264
1527463342426;1472;1753;42;355516416;46263612;66780477
1527463342526;1482;1765;43;355516416;46264216;66781642
1527463342626;1492;1776;45;355516416;46264708;66782751
1527463342726;1502;1787;45;355516416;46265200;66783862
1527463342826;1512;1797;46;355516416;46265692;66784973
1527463342926;1522;1808;46;355516416;46266236;66786403
1527463343026;1532;1823;46;355516416;46266840;66787569
1527463343126;1542;1834;46;355516416;46267332;66788683
1527463343226;1552;1845;46;355516416;46267824;66789793
1527463343326;1562;1856;47;355516416;46268316;66790904
1527463343426;1572;1868;47;355516416;46268854;66792068
1527463343526;1582;1880;47;355516416;46269438;66793285
1527463343626;1592;1891;47;355516416;46269930;66794398
1527463343726;1602;1903;47;355516416;46270422;66795508
1527463343826;1612;1918;47;355516416;46270914;66796619
1527463343926;1622;1932;47;355516416;46271406;66797731
1527463344026;1632;1945;48;355516416;46272062;66799217
1527463344126;1642;1958;48;355516416;46272554;66800332
1527463344226;1652;1969;48;355516416;46273046;66801443
1527463344326;1662;1980;48;355516416;46273538;66802556
1527463344426;1672;1992;48;355516416;46274194;66804041
1527463344526;1682;2004;48;355516416;46274732;66805207
1527463344626;1692;2016;48;355516416;46275440;66806541
1527463344726;1702;2025;50;355516416;46275932;66807652
1527463344826;1712;2041;50;355516416;46276588;66809134
1527463344926;1722;2055;50;355516416;46277080;66810243
1527463345026;1732;2066;50;355516416;46277572;66811357
1527463345126;1742;2078;50;355516416;46278228;66812838
1527463345226;1752;2088;51;355516416;46278720;66813953
1527463345326;1762;2100;51;355516416;46279212;66815065
1527463345426;1772;2111;51;355516416;46279704;66816178
1527463345526;1782;2123;51;355516416;46280248;66817611
1527463345626;1792;2134;51;355516416;46280852;66818775
1527463345726;1802;2145;51;355516416;46281482;66820045
1527463345826;1812;2157;51;355516416;46281974;66821156
1527463345926;1822;2168;51;355516416;46282630;66822639
1527463346026;1832;2179;51;355516416;46283122;66823751
1527463346126;1842;2191;52;355516416;46283614;66824864
1527463346226;1852;2206;53;355516416;46284106;66825977
1527463346326;1862;2219;53;355516416;46284762;66827455
1527463346426;1872;2231;53;355516416;46285254;66828566
1527463346526;1882;2242;53;355516416;46285746;66829680
1527463346626;1892;2256;53;355516416;46286402;66831165
1527463346726;1902;2266;53;355516416;46286894;66832278
1527463346826;1912;2278;53;355516416;46287524;66833546
1527463346926;1922;2289;53;355516416;46288180;66835031
1527463347026;1932;2301;53;355516416;46288672;66836141
1527463347126;1942;2313;53;355516416;46289164;66837255
1527463347226;1952;2323;54;355516416;46289656;66838366
1527463347326;1962;2336;54;355516416;46290312;66839847
1527463347426;1972;2348;54;355516416;46290804;66840960
1527463347526;1982;2359;54;355516416;46291296;66842073
1527463347626;1992;2372;54;355516416;46291840;66843504
1527463347726;2002;2382;54;355516416;46292444;66844666
1527463347826;2012;2393;54;355516416;46292936;66845781
1527463347926;2022;2404;54;355516416;46293552;66847329
1527463348026;2032;2416;54;355516416;46294300;66848600
1527463348126;2042;2427;54;355516416;46294792;66849710
1527463348226;2052;2438;54;355516416;46295448;66851195
1527463348326;2062;2449;55;355516416;46295940;66852308
1527463348426;2072;2460;56;355516416;46296432;66853419
1527463348526;2082;2471;56;355516416;46296976;66854848
1527463348626;2092;2482;56;355516416;46297580;66856014
1527463348726;2102;2493;56;355516416;46298072;66857128
1527463348826;2112;2504;56;355516416;46298616;66858558
1527463348926;2122;2514;57;355516416;46299220;66859718
1527463349026;2132;2525;57;355516416;46299758;66860883
1527463349126;2142;2537;58;355516416;46300342;66862099
1527463349226;2152;2548;58;355516416;46300886;66863530
1527463349326;2162;2559;58;355516416;46301490;66864691
1527463349426;2172;2569;58;355516416;46301982;66865800
1527463349526;2182;2581;58;355516416;46302638;66867283
1527463349626;2192;2593;58;355516416;46303130;66868392
1527463349726;2202;2605;58;355516416;46303622;66869507
1527463349826;2212;2617;58;355516416;46304278;66870988
1527463349926;2222;2628;58;355516416;46304916;66872094
1527463350026;2232;2645;58;355516416;46305408;66873210
1527463350126;2242;2662;58;355516416;46305992;66874376
1527463350226;2252;2674;58;355516416;46306740;66875961
1527463350326;2262;2685;58;355516416;46307232;66877075
1527463350426;2272;2697;58;355516416;46307724;66878188
1527463350526;2282;2708;58;355516416;46308268;66879619
1527463350626;2292;2719;58;355516416;46308872;66880784
1527463350726;2302;2730;58;355516416;46309364;66881898
1527463350826;2312;2741;58;355516416;46309908;66883328
1527463350926;2322;2752;58;355516416;46310512;66884490
1527463351026;2332;2763;58;355516416;46311004;66885605
1527463351126;2342;2774;58;355516416;46311660;66887089
1527463351226;2352;2785;58;355516416;46312276;66888317
1527463351326;2362;2796;58;355516416;46312860;66889535
1527463351426;2372;2807;58;355516416;46313516;66891015
1527463351526;2382;2817;59;355516416;46314008;66892125
1527463351626;2392;2829;59;355516416;46314500;66893237
1527463351726;2402;2841;59;355516416;46315156;66894720
1527463351826;2412;2852;59;355516416;46315648;66895832
1527463351926;2422;2861;60;355516416;46316140;66896944
1527463352026;2432;2874;60;355516416;46316796;66898427
1527463352126;2442;2886;60;355516416;46317288;66899539
1527463352226;2452;2896;60;355516416;46317780;66900654
1527463352326;2462;2907;60;355516416;46318482;66902187
1527463352426;2472;2918;60;355516416;46318974;66903299
1527463352526;2482;2929;60;355516416;46319558;66904836
1527463352626;2492;2941;60;355516416;46320214;66906000
1527463352726;2502;2953;60;355516416;46320706;66907112
1527463352826;2512;2965;60;355516416;46321198;66908225
1527463352926;2522;2976;60;355516416;46321854;66909707
1527463353026;2532;2987;60;355516416;46322346;66910820
1527463353126;2542;2997;60;355516416;46322890;66912250
1527463353226;2552;3007;62;355516416;46323494;66913412
1527463353326;2562;3019;62;355516416;46323986;66914521
1527463353426;2572;3032;62;355516416;46324524;66916006
1527463353526;2582;3043;62;355516416;46325180;66917172
1527463353626;2592;3053;62;355516416;46325764;66918387
1527463353726;2602;3064;62;355516416;46326256;66919817
1527463353826;2612;3076;62;355516416;46326912;66920980
1527463353926;2622;3087;62;355516416;46327404;66922091
1527463354026;2632;3097;62;355516416;46327948;66923521
1527463354126;2642;3108;62;355516416;46328552;66924686
1527463354226;2652;3119;62;355516416;46329044;66925798
1527463354326;2662;3129;62;355516416;46329536;66926911
1527463354426;2672;3139;63;355516416;46330238;66928446
1527463354526;2682;3150;63;355516416;46330730;66929556
1527463354626;2692;3162;63;355516416;46331602;66931261
1527463354726;2702;3172;63;355516416;46332094;66932368
1527463354826;2712;3183;63;355516416;46332586;66933481
1527463354926;2722;3194;63;355516416;46333078;66934594
1527463355026;2732;3204;65;355516416;46333734;66936076
1527463355126;2742;3215;65;355516416;46334226;66937189
1527463355226;2752;3227;65;355516416;46334718;66938302
1527463355326;2762;3238;65;355516416;46335262;66939727
1527463355426;2772;3249;65;355516416;46335866;66940890
1527463355526;2782;3260;65;355516416;46336358;66941999
1527463355626;2792;3270;65;355516416;46336902;66943432
1527463355726;2802;3281;65;355516416;46337552;66944650
1527463355826;2812;3292;65;355516416;46338136;66945865
1527463355926;2822;3303;65;355516416;46338792;66947349
1527463356026;2832;3314;65;355516416;46339284;66948462
1527463356126;2842;3324;65;355516416;46339776;66949577
1527463356226;2852;3335;66;355516416;46340320;66951007
1527463356326;2862;3346;66;355516416;46340924;66952172
1527463356426;2872;3357;66;355516416;46341416;66953280
1527463356526;2882;3368;66;355516416;46341908;66954711
1527463356626;2892;3379;66;355516416;46342564;66955873
1527463356726;2902;3390;66;355516416;46343056;66956985
1527463356826;2912;3402;66;355516416;46343594;66958144
1527463356926;2922;3414;66;355516416;46344230;66959674
1527463357026;2932;3425;66;355516416;46344834;66960837
1527463357126;2942;3435;66;355516416;46345326;66961948
1527463357226;2952;3446;66;355516416;46345818;66963054
1527463357326;2962;3461;66;355516416;46346474;66964538
1527463357426;2972;3472;66;355516416;46346966;66965647
1527463357526;2982;3486;66;355516416;46347510;66967079
1527463357626;2992;3497;66;355516416;46348114;66968244
1527463357726;3002;3507;68;355516416;46348606;66969358
1527463357826;3012;3518;68;355516416;46349098;66970789
1527463357926;3022;3529;68;355516416;46349878;66972069
1527463358026;3032;3540;68;355516416;46350462;66973286
1527463358126;3042;3551;68;355516416;46350954;66974397
1527463358226;3052;3562;69;355516416;46351610;66975877
1527463358326;3062;3574;69;355516416;46352102;66976992
1527463358426;3072;3585;70;355516416;46352594;66978103
1527463358526;3082;3597;70;355516416;46353250;66979585
1527463358626;3092;3608;70;355516416;46353742;66980696
1527463358726;3102;3619;70;355516416;46354234;66981805
1527463358826;3112;3629;71;355516416;46354778;66983237
1527463358926;3122;3640;71;355516416;46355382;66984402
1527463359026;3132;3651;71;355516416;46355874;66985512
1527463359126;3142;3662;71;355516416;46356576;66987048
1527463359226;3152;3673;71;355516416;46357160;66988265
1527463359326;3162;3684;71;355516416;46357652;66989376
1527463359426;3172;3695;71;355516416;46358308;66990860
1527463359526;3182;3706;71;355516416;46358800;66991968
1527463359626;3192;3718;71;355516416;46359292;66993080
1527463359726;3202;3728;72;355516416;46359948;66994562
1527463359826;3212;3739;72;355516416;46360440;66995672
1527463359926;3222;3749;72;355516416;46360932;66996785
1527463360026;3232;3761;72;355516416;46361588;66998266
1527463360126;3242;3771;72;355516416;46362080;66999378
1527463360226;3252;3783;72;355516416;46362618;67000545
1527463360326;3262;3793;72;355516416;46363202;67001759
1527463360426;3272;3804;72;355516416;46363858;67003242
1527463360526;3282;3815;72;355516416;46364350;67004351
1527463360626;3292;3824;73;355516416;46364842;67005462
1527463360726;3302;3835;73;355516416;46365498;67006944
1527463360826;3312;3846;73;355516416;46365990;67008059
1527463360926;3322;3856;74;355516416;46366482;67009172
1527463361026;3332;3867;74;355516416;46367138;67010651
1527463361126;3342;3879;74;355516416;46367630;67011762
1527463361226;3352;3889;74;355516416;46368122;67012870
1527463361326;3362;3901;74;355516416;46368902;67014467
1527463361426;3372;3911;74;355516416;46369486;67015685
1527463361526;3382;3922;75;355516416;46369978;67016796
1527463361626;3392;3933;75;355516416;46370634;67018279
1527463361726;3402;3944;75;355516416;46371126;67019392
1527463361826;3412;3954;76;355516416;46371618;67020504
1527463361926;3422;3964;76;355516416;46372274;67021986
1527463362026;3432;3975;76;355516416;46372766;67023096
1527463362126;3442;3986;76;355516416;46373258;67024207
1527463362226;3452;3997;76;355516416;46373802;67025640
1527463362326;3462;4008;76;355516416;46374406;67026807
1527463362426;3472;4019;76;355516416;46374944;67027970
1527463362526;3482;4031;76;355516416;46375580;67029499
1527463362626;3492;4043;76;355516416;46376184;67030663
1527463362726;3502;4054;76;355516416;46376676;67031772
1527463362826;3512;4066;77;355516416;46377168;67032884
1527463362926;3522;4078;77;355516416;46377712;67034313
1527463363026;3532;4091;77;355516416;46378316;67035478
1527463363126;3542;4102;77;355516416;46379196;67036590
1527463363226;3552;4113;77;355516416;46379688;67037703
1527463363326;3562;4124;77;355516416;46380232;67039134
1527463363426;3572;4135;77;355516416;46380836;67040296
1527463363526;3582;4147;77;355516416;46381374;67041459
1527463363626;3592;4159;77;355516416;46382122;67043047
1527463363726;3602;4170;77;355516416;46382614;67044162
1527463363826;3612;4181;77;355516416;46383106;67045275
1527463363926;3622;4192;77;355516416;46383598;67046390
1527463364026;3632;4203;78;355516416;46384254;67047871
1527463364126;3642;4213;78;355516416;46384746;67048990
1527463364226;3652;4225;78;355516416;46385238;67050102
1527463364326;3662;4236;78;355516416;46385782;67051529
1527463364426;3672;4249;78;355516416;46386386;67052695
1527463364526;3682;4260;78;355516416;46386878;67053803
1527463364626;3692;4271;78;355516416;46387540;67055082
1527463364726;3702;4283;78;355516416;46388288;67056667
1527463364826;3712;4294;78;355516416;46388780;67057775
1527463364926;3722;4305;78;355516416;46389420;67059201
1527463365026;3732;4316;78;355516416;46390024;67060364
1527463365126;3742;4326;79;355516416;46390516;67061475
1527463365226;3752;4336;79;355516416;46391060;67062905
1527463365326;3762;4347;79;355516416;46391664;67064069
1527463365426;3772;4360;79;355516416;46391992;67064812
1527463365526;3782;4372;79;355516416;46392484;67065923
1527463365626;3792;4384;79;355516416;46393186;67067455
1527463365726;3802;4396;79;355516416;46393816;67068667
1527463365826;3812;4406;80;355516416;46394308;67069779
1527463365926;3822;4416;81;355516416;46394964;67071210
1527463366026;3832;4426;81;355516416;46395456;67072382
1527463366126;3842;4436;82;355516416;46395948;67073493
1527463366226;3852;4447;82;355516416;46396492;67074922
1527463366326;3862;4458;82;355516416;46397096;67076085
1527463366426;3872;4469;82;355516416;46397588;67077201
1527463366526;3882;4480;83;355516416;46398080;67078315
1527463366626;3892;4491;83;355516416;46398624;67079750
1527463366726;3902;4502;84;355516416;46399110;67080598
1527463366826;3912;4515;84;355516416;46399694;67081814
1527463366926;3922;4529;84;355516416;46400186;67082926
1527463367026;3932;4542;84;355516416;46400678;67084039
1527463367126;3942;4553;84;355516416;46401170;67085470
1527463367226;3952;4566;84;355516416;46401826;67086632
1527463367326;3962;4576;85;355516416;46402318;67087746
1527463367426;3972;4589;85;355516416;46402810;67088859
1527463367526;3982;4600;85;355516416;46403302;67089972
1527463367626;3992;4612;85;355516416;46403794;67091083
1527463367726;4002;4623;85;355516416;46404286;67092199
1527463367826;4012;4638;85;355516416;46404824;67093366
1527463367926;4022;4647;87;355516416;46405532;67094701
1527463368026;4032;4660;87;355516416;46406024;67095815
1527463368126;4042;4672;87;355516416;46406516;67096926
1527463368226;4052;4684;87;355516416;46407008;67098040
1527463368326;4062;4699;87;355516416;46407500;67099153
1527463368426;4072;4710;88;355516416;46407992;67100268
1527463368526;4082;4721;89;355516416;46408484;67101377
1527463368626;4092;4733;89;355516416;46408976;67102492
1527463368726;4102;4745;89;355516416;46409468;67103607
1527463368826;4112;4758;89;355516416;46410012;67105040
1527463368926;4122;4772;89;355516416;46410544;67105937
1527463369026;4132;4783;89;355516416;46411082;67107100
1527463369126;4142;4795;89;355516416;46411574;67108530
1527463369226;4152;4806;89;355516416;46412118;67109641
1527463369326;4162;4816;91;355516416;46412722;67110805
1527463369426;4172;4828;92;355516416;46413102;67111862
1527463369526;4182;4841;92;355516416;46413706;67113026
1527463369626;4192;4854;92;355516416;46414198;67114140
1527463369726;4202;4865;92;355516416;46414690;67115255
1527463369826;4212;4877;92;355516416;46415182;67116369
1527463369926;4222;4889;92;355516416;46415674;67117482
1527463370026;4232;4901;92;355516416;46416304;67118772
1527463370126;4242;4914;92;355516416;46416796;67119910
1527463370226;4252;4925;93;355516416;46417288;67121045
1527463370326;4262;4937;94;355516416;46417780;67122180
1527463370426;4272;4949;95;355516416;46418324;67123633
1527463370526;4282;4961;95;355516416;46418928;67124810
1527463370626;4292;4972;95;355516416;46419420;67125945
1527463370726;4302;4985;96;355516416;46419912;67127074
1527463370826;4312;4996;96;355516416;46420404;67128205
1527463370926;4322;5005;98;355516416;46420896;67129334
1527463371026;4332;5016;98;355516416;46421532;67130893
1527463371126;4342;5027;98;355516416;46422182;67132125
1527463371226;4352;5039;98;355516416;46422674;67133258
1527463371326;4362;5052;98;355516416;46423290;67134504
1527463371426;4372;5062;98;355516416;46423782;67135636
1527463371526;4382;5075;98;355516416;46424274;67136763
1527463371626;4392;5086;98;355516416;46424766;67137893
1527463371726;4402;5098;98;355516416;46425422;67139387
1527463371826;4412;5108;100;355516416;46425914;67140499
1527463371926;4422;5119;100;355516416;46426406;67141612
1527463372026;4432;5130;100;355516416;46426898;67142724
1527463372126;4442;5141;100;355516416;46427482;67143946
1527463372226;4452;5154;100;355516416;46428138;67145431
1527463372326;4462;5165;100;355516416;46428676;67146599
1527463372426;4472;5176;100;355516416;46429168;67147715
1527463372526;4482;5187;100;355516416;46429660;67148833
1527463372626;4492;5201;100;355516416;46430152;67149948
1527463372726;4502;5212;100;355516416;46430808;67151437
1527463372826;4512;5223;100;355516416;46431300;67152554
1527463372926;4522;5233;100;355516416;46431792;67153672
1527463373026;4532;5244;101;355516416;46432284;67154789
1527463373126;4542;5256;101;355516416;46432868;67156012
1527463373226;4552;5267;101;355516416;46433412;67157450
1527463373326;4562;5280;101;355516416;46434016;67158622
1527463373426;4572;5292;101;355516416;46434554;67159791
1527463373526;4582;5303;101;355516416;46435046;67160909
1527463373626;4592;5314;101;355516416;46435538;67162027
1527463373726;4602;5325;101;355516416;46436194;67163517
1527463373826;4612;5336;101;355516416;46436686;67164634
1527463373926;4622;5347;101;355516416;46437178;67165751
1527463374026;4632;5359;101;355516416;46437670;67166868
1527463374126;4642;5370;101;355516416;46438214;67168305
1527463374226;4652;5381;101;355516416;46438910;67169579
1527463374326;4662;5393;101;355516416;46439402;67170695
1527463374426;4672;5404;101;355516416;46439940;67171868
1527463374526;4682;5417;101;355516416;46440484;67173306
1527463374626;4692;5428;101;355516416;46441212;67174592
1527463374726;4702;5437;102;355516416;46441704;67175708
1527463374826;4712;5448;102;355516416;46442196;67176824
1527463374926;4722;5459;102;355516416;46442740;67178261
1527463375026;4732;5471;102;355516416;46443344;67179430
1527463375126;4742;5482;102;355516416;46443836;67180547
1527463375226;4752;5495;102;355516416;46444420;67181768
1527463375326;4762;5507;102;355516416;46444964;67183207
1527463375426;4772;5518;102;355516416;46445568;67184378
1527463375526;4782;5529;102;355516416;46446060;67185496
1527463375626;4792;5540;102;355516416;46446552;67186613
1527463375726;4802;5551;102;355516416;46447090;67187782
1527463375826;4812;5562;102;355516416;46447746;67189273
1527463375926;4822;5573;102;355516416;46448238;67190391
1527463376026;4832;5585;102;355516416;46448730;67191504
1527463376126;4842;5596;102;355516416;46449386;67192995
1527463376226;4852;5607;103;355516416;46449878;67194112
1527463376326;4862;5617;104;355516416;46450462;67195335
1527463376426;4872;5628;104;355516416;46450954;67196452
1527463376526;4882;5639;104;355516416;46451610;67197942
1527463376626;4892;5650;104;355516416;46452102;67199059
1527463376726;4902;5661;104;355516416;46452640;67200228
1527463376826;4912;5672;104;355516416;46453296;67201664
1527463376926;4922;5684;104;355516416;46453788;67202830
1527463377026;4932;5693;105;355516416;46454280;67203944
1527463377126;4942;5705;105;355516416;46454772;67205063
1527463377226;4952;5716;105;355516416;46455316;67206499
1527463377326;4962;5728;105;355516416;46456012;67207770
1527463377426;4972;5740;105;355516416;46456504;67208886
1527463377526;4982;5754;105;355516416;46456996;67210001
1527463377626;4992;5766;105;355516416;46457488;67211118
1527463377726;5002;5777;105;355516416;46458032;67212557
1527463377826;5012;5788;105;355516416;46458682;67213777
1527463377926;5022;5799;105;355516416;46459298;67215009
1527463378026;5032;5810;105;355516416;46459790;67216126
1527463378126;5042;5822;105;355516416;46460446;67217616
1527463378226;5052;5832;107;355516416;46460938;67218733
1527463378326;5062;5843;107;355516416;46461430;67219850
1527463378426;5072;5856;107;355516416;46462066;67221390
1527463378526;5082;5868;107;355516416;46462670;67222559
1527463378626;5092;5880;107;355516416;46463162;67223676
1527463378726;5102;5891;107;355516416;46463654;67224792
1527463378826;5112;5901;108;355516416;46464146;67225907
1527463378926;5122;5913;108;355516416;46464802;67227393
1527463379026;5132;5924;108;355516416;46465340;67228560
1527463379126;5142;5936;108;355516416;46465832;67229677
1527463379226;5152;5948;108;355516416;46466376;67231114
1527463379326;5162;5959;108;355516416;46466980;67232283
1527463379426;5172;5971;108;355516416;46467472;67233401
1527463379526;5182;5983;108;355516416;46468056;67234623
1527463379626;5192;5994;108;355516416;46468712;67236113
1527463379726;5202;6005;109;355516416;46469204;67237228
1527463379826;5212;6015;109;355516416;46469696;67238345
1527463379926;5222;6026;109;355516416;46470284;67239463
1527463380026;5232;6038;109;355516416;46470940;67240954
1527463380126;5242;6049;109;355516416;46471524;67242121
1527463380226;5252;6060;109;355516416;46472016;67243238
1527463380326;5262;6072;109;355516416;46472508;67244353
1527463380426;5272;6083;109;355516416;46473164;67245840
1527463380526;5282;6092;110;355516416;46473748;67247062
1527463380626;5292;6104;110;355516416;46474240;67248180
1527463380726;5302;6115;111;355516416;46474784;67249612
1527463380826;5312;6126;111;355516416;46475388;67250783
1527463380926;5322;6139;111;355516416;46475880;67251898
1527463381026;5332;6149;112;355516416;46476372;67253017
1527463381126;5342;6160;112;355516416;46476910;67254187
1527463381226;5352;6172;112;355516416;46477566;67255675
1527463381326;5362;6185;112;355516416;46478182;67256912
1527463381426;5372;6196;112;355516416;46478674;67258031
1527463381526;5382;6207;112;355516416;46479330;67259519
1527463381626;5392;6218;112;355516416;46479914;67260743
1527463381726;5402;6228;113;355516416;46480406;67261858
1527463381826;5412;6238;114;355516416;46480898;67262973
1527463381926;5422;6248;115;355516416;46481554;67264460
1527463382026;5432;6258;116;355516416;46482046;67265578
1527463382126;5442;6269;116;355516416;46482538;67266696
1527463382226;5452;6280;117;355516416;46483194;67268184
1527463382326;5462;6291;117;355516416;46483732;67269353
1527463382426;5472;6302;117;355516416;46484224;67270469
1527463382526;5482;6313;117;355516416;46484768;67271905
1527463382626;5492;6324;117;355516416;46485464;67273174
1527463382726;5502;6335;117;355516416;46485956;67274288
1527463382826;5512;6346;117;355516416;46486448;67275401
1527463382926;5522;6357;117;355516416;46486992;67276837
1527463383026;5532;6369;117;355516416;46487596;67278008
1527463383126;5542;6379;117;355516416;46488088;67279125
1527463383226;5552;6390;117;355516416;46488580;67280242
1527463383326;5562;6403;117;355516416;46489426;67281734
1527463383426;5572;6413;117;355516416;46489964;67282903
1527463383526;5582;6425;117;355516416;46491318;67284020
1527463383626;5592;6436;117;355516416;46491860;67285459
1527463383726;5602;6448;117;355516416;46492608;67286731
1527463383826;5612;6460;117;355516416;46493100;67287849
1527463383926;5622;6471;117;355516416;46493592;67288965
1527463384026;5632;6483;117;355516416;46494084;67290403
1527463384126;5642;6494;117;355516416;46494740;67291572
1527463384226;5652;6505;117;355516416;46495232;67292689
1527463384326;5662;6519;117;355516416;46496279;67293804
1527463384426;5672;6530;117;355516416;46496771;67294921
1527463384526;5682;6542;117;355516416;46497473;67296458
1527463384626;5692;6552;117;355516416;46498089;67297691
1527463384726;5702;6564;117;355516416;46498673;67298911
1527463384826;5712;6576;117;355516416;46499217;67300348
1527463384926;5722;6588;117;355516416;46499821;67301518
1527463385026;5732;6598;118;355516416;46500313;67302634
1527463385126;5742;6609;118;355516416;46500805;67303752
1527463385226;5752;6621;118;355516416;46501349;67305190
1527463385326;5762;6633;118;355516416;46501953;67306355
1527463385426;5772;6644;118;355516416;46502445;67307468
1527463385526;5782;6654;119;355516416;46502937;67308584
1527463385626;5792;6666;119;355516416;46503593;67310074
1527463385726;5802;6676;120;355516416;46504131;67311245
1527463385826;5812;6687;120;355516416;46504715;67312465
1527463385926;5822;6698;120;355516416;46505259;67313901
1527463386026;5832;6709;120;355516416;46505863;67315067
1527463386126;5842;6721;120;355516416;46506355;67316185
1527463386226;5852;6732;120;355516416;46506847;67317300
1527463386326;5862;6744;120;355516416;46507391;67318738
1527463386426;5872;6755;120;355516416;46507995;67319909
1527463386526;5882;6767;120;355516416;46508487;67321042
1527463386626;5892;6779;120;355516416;46508979;67322508
1527463386726;5902;6791;120;355516416;46509681;67323749
1527463386826;5912;6802;120;355516416;46510173;67324883
1527463386926;5922;6813;120;355516416;46510757;67326122
1527463387026;5932;6823;121;355516416;46511301;67327582
1527463387126;5942;6834;121;355516416;46511905;67328765
1527463387226;5952;6844;121;355516416;46512397;67329898
1527463387326;5962;6856;121;355516416;46512889;67331027
1527463387426;5972;6868;122;355516416;46514100;67332540
1527463387526;5982;6878;122;355516416;46514592;67333676
1527463387626;5992;6889;122;355516416;46515084;67334808
1527463387726;6002;6901;122;355516416;46515576;67336268
1527463387826;6012;6911;124;355516416;46516278;67337503
1527463387926;6022;6922;124;355516416;46516862;67338739
1527463388026;6032;6936;124;355516416;46517478;67339988
1527463388126;6042;6947;124;355516416;46517970;67341115
1527463388226;6052;6958;124;355516416;46518626;67342622
1527463388326;6062;6969;124;355516416;46519118;67343752
1527463388426;6072;6980;124;355516416;46519716;67344887
1527463388526;6082;6991;124;355516416;46521976;67346346
1527463388626;6092;7002;125;355516416;46522632;67347529
1527463388726;6102;7014;125;355516416;46523124;67348665
1527463388826;6112;7024;126;355516416;46523616;67349797
1527463388926;6122;7036;126;355516416;46524108;67350930
1527463389026;6132;7047;126;355516416;46524902;67352593
1527463389126;6142;7058;126;355516416;46525394;67353723
1527463389226;6152;7070;127;355516416;46525886;67354853
1527463389326;6162;7082;127;355516416;46526542;67356367
1527463389426;6172;7093;127;355516416;46527034;67357506
1527463389526;6182;7105;127;355516416;46527526;67358642
1527463389626;6192;7116;127;355516416;46528018;67360100
1527463389726;6202;7127;127;355516416;46528674;67361284
1527463389826;6212;7137;129;355516416;46529166;67362416
1527463389926;6222;7149;129;355516416;46529658;67363533
1527463390026;6232;7161;129;355516416;46530406;67365115
1527463390126;6242;7172;129;355516416;46530944;67366279
1527463390226;6252;7182;130;355516416;46531436;67367391
1527463390326;6262;7194;130;355516416;46531980;67368826
1527463390426;6272;7205;131;355516416;46532584;67369991
1527463390526;6282;7216;131;355516416;46533076;67371105
1527463390626;6292;7227;131;355516416;46533568;67372219
1527463390726;6302;7240;132;355516416;46534060;67373333
1527463390826;6312;7255;132;355516416;46534716;67374815
1527463390926;6322;7266;132;355516416;46535208;67375928
1527463391026;6332;7279;132;355516416;46535700;67377044
1527463391126;6342;7292;132;355516416;46536330;67378317
1527463391226;6352;7304;132;355516416;46536874;67379753
1527463391326;6362;7317;132;355516416;46537602;67381035
1527463391426;6372;7329;132;355516416;46538094;67382149
1527463391526;6382;7340;132;355516416;46538586;67383266
1527463391626;6392;7351;132;355516416;46539242;67384699
1527463391726;6402;7365;132;355516416;46539734;67385865
1527463391826;6412;7377;133;355516416;46540226;67386980
1527463391926;6422;7389;133;355516416;46540718;67388096
1527463392026;6432;7400;133;355516416;46541262;67389534
1527463392126;6442;7414;133;355516416;46541958;67390802
1527463392226;6452;7426;133;355516416;46542450;67391917
1527463392326;6462;7438;133;355516416;46542942;67393031
1527463392426;6472;7449;133;355516416;46543644;67394567
1527463392526;6482;7461;133;355516416;46544136;67395682
1527463392626;6492;7472;133;355516416;46544628;67396797
1527463392726;6502;7485;133;355516416;46545120;67397912
1527463392826;6512;7497;133;355516416;46545776;67399396
1527463392926;6522;7507;133;355516416;46546268;67400510
1527463393026;6532;7521;133;355516416;46546760;67401571
1527463393126;6542;7532;134;355516416;46547252;67402734
1527463393226;6552;7543;134;355516416;46548224;67403956
1527463393326;6562;7554;135;355516416;46548716;67405393
1527463393426;6572;7570;135;355516416;46549254;67406243
1527463393526;6582;7581;135;355516416;46549910;67407729
1527463393626;6592;7592;135;355516416;46550402;67408845
1527463393726;6602;7604;135;355516416;46550894;67409960
1527463393826;6612;7616;135;355516416;46551386;67411077
1527463393926;6622;7630;135;355516416;46551878;67412187
1527463394026;6632;7644;135;355516416;46552370;67413305
1527463394126;6642;7656;135;355516416;46552862;67414423
1527463394226;6652;7667;135;355516416;46553354;67415539
1527463394326;6662;7679;135;355516416;46553938;67416758
1527463394426;6672;7690;136;355516416;46554430;67417874
1527463394526;6682;7703;136;355516416;46555132;67419415
1527463394626;6692;7717;136;355516416;46555748;67420643
1527463394726;6702;7729;136;355516416;46556240;67421758
1527463394826;6712;7742;136;355516416;46556732;67422876
1527463394926;6722;7753;136;355516416;46557372;67424309
1527463395026;6732;7763;138;355516416;46557976;67425476
1527463395126;6742;7781;138;355516416;46558468;67426593
1527463395226;6752;7796;138;355516416;46558960;67427707
1527463395326;6762;7810;138;355516416;46559544;67428926
1527463395426;6772;7822;138;355516416;46560036;67430041
1527463395526;6782;7834;138;355516416;46560574;67431156
1527463395626;6792;7845;138;355516416;46561066;67432271
1527463395726;6802;7859;138;355516416;46561604;67433439
1527463395826;6812;7876;138;355516416;46562096;67434558
1527463395926;6822;7887;139;355516416;46562588;67435674
1527463396026;6832;7902;140;355516416;46563080;67436788
1527463396126;6842;7914;141;355516416;46563624;67438223
1527463396226;6852;7928;142;355516416;46564228;67439393
1527463396326;6862;7940;144;355516416;46564720;67440506
1527463396426;6872;7951;144;355516416;46565304;67441727
1527463396526;6882;7964;144;355516416;46565796;67442844
1527463396626;6892;7975;144;355516416;46566288;67443961
1527463396726;6902;7987;144;355516416;46566944;67445444
1527463396826;6912;8000;144;355516416;46567482;67446612
1527463396926;6922;8012;144;355516416;46567974;67447726
1527463397026;6932;8023;144;355516416;46568466;67448844
1527463397126;6942;8033;145;355516416;46568958;67449963
1527463397226;6952;8044;145;355516416;46569450;67451080
1527463397326;6962;8059;145;355516416;46569942;67452195
1527463397426;6972;8069;146;355516416;46570690;67453788
1527463397526;6982;8082;146;355516416;46571182;67454901
1527463397626;6992;8095;146;355516416;46571674;67456016
1527463397726;7002;8107;146;355516416;46572166;67457134
1527463397826;7012;8120;147;355516416;46572704;67458300
1527463397926;7022;8132;147;355516416;46573196;67459418
1527463398026;7032;8144;147;355516416;46573812;67460652
1527463398126;7042;8156;147;355516416;46574468;67462140
1527463398226;7052;8168;147;355516416;46574960;67463259
1527463398326;7062;8182;147;355516416;46575452;67464376
1527463398426;7072;8195;147;355516416;46575944;67465494
1527463398526;7082;8208;147;355516416;46576528;67466715
1527463398626;7092;8219;147;355516416;46577020;67467830
1527463398726;7102;8232;147;355516416;46577512;67468944
1527463398826;7112;8244;147;355516416;46578004;67470057
1527463398926;7122;8257;148;355516416;46578660;67471544
1527463399026;7132;8269;149;355516416;46579198;67472714
1527463399126;7142;8281;149;355516416;46579690;67473832
1527463399226;7152;8292;149;355516416;46580182;67474950
1527463399326;7162;8304;149;355516416;46580674;67476066
1527463399426;7172;8318;149;355516416;46581330;67477555
1527463399526;7182;8330;150;355516416;46581914;67478773
1527463399626;7192;8340;151;355516416;46582406;67479889
1527463399726;7202;8350;152;355516416;46582898;67481005
1527463399826;7212;8361;152;355516416;46583390;67482120
1527463399926;7222;8376;152;355516416;46584046;67483606
1527463400026;7232;8387;152;355516416;46584538;67484721
1527463400126;7242;8399;152;355516416;46585076;67485885
1527463400226;7252;8410;152;355516416;46585568;67487001
1527463400326;7262;8426;153;355516416;46586060;67488118
1527463400426;7272;8437;153;355516416;46586604;67489558
1527463400526;7282;8448;153;355516416;46587096;67490672
1527463400626;7292;8457;155;355516416;46587792;67491942
1527463400726;7302;8469;156;355516416;46588284;67493058
1527463400826;7312;8480;156;355516416;46588776;67494176
1527463400926;7322;8492;157;355516416;46589268;67495294
1527463401026;7332;8504;158;355516416;46589760;67496413
1527463401126;7342;8515;158;355516416;46590298;67497579
1527463401226;7352;8535;158;356564992;46590790;67498695
1527463401326;7362;8548;158;356564992;46591406;67499928
1527463401426;7372;8560;159;356564992;46591950;67501363
1527463401526;7382;8572;159;356564992;46592442;67502477
1527463401626;7392;8587;159;356564992;46593138;67503744
1527463401726;7402;8600;159;356564992;46593630;67504863
1527463401826;7412;8610;159;356564992;46594174;67505978
1527463401926;7422;8625;159;356564992;46594718;67507093
1527463402026;7432;8637;159;356564992;46595210;67508209
1527463402126;7442;8649;159;356564992;46595866;67509699
1527463402226;7452;8660;160;356564992;46596358;67510814
1527463402326;7462;8671;161;356564992;46596850;67511931
1527463402426;7472;8683;161;356564992;46597388;67513098
1527463402526;7482;8695;162;356564992;46597880;67514532
1527463402626;7492;8707;162;356564992;46598536;67515702
1527463402726;7502;8718;162;356564992;46599120;67516923
1527463402826;7512;8729;162;356564992;46599612;67518039
1527463402926;7522;8742;162;356564992;46600156;67519472
1527463403026;7532;8754;162;356564992;46600760;67520634
1527463403126;7542;8767;162;356564992;46601252;67521754
1527463403226;7552;8780;162;356564992;46601744;67522865
1527463403326;7562;8792;162;356564992;46602288;67524304
1527463403426;7572;8803;164;356564992;46602938;67525523
1527463403526;7582;8816;164;356564992;46603430;67526640
1527463403626;7592;8828;164;356564992;46603922;67527750
1527463403726;7602;8839;164;356564992;46604670;67529285
1527463403826;7612;8851;164;356564992;46605162;67530449
1527463403926;7622;8863;164;356564992;46605654;67531563
1527463404026;7632;8874;164;356564992;46606146;67532673
1527463404126;7642;8887;165;356564992;46606690;67534106
1527463404226;7652;8900;165;356564992;46607294;67535273
1527463404326;7662;8911;165;356564992;46607786;67536388
1527463404426;7672;8921;165;356564992;46608278;67537503
1527463404526;7682;8933;165;356564992;46608816;67538670
1527463404626;7692;8943;165;356564992;46609472;67540162
1527463404726;7702;8955;165;356564992;46610088;67541395
1527463404826;7712;8967;165;356564992;46610672;67542614
1527463404926;7722;8979;165;356564992;46611328;67544100
1527463405026;7732;8989;166;356564992;46611820;67545217
1527463405126;7742;9000;166;356564992;46612312;67546331
1527463405226;7752;9013;166;356564992;46612804;67547445
1527463405326;7762;9024;166;356564992;46613348;67548879
1527463405426;7772;9035;166;356564992;46613952;67550049
1527463405526;7782;9047;166;356564992;46614444;67551167
1527463405626;7792;9060;166;356564992;46614936;67552282
1527463405726;7802;9072;166;356564992;46615526;67553775
1527463405826;7812;9082;167;356564992;46616130;67554941
1527463405926;7822;9095;167;356564992;46616714;67556160
1527463406026;7832;9106;167;356564992;46617206;67557279
1527463406126;7842;9116;168;356564992;46617750;67558714
1527463406226;7852;9128;169;356564992;46618354;67559886
1527463406326;7862;9138;170;356564992;46618846;67561002
1527463406426;7872;9153;170;356564992;46619338;67562119
1527463406526;7882;9165;170;356564992;46619994;67563606
1527463406626;7892;9177;170;356564992;46620486;67564716
1527463406726;7902;9190;170;356564992;46620978;67565835
1527463406826;7912;9202;170;356564992;46621516;67567004
1527463406926;7922;9214;170;356564992;46622264;67568598
1527463407026;7932;9224;170;356564992;46622756;67569715
1527463407126;7942;9237;170;356564992;46623248;67570834
1527463407226;7952;9250;170;356564992;46623904;67572271
1527463407326;7962;9263;170;356564992;46624396;67573442
1527463407426;7972;9274;170;356564992;46624888;67574560
1527463407526;7982;9287;170;356564992;46625544;67576047
1527463407626;7992;9297;172;356564992;46626036;67577167
1527463407726;8002;9309;172;356564992;46626528;67578287
1527463407826;8012;9320;172;356564992;46627072;67579719
1527463407926;8022;9334;172;356564992;46627722;67580936
1527463408026;8032;9348;173;356564992;46628430;67582270
1527463408126;8042;9360;173;356564992;46628922;67583386
1527463408226;8052;9372;174;356564992;46629414;67584504
1527463408326;8062;9384;174;355516416;46630070;67585986
1527463408426;8072;9395;175;355516416;46630562;67587102
1527463408526;8082;9406;175;355516416;46631054;67588218
1527463408626;8092;9421;175;355516416;46631710;67589655
1527463408726;8102;9432;175;355516416;46632202;67590822
1527463408826;8112;9444;175;355516416;46632694;67591939
1527463408926;8122;9455;176;355516416;46633350;67593373
1527463409027;8132;9466;176;355516416;46633842;67594540
1527463409128;8142;9480;176;355516416;46634472;67595814
1527463409228;8152;9492;176;355516416;46634964;67596930
1527463409328;8162;9504;176;355516416;46635620;67598419
1527463409428;8172;9515;177;355516416;46636112;67599534
1527463409528;8182;9526;177;355516416;46636604;67600649
1527463409628;8192;9539;177;355516416;46637260;67602137
1527463409728;8202;9549;178;355516416;46637752;67603255
1527463409829;8212;9561;178;355516416;46638244;67604373
1527463409929;8222;9572;178;355516416;46638838;67605811
1527463410029;8232;9585;178;355516416;46639488;67606980
1527463410129;8242;9596;178;355516416;46640164;67608253
1527463410229;8252;9607;178;355516416;46640656;67609365
1527463410329;8262;9617;179;355516416;46641312;67610800
1527463410429;8272;9630;179;355516416;46641804;67611965
1527463410529;8282;9642;179;355516416;46642296;67613084
1527463410629;8292;9654;179;355516416;46642788;67614198
1527463410729;8302;9666;179;355516416;46643444;67615684
1527463410829;8312;9677;179;355516416;46643936;67616802
1527463410929;8322;9689;180;355516416;46644428;67617921
1527463411029;8332;9700;181;355516416;46645084;67619359
1527463411129;8342;9711;181;355516416;46645576;67620523
1527463411229;8352;9723;181;355516416;46646206;67621798
1527463411329;8362;9734;181;355516416;46646822;67623033
1527463411429;8372;9746;182;355516416;46647478;67624524
1527463411529;8382;9758;182;355516416;46647970;67625639
1527463411629;8392;9769;182;355516416;46648462;67626752
1527463411729;8402;9781;182;355516416;46649118;67628242
1527463411829;8412;9792;182;355516416;46649610;67629356
1527463411929;8422;9804;183;355516416;46650102;67630474
1527463412029;8432;9816;184;355516416;46650758;67631962
1527463412129;8442;9828;184;355516416;46651250;67633077
1527463412229;8452;9838;185;355516416;46651834;67634303
1527463412330;8462;9848;187;355516416;46652814;67635899
