currentTs;total_time;user_time;sys_time;virtual_size;in_octets;out_octets
1527345296687;0;0;0;311296;4391808;6504855
1527345296787;10;7;3;300900352;4391808;6504855
1527345296887;20;16;3;306909184;4391808;6504855
1527345296987;30;26;3;306909184;4391808;6504855
1527345297087;40;37;3;311758848;4391808;6504855
1527345297187;50;48;4;312897536;4391808;6504855
1527345297287;60;57;6;313946112;4391860;6505111
1527345297387;70;64;6;313946112;4391912;6505319
1527345297487;80;77;7;313946112;4391912;6505319
1527345297587;90;87;7;313946112;4391912;6505319
1527345297687;100;97;7;313946112;4391912;6505319
1527345297787;110;108;8;313946112;4391912;6505319
1527345297887;120;122;8;314019840;4392016;6505927
1527345297987;130;132;8;314019840;4392716;6507231
1527345298087;140;143;9;314019840;4392768;6507503
1527345298187;150;154;9;314019840;4392768;6507503
1527345298287;160;167;9;343498752;4393496;6511007
1527345298387;170;178;9;343498752;4393912;6513999
1527345298487;180;184;9;343588864;4393964;6514175
1527345298587;190;195;9;345292800;4394016;6514439
1527345298687;200;205;9;345292800;4394016;6514439
1527345298787;210;217;9;345292800;4394016;6514439
1527345298887;220;229;9;345292800;4394016;6514439
1527345298987;230;238;10;345292800;4394132;6514551
1527345299087;240;242;10;345292800;4394433;6515384
1527345299187;250;253;10;345292800;4395125;6517051
1527345299287;260;260;10;346341376;4395125;6517051
1527345299387;270;268;10;347389952;4395125;6517051
1527345299487;280;277;10;347389952;4395125;6517051
1527345299587;290;284;10;347389952;4395125;6517051
1527345299687;300;296;10;347389952;4395125;6517051
1527345299787;310;304;10;347389952;4395125;6517051
1527345299887;320;314;10;347389952;4395125;6517051
1527345299987;330;324;10;348438528;4395125;6517051
1527345300087;340;331;11;348438528;4395125;6517051
1527345300187;350;345;11;348438528;4395125;6517051
1527345300287;360;353;11;348438528;4395171;6517103
1527345300387;370;361;12;348438528;4395171;6517103
1527345300488;380;372;12;348438528;4395171;6517103
1527345300589;390;383;12;348438528;4395171;6517103
1527345300690;400;392;12;348438528;4395873;6518777
1527345300790;411;401;12;348438528;4395965;6518777
1527345300890;421;409;12;349487104;4396069;6520773
1527345300991;431;414;12;349487104;4396069;6520773
1527345301091;441;421;12;349552640;4396069;6520773
1527345301192;451;428;13;349552640;4396069;6520773
1527345301293;461;439;13;349552640;4396069;6520773
1527345301394;471;452;13;350601216;4396069;6520773
1527345301495;481;460;13;350601216;4396121;6520949
1527345301596;491;469;13;350601216;4396277;6521597
1527345301697;501;479;14;352698368;4396895;6523497
1527345301798;511;488;15;353026048;4397363;6525017
1527345301899;521;500;15;353177600;4397363;6525017
1527345302000;531;510;16;353271808;4397363;6525017
1527345302100;542;520;16;353419264;4397415;6525129
1527345302201;552;538;16;353419264;4397415;6525129
1527345302302;562;548;17;353419264;4397415;6525129
1527345302403;572;559;17;353419264;4397415;6525129
1527345302503;582;569;18;353419264;4397415;6525129
1527345302603;592;580;19;354467840;4397415;6525129
1527345302703;602;592;19;354467840;4397519;6525561
1527345302803;612;602;19;354467840;4397993;6526821
1527345302903;622;613;19;354467840;4397993;6526821
1527345303003;632;622;20;354467840;4397993;6526821
1527345303103;642;632;21;354467840;4398771;6528221
1527345303203;652;641;21;354467840;4398771;6528221
1527345303303;662;652;21;354467840;4398771;6528221
1527345303403;672;663;22;354467840;4399724;6532540
1527345303503;682;676;22;354467840;4400048;6533380
1527345303603;692;698;23;354467840;4401086;6537144
1527345303703;702;714;24;355516416;4402292;6540854
1527345303803;712;726;24;355516416;4402732;6541700
1527345303903;722;737;25;355516416;4403106;6542491
1527345304003;732;752;25;355516416;4403610;6543536
1527345304103;742;764;25;355516416;4403938;6544275
1527345304203;752;776;25;355516416;4404266;6545014
1527345304303;762;788;25;355516416;4404594;6545755
1527345304403;772;801;25;355516416;4404974;6546812
1527345304503;782;813;26;355516416;4405506;6547707
1527345304603;792;824;26;355516416;4405834;6548448
1527345304703;802;838;26;355516416;4406162;6549188
1527345304803;812;851;26;355516416;4406490;6549930
1527345304903;822;864;26;355516416;4406982;6551040
1527345305003;832;879;26;355516416;4407310;6551779
1527345305103;842;893;26;355516416;4407802;6552891
1527345305203;852;905;26;355516416;4408340;6554053
1527345305303;862;917;26;355516416;4408720;6555112
1527345305403;872;930;26;355516416;4409160;6555905
1527345305503;882;942;26;355516416;4409652;6557015
1527345305603;892;955;26;355516416;4410144;6558127
1527345305703;902;968;26;355516416;4410564;6558971
1527345305803;912;981;26;355516416;4411056;6560080
1527345305903;922;994;26;355516416;4411548;6561190
1527345306003;932;1007;26;355516416;4412040;6562302
1527345306103;942;1018;26;355516416;4412420;6563361
1527345306203;952;1030;27;355516416;4412860;6564155
1527345306303;962;1044;27;355516416;4413398;6565317
1527345306403;972;1057;27;355516416;4413890;6566428
1527345306503;982;1069;27;355516416;4414382;6567542
1527345306603;992;1083;27;355516416;4414762;6568602
1527345306703;1002;1095;27;355516416;4415366;6569769
1527345306803;1012;1107;27;355516416;4415838;6570934
1527345306903;1022;1119;27;355516416;4416278;6571729
1527345307003;1032;1132;27;355516416;4416770;6572842
1527345307103;1042;1144;27;355516416;4417262;6573952
1527345307203;1052;1159;27;355516416;4417754;6575064
1527345307303;1062;1170;27;355516416;4418422;6576484
1527345307403;1072;1182;27;355516416;4418914;6577596
1527345307503;1082;1194;27;355516416;4419406;6578709
1527345307603;1092;1206;27;355516416;4419898;6579820
1527345307703;1102;1220;28;355516416;4420390;6580932
1527345307803;1112;1232;28;355516416;4421378;6582473
1527345307903;1122;1242;28;355516416;4421758;6583267
1527345308003;1132;1253;29;355516416;4422342;6584485
1527345308103;1142;1264;29;355516416;4422834;6585598
1527345308203;1152;1276;29;355516416;4423326;6586658
1527345308304;1162;1288;29;355516416;4423706;6587770
1527345308404;1172;1301;29;355516416;4424192;6588616
1527345308504;1182;1312;29;355516416;4424736;6590045
1527345308604;1192;1324;29;355516416;4425176;6590839
1527345308704;1202;1335;31;355516416;4425668;6591952
1527345308804;1212;1345;32;355516416;4426160;6593064
1527345308904;1222;1360;32;355516416;4426652;6594175
1527345309004;1232;1371;32;355516416;4427144;6595289
1527345309104;1242;1384;32;355516416;4427728;6596506
1527345309204;1252;1399;32;355516416;4428220;6597619
1527345309304;1262;1410;32;355516416;4428712;6598731
1527345309404;1272;1422;32;355516416;4429256;6600160
1527345309504;1282;1433;33;355516416;4429748;6601271
1527345309604;1292;1443;35;355516416;4430398;6602486
1527345309704;1302;1456;35;355516416;4430890;6603598
1527345309805;1312;1468;35;355516416;4431382;6604709
1527345309906;1322;1478;36;355516416;4431874;6605820
1527345310007;1332;1490;36;355516416;4432366;6606934
1527345310108;1342;1500;37;355516416;4432858;6608047
1527345310208;1352;1513;37;355516416;4433350;6609161
1527345310308;1362;1525;37;355516416;4433934;6610379
1527345310408;1372;1540;38;355516416;4434426;6611491
1527345310508;1382;1551;38;355516416;4434918;6612603
1527345310608;1392;1561;40;355516416;4435462;6614035
1527345310708;1402;1572;40;355516416;4436130;6615455
1527345310808;1412;1584;41;355516416;4436734;6616620
1527345310908;1422;1595;41;355516416;4437226;6617732
1527345311008;1432;1605;43;355516416;4437718;6618839
1527345311108;1442;1616;43;355516416;4438210;6619951
1527345311208;1452;1626;44;355516416;4438702;6621063
1527345311308;1462;1640;44;355516416;4439194;6622173
1527345311408;1472;1652;44;355516416;4439778;6623390
1527345311508;1482;1663;45;355516416;4440322;6624821
1527345311608;1492;1675;45;355516416;4440814;6625932
1527345311708;1502;1686;45;355516416;4441306;6627044
1527345311808;1512;1698;45;355516416;4441956;6628259
1527345311908;1522;1708;46;355516416;4442448;6629371
1527345312008;1532;1719;46;355516416;4442940;6630478
1527345312108;1542;1731;46;355516416;4443432;6631591
1527345312208;1552;1743;46;355516416;4443924;6632704
1527345312308;1562;1754;46;355516416;4444416;6633818
1527345312408;1572;1771;46;355516416;4444908;6634931
1527345312508;1582;1786;46;355516416;4445452;6636358
1527345312608;1592;1798;46;355516416;4446148;6637628
1527345312708;1602;1809;47;355516416;4446640;6638736
1527345312808;1612;1820;47;355516416;4447178;6639899
1527345312908;1622;1831;47;355516416;4447670;6641010
1527345313008;1632;1843;47;355516416;4448162;6642122
1527345313108;1642;1857;47;355516416;4448654;6643236
1527345313208;1652;1868;47;355516416;4449310;6644667
1527345313308;1662;1880;47;355516416;4449802;6645830
1527345313408;1672;1891;47;355516416;4450182;6646683
1527345313508;1682;1902;47;355516416;4450674;6647795
1527345313608;1692;1913;47;355516416;4451166;6648908
1527345313708;1702;1924;47;355516416;4451638;6650073
1527345313808;1712;1933;48;355516416;4452078;6650866
1527345313908;1722;1945;48;355516416;4452570;6651974
1527345314008;1732;1957;48;355516416;4453284;6653446
1527345314108;1742;1976;48;355516416;4453776;6654560
1527345314208;1752;1987;48;355516416;4454268;6655676
1527345314308;1762;1998;48;355516416;4454760;6656791
1527345314408;1772;2008;48;355516416;4455252;6657902
1527345314508;1782;2019;48;355516416;4455744;6659014
1527345314608;1792;2029;49;355516416;4456236;6660128
1527345314708;1802;2040;49;355516416;4456820;6661346
1527345314808;1812;2051;49;355516416;4457312;6662460
1527345314908;1822;2060;51;355516416;4457692;6663519
1527345315009;1832;2071;51;355516416;4458296;6664683
1527345315110;1842;2082;51;355516416;4458834;6665844
1527345315211;1853;2092;52;355516416;4459162;6666585
1527345315311;1863;2102;52;355516416;4459654;6667699
1527345315411;1873;2112;52;355516416;4459810;6668653
1527345315511;1883;2124;52;355516416;4460638;6669924
1527345315611;1893;2134;52;355516416;4461130;6671036
1527345315711;1903;2146;52;355516416;4461836;6672519
1527345315811;1913;2157;52;355516416;4462374;6673634
1527345315911;1923;2168;52;355516416;4462958;6674850
1527345316011;1933;2180;52;355516416;4463450;6675964
1527345316111;1943;2191;52;355516416;4463994;6677393
1527345316211;1953;2202;52;355516416;4464486;6678506
1527345316311;1963;2212;53;355516416;4465136;6679722
1527345316411;1973;2224;53;355516416;4465628;6680835
1527345316511;1983;2239;54;355516416;4466120;6681948
1527345316611;1993;2251;54;355516416;4466710;6683374
1527345316711;2003;2262;54;355516416;4467314;6684537
1527345316811;2013;2275;54;355516416;4467806;6685651
1527345316911;2023;2287;54;355516416;4468298;6686764
1527345317011;2033;2298;54;355516416;4468934;6688301
1527345317111;2043;2310;54;355516416;4469538;6689465
1527345317211;2053;2321;54;355516416;4470030;6690579
1527345317311;2063;2335;54;355516416;4470698;6691998
1527345317411;2073;2348;54;355516416;4471242;6693430
1527345317511;2083;2360;54;355516416;4471846;6694593
1527345317611;2093;2370;55;355516416;4472338;6695704
1527345317711;2103;2380;56;355516416;4472830;6696816
1527345317811;2113;2393;56;355516416;4473374;6698248
1527345317911;2123;2404;56;355516416;4473978;6699412
1527345318011;2133;2415;56;355516416;4474470;6700521
1527345318111;2143;2427;56;355516416;4475054;6701741
1527345318211;2153;2439;56;355516416;4475710;6703173
1527345318311;2163;2452;57;355516416;4476202;6704340
1527345318411;2173;2462;58;355516416;4476740;6705504
1527345318511;2183;2473;58;355516416;4477232;6706616
1527345318611;2193;2485;58;355516416;4477776;6708048
1527345318711;2203;2496;58;355516416;4478380;6709210
1527345318811;2213;2508;58;355516416;4478872;6710322
1527345318911;2223;2517;60;355516416;4479364;6711435
1527345319011;2233;2529;60;355516416;4480020;6712920
1527345319111;2243;2542;60;355516416;4480512;6714031
1527345319211;2253;2552;61;355516416;4481004;6715142
1527345319311;2263;2564;61;355516416;4481588;6716675
1527345319411;2273;2575;61;355516416;4482132;6717788
1527345319511;2283;2586;61;355516416;4482736;6718951
1527345319611;2293;2596;61;355516416;4483274;6720115
1527345319711;2303;2607;61;355516416;4483766;6721225
1527345319811;2313;2620;61;355516416;4484422;6722703
1527345319911;2323;2631;61;355516416;4484914;6723815
1527345320011;2333;2644;61;355516416;4485406;6724926
1527345320111;2343;2656;61;355516416;4486062;6726410
1527345320211;2353;2667;61;355516416;4486554;6727520
1527345320311;2363;2681;61;355516416;4487046;6728630
1527345320411;2373;2701;61;355516416;4487630;6729849
1527345320511;2383;2714;61;355516416;4488174;6731280
1527345320611;2393;2725;61;355516416;4488778;6732443
1527345320711;2403;2737;61;355516416;4489446;6733865
1527345320811;2413;2748;61;355516416;4489938;6734977
1527345320911;2423;2759;61;355516416;4490482;6736411
1527345321011;2433;2770;61;355516416;4491086;6737574
1527345321111;2443;2781;61;355516416;4491578;6738688
1527345321211;2453;2791;62;355516416;4492070;6739799
1527345321311;2463;2802;63;355516416;4492726;6741280
1527345321411;2473;2812;63;355516416;4493218;6742393
1527345321511;2483;2824;63;355516416;4493802;6743612
1527345321611;2493;2834;64;355516416;4494346;6745044
1527345321711;2503;2845;64;355516416;4494614;6746053
1527345321811;2513;2856;65;355516416;4495488;6747370
1527345321911;2523;2867;65;355516416;4495980;6748480
1527345322011;2533;2878;65;355516416;4496524;6749911
1527345322111;2543;2888;66;355516416;4497128;6751075
1527345322211;2553;2899;67;355516416;4497620;6752187
1527345322311;2563;2910;67;355516416;4498164;6753617
1527345322411;2573;2922;67;355516416;4498768;6754782
1527345322511;2583;2932;68;355516416;4499260;6755894
1527345322611;2593;2943;68;355516416;4499844;6757113
1527345322711;2603;2954;68;355516416;4500500;6758542
1527345322811;2613;2966;68;355516416;4500992;6759706
1527345322911;2623;2976;68;355516416;4501530;6760874
1527345323011;2633;2987;68;355516416;4502022;6761984
1527345323111;2643;2999;68;355516416;4502678;6763467
1527345323211;2653;3009;68;355516416;4503170;6764580
1527345323311;2663;3020;68;355516416;4503662;6765692
1527345323411;2673;3033;68;355516416;4504318;6767175
1527345323511;2683;3044;68;355516416;4504810;6768287
1527345323611;2693;3055;69;355516416;4505302;6769396
1527345323711;2703;3066;69;355516416;4505938;6770928
1527345323811;2713;3078;69;355516416;4506542;6772095
1527345323911;2723;3089;69;355516416;4507034;6773209
1527345324011;2733;3099;70;355516416;4507702;6774626
1527345324111;2743;3110;70;355516416;4508246;6776058
1527345324211;2753;3121;70;355516416;4508850;6777221
1527345324311;2763;3131;70;355516416;4509342;6778333
1527345324411;2773;3142;70;355516416;4509886;6779764
1527345324511;2783;3153;70;355516416;4510490;6780927
1527345324611;2793;3164;70;355516416;4510982;6782039
1527345324711;2803;3175;70;355516416;4511474;6783150
1527345324811;2813;3184;72;355516416;4512130;6784634
1527345324911;2823;3195;72;355516416;4512714;6785848
1527345325011;2833;3206;72;355516416;4513206;6786961
1527345325111;2843;3216;73;355516416;4513698;6788074
1527345325211;2853;3226;74;355516416;4514400;6789604
1527345325311;2863;3237;74;355516416;4514892;6790718
1527345325411;2873;3246;75;355516416;4515384;6791830
1527345325511;2883;3256;76;355516416;4515928;6793261
1527345325611;2893;3267;76;355516416;4516532;6794427
1527345325711;2903;3278;76;355516416;4517024;6795535
1527345325811;2913;3288;76;355516416;4517516;6796644
1527345325912;2923;3298;77;355516416;4518008;6797756
1527345326013;2933;3309;77;355516416;4518756;6799341
1527345326114;2943;3320;77;355516416;4519248;6800455
1527345326214;2953;3331;77;355516416;4519740;6801566
1527345326314;2963;3342;77;355516416;4520330;6803049
1527345326414;2973;3353;77;355516416;4520934;6804214
1527345326514;2983;3364;77;355516416;4521426;6805329
1527345326614;2993;3375;77;355516416;4521918;6806441
1527345326714;3003;3386;77;355516416;4522410;6807554
1527345326814;3013;3397;77;355516416;4523066;6809037
1527345326914;3023;3410;77;355516416;4523558;6810146
1527345327014;3033;3421;77;355516416;4524050;6811258
1527345327114;3043;3432;77;355516416;4524798;6812843
1527345327214;3053;3442;77;355516416;4525290;6813951
1527345327314;3063;3454;77;355516416;4525782;6815061
1527345327414;3073;3466;77;355516416;4526450;6816477
1527345327514;3083;3478;77;355516416;4527106;6817960
1527345327614;3093;3488;78;355516416;4527598;6819067
1527345327714;3103;3499;78;355516416;4528090;6820175
1527345327814;3113;3509;78;355516416;4528582;6821609
1527345327914;3123;3523;79;355516416;4529126;6822718
1527345328014;3133;3536;79;355516416;4529730;6823882
1527345328114;3143;3547;79;355516416;4530610;6824995
1527345328214;3153;3558;79;355516416;4531102;6826109
1527345328314;3163;3568;79;355516416;4531738;6827644
1527345328414;3173;3578;80;355516416;4532342;6828808
1527345328514;3183;3590;80;355516416;4532880;6829973
1527345328614;3193;3603;80;355516416;4533372;6831084
1527345328714;3203;3614;80;355516416;4533916;6832512
1527345328814;3213;3626;81;355516416;4534520;6833679
1527345328914;3223;3637;83;355516416;4535012;6834790
1527345329014;3233;3649;83;355516416;4535504;6835901
1527345329114;3243;3660;84;355516416;4535996;6837012
1527345329214;3253;3671;84;355516416;4536540;6838440
1527345329314;3263;3682;85;355516416;4537144;6839605
1527345329414;3273;3693;85;355516416;4537636;6840716
1527345329514;3283;3704;85;355516416;4538220;6841933
1527345329614;3293;3716;85;355516416;4538810;6843416
1527345329714;3303;3726;86;355516416;4539414;6844582
1527345329814;3313;3738;86;355516416;4539906;6845693
1527345329914;3323;3748;87;355516416;4540398;6846804
1527345330014;3333;3759;87;355516416;4540890;6847916
1527345330114;3343;3772;88;355516416;4541546;6849396
1527345330214;3353;3784;88;355516416;4542038;6850509
1527345330315;3363;3796;88;355516416;4542530;6851620
1527345330416;3373;3806;89;355516416;4543074;6853050
1527345330517;3383;3817;90;355516416;4543678;6854211
1527345330617;3393;3828;90;355516416;4544262;6855427
1527345330717;3403;3838;90;355516416;4545124;6857012
1527345330817;3413;3849;90;355516416;4545616;6858126
1527345330917;3423;3860;90;355516416;4546272;6859607
1527345331017;3433;3872;90;355516416;4546810;6860718
1527345331117;3443;3885;90;355516416;4547302;6861829
1527345331217;3453;3898;90;355516416;4547630;6862569
1527345331317;3463;3907;93;355516416;4548122;6863679
1527345331417;3473;3919;93;355516416;4548614;6864793
1527345331517;3483;3930;93;355516416;4549158;6866227
1527345331617;3493;3942;93;355516416;4549650;6867336
1527345331717;3503;3953;93;355516416;4550300;6868497
1527345331817;3513;3963;94;355516416;4550838;6869711
1527345331917;3523;3974;94;355516416;4551428;6871192
1527345332017;3533;3985;95;355516416;4552032;6872357
1527345332117;3543;3995;95;355516416;4552524;6873468
1527345332217;3553;4006;95;355516416;4553016;6874581
1527345332317;3563;4016;96;355516416;4553672;6876064
1527345332417;3573;4026;96;355516416;4554164;6877177
1527345332517;3583;4037;96;355516416;4554656;6878288
1527345332617;3593;4048;96;355516416;4555200;6879718
1527345332717;3603;4059;96;355516416;4555804;6880879
1527345332817;3613;4072;96;355516416;4556296;6881992
1527345332917;3623;4084;96;355516416;4556880;6883210
1527345333017;3633;4094;96;355516416;4557418;6884377
1527345333117;3643;4106;97;355516416;4558074;6885856
1527345333217;3653;4116;97;355516416;4558566;6886965
1527345333317;3663;4127;97;355516416;4559058;6888075
1527345333417;3673;4137;97;355516416;4559550;6889184
1527345333517;3683;4149;97;355516416;4560042;6890614
1527345333617;3693;4161;97;355516416;4560698;6891779
1527345333717;3703;4169;99;355516416;4561190;6892892
1527345333817;3713;4179;100;355516416;4561682;6894004
1527345333917;3723;4191;100;355516416;4562174;6895116
1527345334017;3733;4202;101;355516416;4562934;6896641
1527345334117;3743;4215;101;355516416;4563478;6898070
1527345334217;3753;4229;101;355516416;4563970;6899180
1527345334317;3763;4240;101;355516416;4564574;6900346
1527345334418;3773;4251;101;355516416;4565066;6901461
1527345334519;3783;4262;101;355516416;4565558;6902574
1527345334620;3793;4274;101;355516416;4566102;6904009
1527345334721;3804;4285;101;355516416;4566706;6905170
1527345334822;3814;4298;101;355516416;4567198;6906289
1527345334923;3824;4308;101;355516416;4567690;6907401
1527345335023;3834;4319;102;355516416;4568182;6908509
1527345335123;3844;4330;102;355516416;4568976;6910150
1527345335223;3854;4342;102;355516416;4569468;6911258
1527345335323;3864;4354;102;355516416;4569960;6912369
1527345335423;3874;4365;102;355516416;4570452;6913480
1527345335523;3884;4375;102;355516416;4570944;6914588
1527345335623;3894;4387;102;355516416;4571488;6916012
1527345335723;3904;4398;102;355516416;4572092;6917125
1527345335823;3914;4411;102;355516416;4572584;6918288
1527345335923;3924;4423;102;355516416;4573076;6919399
1527345336023;3934;4435;102;355516416;4573568;6920512
1527345336123;3944;4448;102;355516416;4574060;6921624
1527345336223;3954;4459;102;355516416;4574552;6922737
1527345336323;3964;4471;102;355516416;4575182;6924003
1527345336423;3974;4483;102;355516416;4575674;6925110
1527345336523;3984;4496;102;355516416;4576166;6926222
1527345336623;3994;4509;102;355516416;4576658;6927334
1527345336723;4004;4520;102;355516416;4577150;6928445
1527345336823;4014;4532;102;355516416;4577642;6929565
1527345336923;4024;4542;103;355516416;4578134;6930676
1527345337023;4034;4555;103;355516416;4578790;6932157
1527345337123;4044;4567;103;355516416;4579170;6933216
1527345337223;4054;4579;103;355516416;4579774;6934332
1527345337323;4064;4591;103;355516416;4580266;6935498
1527345337423;4074;4603;104;355516416;4580914;6936971
1527345337523;4084;4613;105;355516416;4581518;6938141
1527345337623;4094;4623;107;355516416;4582010;6939253
1527345337723;4104;4633;108;355516416;4582502;6940365
1527345337823;4114;4646;109;355516416;4582994;6941478
1527345337923;4124;4657;109;355516416;4583486;6942592
1527345338023;4134;4668;110;355516416;4583978;6943702
1527345338123;4144;4680;110;355516416;4584470;6944814
1527345338223;4154;4693;110;355516416;4584962;6945927
1527345338323;4164;4705;110;355516416;4585454;6947038
1527345338423;4174;4717;110;355516416;4585998;6948470
1527345338523;4184;4729;110;355516416;4586628;6949742
1527345338623;4194;4740;110;355516416;4587120;6950857
1527345338723;4204;4753;110;355516416;4587612;6951972
1527345338823;4214;4765;110;355516416;4588216;6953138
1527345338923;4224;4776;111;355516416;4588708;6954249
1527345339023;4234;4789;111;355516416;4589200;6955363
1527345339123;4244;4803;111;355516416;4589692;6956476
1527345339223;4254;4815;111;355516416;4590184;6957591
1527345339323;4264;4827;111;355516416;4590676;6958700
1527345339423;4274;4838;111;355516416;4591168;6959815
1527345339523;4284;4848;112;355516416;4591660;6960930
1527345339623;4294;4859;112;355516416;4592290;6962199
1527345339723;4304;4872;112;355516416;4592782;6963312
1527345339823;4314;4883;112;355516416;4593274;6964423
1527345339923;4324;4894;112;355516416;4593930;6965905
1527345340023;4334;4907;112;355516416;4594422;6967016
1527345340123;4344;4918;112;355516416;4594914;6968128
1527345340223;4354;4929;112;355516416;4595406;6969237
1527345340323;4364;4941;112;355516416;4595898;6970349
1527345340424;4374;4952;112;355516416;4596390;6971463
1527345340525;4384;4963;112;355516416;4596882;6972578
1527345340625;4394;4976;112;355516416;4597538;6974062
1527345340725;4404;4987;112;355516416;4598298;6975592
1527345340826;4414;4998;112;355516416;4598790;6976732
1527345340927;4424;5007;114;355516416;4599282;6977867
1527345341028;4434;5018;115;355516416;4599774;6979005
1527345341129;4444;5032;115;355516416;4600266;6980135
1527345341229;4454;5043;115;355516416;4600758;6981264
1527345341329;4464;5052;117;355516416;4601414;6982766
1527345341429;4474;5065;117;355516416;4601906;6983901
1527345341529;4484;5076;117;355516416;4602398;6985030
1527345341629;4494;5086;117;355516416;4602890;6986161
1527345341729;4504;5098;117;355516416;4603382;6987289
1527345341829;4514;5109;117;355516416;4603972;6988796
1527345341929;4524;5121;117;355516416;4604556;6990030
1527345342029;4534;5133;117;355516416;4605264;6991413
1527345342129;4544;5144;117;355516416;4605756;6992543
1527345342229;4554;5155;117;355516416;4606248;6993673
1527345342329;4564;5166;117;355516416;4606740;6994803
1527345342429;4574;5176;117;355516416;4607232;6995933
1527345342529;4584;5187;117;355516416;4607776;6997368
1527345342629;4594;5198;118;355516416;4608268;6998481
1527345342729;4604;5211;118;355516416;4608872;6999645
1527345342829;4614;5221;119;355516416;4609364;7000760
1527345342929;4624;5231;120;355516416;4609902;7001929
1527345343029;4634;5242;120;355516416;4610486;7003465
1527345343129;4644;5253;120;355516416;4611030;7004582
1527345343229;4654;5264;120;355516416;4611634;7005750
1527345343329;4664;5273;122;355516416;4612126;7006869
1527345343429;4674;5283;123;355516416;4612618;7007984
1527345343529;4684;5295;123;355516416;4613110;7009420
1527345343629;4694;5307;124;355516416;4613654;7010538
1527345343729;4704;5319;124;355516416;4614258;7011707
1527345343829;4714;5330;125;355516416;4614750;7012825
1527345343929;4724;5342;125;355516416;4615242;7013944
1527345344029;4734;5353;125;355516416;4615910;7015369
1527345344129;4744;5363;125;355516416;4616658;7016965
1527345344229;4754;5374;126;355516416;4617150;7018081
1527345344329;4764;5383;127;355516416;4617642;7019201
1527345344430;4774;5393;128;355516416;4618134;7020318
1527345344531;4785;5405;128;355516416;4618626;7021436
1527345344632;4795;5417;128;355516416;4619282;7022924
1527345344732;4805;5428;128;355516416;4619774;7024042
1527345344832;4815;5440;128;355516416;4620266;7025159
1527345344932;4825;5451;128;355516416;4620758;7026276
1527345345032;4835;5462;128;355516416;4621302;7027713
1527345345132;4845;5473;128;355516416;4621906;7028883
1527345345232;4855;5484;128;355516416;4622444;7030056
1527345345332;4865;5495;128;355516416;4623028;7031277
1527345345432;4875;5507;128;355516416;4623520;7032395
1527345345532;4885;5519;128;355516416;4624064;7033830
1527345345632;4895;5530;128;355516416;4624668;7034999
1527345345732;4905;5541;128;355516416;4625210;7036116
1527345345832;4915;5556;128;355516416;4625702;7037233
1527345345932;4925;5566;129;355516416;4626246;7038671
1527345346032;4935;5577;129;355516416;4626784;7039788
1527345346132;4945;5588;129;355516416;4627388;7040958
1527345346232;4955;5600;129;355516416;4627926;7042077
1527345346332;4965;5611;129;355516416;4628516;7043568
1527345346432;4975;5622;129;355516416;4629100;7044788
1527345346532;4985;5633;129;355516416;4629704;7045957
1527345346632;4995;5645;129;355516416;4630196;7047076
1527345346732;5005;5656;129;355516416;4630688;7048194
1527345346832;5015;5667;129;355516416;4631180;7049307
1527345346932;5025;5679;129;355516416;4631724;7050746
1527345347032;5035;5690;129;355516416;4632216;7051863
1527345347132;5045;5703;129;355516416;4632820;7053034
1527345347232;5055;5714;130;355516416;4633312;7054151
1527345347332;5065;5726;130;355516416;4633804;7055268
1527345347432;5075;5740;130;355516416;4634472;7056694
1527345347532;5085;5751;130;355516416;4634964;7057810
1527345347632;5095;5764;130;355516416;4635712;7059402
1527345347732;5105;5775;130;355516416;4636204;7060518
1527345347832;5115;5784;132;355516416;4636696;7061632
1527345347932;5125;5795;132;355516416;4637188;7062749
1527345348032;5135;5806;132;355516416;4637680;7063866
1527345348132;5145;5817;133;355516416;4638336;7065352
1527345348232;5155;5828;133;355516416;4638828;7066468
1527345348332;5165;5839;133;355516416;4639320;7067585
1527345348432;5175;5851;133;355516416;4639812;7068702
1527345348532;5185;5862;133;355516416;4640350;7069871
1527345348632;5195;5874;133;355516416;4641006;7071360
1527345348733;5205;5884;134;355516416;4641498;7072476
1527345348834;5215;5895;134;355516416;4642082;7073697
1527345348935;5225;5906;134;355516416;4642574;7074815
1527345349036;5235;5917;134;355516416;4643066;7075930
1527345349137;5245;5929;134;355516416;4643722;7077420
1527345349238;5255;5942;134;355516416;4644214;7078538
1527345349339;5265;5954;134;355516416;4644706;7079654
1527345349440;5275;5965;135;355516416;4645198;7081091
1527345349541;5286;5976;135;355516416;4645742;7082207
1527345349641;5296;5989;135;355516416;4646392;7083426
1527345349741;5306;6001;135;355516416;4646884;7084541
1527345349841;5316;6012;135;355516416;4647376;7085656
1527345349941;5326;6022;135;355516416;4648012;7087195
1527345350041;5336;6032;136;355516416;4648616;7088364
1527345350141;5346;6044;136;355516416;4649108;7089481
1527345350241;5356;6055;136;355516416;4649600;7090598
1527345350341;5366;6066;136;355516416;4650092;7091717
1527345350441;5376;6078;136;355516416;4650636;7093155
1527345350541;5386;6089;136;355516416;4651240;7094324
1527345350641;5396;6100;136;355516416;4651732;7095439
1527345350741;5406;6111;136;355516416;4652446;7096917
1527345350841;5416;6122;136;355516416;4652990;7098304
1527345350941;5426;6132;137;355516416;4653594;7099525
1527345351041;5436;6143;137;355516416;4654178;7100744
1527345351141;5446;6152;138;355516416;4654670;7101861
1527345351241;5456;6162;139;355516416;4655162;7102976
1527345351341;5466;6173;139;355516416;4655818;7104464
1527345351441;5476;6184;140;355516416;4656310;7105583
1527345351541;5486;6195;140;355516416;4656802;7106699
1527345351641;5496;6206;140;355516416;4657294;7107811
1527345351741;5506;6217;140;355516416;4657786;7108930
1527345351841;5516;6228;140;355516416;4658376;7110418
1527345351941;5526;6237;142;355516416;4658980;7111589
1527345352041;5536;6248;142;355516416;4659472;7112707
1527345352141;5546;6258;142;355516416;4659964;7113822
1527345352241;5556;6270;142;355516416;4660548;7115047
1527345352341;5566;6282;142;355516416;4661204;7116538
1527345352441;5576;6291;144;355516416;4661696;7117654
1527345352541;5586;6303;144;355516416;4662188;7118774
1527345352641;5596;6315;144;355516416;4662680;7119889
1527345352741;5606;6326;144;355516416;4663172;7121004
1527345352841;5616;6338;144;355516416;4663828;7122491
1527345352941;5626;6348;144;355516416;4664320;7123609
1527345353041;5636;6359;145;355516416;4664858;7124779
1527345353141;5646;6370;145;355516416;4665350;7125894
1527345353241;5656;6382;145;355516416;4665842;7127011
1527345353341;5666;6392;146;355516416;4666590;7128604
1527345353441;5676;6404;146;355516416;4667082;7129720
1527345353541;5686;6422;146;355516416;4667574;7130833
1527345353641;5696;6433;146;355516416;4668066;7131947
1527345353741;5706;6444;146;355516416;4668558;7133061
1527345353841;5716;6456;146;355516416;4669102;7134496
1527345353941;5726;6467;146;355516416;4669706;7135666
1527345354041;5736;6480;146;355516416;4670374;7137092
1527345354141;5746;6489;148;355516416;4670866;7138209
1527345354241;5756;6500;148;355516416;4671358;7139328
1527345354341;5766;6511;148;355516416;4671902;7140766
1527345354441;5776;6523;148;355516416;4672598;7142038
1527345354541;5786;6534;148;355516416;4673090;7143158
1527345354641;5796;6545;148;355516416;4673582;7144273
1527345354741;5806;6556;148;355516416;4674074;7145391
1527345354841;5816;6567;148;355516416;4674730;7146828
1527345354941;5826;6580;148;355516416;4675222;7147998
1527345355041;5836;6590;148;355516416;4675714;7149113
1527345355141;5846;6602;149;355516416;4676206;7150231
1527345355241;5856;6612;150;355516416;4676744;7151398
1527345355341;5866;6622;151;355516416;4677400;7152887
1527345355441;5876;6633;151;355516416;4677892;7154003
1527345355541;5886;6645;151;355516416;4678384;7155117
1527345355641;5896;6656;151;355516416;4679020;7156658
1527345355741;5906;6667;151;355516416;4679624;7157828
1527345355841;5916;6678;151;355516416;4680116;7158943
1527345355941;5926;6689;152;355516416;4680608;7160060
1527345356041;5936;6703;152;355516416;4681100;7161177
1527345356141;5946;6714;152;355516416;4681756;7162669
1527345356241;5956;6725;152;355516416;4682248;7163786
1527345356341;5966;6736;152;355516416;4682786;7164951
1527345356441;5976;6747;152;355516416;4683278;7166062
1527345356541;5986;6757;152;355516416;4683822;7167501
1527345356641;5996;6769;153;355516416;4684426;7168671
1527345356741;6006;6780;153;355516416;4684898;7169839
1527345356841;6016;6794;153;355516416;4685502;7171008
1527345356941;6026;6804;154;355516416;4685994;7172124
1527345357041;6036;6815;154;355516416;4686538;7173558
1527345357141;6046;6826;154;355516416;4687142;7174726
1527345357241;6056;6838;154;355516416;4687634;7175845
1527345357341;6066;6849;154;355516416;4688126;7176961
1527345357441;6076;6860;154;355516416;4689010;7178873
1527345357541;6086;6869;156;355516416;4689502;7180011
1527345357641;6096;6880;156;355516416;4689994;7181151
1527345357741;6106;6891;156;355516416;4690486;7182288
1527345357841;6116;6902;156;355516416;4690978;7183422
1527345357941;6126;6913;156;355516416;4691726;7185042
1527345358041;6136;6924;157;355516416;4692218;7186173
1527345358141;6146;6935;157;355516416;4693098;7187304
1527345358241;6156;6946;157;355516416;4693590;7188761
1527345358341;6166;6956;158;355516416;4694246;7189946
1527345358441;6176;6968;158;355516416;4694738;7191079
1527345358541;6186;6978;159;355516416;4695276;7192267
1527345358641;6196;6989;159;355516416;4695768;7193399
1527345358741;6206;7000;159;355516416;4696424;7194911
1527345358841;6216;7010;160;355516416;4696916;7196042
1527345358941;6226;7021;160;355516416;4697408;7197174
1527345359041;6236;7031;161;355516416;4697992;7198411
1527345359141;6246;7042;161;355516416;4698648;7199862
1527345359241;6256;7053;161;355516416;4699140;7201045
1527345359341;6266;7064;161;355516416;4699632;7202175
1527345359441;6276;7076;161;355516416;4700176;7203633
1527345359541;6286;7087;161;355516416;4700780;7204821
1527345359641;6296;7099;161;355516416;4701318;7206004
1527345359741;6306;7109;162;355516416;4701810;7207140
1527345359841;6316;7120;162;355516416;4702302;7208272
1527345359941;6326;7132;162;355516416;4702794;7209405
1527345360041;6336;7143;162;355516416;4703450;7210912
1527345360141;6346;7156;163;355516416;4703942;7212042
1527345360241;6356;7167;163;355516416;4704526;7213276
1527345360341;6366;7178;163;355516416;4705018;7214738
1527345360441;6376;7190;163;355516416;4705674;7215929
1527345360541;6386;7201;163;355516416;4706166;7217065
1527345360641;6396;7212;163;355516416;4706658;7218197
1527345360741;6406;7225;163;355516416;4707428;7219963
1527345360841;6416;7236;163;355516416;4708032;7221147
1527345360941;6426;7247;164;355516416;4708556;7222296
1527345361041;6436;7258;164;355516416;4709048;7223405
1527345361141;6446;7270;165;355516416;4709540;7224516
1527345361241;6456;7282;165;355516416;4710196;7225998
1527345361341;6466;7295;165;355516416;4710780;7227217
1527345361441;6476;7306;165;355516416;4711318;7228332
1527345361541;6486;7317;166;355516416;4711810;7229445
1527345361641;6496;7328;166;355516416;4712302;7230878
1527345361741;6506;7340;167;355516416;4712846;7231785
1527345361841;6516;7351;167;355516416;4713384;7232951
1527345361941;6526;7362;167;355516416;4713876;7234062
1527345362041;6536;7373;168;355516416;4714420;7235495
1527345362141;6546;7384;168;355516416;4715024;7236664
1527345362241;6556;7395;168;355516416;4715516;7237779
1527345362341;6566;7406;170;355516416;4716008;7238894
1527345362441;6576;7417;170;355516416;4716500;7240008
1527345362541;6586;7428;170;355516416;4717248;7241601
1527345362641;6596;7440;170;355516416;4717740;7242717
1527345362741;6606;7452;170;355516416;4718232;7243829
1527345362841;6616;7463;170;355516416;4718724;7244943
1527345362941;6626;7473;171;355516416;4719380;7246431
1527345363041;6636;7484;173;355516416;4719918;7247601
1527345363141;6646;7494;173;355516416;4720410;7248715
1527345363241;6656;7508;173;355516416;4720902;7249828
1527345363341;6666;7518;174;355516416;4721446;7251261
1527345363441;6676;7530;174;355516416;4721938;7252375
1527345363541;6686;7543;174;355516416;4722542;7253540
1527345363641;6696;7553;175;355516416;4723126;7254760
1527345363741;6706;7565;175;355516416;4723618;7255877
1527345363841;6716;7577;175;355516416;4724110;7256993
1527345363941;6726;7589;175;355516416;4724602;7258103
1527345364041;6736;7600;176;355516416;4725094;7259537
1527345364141;6746;7614;176;355516416;4725814;7260957
1527345364241;6756;7626;176;355516416;4726418;7262122
1527345364341;6766;7637;176;355516416;4726910;7263238
1527345364441;6776;7649;176;355516416;4727402;7264356
1527345364541;6786;7663;176;355516416;4727946;7265793
1527345364641;6796;7675;176;355516416;4728550;7266961
1527345364741;6806;7688;176;355516416;4729134;7268179
1527345364841;6816;7699;178;355516416;4729626;7269295
1527345364941;6826;7709;178;355516416;4730118;7270406
1527345365041;6836;7723;178;355516416;4730610;7271524
1527345365141;6846;7742;178;355516416;4731102;7272640
1527345365241;6856;7755;179;355516416;4731640;7273810
1527345365341;6866;7766;179;355516416;4732132;7274925
1527345365441;6876;7779;179;355516416;4732624;7276041
1527345365541;6886;7791;179;355516416;4733116;7277158
1527345365641;6896;7803;179;355516416;4733608;7278592
1527345365741;6906;7815;179;355516416;4734264;7279757
1527345365841;6916;7829;180;355516416;4734756;7280873
1527345365941;6926;7840;180;355516416;4735340;7282096
1527345366041;6936;7853;180;355516416;4735832;7283208
1527345366141;6946;7864;182;355516416;4736324;7284323
1527345366241;6956;7875;183;355516416;4736816;7285440
1527345366341;6966;7887;184;355516416;4737308;7286554
1527345366441;6976;7903;184;355516416;4737898;7288042
1527345366541;6986;7915;184;355516416;4738502;7289206
1527345366641;6996;7927;184;355516416;4738994;7290323
1527345366741;7006;7938;184;355516416;4739486;7291436
1527345366841;7016;7951;184;355516416;4739978;7292555
1527345366941;7026;7962;184;355516416;4740246;7293888
1527345367041;7036;7974;184;355516416;4741106;7295211
1527345367141;7046;7984;186;355516416;4741710;7296377
1527345367241;7056;7995;187;355516416;4742202;7297497
1527345367341;7066;8006;187;355516416;4742694;7298612
1527345367441;7076;8017;189;355516416;4743362;7300035
1527345367541;7086;8028;190;355516416;4743742;7301098
1527345367641;7096;8040;190;355516416;4744346;7302268
1527345367741;7106;8051;191;355516416;4744890;7303702
1527345367841;7116;8063;191;355516416;4745494;7304869
1527345367941;7126;8075;191;355516416;4745986;7305982
1527345368041;7136;8090;191;355516416;4746478;7307099
1527345368141;7146;8103;191;355516416;4746970;7308216
1527345368241;7156;8116;191;355516416;4747554;7309438
1527345368341;7166;8126;192;355516416;4748098;7310876
1527345368441;7176;8138;193;355516416;4748590;7311992
1527345368541;7186;8152;193;355516416;4749082;7313104
1527345368641;7196;8165;193;355516416;4749620;7314270
1527345368741;7206;8177;193;355516416;4750224;7315440
1527345368841;7216;8188;193;355516416;4750716;7316558
1527345368941;7226;8200;193;355516416;4751208;7317672
1527345369041;7236;8212;193;355516416;4751700;7318790
1527345369141;7246;8224;193;355516416;4752244;7320228
1527345369241;7256;8234;195;355516416;4752848;7321396
1527345369341;7266;8247;195;355516416;4753432;7322619
1527345369441;7276;8259;196;355516416;4753924;7323737
1527345369541;7286;8273;196;355516416;4754416;7324853
1527345369641;7296;8286;196;355516416;4754908;7325969
1527345369741;7306;8297;196;355516416;4755446;7327136
1527345369841;7316;8309;196;355516416;4755938;7328569
1527345369941;7326;8321;198;355516416;4756482;7329683
1527345370041;7336;8334;199;355516416;4757086;7330852
1527345370141;7346;8345;200;355516416;4757578;7331969
1527345370241;7356;8356;200;355516416;4758070;7333087
1527345370341;7366;8367;201;355516416;4758562;7334204
1527345370441;7376;8378;201;355516416;4759054;7335321
1527345370541;7386;8389;201;355516416;4759802;7336912
1527345370641;7396;8401;201;355516416;4760294;7338028
1527345370741;7406;8413;201;355516416;4760962;7339451
1527345370841;7416;8424;201;355516416;4761454;7340569
1527345370941;7426;8437;202;355516416;4761946;7341684
1527345371041;7436;8454;202;356564992;4762438;7342797
1527345371141;7446;8466;202;356564992;4762930;7343912
1527345371241;7456;8478;202;356564992;4763474;7345345
1527345371341;7466;8490;202;356564992;4764078;7346514
1527345371441;7476;8502;202;356564992;4764570;7347631
1527345371541;7486;8514;202;356564992;4765062;7348749
1527345371641;7496;8525;202;356564992;4765646;7349967
1527345371741;7506;8536;204;356564992;4766138;7351081
1527345371841;7516;8549;204;356564992;4766630;7352197
1527345371941;7526;8559;205;356564992;4767220;7353689
1527345372041;7536;8570;206;356564992;4767824;7354858
1527345372141;7546;8583;206;356564992;4768316;7355976
1527345372241;7556;8592;207;356564992;4768808;7357089
1527345372341;7566;8606;208;356564992;4769300;7358206
1527345372441;7576;8618;208;356564992;4769792;7359325
1527345372541;7586;8631;208;356564992;4770336;7360756
1527345372641;7596;8643;209;356564992;4770940;7361921
1527345372741;7606;8654;210;356564992;4771524;7363141
1527345372841;7616;8667;210;356564992;4772016;7364258
1527345372941;7626;8677;211;356564992;4772612;7365373
1527345373041;7636;8690;211;356564992;4773104;7366488
1527345373141;7646;8701;211;356564992;4773694;7367976
1527345373241;7656;8712;212;356564992;4774298;7369144
1527345373341;7666;8724;212;356564992;4774790;7370261
1527345373441;7676;8735;212;356564992;4775282;7371377
1527345373541;7686;8746;212;356564992;4775774;7372492
1527345373641;7696;8758;212;356564992;4776318;7373926
1527345373741;7706;8770;212;356564992;4776922;7375097
1527345373841;7716;8780;212;356564992;4777414;7376214
1527345373941;7726;8791;212;356564992;4777998;7377433
1527345374041;7736;8802;212;356564992;4778542;7378864
1527345374141;7746;8814;213;356564992;4779210;7380286
1527345374241;7756;8825;213;356564992;4779814;7381452
1527345374341;7766;8835;213;356564992;4780306;7382567
1527345374441;7776;8846;213;356564992;4780798;7383687
1527345374541;7786;8858;213;356564992;4781342;7385122
1527345374641;7796;8870;213;356564992;4781834;7386238
1527345374741;7806;8881;213;356564992;4782438;7387399
1527345374841;7816;8894;213;356564992;4782930;7388512
1527345374941;7826;8904;213;356564992;4783422;7389624
1527345375041;7836;8919;213;356564992;4783966;7391057
1527345375141;7846;8929;214;356564992;4784662;7392322
1527345375241;7856;8941;214;356564992;4785154;7393437
1527345375341;7866;8954;214;356564992;4785692;7394604
1527345375441;7876;8966;214;356564992;4786184;7395719
1527345375541;7886;8978;214;356564992;4786840;7397205
1527345375641;7896;8990;214;356564992;4787332;7398324
1527345375741;7906;9002;214;356564992;4787874;7399441
1527345375841;7916;9013;215;356564992;4788366;7400558
1527345375941;7926;9023;216;356564992;4788858;7401673
1527345376041;7936;9034;216;356564992;4789560;7403159
1527345376141;7946;9045;217;356564992;4790052;7404276
1527345376241;7956;9056;217;356564992;4790636;7405494
1527345376341;7966;9067;217;356564992;4791226;7406928
1527345376441;7976;9077;218;356564992;4791876;7408146
1527345376541;7986;9090;218;356564992;4792368;7409264
1527345376641;7996;9101;218;356564992;4792860;7410382
1527345376741;8006;9113;218;356564992;4793352;7411497
1527345376841;8016;9125;218;356564992;4793844;7412617
1527345376941;8026;9136;218;356564992;4794336;7413733
1527345377041;8036;9154;219;356564992;4794992;7415219
1527345377141;8046;9166;219;356564992;4795484;7416338
1527345377241;8056;9177;219;356564992;4795976;7417454
1527345377341;8066;9187;219;356564992;4796560;7418675
1527345377441;8076;9201;219;356564992;4797228;7420049
1527345377541;8086;9210;220;356564992;4797720;7421217
1527345377641;8096;9219;221;356564992;4798212;7422331
1527345377741;8106;9229;222;356564992;4798704;7423448
1527345377841;8116;9240;222;356564992;4799248;7424671
1527345377941;8126;9252;222;356564992;4799740;7425790
1527345378041;8136;9268;222;356564992;4800232;7426910
1527345378141;8146;9279;222;356564992;4800724;7428025
1527345378241;8156;9291;222;356564992;4801268;7429462
1527345378341;8166;9302;222;356564992;4801872;7430633
1527345378441;8176;9313;223;356564992;4802364;7431750
1527345378541;8186;9323;224;356564992;4802948;7432973
1527345378641;8196;9334;224;356564992;4803486;7434143
1527345378741;8206;9344;225;356564992;4803978;7435578
1527345378841;8216;9356;225;356564992;4804522;7436698
1527345378941;8226;9367;225;356564992;4805126;7437870
1527345379041;8236;9380;226;356564992;4805618;7438983
1527345379141;8246;9390;227;356564992;4806110;7440095
1527345379241;8256;9402;228;356564992;4806602;7441210
1527345379341;8266;9414;228;356564992;4807094;7442326
1527345379441;8276;9425;228;356564992;4807586;7443444
1527345379541;8286;9439;228;356564992;4808130;7444874
1527345379641;8296;9449;229;356564992;4808760;7446145
1527345379741;8306;9461;229;356564992;4809364;7447313
1527345379841;8316;9475;229;356564992;4809856;7448429
1527345379941;8326;9485;230;356564992;4810348;7449545
1527345380041;8336;9499;230;356564992;4810840;7450662
1527345380141;8346;9510;230;356564992;4811332;7451777
1527345380241;8356;9522;230;356564992;4811988;7453265
1527345380341;8366;9534;230;356564992;4812480;7454380
1527345380441;8376;9546;230;356564992;4812972;7455497
1527345380541;8386;9558;230;356564992;4813464;7456613
1527345380641;8396;9569;230;356564992;4814008;7458052
1527345380741;8406;9581;230;356564992;4814612;7459217
1527345380841;8416;9593;231;356564992;4815372;7460745
1527345380941;8426;9604;232;356564992;4815864;7461860
1527345381041;8436;9615;232;356564992;4816356;7462978
1527345381141;8446;9626;232;356564992;4816900;7464417
1527345381241;8456;9638;232;356564992;4817504;7465586
1527345381341;8466;9649;232;356564992;4817996;7466703
1527345381441;8476;9660;232;356564992;4818488;7467820
1527345381541;8486;9672;232;356564992;4818980;7468932
1527345381641;8496;9684;232;356564992;4819524;7470367
1527345381741;8506;9695;233;356564992;4820128;7471532
1527345381841;8516;9706;233;356564992;4820620;7472651
1527345381941;8526;9718;233;356564992;4821250;7473921
1527345382041;8536;9731;233;356564992;4821742;7475036
1527345382141;8546;9742;233;356564992;4822286;7476473
1527345382241;8556;9754;233;356564992;4822890;7477644
1527345382341;8566;9766;233;356564992;4823382;7478762
1527345382441;8576;9778;233;356564992;4823874;7479874
1527345382541;8586;9790;234;356564992;4824366;7480992
1527345382641;8596;9801;235;356564992;4824858;7482111
1527345382741;8606;9815;235;356564992;4825402;7483554
1527345382841;8616;9826;235;356564992;4826006;7484718
1527345382941;8626;9837;236;356564992;4826498;7485832
1527345383041;8636;9849;236;356564992;4827128;7487105
1527345383141;8646;9860;236;356564992;4827620;7488221
1527345383241;8656;9871;237;356564992;4828164;7489658
1527345383341;8666;9882;238;356564992;4828768;7490824
1527345383441;8676;9892;238;356564992;4829260;7491940
1527345383541;8686;9903;239;356564992;4829752;7493058
1527345383641;8696;9914;239;356564992;4830244;7494178
1527345383741;8706;9925;239;356564992;4832412;7499402
