   3459    3590
   3461    3598
   3472    3594
   3455    3580
   3440    3578
   3453    3567
   3452    3575
   3462    3584
   3458    3602
   3454    3591
   3453    3585
   3460    3578
   3448    3574
   3458    3578
   3472    3589
   3460    3595
   3458    3602
   3450    3598
   3462    3575
   3448    3577
   3455    3585
   3452    3587
   3453    3579
   3460    3593
   3459    3595
   3458    3584
   3449    3584
   3452    3581
   3457    3585
   3450    3594
   3458    3592
   3465    3589
   3451    3585
   3462    3591
   3470    3593
   3450    3586
   3452    3584
   3443    3575
   3459    3578
   3455    3588
   3471    3601
   3463    3602
   3452    3586
   3455    3573
   3444    3568
   3455    3581
   3447    3578
   3456    3597
   3471    3599
   3452    3593
   3450    3580
   3459    3574
   3452    3584
   3449    3578
   3454    3599
   3464    3597
   3471    3599
   3457    3590
   3452    3573
   3447    3570
   3453    3570
   3457    3580
   3468    3603
   3463    3608
   3474    3601
   3455    3595
   3454    3566
   3453    3567
   3453    3566
   3456    3594
   3464    3613
   3462    3613
   3462    3597
   3459    3583
   3450    3569
   3449    3565
   3450    3575
   3455    3582
   3456    3586
   3467    3602
   3471    3619
   3461    3601
   3449    3575
   3450    3563
   3453    3570
   3448    3577
   3465    3591
   3471    3606
   3472    3608
   3458    3606
   3459    3585
   3444    3573
   3458    3564
   3456    3594
   3453    3592
   3459    3622
   3465    3595
   3464    3591
   3463    3587
   3458    3582
   3449    3576
   3464    3576
   3458    3590
   3463    3609
   3464    3600
   3470    3593
   3464    3583
   3448    3581
   3456    3582
   3462    3582
   3464    3589
   3468    3607
   3464    3598
   3450    3588
   3446    3567
   3448    3572
   3462    3592
   3464    3598
   3467    3607
   3467    3603
   3458    3596
   3452    3590
   3464    3588
   3452    3588
   3452    3597
   3457    3590
   3454    3589
   3466    3589
   3449    3581
   3455    3580
   3470    3587
   3456    3588
   3464    3608
   3453    3601
   3461    3586
   3450    3587
   3452    3589
   3458    3589
   3466    3580
   3454    3588
   3452    3583
   3455    3577
   3446    3584
   3455    3590
   3453    3585
   3455    3596
   3457    3589
   3468    3585
   3453    3587
   3458    3581
   3460    3594
   3459    3591
   3457    3596
   3461    3593
   3448    3585
   3461    3591
   3465    3593
   3460    3589
   3463    3582
   3444    3579
   3447    3583
   3461    3577
   3458    3598
   3468    3601
   3463    3591
   3462    3587
   3460    3581
   3451    3569
   3454    3580
   3463    3584
   3459    3598
   3468    3593
   3457    3594
   3455    3601
   3454    3586
   3459    3581
   3461    3587
   3459    3573
   3453    3585
   3453    3586
   3461    3581
   3453    3595
   3465    3596
   3456    3585
   3459    3595
   3458    3598
   3462    3597
   3467    3599
   3461    3596
   3462    3580
   3447    3570
   3456    3581
   3446    3585
   3467    3595
   3466    3604
   3458    3597
   3460    3598
   3452    3580
   3452    3578
   3460    3582
   3454    3594
   3472    3588
   3459    3598
   3467    3590
   3468    3609
   3458    3595
   3462    3595
   3458    3587
   3467    3573
   3457    3595
   3461    3600
   3453    3592
   3463    3592
   3458    3586
   3454    3580
   3453    3586
   3479    3597
   3472    3599
   3463    3608
   3451    3595
   3450    3575
   3457    3567
   3452    3578
   3460    3600
   3467    3608
   3462    3597
   3468    3599
   3449    3581
   3450    3575
   3448    3582
   3463    3586
   3471    3604
   3462    3608
   3467    3598
   3469    3587
   3455    3574
   3458    3575
   3447    3591
   3464    3594
   3461    3597
   3474    3606
   3453    3597
   3460    3579
   3451    3569
   3442    3564
   3455    3584
   3462    3602
   3466    3607
   3469    3611
   3459    3595
   3442    3578
   3447    3573
   3458    3575
   3465    3587
   3453    3597
   3460    3598
   3465    3591
   3455    3573
   3453    3588
   3459    3589
   3465    3591
   3464    3591
   3449    3588
   3449    3574
   3463    3578
   3464    3575
   3448    3588
   3457    3592
   3471    3609
   3491    3626
   3449    3608
   3469    3591
   3442    3570
   3442    3561
   3454    3577
   3444    3576
   3500    3616
   3449    3610
   3476    3607
   3452    3572
   3452    3572
   3453    3559
   3441    3561
   3475    3601
   3452    3602
   3463    3592
   3459    3602
   3458    3580
   3452    3583
   3462    3582
   3450    3573
   3459    3588
   3455    3591
   3454    3588
   3471    3597
   3459    3596
   3460    3594
   3457    3591
   3463    3592
   3467    3591
   3459    3587
   3456    3592
   3454    3583
   3459    3588
   3450    3579
   3457    3584
   3463    3599
   3453    3596
   3462    3594
   3453    3586
   3444    3574
   3447    3567
   3460    3589
   3473    3603
   3461    3606
   3465    3609
   3460    3595
   3459    3585
   3453    3566
   3454    3575
   3453    3579
   3463    3604
   3464    3605
   3459    3601
   3462    3590
   3453    3586
   3458    3593
   3455    3596
   3454    3595
   3471    3601
   3468    3601
   3455    3601
   3460    3594
   3455    3585
   3454    3583
   3458    3589
   3448    3583
   3450    3593
   3457    3598
   3470    3613
   3461    3600
   3468    3583
   3458    3574
   3447    3576
   3467    3591
   3468    3600
   3471    3610
   3465    3597
   3451    3587
   3456    3574
   3460    3575
   3453    3598
   3457    3606
   3475    3607
   3469    3605
   3458    3590
   3455    3579
   3456    3573
   3460    3587
   3458    3602
   3461    3599
   3456    3603
   3473    3611
   3460    3590
   3454    3584
   3455    3580
   3449    3582
   3446    3589
   3461    3589
   3461    3587
   3457    3593
   3455    3592
   3459    3588
   3454    3595
   3453    3588
   3470    3591
   3453    3595
   3452    3589
   3457    3594
   3458    3590
   3462    3587
   3462    3590
   3456    3586
   3460    3584
   3456    3582
   3458    3588
   3456    3588
   3459    3598
   3464    3599
   3457    3581
   3452    3565
   3456    3574
   3454    3572
   3463    3588
   3455    3606
   3468    3602
   3462    3601
   3453    3583
   3457    3578
   3461    3579
   3458    3596
   3470    3599
   3463    3604
   3466    3588
   3454    3581
   3451    3585
   3462    3579
   3456    3582
   3461    3592
   3466    3595
   3462    3593
   3453    3592
   3457    3570
   3454    3576
   3456    3585
   3461    3593
   3466    3603
   3458    3589
   3451    3591
   3454    3589
   3453    3596
   3462    3588
   3462    3584
   3456    3584
   3455    3587
   3451    3588
   3463    3604
   3473    3597
   3456    3595
   3458    3588
   3456    3578
   3456    3590
   3471    3590
   3460    3611
   3464    3607
   3466    3596
   3459    3592
   3451    3581
   3460    3582
   3458    3585
   3459    3594
   3452    3592
   3463    3594
   3462    3592
   3460    3597
   3451    3596
   3461    3593
   3460    3590
   3460    3585
   3454    3584
   3461    3591
   3458    3594
   3459    3581
   3461    3584
   3458    3578
   3451    3582
   3469    3582
   3465    3600
   3454    3604
   3455    3586
   3450    3592
   3449    3579
   3456    3587
   3466    3600
   3472    3596
   3469    3590
   3466    3588
   3455    3583
   3447    3584
   3463    3576
   3458    3590
   3458    3595
   3463    3591
   3459    3596
   3470    3596
   3461    3604
   3471    3591
   3458    3580
   3449    3577
   3449    3575
   3459    3594
   3460    3597
   3457    3597
   3469    3596
   3458    3595
   3452    3580
   3458    3584
   3454    3574
   3455    3582
   3468    3590
   3460    3595
   3468    3597
   3474    3606
   3456    3597
   3455    3579
   3455    3566
   3451    3568
   3463    3583
   3467    3603
   3464    3605
   3468    3593
   3449    3585
   3454    3580
   3450    3581
   3451    3592
   3482    3594
   3453    3604
   3458    3594
   3464    3575
   3464    3572
   3457    3571
   3442    3585
   3468    3604
   3466    3606
   3456    3601
   3462    3596
   3451    3582
   3441    3577
   3445    3572
   3454    3572
   3467    3599
   3464    3607
   3463    3605
   3470    3595
   3449    3579
   3444    3579
   3463    3597
   3463    3599
   3445    3597
   3455    3578
   3452    3581
   3439    3591
   3458    3594
   3456    3591
   3465    3590
   3456    3584
   3455    3579
   3456    3576
   3443    3578
   3470    3600
   3464    3604
   3455    3598
   3454    3579
   3452    3556
   3449    3572
   3461    3577
   3460    3591
   3465    3610
   3458    3603
   3448    3583
   3454    3586
   3455    3584
   3451    3583
   3453    3575
   3449    3582
   3461    3584
   3461    3605
   3456    3593
   3463    3597
   3440    3588
   3454    3585
   3452    3591
   3464    3598
   3471    3598
   3462    3596
   3462    3588
   3451    3582
   3455    3585
   3454    3582
   3453    3583
   3452    3595
   3457    3590
   3462    3605
   3457    3594
   3451    3588
   3451    3577
   3449    3574
   3447    3576
   3455    3597
   3457    3604
   3458    3609
   3464    3606
   3453    3596
   3457    3586
   3453    3575
   3449    3580
   3441    3575
   3451    3580
   3461    3603
   3466    3599
   3464    3589
   3469    3590
   3454    3577
   3452    3575
   3447    3586
   3446    3585
   3463    3598
   3460    3600
   3464    3592
   3452    3592
   3443    3582
   3450    3572
   3450    3577
   3457    3593
   3461    3608
   3463    3605
   3454    3589
   3449    3576
   3451    3575
   3458    3584
   3454    3593
   3456    3592
   3464    3600
   3468    3591
   3454    3581
   3454    3577
   3451    3584
   3453    3573
   3452    3581
   3458    3590
   3456    3595
   3459    3583
   3449    3589
   3457    3589
   3461    3579
   3459    3596
   3453    3582
   3456    3581
   3454    3580
   3447    3575
   3461    3585
   3454    3599
   3460    3608
   3456    3601
   3454    3588
   3448    3578
   3452    3571
   3446    3575
   3452    3589
   3455    3589
   3467    3593
   3466    3603
   3461    3600
   3449    3590
   3443    3589
   3451    3574
   3449    3581
   3453    3581
   3461    3580
   3472    3595
   3454    3593
   3461    3590
   3447    3580
   3452    3578
   3449    3579
   3456    3589
   3465    3602
   3464    3601
   3458    3595
   3445    3579
   3451    3584
   3465    3580
   3458    3605
   3462    3603
   3452    3604
   3445    3572
   3445    3580
   3464    3581
   3465    3601
   3449    3599
   3463    3587
   3457    3588
   3447    3573
   3459    3582
   3458    3589
   3465    3592
   3455    3590
   3453    3589
   3460    3586
   3448    3593
   3466    3593
   3456    3591
   3463    3591
   3448    3577
   3467    3588
   3456    3592
   3467    3585
   3455    3596
   3464    3591
   3465    3589
   3447    3606
   3454    3589
   3456    3594
   3458    3580
   3460    3573
   3451    3580
   3447    3584
   3469    3594
   3464    3601
   3456    3611
   3460    3599
   3462    3592
   3462    3583
   3446    3578
   3461    3564
   3447    3577
   3462    3592
   3469    3599
   3465    3601
   3459    3589
   3451    3594
   3466    3591
   3463    3570
   3451    3584
   3451    3582
   3460    3580
   3463    3602
   3469    3593
   3447    3594
   3456    3580
   3455    3566
   3451    3580
   3457    3590
   3464    3598
   3462    3600
   3463    3593
   3448    3584
   3445    3564
   3441    3574
   3463    3582
   3465    3597
   3458    3600
   3450    3587
   3455    3583
   3459    3586
   3460    3584
   3459    3590
   3448    3581
   3455    3578
   3463    3593
   3457    3608
   3463    3595
   3454    3580
   3460    3574
   3454    3575
   3452    3580
   3468    3589
   3458    3599
   3464    3603
   3456    3590
   3453    3575
   3451    3580
   3461    3591
   3458    3585
   3465    3601
   3460    3603
   3458    3587
   3452    3589
   3465    3581
   3462    3582
   3455    3583
   3464    3583
   3460    3585
   3460    3583
   3450    3588
   3459    3580
   3459    3589
   3464    3595
   3467    3598
   3464    3582
   3455    3580
   3445    3585
   3465    3590
   3459    3602
   3460    3599
   3459    3590
   3450    3576
   3460    3574
   3454    3574
   3458    3589
   3467    3594
   3461    3603
   3461    3598
   3455    3586
   3446    3584
   3449    3572
   3438    3583
   3463    3589
   3466    3597
   3464    3603
   3463    3598
   3450    3591
   3448    3574
   3448    3573
   3455    3590
   3457    3598
   3458    3607
   3460    3595
   3456    3584
   3449    3575
   3454    3576
   3456    3588
   3458    3598
   3462    3604
   3457    3603
   3467    3595
   3453    3595
   3444    3583
   3450    3582
   3463    3593
   3457    3589
   3458    3595
   3457    3600
   3460    3583
   3450    3579
   3456    3588
   3462    3592
   3441    3576
   3455    3573
   3445    3577
   3461    3591
   3468    3608
   3461    3606
   3461    3607
   3444    3591
   3444    3590
   3447    3578
   3466    3575
   3450    3574
   3474    3595
   3440    3587
   3465    3596
   3449    3578
   3454    3572
   3467    3582
   3456    3589
   3462    3591
   3442    3567
   3442    3575
   3456    3573
   3466    3595
   3463    3597
   3455    3587
   3462    3585
   3443    3576
   3455    3570
   3458    3591
   3466    3602
   3455    3602
   3459    3597
   3453    3577
   3447    3568
   3449    3583
   3461    3594
   3464    3607
   3462    3601
   3458    3586
   3446    3570
   3450    3569
   3465    3598
   3465    3598
   3461    3599
   3461    3588
   3455    3578
   3451    3572
   3446    3573
   3459    3586
   3461    3594
   3462    3598
   3459    3596
   3450    3587
   3461    3571
   3461    3581
   3457    3587
   3455    3586
   3447    3582
   3457    3578
   3451    3586
   3459    3584
   3456    3590
   3461    3592
   3457    3594
   3455    3592
   3461    3579
   3444    3575
   3453    3576
   3448    3594
   3462    3596
   3458    3603
   3466    3596
   3446    3583
   3451    3571
   3457    3575
   3452    3572
   3450    3593
   3457    3587
   3458    3586
   3459    3596
   3451    3583
   3452    3580
   3459    3587
   3466    3595
   3461    3601
   3451    3587
   3453    3584
   3457    3587
   3460    3592
   3472    3605
   3455    3610
   3462    3589
   3456    3586
   3440    3568
   3450    3575
   3461    3584
   3465    3603
   3471    3601
   3458    3605
   3460    3602
   3460    3597
   3441    3579
   3451    3584
   3454    3576
   3452    3579
   3456    3590
   3462    3603
   3458    3605
   3450    3593
   3444    3577
   3449    3583
   3445    3581
   3459    3600
   3468    3598
   3456    3588
   3450    3575
   3449    3572
   3452    3578
   3459    3596
   3459    3600
   3454    3585
   3454    3589
   3454    3578
   3459    3588
   3461    3593
   3461    3587
   3459    3586
   3460    3586
   3451    3583
   3453    3581
   3452    3583
   3458    3583
   3466    3591
   3462    3593
   3465    3591
   3458    3584
   3454    3580
   3451    3569
   3447    3578
   3456    3587
   3458    3590
   3450    3592
   3454    3594
   3458    3598
   3459    3597
   3462    3594
   3451    3585
   3453    3577
   3452    3581
   3454    3584
   3458    3594
   3462    3604
   3465    3606
   3464    3591
   3459    3588
   3453    3582
   3441    3580
   3465    3591
   3459    3592
   3461    3592
   3456    3591
   3451    3590
   3460    3586
   3464    3581
   3454    3568
   3455    3585
   3462    3589
   3451    3602
   3456    3597
   3460    3588
   3451    3582
   3448    3583
   3453    3573
   3467    3586
   3464    3594
   3470    3601
   3458    3588
   3449    3582
   3455    3572
   3451    3578
   3453    3591
   3464    3604
   3469    3592
   3452    3594
   3452    3580
   3439    3574
   3453    3585
   3455    3582
   3453    3593
   3467    3592
   3459    3596
   3448    3580
   3448    3580
   3456    3583
   3456    3587
   3458    3596
   3456    3585
   3454    3587
   3457    3594
   3464    3595
   3462    3593
   3459    3583
   3451    3579
   3452    3576
   3455    3585
   3462    3583
