    148     257
    144     251
    141     251
    144     256
    145     264
    146     275
    138     266
    144     257
    140     255
    139     242
    149     263
    137     261
    145     261
    138     257
    145     248
    145     257
    150     255
    136     266
    146     253
    153     250
    135     254
    139     247
    151     246
    137     256
    136     255
    145     272
    145     264
    137     252
    140     262
    138     261
    145     275
    142     265
    138     247
    137     247
    147     262
    149     264
    145     263
    138     270
    142     252
    135     247
    136     262
    140     264
    144     263
    146     256
    137     257
    133     247
    142     260
    141     264
    142     258
    147     259
    134     268
    144     260
    134     252
    146     246
    141     245
    140     259
    137     258
    148     254
    136     258
    144     252
    147     259
    137     260
    134     259
    139     265
    139     247
    140     248
    143     254
    146     254
    147     271
    135     267
    135     258
    143     255
    140     249
    139     259
    141     256
    146     260
    139     270
    145     261
    138     257
    142     258
    144     241
    135     254
    144     258
    136     279
    135     272
    134     252
    137     252
    138     264
    147     259
    149     264
    145     274
    152     255
    140     258
    145     271
    140     259
    139     257
    135     256
    138     259
    144     268
    152     258
    134     253
    137     254
    139     255
    151     252
    136     274
    148     273
    144     257
    145     252
    150     247
    147     252
    140     267
    149     272
    143     267
    145     253
    130     251
    134     265
    149     259
    142     261
    137     256
    139     257
    137     260
    142     273
    142     262
    143     255
    150     256
    139     250
    147     247
    144     254
    142     254
    138     259
    140     262
    133     260
    145     251
    136     247
    136     277
    138     263
    138     266
    145     249
    141     254
    148     242
    152     275
    145     281
    143     265
    141     263
    145     243
    145     245
    150     260
    147     264
    147     274
    138     270
    142     268
    146     259
    145     238
    138     249
    141     261
    144     272
    137     265
    147     263
    139     255
    141     260
    142     262
    146     262
    138     249
    141     241
    144     252
    137     257
    137     265
    139     268
    145     260
    135     256
    143     257
    141     259
    141     255
    143     252
    146     266
    133     266
    139     258
    137     262
    143     258
    139     268
    141     265
    141     251
    130     244
    136     246
    143     264
    143     261
    144     268
    134     258
    141     256
    144     244
    141     260
    147     250
    140     254
    141     266
    140     254
    141     247
    139     253
    138     261
    132     272
    136     257
    143     253
    139     253
    138     270
    143     273
    139     258
    137     249
    141     254
    129     253
    157     269
    137     264
    148     263
    136     256
    148     262
    142     258
    145     256
    141     253
    138     262
    143     260
    149     270
    140     273
    147     265
    134     261
    143     257
    141     252
    137     255
    138     261
    141     262
    141     262
    141     261
    144     270
    138     257
    132     273
    138     265
    134     256
    132     251
    140     255
    139     258
    149     259
    143     262
    132     259
    141     255
    140     254
    138     246
    137     259
    131     263
    142     257
    138     264
    135     249
    135     258
    137     257
    145     256
    138     269
    148     261
    147     257
    136     262
    136     261
    143     256
    140     255
    129     254
    141     251
    136     262
    135     261
    144     256
    142     257
    138     257
    141     246
    136     263
    147     263
    141     259
    137     257
    142     245
    141     250
    137     252
    144     262
    140     261
    137     265
    139     255
    132     254
    146     250
    140     255
    136     256
    144     263
    139     263
    138     270
    137     254
    141     247
    139     253
    141     253
    139     244
    137     259
    137     280
    145     267
    140     269
    137     265
    138     238
    140     251
    138     261
    145     249
    139     251
    146     251
    141     254
    136     255
    143     255
    136     256
    145     234
    124     248
    140     250
    131     264
    141     270
    146     258
    148     267
    140     255
    144     265
    151     249
    124     246
    155     247
    121     244
    154     254
    128     275
    143     282
    133     263
    138     255
    149     241
    131     243
    142     266
    133     270
    143     260
    144     252
    140     251
    143     267
    144     269
    135     260
    138     247
    131     245
    139     259
    139     257
    145     262
    143     260
    141     267
    140     259
    142     253
    143     256
    145     259
    148     253
    139     256
    148     261
    146     263
    145     263
    144     269
    143     267
    143     264
    144     245
    139     249
    136     263
    139     266
    141     258
    151     251
    142     255
    142     263
    153     261
    130     264
    143     256
    139     252
    143     257
    140     261
    138     272
    140     262
    145     256
    134     257
    138     261
    136     273
    144     263
    136     248
    143     245
    134     260
    148     262
    138     256
    132     255
    136     259
    140     261
    139     270
    145     255
    145     264
    128     251
    141     249
    141     255
    140     277
    141     270
    137     264
    137     260
    146     256
    148     253
    148     267
    144     259
    139     248
    130     256
    150     261
    137     272
    149     262
    145     257
    137     240
    147     246
    136     261
    145     267
    139     266
    135     256
    139     248
    138     244
    131     258
    130     260
    135     261
    139     258
    137     255
    143     247
    142     242
    136     263
    149     269
    139     255
    133     254
    145     251
    143     262
    145     262
    144     266
    139     265
    139     255
    147     245
    146     251
    147     264
    141     265
    149     261
    152     254
    144     243
    135     261
    143     258
    140     260
    130     258
    140     259
    140     255
    142     259
    136     262
    143     258
    144     263
    139     266
    139     257
    142     253
    141     252
    136     254
    147     254
    148     261
    145     268
    142     250
    137     245
    149     238
    140     265
    148     280
    139     272
    143     254
    128     238
    142     250
    145     263
    140     263
    138     265
    137     256
    131     261
    144     258
    135     263
    139     262
    147     272
    155     257
    138     251
    138     255
    140     267
    145     272
    144     267
    144     254
    140     248
    137     245
    142     255
    139     267
    142     258
    134     256
    137     253
    136     245
    145     251
    142     255
    149     257
    154     262
    141     256
    139     258
    144     256
    147     260
    141     273
    140     258
    147     267
    138     260
    134     254
    139     259
    143     262
    145     265
    148     261
    149     252
    142     254
    137     255
    144     266
    143     258
    138     266
    136     252
    135     251
    148     253
    139     262
    144     260
    126     263
    144     250
    137     254
    139     260
    144     263
    146     254
    137     256
    133     254
    134     257
    134     259
    140     263
    144     267
    149     268
    144     276
    153     256
    136     252
    141     264
    144     265
    138     259
    136     258
    139     258
    133     258
    147     270
    138     262
    143     260
    140     263
    152     259
    129     264
    137     260
    133     255
    141     236
    143     258
    150     266
    135     271
    145     252
    125     264
    149     262
    137     258
    143     272
    144     271
    137     254
    146     245
    145     247
    139     263
    144     270
    150     270
    140     272
    143     261
    138     260
    137     246
    140     251
    149     268
    147     269
    143     268
    146     256
    144     253
    145     269
    140     268
    141     265
    141     270
    145     264
    149     265
    138     267
    136     262
    145     255
    143     259
    142     250
    142     263
    145     256
    132     267
    142     257
    138     265
    148     261
    139     259
    144     262
    143     268
    144     256
    138     254
    141     257
    150     268
    152     271
    146     265
    137     258
    145     257
    143     257
    139     261
    140     266
    145     262
    143     253
    141     260
    149     259
    141     272
    138     259
    149     264
    135     252
    135     251
    139     239
    145     272
    141     264
    140     251
    135     252
    147     264
    132     251
    150     258
    142     251
    137     264
    142     265
    146     276
    131     258
    148     240
    140     240
    152     246
    141     259
    138     268
    138     268
    142     265
    133     259
    141     247
    135     247
    139     258
    143     266
    151     267
    143     260
    144     262
    140     263
    137     254
    134     235
    139     247
    150     258
    142     267
    138     274
    144     263
    134     257
    143     263
    142     269
    140     262
    142     258
    132     254
    140     246
    146     248
    136     271
    144     267
    145     265
    146     261
    143     251
    132     258
    140     267
    139     260
    143     257
    135     254
    138     256
    141     258
    149     269
    143     259
    140     250
    142     242
    140     254
    142     254
    134     256
    141     261
    140     263
    141     258
    135     257
    131     258
    145     267
    131     258
    145     263
    145     260
    140     258
    141     261
    142     253
    134     257
    149     255
    136     258
    143     263
    142     254
    147     260
    148     264
    143     270
    141     251
    143     259
    140     256
    143     268
    139     269
    137     261
    143     250
    143     258
    143     271
    144     268
    148     259
    135     247
    142     250
    142     265
    146     264
    133     264
    148     262
    132     255
    139     265
    144     257
    139     259
    144     260
    146     253
    136     263
    147     274
    142     260
    150     250
    140     250
    138     255
    145     270
    142     264
    146     250
    142     253
    138     264
    150     261
    140     266
    145     265
    140     267
    142     253
    139     251
    144     250
    135     256
    145     264
    142     265
    142     270
    154     259
    129     252
    139     258
    132     246
    145     250
    150     254
    143     267
    140     264
    144     260
    126     239
    147     252
    145     257
    145     257
    139     259
    141     260
    144     267
    145     259
    138     251
    140     248
    146     256
    134     268
    144     263
    148     256
    141     257
    133     254
    141     242
    136     250
    145     257
    146     265
    144     263
    140     261
    137     247
    136     259
    139     254
    135     270
    136     264
    142     269
    134     260
    147     257
    138     256
    143     252
    140     262
    142     265
    147     262
    144     258
    138     275
    147     267
    137     249
    141     255
    138     260
    145     261
    141     267
    139     258
    145     273
    143     259
    141     257
    141     250
    147     263
    134     255
    141     261
    145     257
    143     261
    144     252
    137     254
    141     262
    135     259
    148     268
    145     260
    139     258
    136     250
    146     256
    146     259
    143     265
    143     271
    147     255
    140     255
    141     253
    139     263
    146     271
    142     260
    141     267
    143     255
    144     262
    130     255
    143     252
    141     269
    139     278
    146     265
    145     256
    142     251
    145     251
    139     269
    147     265
    144     257
    137     252
    139     254
    153     254
    135     266
    146     264
    139     242
    146     256
    149     261
    148     267
    133     259
    150     247
    142     256
    143     261
    136     260
    133     255
    133     261
    147     254
    143     266
    146     263
    133     265
    134     261
    141     256
    142     256
    134     253
    151     264
    135     272
    135     266
    143     250
    139     246
    146     245
    140     262
    142     261
    147     258
    152     265
    146     249
    142     265
    138     269
    151     275
    150     256
    147     252
    138     258
    146     255
    140     263
    141     267
    138     272
    130     260
    145     250
    130     249
    148     261
    151     256
    137     272
    138     264
    145     258
    135     255
    136     252
    149     257
    142     263
    148     265
    144     259
    141     265
    134     253
    145     250
    139     260
    152     260
    144     264
    138     253
    142     263
    135     253
    140     251
    141     258
    151     263
    134     257
    144     257
    144     255
    135     253
    147     258
    136     254
    139     255
    136     258
    144     264
    146     262
    138     253
    148     260
    135     252
    142     256
    136     268
    147     257
    144     245
    138     260
    143     272
    135     266
    137     255
    142     243
    146     233
    136     241
    134     242
    137     250
    154     282
    140     322
    143     312
    144     267
    135     214
    136     212
    144     239
    150     281
    162     314
    141     297
    147     260
    133     213
    148     222
    146     254
    151     279
    144     290
    140     247
    133     228
    145     231
    135     258
    149     286
    150     287
    142     282
    155     253
    136     258
    137     272
    141     269
    151     268
    131     256
    142     249
    139     246
    148     265
    135     265
    138     250
    138     247
    153     239
    134     233
    143     260
    145     264
    145     281
    139     278
    136     259
    145     254
    136     261
    154     270
    143     273
    148     260
    135     259
    150     258
    139     253
    137     260
    144     254
    134     253
    138     252
    138     251
    137     243
    140     254
    134     254
    144     262
    136     257
    153     260
    143     272
    137     275
    140     263
    133     247
    151     250
    131     250
    148     269
    143     268
    144     260
    144     247
    144     260
    140     236
    142     256
    138     255
    145     262
    144     268
    140     257
    138     256
    142     259
    134     247
    140     256
    149     259
    137     254
    132     255
    150     260
    139     265
    143     273
    137     254
    138     248
    137     247
    143     260
    143     251
    145     259
    135     266
    144     263
    139     261
    143     255
