   2571    2700
   2575    2711
   2572    2695
   2571    2694
   2576    2700
   2562    2698
   2576    2694
   2574    2702
   2569    2703
   2569    2711
   2574    2698
   2570    2691
   2567    2685
   2572    2693
   2572    2697
   2577    2706
   2574    2699
   2573    2698
   2573    2705
   2582    2700
   2570    2694
   2577    2695
   2568    2698
   2567    2696
   2571    2701
   2575    2705
   2575    2694
   2573    2692
   2566    2693
   2574    2697
   2568    2707
   2570    2707
   2573    2697
   2575    2709
   2568    2693
   2574    2694
   2567    2700
   2570    2694
   2576    2699
   2560    2697
   2573    2702
   2572    2693
   2567    2679
   2568    2691
   2578    2692
   2577    2711
   2567    2711
   2575    2698
   2579    2704
   2570    2695
   2573    2690
   2565    2700
   2568    2702
   2566    2697
   2578    2699
   2572    2686
   2575    2696
   2572    2698
   2563    2700
   2572    2695
   2561    2689
   2574    2683
   2571    2697
   2580    2718
   2575    2714
   2581    2693
   2565    2697
   2567    2689
   2569    2677
   2570    2699
   2571    2703
   2580    2700
   2568    2688
   2576    2695
   2568    2702
   2573    2702
   2572    2709
   2566    2704
   2574    2688
   2559    2679
   2571    2694
   2572    2713
   2575    2720
   2571    2707
   2571    2689
   2563    2677
   2567    2686
   2561    2698
   2571    2707
   2576    2702
   2577    2697
   2569    2694
   2578    2708
   2572    2697
   2569    2693
   2572    2698
   2572    2692
   2573    2695
   2574    2691
   2568    2703
   2563    2705
   2566    2693
   2575    2698
   2575    2696
   2568    2690
   2569    2700
   2569    2697
   2573    2688
   2567    2691
   2561    2691
   2571    2698
   2573    2703
   2572    2695
   2576    2703
   2567    2699
   2576    2706
   2572    2697
   2570    2705
   2571    2690
   2567    2692
   2572    2696
   2573    2705
   2575    2701
   2568    2701
   2571    2693
   2565    2686
   2568    2702
   2577    2700
   2574    2708
   2571    2703
   2572    2699
   2569    2691
   2561    2696
   2567    2693
   2575    2693
   2572    2701
   2577    2711
   2573    2708
   2579    2704
   2563    2695
   2569    2681
   2570    2698
   2573    2707
   2573    2713
   2572    2702
   2567    2698
   2566    2692
   2569    2698
   2574    2690
   2581    2700
   2572    2706
   2568    2706
   2569    2708
   2568    2708
   2570    2700
   2570    2684
   2577    2705
   2571    2708
   2571    2704
   2573    2705
   2572    2692
   2571    2685
   2567    2683
   2575    2687
   2569    2703
   2567    2710
   2577    2701
   2565    2693
   2569    2686
   2570    2691
   2569    2688
   2572    2694
   2581    2701
   2569    2705
   2572    2705
   2571    2688
   2567    2688
   2567    2691
   2572    2703
   2562    2700
   2570    2703
   2568    2688
   2573    2693
   2564    2696
   2572    2701
   2575    2711
   2567    2703
   2579    2694
   2570    2702
   2581    2688
   2574    2688
   2573    2703
   2575    2697
   2570    2704
   2567    2700
   2564    2698
   2566    2699
   2560    2707
   2573    2703
   2574    2702
   2572    2690
   2568    2701
   2569    2709
   2576    2710
   2569    2705
   2571    2689
   2565    2700
   2567    2692
   2579    2696
   2566    2696
   2561    2695
   2567    2694
   2574    2704
   2564    2695
   2572    2687
   2562    2694
   2571    2693
   2577    2706
   2565    2701
   2565    2696
   2564    2699
   2575    2699
   2577    2699
   2559    2703
   2575    2699
   2571    2691
   2567    2706
   2570    2687
   2571    2701
   2562    2704
   2563    2686
   2580    2668
   2567    2711
   2575    2717
   2579    2710
   2565    2700
   2561    2694
   2568    2696
   2572    2692
   2569    2699
   2572    2697
   2579    2698
   2566    2704
   2572    2698
   2569    2695
   2572    2694
   2569    2700
   2571    2691
   2576    2709
   2571    2713
   2563    2698
   2572    2695
   2569    2693
   2564    2698
   2574    2693
   2565    2696
   2572    2698
   2567    2699
   2581    2703
   2571    2708
   2579    2705
   2574    2712
   2577    2696
   2566    2681
   2569    2696
   2578    2697
   2575    2703
   2572    2708
   2572    2690
   2570    2686
   2566    2695
   2570    2706
   2570    2700
   2565    2707
   2577    2709
   2576    2697
   2569    2694
   2575    2699
   2565    2702
   2571    2697
   2569    2692
   2568    2703
   2580    2714
   2572    2705
   2575    2703
   2569    2699
   2580    2685
   2571    2682
   2572    2694
   2570    2704
   2575    2705
   2570    2698
   2571    2695
   2573    2691
   2571    2700
   2579    2715
   2573    2710
   2572    2689
   2572    2689
   2577    2679
   2570    2686
   2570    2701
   2583    2710
   2568    2700
   2575    2695
   2569    2687
   2577    2693
   2579    2705
   2580    2696
   2572    2701
   2571    2690
   2572    2691
   2573    2681
   2560    2691
   2566    2699
   2573    2703
   2575    2711
   2566    2697
   2575    2698
   2568    2702
   2573    2702
   2571    2706
   2582    2708
   2570    2696
   2576    2688
   2574    2691
   2569    2697
   2571    2710
   2576    2704
   2568    2700
   2575    2696
   2570    2687
   2578    2690
   2570    2701
   2563    2701
   2566    2703
   2573    2692
   2571    2689
   2570    2709
   2573    2705
   2577    2695
   2571    2698
   2571    2695
   2566    2693
   2569    2694
   2569    2703
   2573    2707
   2573    2702
   2569    2700
   2564    2703
   2568    2697
   2571    2693
   2578    2694
   2570    2693
   2576    2702
   2569    2697
   2568    2707
   2574    2710
   2567    2699
   2579    2693
   2567    2692
   2568    2693
   2574    2702
   2570    2705
   2576    2711
   2574    2702
   2565    2689
   2570    2697
   2579    2712
   2574    2705
   2570    2708
   2569    2696
   2569    2695
   2575    2699
   2574    2712
   2571    2707
   2569    2689
   2571    2686
   2571    2697
   2576    2708
   2574    2707
   2572    2693
   2560    2682
   2575    2686
   2568    2697
   2565    2702
   2578    2699
   2576    2697
   2574    2698
   2574    2699
   2577    2712
   2563    2708
   2577    2692
   2574    2684
   2572    2694
   2577    2701
   2576    2695
   2570    2698
   2568    2689
   2574    2703
   2578    2694
   2571    2707
   2573    2700
   2567    2698
   2564    2700
   2577    2692
   2573    2700
   2573    2712
   2570    2702
   2576    2692
   2565    2696
   2573    2703
   2580    2693
   2574    2685
   2566    2699
   2566    2704
   2576    2706
   2569    2695
   2571    2691
   2572    2700
   2575    2694
   2564    2699
   2572    2694
   2567    2698
   2570    2694
   2569    2696
   2565    2689
   2577    2690
   2569    2695
   2576    2701
   2565    2701
   2577    2696
   2570    2698
   2559    2695
   2575    2681
   2564    2692
   2575    2698
   2574    2699
   2572    2696
   2572    2711
   2576    2709
   2560    2692
   2579    2684
   2572    2703
   2583    2696
   2570    2705
   2577    2711
   2569    2698
   2573    2704
   2570    2692
   2572    2695
   2569    2702
   2578    2698
   2573    2694
   2572    2694
   2578    2711
   2572    2709
   2575    2709
   2563    2701
   2569    2702
   2571    2693
   2570    2693
   2568    2695
   2565    2700
   2569    2707
   2571    2695
   2575    2695
   2573    2707
   2573    2707
   2571    2708
   2570    2704
   2577    2687
   2573    2695
   2574    2698
   2581    2709
   2580    2711
   2566    2702
   2581    2694
   2568    2694
   2568    2693
   2574    2698
   2577    2711
   2573    2705
   2575    2705
   2562    2698
   2583    2691
   2573    2710
   2573    2701
   2572    2698
   2571    2692
   2566    2686
   2577    2683
   2562    2693
   2574    2690
   2571    2703
   2571    2695
   2565    2688
   2565    2688
   2557    2700
   2574    2707
   2572    2701
   2572    2690
   2569    2690
   2569    2684
   2572    2695
   2568    2698
   2573    2708
   2566    2708
   2578    2702
   2566    2696
   2577    2692
   2570    2692
   2568    2694
   2571    2692
   2570    2692
   2575    2700
   2566    2691
   2572    2702
   2579    2696
   2570    2698
   2571    2700
   2567    2701
   2573    2697
   2565    2696
   2580    2692
   2570    2693
   2565    2698
   2563    2698
   2570    2697
   2580    2696
   2572    2708
   2564    2692
   2571    2687
   2570    2700
   2569    2707
   2570    2705
   2574    2701
   2567    2693
   2564    2690
   2569    2702
   2574    2692
   2579    2698
   2572    2701
   2578    2704
   2568    2690
   2569    2690
   2571    2699
   2570    2695
   2574    2701
   2574    2697
   2567    2699
   2569    2705
   2562    2701
   2566    2701
   2570    2693
   2567    2693
   2573    2704
   2573    2701
   2565    2706
   2565    2690
   2568    2683
   2566    2699
   2566    2704
   2567    2703
   2563    2707
   2571    2698
   2571    2698
   2570    2704
   2566    2693
   2567    2689
   2572    2681
   2570    2702
   2565    2704
   2583    2712
   2565    2707
   2569    2699
   2567    2687
   2567    2693
   2572    2703
   2570    2703
   2568    2707
   2571    2698
   2569    2702
   2581    2703
   2570    2699
   2566    2684
   2571    2699
   2571    2707
   2569    2705
   2568    2694
   2570    2697
   2566    2696
   2572    2687
   2575    2695
   2567    2700
   2578    2694
   2575    2706
   2568    2707
   2571    2704
   2566    2696
   2570    2698
   2571    2703
   2568    2712
   2571    2705
   2572    2692
   2579    2694
   2569    2688
   2567    2698
   2572    2701
   2574    2705
   2574    2712
   2570    2694
   2566    2685
   2567    2695
   2562    2694
   2570    2709
   2577    2710
   2571    2694
   2557    2685
   2569    2695
   2565    2700
   2578    2710
   2563    2695
   2572    2694
   2569    2696
   2567    2703
   2563    2706
   2578    2705
   2566    2688
   2561    2693
   2566    2695
   2573    2700
   2571    2692
   2567    2692
   2570    2703
   2571    2705
   2575    2704
   2565    2705
   2568    2701
   2575    2690
   2570    2694
   2573    2693
   2562    2694
   2569    2698
   2572    2702
   2574    2701
   2574    2700
   2571    2699
   2568    2704
   2562    2691
   2570    2684
   2569    2692
   2569    2692
   2567    2699
   2569    2709
   2568    2702
   2569    2700
   2570    2693
   2569    2693
   2571    2688
   2572    2693
   2568    2694
   2568    2711
   2573    2704
   2571    2702
   2566    2705
   2574    2692
   2561    2691
   2577    2692
   2573    2698
   2574    2702
   2567    2697
   2569    2691
   2569    2694
   2564    2691
   2569    2694
   2576    2704
   2568    2700
   2567    2702
   2567    2698
   2573    2700
   2571    2696
   2570    2698
   2565    2687
   2569    2700
   2563    2693
   2567    2702
   2567    2703
   2559    2701
   2574    2699
   2559    2692
   2565    2673
   2570    2699
   2569    2710
   2576    2709
   2577    2706
   2565    2689
   2563    2686
   2563    2695
   2565    2703
   2580    2696
   2571    2706
   2572    2692
   2568    2698
   2573    2697
   2574    2706
   2568    2707
   2571    2705
   2561    2696
   2572    2697
   2578    2692
   2565    2708
   2571    2704
   2572    2698
   2563    2689
   2563    2684
   2570    2700
   2570    2705
   2573    2707
   2566    2715
   2561    2699
   2566    2693
   2567    2697
   2574    2690
   2570    2704
   2576    2695
   2578    2701
   2576    2709
   2570    2697
   2573    2703
   2572    2687
   2572    2696
   2570    2698
   2575    2713
   2563    2690
   2556    2688
   2576    2681
   2568    2695
   2570    2703
   2573    2710
   2567    2704
   2571    2688
   2571    2700
   2570    2696
   2568    2709
   2570    2703
   2565    2693
   2576    2690
   2562    2682
   2565    2706
   2571    2712
   2573    2703
   2571    2705
   2569    2694
   2575    2691
   2568    2681
   2566    2683
   2575    2693
   2575    2710
   2578    2704
   2574    2701
   2570    2695
   2570    2690
   2567    2695
   2572    2704
   2574    2690
   2576    2695
   2575    2690
   2572    2685
   2570    2698
   2580    2705
   2570    2707
   2569    2697
   2568    2686
   2578    2683
   2567    2695
   2571    2713
   2573    2711
   2569    2701
   2568    2689
   2566    2679
   2562    2685
   2566    2711
   2574    2719
   2566    2701
   2574    2681
   2572    2684
   2566    2705
   2565    2700
   2569    2701
   2563    2686
   2570    2681
   2572    2692
   2570    2700
   2574    2707
   2573    2700
   2566    2693
   2576    2695
   2574    2692
   2577    2702
   2564    2704
   2565    2704
   2566    2701
   2570    2701
   2571    2705
   2563    2693
   2571    2689
   2563    2705
   2564    2698
   2568    2708
   2570    2692
   2566    2688
   2571    2704
   2572    2691
   2569    2710
   2575    2703
   2569    2691
   2571    2687
   2571    2709
   2580    2715
   2566    2722
   2577    2705
   2568    2688
   2575    2686
   2562    2692
   2583    2692
   2559    2702
   2577    2700
   2567    2697
   2581    2701
   2564    2702
   2573    2709
   2569    2701
   2569    2699
   2574    2702
   2565    2692
   2569    2693
   2578    2699
   2565    2703
   2579    2714
   2564    2703
   2572    2693
   2565    2694
   2567    2695
   2572    2709
   2572    2723
   2573    2710
   2575    2702
   2570    2686
   2573    2695
   2566    2705
   2577    2702
   2564    2703
   2573    2702
   2571    2704
   2570    2703
   2576    2694
   2568    2701
   2566    2699
   2570    2695
   2567    2701
   2569    2688
   2573    2692
   2572    2712
   2566    2698
   2570    2690
   2575    2693
   2573    2698
   2570    2703
   2567    2690
   2560    2699
   2571    2698
   2579    2691
   2566    2691
   2576    2695
   2570    2690
   2577    2704
   2571    2716
   2577    2714
   2570    2696
   2568    2686
   2567    2697
   2571    2702
   2570    2700
   2577    2700
   2562    2697
   2573    2700
   2565    2702
   2575    2693
   2572    2695
   2568    2688
   2570    2695
   2574    2702
   2573    2708
   2566    2707
   2567    2686
   2579    2696
   2570    2704
   2567    2701
   2573    2698
   2566    2691
   2568    2696
   2564    2698
   2568    2692
   2580    2698
   2574    2694
   2572    2694
   2570    2696
   2566    2711
   2581    2708
   2563    2692
   2580    2703
   2570    2690
   2571    2694
   2574    2690
   2573    2701
   2572    2712
   2580    2694
   2573    2696
   2563    2692
   2571    2702
   2567    2706
   2577    2710
   2570    2696
   2577    2695
   2570    2696
   2577    2690
   2577    2699
   2572    2707
   2568    2701
   2566    2694
   2576    2695
   2563    2706
   2571    2708
   2568    2693
   2565    2690
   2579    2704
   2572    2694
   2566    2706
   2560    2700
   2576    2713
   2580    2706
   2575    2704
   2575    2707
   2573    2683
   2564    2696
   2576    2701
   2566    2714
   2577    2708
   2566    2691
   2573    2678
   2580    2703
   2576    2711
   2572    2716
   2567    2708
   2565    2685
   2569    2680
   2566    2701
   2559    2713
   2565    2714
   2572    2703
   2569    2703
   2578    2686
   2563    2706
   2577    2717
   2575    2710
   2577    2700
   2567    2686
   2575    2680
   2574    2705
   2578    2722
   2580    2711
   2567    2695
   2574    2682
   2573    2704
   2570    2704
   2572    2703
   2564    2699
   2566    2702
   2576    2699
   2567    2711
   2568    2700
   2576    2698
   2558    2688
   2557    2698
   2574    2705
   2570    2700
   2569    2693
   2575    2697
   2571    2699
   2562    2699
   2573    2708
   2576    2691
   2573    2693
   2567    2694
   2573    2705
   2576    2696
   2566    2697
   2577    2686
   2578    2690
   2565    2699
   2568    2706
   2568    2706
   2572    2708
   2566    2700
   2569    2702
   2571    2690
   2568    2689
   2570    2700
   2567    2706
   2572    2697
   2569    2692
   2575    2691
   2567    2703
   2564    2703
   2567    2704
   2572    2704
   2568    2692
   2576    2696
   2568    2693
   2563    2699
   2573    2704
   2568    2702
   2575    2682
