currentTs;total_time;user_time;sys_time;virtual_size;in_octets;out_octets
1527699784910;0;0;0;1409024;5591206;7083271
1527699785011;10;6;2;35831808;5593174;7086428
1527699785111;20;15;2;70782976;5594578;7087719
1527699785211;30;24;2;70782976;5594578;7087771
1527699785311;40;34;2;70782976;5594734;7088910
1527699785411;50;44;2;70782976;5594734;7088910
1527699785512;60;54;2;70782976;5594734;7088910
1527699785612;70;64;2;70782976;5594734;7088910
1527699785712;80;74;3;70782976;5594734;7088910
1527699785812;91;83;3;70782976;5594734;7088910
1527699785912;101;93;3;70782976;5594734;7088910
1527699786013;111;102;4;70782976;5594734;7088910
1527699786113;121;110;5;70782976;5595092;7098905
1527699786213;131;120;5;70782976;5595092;7098905
1527699786313;141;130;6;70782976;5595404;7107945
1527699786413;151;138;7;70782976;5595404;7107945
1527699786513;161;147;8;70782976;5595404;7107945
1527699786614;171;157;8;70782976;5595404;7107945
1527699786714;181;167;8;70782976;5595404;7107945
1527699786814;191;177;8;70782976;5595404;7107945
1527699786915;201;187;8;70782976;5595404;7107945
1527699787015;211;196;8;70782976;5595493;7107945
1527699787115;221;206;8;70782976;5595701;7117351
1527699787215;231;215;9;70782976;5595851;7117455
1527699787315;241;224;9;70782976;5596163;7126675
1527699787416;251;234;9;70782976;5596163;7126675
1527699787516;261;244;9;70782976;5596163;7126675
1527699787616;271;253;10;70782976;5596163;7126675
1527699787716;281;263;10;70782976;5596163;7126675
1527699787816;291;272;11;70782976;5596163;7126675
1527699787916;301;281;12;70782976;5596163;7126675
1527699788017;311;290;13;70782976;5596252;7126675
1527699788117;321;299;13;70782976;5596252;7126675
1527699788217;331;308;14;70782976;5596610;7135660
1527699788317;341;317;15;70782976;5596610;7135660
1527699788417;351;327;15;70782976;5597098;7144754
1527699788517;361;336;15;70782976;5597175;7144754
1527699788617;371;345;16;70782976;5597175;7144754
1527699788717;381;354;17;70782976;5597175;7144754
1527699788817;391;363;18;70782976;5597175;7144754
1527699788917;401;373;18;70782976;5597175;7144754
1527699789017;411;382;18;70782976;5597175;7144754
1527699789117;421;392;19;70782976;5597175;7144754
1527699789218;431;400;21;70782976;5597487;7153440
1527699789318;441;408;22;70782976;5597487;7153440
1527699789419;451;418;22;70782976;5597897;7162836
1527699789519;461;427;22;70782976;5597897;7162836
1527699789619;471;437;23;70782976;5597897;7162836
1527699789719;481;446;23;70782976;5597897;7162836
1527699789819;491;456;24;70782976;5597897;7162836
1527699789919;501;466;24;70782976;5597897;7162836
1527699790020;511;475;24;70782976;5597897;7162836
1527699790120;521;485;24;70782976;5597897;7162836
1527699790220;531;494;24;70782976;5598261;7171763
1527699790320;541;504;24;70782976;5598261;7171763
1527699790420;551;513;25;70782976;5598573;7181827
1527699790520;561;522;26;70782976;5598619;7181879
1527699790621;571;532;26;70782976;5598619;7181879
1527699790721;581;542;26;70782976;5598619;7181879
1527699790821;591;551;27;70782976;5598619;7181879
1527699790921;601;561;27;70782976;5598619;7181879
1527699791021;611;570;27;70782976;5598708;7181879
1527699791122;621;579;28;70782976;5598708;7181879
1527699791222;631;589;28;70782976;5599020;7191202
1527699791322;642;598;28;70782976;5599020;7191202
1527699791422;651;607;30;70782976;5599332;7198894
1527699791522;662;617;30;70782976;5599332;7198894
1527699791623;672;626;30;70782976;5599378;7198946
1527699791723;682;636;30;70782976;5599554;7199114
1527699791823;692;645;31;70782976;5599554;7199114
1527699791923;702;655;31;70782976;5599554;7199114
1527699792023;712;664;32;70782976;5599554;7199114
1527699792123;722;673;32;70782976;5599554;7199114
1527699792223;732;683;32;70782976;5599866;7207283
1527699792323;742;693;32;70782976;5599866;7207283
1527699792423;752;702;33;70782976;5600230;7217320
1527699792523;762;711;34;70782976;5600230;7217320
1527699792623;772;720;35;70782976;5600230;7217320
1527699792724;782;730;35;70782976;5600230;7217320
1527699792824;792;739;36;70782976;5600276;7217372
1527699792924;802;748;36;70782976;5600276;7217372
1527699793024;812;758;36;70782976;5600276;7217372
1527699793125;822;767;37;70782976;5600276;7217372
1527699793225;832;777;37;70782976;5600640;7226863
1527699793325;842;786;37;70782976;5600690;7226863
1527699793425;852;796;37;70782976;5601002;7234868
1527699793525;862;806;38;70782976;5601002;7234868
1527699793625;872;816;38;70782976;5601048;7234868
1527699793725;882;825;38;70782976;5601048;7234868
1527699793825;892;834;39;70782976;5601048;7234868
1527699793925;902;843;40;70782976;5601094;7234920
1527699794025;912;852;41;70782976;5601094;7234920
1527699794125;922;861;42;70782976;5601094;7234920
1527699794225;932;869;43;70782976;5601458;7243583
1527699794325;942;878;44;70782976;5601458;7243583
1527699794425;952;888;44;70782976;5601822;7253026
1527699794525;962;898;44;70782976;5601822;7253026
1527699794625;972;908;44;70782976;5601822;7253026
1527699794725;982;917;44;70782976;5601822;7253026
1527699794826;992;927;44;70782976;5601822;7253026
1527699794926;1002;936;45;70782976;5601868;7253078
1527699795026;1012;946;45;70782976;5602044;7253246
1527699795127;1022;956;45;70782976;5602044;7253246
1527699795227;1032;964;46;70782976;5602460;7263982
1527699795327;1042;974;47;70782976;5602460;7263982
1527699795427;1052;983;47;70782976;5602772;7271664
1527699795527;1062;993;47;70782976;5602772;7271664
1527699795627;1072;1002;48;70782976;5602772;7271664
1527699795728;1082;1012;48;70782976;5602772;7271664
1527699795828;1092;1021;49;70782976;5602772;7271664
1527699795928;1102;1030;49;70782976;5602772;7271664
1527699796028;1112;1040;49;70782976;5602772;7271664
1527699796128;1122;1050;49;70782976;5602818;7271716
1527699796228;1132;1058;50;70782976;5603130;7281418
1527699796329;1142;1068;51;70782976;5603130;7281418
1527699796429;1152;1078;51;70782976;5603442;7290201
1527699796529;1162;1088;51;70782976;5603442;7290201
1527699796629;1172;1097;51;70782976;5603442;7290201
1527699796729;1182;1106;52;70782976;5603442;7290201
1527699796830;1192;1116;52;70782976;5603442;7290201
1527699796930;1202;1126;52;70782976;5603442;7290201
1527699797030;1212;1134;53;70782976;5603442;7290201
1527699797130;1222;1144;53;70782976;5603488;7290253
1527699797230;1232;1154;53;70782976;5603852;7299172
1527699797331;1242;1164;54;70782976;5603852;7299172
1527699797431;1252;1173;54;70782976;5604216;7308214
1527699797531;1262;1183;54;70782976;5604216;7308214
1527699797631;1272;1192;54;70782976;5604216;7308214
1527699797731;1282;1202;54;70782976;5604216;7308214
1527699797831;1292;1212;55;70782976;5604216;7308214
1527699797932;1302;1222;55;70782976;5604216;7308214
1527699798032;1312;1231;55;70782976;5604216;7308214
1527699798132;1322;1241;55;70782976;5604216;7308214
1527699798232;1333;1250;55;70782976;5604626;7316914
1527699798332;1343;1259;57;70782976;5604626;7316914
1527699798433;1353;1268;57;70782976;5605114;7327229
1527699798533;1363;1278;58;70782976;5605114;7327229
1527699798633;1373;1287;58;70782976;5605114;7327229
1527699798733;1383;1296;59;70782976;5605114;7327229
1527699798833;1393;1306;59;70782976;5605114;7327229
1527699798933;1403;1316;59;70782976;5605114;7327229
1527699799034;1413;1325;59;70782976;5605114;7327229
1527699799134;1423;1335;59;70782976;5605114;7327229
1527699799234;1433;1344;60;70782976;5605426;7336097
1527699799335;1443;1354;60;70782976;5605426;7336097
1527699799435;1453;1362;62;70782976;5605784;7344294
1527699799535;1463;1372;62;70782976;5605784;7344294
1527699799635;1473;1382;62;70782976;5605784;7344294
1527699799735;1483;1391;62;70782976;5605784;7344294
1527699799835;1493;1401;62;70782976;5605784;7344294
1527699799936;1503;1411;62;70782976;5605784;7344294
1527699800036;1513;1420;62;70782976;5605784;7344294
1527699800136;1523;1429;64;70782976;5605784;7344294
1527699800236;1533;1439;64;70782976;5606148;7354115
1527699800336;1543;1448;64;70782976;5606148;7354115
1527699800436;1553;1457;66;70782976;5606460;7362652
1527699800536;1563;1466;66;70782976;5606506;7362704
1527699800637;1573;1475;66;70782976;5606506;7362704
1527699800737;1583;1484;68;70782976;5606506;7362704
1527699800837;1593;1493;68;70782976;5606506;7362704
1527699800937;1603;1503;68;70782976;5606506;7362704
1527699801037;1613;1512;69;70782976;5606506;7362704
1527699801137;1623;1522;69;70782976;5606506;7362704
1527699801237;1633;1531;70;70782976;5606506;7362704
1527699801337;1643;1541;70;70893568;5606870;7372588
1527699801438;1653;1551;70;70893568;5607182;7381066
1527699801538;1663;1560;70;70893568;5607228;7381118
1527699801638;1673;1570;70;70893568;5607228;7381118
1527699801738;1683;1580;70;70893568;5607404;7381286
1527699801838;1693;1589;70;70893568;5607404;7381286
1527699801939;1703;1599;71;70893568;5607404;7381286
1527699802039;1713;1608;71;70893568;5607404;7381286
1527699802139;1723;1618;71;70893568;5607404;7381286
1527699802239;1733;1628;72;70893568;5607404;7381286
1527699802339;1743;1637;72;70893568;5607768;7391080
1527699802439;1753;1646;73;70893568;5608080;7399128
1527699802540;1763;1655;73;70893568;5608080;7399128
1527699802640;1773;1664;74;70893568;5608080;7399128
1527699802740;1783;1674;74;70893568;5608080;7399128
1527699802840;1793;1684;74;70893568;5608126;7399180
1527699802940;1803;1693;75;70893568;5608126;7399180
1527699803040;1813;1702;76;70893568;5608126;7399180
1527699803141;1823;1707;76;70893568;5608178;7399292
1527699803241;1833;1707;76;70893568;5608230;7399404
1527699803341;1843;1707;77;70893568;5608594;7407322
1527699803442;1853;1707;77;70873088;5608906;7413079
1527699803542;1863;1708;78;62484480;5609394;7413727
