currentTs;total_time;user_time;sys_time;virtual_size;in_octets;out_octets
1527786663902;0;0;0;1409024;44397430;65550881
1527786664003;10;6;1;34783232;44398170;65553297
1527786664103;20;6;1;34783232;44398170;65553297
1527786664203;30;6;1;34783232;44398170;65553297
1527786664303;40;6;1;34783232;44398170;65553297
1527786664404;50;6;1;34783232;44398170;65553297
1527786664504;60;6;1;34783232;44398170;65553297
1527786664604;70;6;1;34783232;44398170;65553297
1527786664705;80;6;1;34783232;44398170;65553297
1527786664805;90;6;1;34783232;44398170;65553297
1527786664905;100;6;1;34783232;44398170;65553297
1527786665005;110;6;1;34783232;44398170;65553297
1527786665105;120;6;1;34783232;44398216;65553349
1527786665206;130;6;1;34783232;44398216;65553349
1527786665306;140;6;1;34783232;44398216;65553349
1527786665406;150;6;1;35831808;44398464;65553814
1527786665507;160;6;1;35831808;44398464;65553814
1527786665607;170;12;2;70782976;44399982;65554608
1527786665707;180;21;2;70782976;44400490;65554902
1527786665807;191;31;2;70782976;44400848;65556400
1527786665907;201;40;3;70782976;44401004;65558494
1527786666007;211;50;3;70782976;44401004;65558494
1527786666107;220;60;3;70782976;44401004;65558494
1527786666207;230;70;3;70782976;44401004;65558494
1527786666307;240;78;4;70782976;44401004;65558494
1527786666407;250;88;4;70782976;44401004;65558494
1527786666507;261;98;5;70782976;44401004;65558494
1527786666607;271;106;6;70782976;44401004;65558494
1527786666708;281;115;7;70782976;44401050;65558546
1527786666808;291;125;7;70782976;44401310;65568559
1527786666908;301;134;8;70782976;44401726;65577652
1527786667008;311;144;8;70782976;44401726;65577652
1527786667108;321;153;8;70782976;44401726;65577652
1527786667208;331;162;9;70782976;44401726;65577652
1527786667309;341;172;10;70782976;44401726;65577652
1527786667409;351;181;10;70782976;44401726;65577652
1527786667509;361;191;10;70782976;44401726;65577652
1527786667609;371;200;10;70782976;44401726;65577652
1527786667709;381;209;11;70782976;44401726;65577652
1527786667810;391;219;11;70782976;44401772;65577704
1527786667910;401;228;12;70782976;44402500;65596703
1527786668010;411;238;12;70782976;44402500;65596703
1527786668110;421;248;12;70782976;44402500;65596703
1527786668210;431;257;12;70782976;44402500;65596703
1527786668310;441;267;12;70782976;44402500;65596703
1527786668411;451;276;13;70782976;44402500;65596703
1527786668511;461;286;13;70782976;44402500;65596703
1527786668611;471;296;13;70782976;44402500;65596703
1527786668711;481;306;13;70782976;44402500;65596703
1527786668811;491;316;13;70782976;44402500;65596703
1527786668911;501;324;14;70782976;44403294;65615436
1527786669012;511;334;14;70782976;44403398;65615488
1527786669112;521;343;15;70782976;44403398;65615488
1527786669212;531;352;16;70782976;44403398;65615488
1527786669312;541;362;16;70782976;44403398;65615488
1527786669412;551;371;17;70782976;44403398;65615488
1527786669512;561;381;17;70782976;44403398;65615488
1527786669612;571;390;17;70782976;44403398;65615488
1527786669713;581;400;18;70782976;44403398;65615488
1527786669813;591;410;18;70782976;44403398;65615488
1527786669913;601;420;18;70782976;44403762;65625805
1527786670013;611;429;18;70782976;44404120;65633932
1527786670113;621;438;18;70782976;44404120;65633932
1527786670213;631;448;18;70782976;44404120;65633932
1527786670313;641;457;19;70782976;44404120;65633932
1527786670413;651;466;20;70782976;44404120;65633932
1527786670513;661;475;21;70782976;44404120;65633932
1527786670613;671;485;21;70782976;44404120;65633932
1527786670713;681;495;21;70782976;44404120;65633932
1527786670814;691;505;21;70782976;44404120;65633932
1527786670914;701;512;23;70782976;44404432;65643271
1527786671014;711;521;24;70782976;44404842;65652126
1527786671114;721;531;24;70782976;44404842;65652126
1527786671214;731;540;25;70782976;44404842;65652126
1527786671314;741;549;26;70782976;44404842;65652126
1527786671415;751;558;26;70782976;44404842;65652126
1527786671515;761;568;26;70782976;44404842;65652126
1527786671615;771;578;26;70782976;44404842;65652126
1527786671715;781;588;26;70782976;44404842;65652126
1527786671815;791;598;26;70782976;44404842;65652126
1527786671915;801;606;27;70782976;44405206;65661443
1527786672015;811;616;27;70782976;44405616;65670152
1527786672115;821;626;28;70782976;44405616;65670152
1527786672215;831;636;28;70782976;44405792;65670320
1527786672315;841;646;28;70782976;44405792;65670320
1527786672416;851;655;28;70782976;44405792;65670320
1527786672516;861;664;28;70782976;44405792;65670320
1527786672616;871;674;28;70782976;44405792;65670320
1527786672716;881;684;28;70782976;44405842;65670320
1527786672816;891;694;28;70782976;44405842;65670320
1527786672916;901;704;28;70782976;44406154;65679218
1527786673017;911;713;29;70782976;44406512;65688658
1527786673117;922;722;30;70782976;44406512;65688658
1527786673217;932;732;30;70782976;44406512;65688658
1527786673317;941;742;30;70782976;44406558;65688710
1527786673417;951;751;30;70782976;44406558;65688710
1527786673517;962;761;30;70782976;44406558;65688710
1527786673617;971;770;30;70782976;44406558;65688710
1527786673717;982;780;31;70782976;44406558;65688710
1527786673817;992;789;32;70782976;44406558;65688710
1527786673917;1001;799;32;70782976;44406922;65698001
1527786674017;1012;808;32;70782976;44407234;65706745
1527786674117;1022;817;33;70782976;44407234;65706745
1527786674217;1031;827;33;70782976;44407234;65706745
1527786674317;1042;836;34;70782976;44407280;65706797
1527786674417;1052;846;34;70782976;44407280;65706797
1527786674517;1061;855;34;70782976;44407280;65706797
1527786674617;1071;865;34;70782976;44407280;65706797
1527786674717;1082;875;34;70782976;44407280;65706797
1527786674817;1091;884;35;70782976;44407280;65706797
1527786674917;1102;894;35;70782976;44407592;65715826
1527786675017;1112;903;36;70782976;44407904;65725270
1527786675117;1121;912;36;70782976;44407904;65725270
1527786675217;1131;922;36;70782976;44407904;65725270
1527786675317;1142;932;36;70782976;44407950;65725322
1527786675417;1151;941;37;70782976;44407950;65725322
1527786675517;1162;950;37;70782976;44407950;65725322
1527786675618;1172;960;38;70782976;44408126;65725490
1527786675718;1182;969;38;70782976;44408126;65725490
1527786675818;1192;979;38;70782976;44408126;65725490
1527786675918;1202;988;39;70782976;44408438;65734033
1527786676018;1212;998;39;70782976;44408750;65743735
1527786676118;1222;1008;39;70782976;44408750;65743735
1527786676218;1232;1017;40;70782976;44408750;65743735
1527786676319;1242;1026;40;70782976;44408750;65743735
1527786676419;1252;1036;40;70782976;44408750;65743735
1527786676519;1262;1045;40;70782976;44408750;65743735
1527786676619;1272;1054;41;70782976;44408796;65743787
1527786676719;1282;1064;41;70782976;44408796;65743787
1527786676819;1292;1074;41;70782976;44408796;65743787
1527786676920;1302;1084;42;70782976;44409056;65751048
1527786677020;1312;1092;43;70782976;44409420;65761903
1527786677120;1322;1102;43;70782976;44409420;65761903
1527786677220;1332;1110;44;70782976;44409420;65761903
1527786677320;1342;1120;45;70782976;44409420;65761903
1527786677420;1352;1129;45;70782976;44409420;65761903
1527786677521;1362;1139;46;70782976;44409420;65761903
1527786677621;1372;1148;46;70782976;44409466;65761955
1527786677721;1382;1158;46;70782976;44409466;65761955
1527786677821;1392;1167;47;70782976;44409466;65761955
1527786677921;1402;1176;47;70782976;44409466;65761955
1527786678022;1412;1186;48;70782976;44410090;65780469
1527786678122;1422;1196;48;70782976;44410090;65780469
1527786678222;1432;1206;48;70782976;44410090;65780469
1527786678322;1442;1215;48;70782976;44410090;65780469
1527786678422;1452;1224;48;70782976;44410090;65780469
1527786678522;1462;1234;49;70782976;44410090;65780469
1527786678623;1472;1244;49;70782976;44410136;65780521
1527786678723;1482;1253;49;70782976;44410136;65780521
1527786678823;1492;1262;50;70782976;44410136;65780521
1527786678923;1502;1272;50;70782976;44410312;65780689
1527786679023;1512;1280;52;70782976;44410988;65798695
1527786679123;1522;1290;52;70782976;44410988;65798695
1527786679224;1532;1299;53;70782976;44410988;65798695
1527786679324;1542;1308;54;70782976;44410988;65798695
1527786679424;1552;1318;54;70782976;44410988;65798695
1527786679524;1562;1327;54;70782976;44410988;65798695
1527786679625;1572;1336;54;70782976;44410988;65798695
1527786679725;1582;1346;54;70782976;44410988;65798695
1527786679825;1592;1356;55;70782976;44410988;65798695
1527786679926;1602;1366;55;70782976;44410988;65798695
1527786680026;1612;1375;55;70782976;44411658;65817084
1527786680126;1622;1385;56;70782976;44411658;65817084
1527786680226;1632;1394;56;70782976;44411658;65817084
1527786680326;1642;1403;57;70782976;44411658;65817084
1527786680426;1652;1413;57;70782976;44411658;65817084
1527786680527;1662;1422;58;70782976;44411658;65817084
1527786680627;1672;1432;58;70782976;44411658;65817084
1527786680727;1682;1441;58;70782976;44411658;65817084
1527786680827;1693;1450;59;70782976;44411658;65817084
1527786680927;1703;1460;59;70782976;44411658;65817084
1527786681027;1713;1470;59;70782976;44412386;65835676
1527786681128;1723;1480;59;70782976;44412386;65835676
1527786681228;1733;1489;59;70782976;44412432;65835728
1527786681328;1743;1499;59;70782976;44412432;65835728
1527786681428;1753;1509;60;70782976;44412432;65835728
1527786681528;1763;1518;60;70782976;44412432;65835728
1527786681628;1773;1528;60;70782976;44412432;65835728
1527786681729;1783;1538;60;70782976;44412432;65835728
1527786681829;1793;1547;60;70782976;44412432;65835728
1527786681929;1803;1557;60;70782976;44412432;65835728
1527786682029;1813;1566;61;70782976;44413056;65853534
1527786682129;1823;1575;62;70782976;44413056;65853534
1527786682229;1833;1585;62;70782976;44413232;65853702
1527786682329;1843;1594;63;70782976;44413232;65853702
1527786682429;1853;1604;63;70782976;44413232;65853702
1527786682530;1863;1613;63;70782976;44413232;65853702
1527786682630;1873;1623;64;70782976;44413232;65853702
1527786682730;1883;1631;65;70782976;44413232;65853702
1527786682830;1893;1641;65;70782976;44413232;65853702
1527786682930;1903;1651;65;70782976;44413232;65853702
1527786683030;1913;1661;65;70782976;44413908;65871907
1527786683131;1923;1671;65;70782976;44413908;65871907
1527786683231;1933;1680;65;70782976;44413908;65871907
1527786683331;1943;1690;66;70782976;44414342;65871959
1527786683431;1953;1699;66;70782976;44414394;65872071
1527786683532;1963;1699;66;70782976;44414446;65872183
1527786683632;1973;1699;66;70782976;44414498;65872295
1527786683732;1983;1699;66;70782976;44414550;65872407
1527786683832;1993;1699;66;70782976;44414602;65872519
1527786683933;2003;1699;66;70782976;44414654;65872631
1527786684033;2013;1700;66;70782976;44415174;65881025
