currentTs;total_time;user_time;sys_time;virtual_size;in_octets;out_octets
1527699395852;2;0;0;204800;41803;40043
1527699395952;12;0;1;6488064;41803;40043
1527699396053;22;0;3;16138240;41803;40043
1527699396154;32;4;6;16515072;41803;40043
1527699396254;42;5;7;36089856;43771;43252
1527699396354;52;10;8;70782976;44107;43666
1527699396454;62;19;9;70782976;44107;43666
1527699396555;72;27;10;70782976;45071;45146
1527699396655;82;36;11;70782976;45227;47551
1527699396755;92;44;12;70782976;45331;47603
1527699396855;102;54;12;70782976;45331;47603
1527699396956;112;63;12;70782976;45331;47603
1527699397056;122;73;12;70782976;45331;47603
1527699397156;132;82;13;70782976;45331;47603
1527699397256;142;91;13;70782976;45331;47603
1527699397356;152;100;14;70782976;45377;47655
1527699397457;162;109;15;70782976;45377;47655
1527699397557;172;118;16;70782976;45741;57232
1527699397657;182;127;16;70782976;45741;57232
1527699397757;192;137;16;70782976;46053;66156
1527699397857;202;146;17;70782976;46053;66156
1527699397958;212;154;18;70782976;46053;66156
1527699398058;222;163;18;70782976;46053;66156
1527699398158;232;172;20;70782976;46053;66156
1527699398259;242;181;20;70782976;46053;66156
1527699398359;252;190;20;70782976;46099;66208
1527699398459;262;199;20;70782976;46099;66208
1527699398559;272;208;21;70782976;46307;74105
1527699398659;282;217;22;70782976;46411;74157
1527699398760;292;226;23;70782976;46723;83376
1527699398860;302;234;24;70782976;46723;83376
1527699398960;312;243;24;70782976;46723;83376
1527699399060;322;252;25;70782976;46723;83376
1527699399160;332;262;25;70782976;46723;83376
1527699399260;342;271;26;70782976;46723;83376
1527699399361;352;280;26;70782976;46723;83376
1527699399461;362;288;27;70782976;46769;83428
1527699399561;372;298;28;70782976;46945;83596
1527699399661;382;306;28;70782976;47257;91927
1527699399761;392;316;28;70782976;47621;101750
1527699399861;402;325;29;70782976;47621;101750
1527699399962;412;334;29;70782976;47621;101750
1527699400062;423;344;30;70782976;47621;101750
1527699400163;433;352;31;70782976;47621;101750
1527699400263;443;362;31;70782976;47621;101750
1527699400363;453;371;31;70782976;47621;101750
1527699400463;463;380;32;70782976;47621;101750
1527699400563;473;389;32;70782976;47667;101802
1527699400664;483;398;33;70782976;47979;109884
1527699400764;493;408;33;70782976;48343;118930
1527699400864;503;417;33;70782976;48343;118930
1527699400964;513;426;33;70782976;48343;118930
1527699401064;523;436;34;70782976;48343;118930
1527699401164;533;444;35;70782976;48343;118930
1527699401265;543;452;36;70782976;48343;118930
1527699401365;553;462;36;70782976;48343;118930
1527699401465;563;471;36;70782976;48343;118930
1527699401565;573;481;36;70782976;48343;118930
1527699401666;583;490;37;70782976;48655;127008
1527699401766;593;498;39;70782976;49013;135860
1527699401866;603;506;40;70782976;49013;135860
1527699401966;613;513;43;70782976;49089;135936
1527699402066;623;522;43;70782976;49089;135936
1527699402166;633;531;44;70782976;49089;135936
1527699402266;643;540;44;70782976;49089;135936
1527699402366;653;548;45;70782976;49089;135936
1527699402466;663;557;46;70782976;49089;135936
1527699402566;673;566;47;70782976;49089;135936
1527699402666;683;574;48;70782976;49453;145264
1527699402766;693;583;48;70782976;49811;153011
1527699402866;703;593;48;70782976;49811;153011
1527699402966;713;602;48;70782976;49987;153179
1527699403066;723;612;49;70782976;49987;153179
1527699403166;733;620;50;70782976;49987;153179
1527699403266;743;629;50;70782976;50037;153179
1527699403366;753;638;50;70782976;50087;153179
1527699403466;763;648;50;70782976;50087;153179
1527699403566;773;656;52;70782976;50087;153179
1527699403666;783;665;52;70782976;50451;161953
1527699403767;793;673;54;70782976;50711;169466
1527699403867;803;682;55;70782976;50711;169466
1527699403967;813;691;55;70782976;50711;169466
1527699404067;823;701;55;70782976;50711;169466
1527699404167;833;710;56;70782976;50757;169518
1527699404267;843;719;56;70782976;50757;169518
1527699404368;853;728;57;70782976;50757;169518
1527699404468;863;737;58;70782976;50757;169518
1527699404568;873;746;58;70782976;50757;169518
1527699404668;883;755;59;70782976;51069;178083
1527699404768;893;763;60;70782976;51329;186977
1527699404868;903;772;61;70782976;51433;187029
1527699404968;913;781;62;70782976;51433;187029
1527699405068;923;790;62;70782976;51433;187029
1527699405168;933;799;62;70782976;51433;187029
1527699405268;943;807;64;70782976;51433;187029
1527699405368;953;816;64;70782976;51479;187081
1527699405468;963;824;66;70782976;51479;187081
1527699405568;973;833;66;70782976;51479;187081
1527699405668;983;842;67;70782976;51791;195607
1527699405768;993;852;67;70782976;51791;195607
1527699405868;1003;861;68;70782976;52103;205044
1527699405968;1013;870;68;70782976;52103;205044
1527699406069;1023;880;68;70782976;52103;205044
1527699406169;1033;889;68;70782976;52103;205044
1527699406269;1043;898;69;70782976;52279;205212
1527699406369;1053;907;70;70782976;52279;205212
1527699406469;1063;916;70;70782976;52279;205212
1527699406569;1073;924;71;70782976;52279;205212
1527699406670;1083;933;72;70782976;52591;213878
1527699406770;1093;942;73;70782976;52591;213878
1527699406870;1103;951;74;70782976;52851;221260
1527699406970;1113;959;75;70782976;52851;221260
1527699407070;1123;967;76;70782976;52851;221260
1527699407170;1133;977;76;70782976;52851;221260
1527699407270;1143;986;77;70782976;52851;221260
1527699407370;1153;994;78;70782976;52897;221312
1527699407470;1163;1004;78;70782976;52897;221312
1527699407570;1173;1012;80;70782976;52897;221312
1527699407670;1183;1020;81;70782976;53209;231383
1527699407770;1193;1029;82;70782976;53209;231383
1527699407870;1203;1038;82;70782976;53521;239434
1527699407970;1213;1047;82;70782976;53521;239434
1527699408071;1223;1056;83;70782976;53521;239434
1527699408171;1233;1066;83;70782976;53521;239434
1527699408271;1243;1075;83;70782976;53521;239434
1527699408371;1253;1084;84;70782976;53567;239486
1527699408471;1263;1094;84;70782976;53567;239486
1527699408571;1273;1103;84;70782976;53567;239486
1527699408671;1283;1111;86;70782976;53931;248817
1527699408771;1293;1120;86;70782976;53931;248817
1527699408871;1303;1129;87;70782976;54191;256320
1527699408971;1313;1138;88;70782976;54191;256320
1527699409071;1323;1147;88;70782976;54191;256320
1527699409171;1333;1156;89;70782976;54191;256320
1527699409272;1343;1164;90;70782976;54191;256320
1527699409372;1353;1174;90;70782976;54191;256320
1527699409472;1363;1183;90;70782976;54237;256372
1527699409572;1374;1192;90;70782976;54413;256540
1527699409672;1384;1200;92;70782976;54777;265584
1527699409773;1394;1210;92;70782976;54777;265584
1527699409873;1404;1217;94;70782976;55089;273529
1527699409973;1414;1226;96;70782976;55089;273529
1527699410073;1424;1235;96;70782976;55089;273529
1527699410173;1434;1244;96;70782976;55089;273529
1527699410273;1444;1253;96;70782976;55089;273529
1527699410374;1454;1262;97;70782976;55089;273529
1527699410474;1464;1272;97;70782976;55089;273529
1527699410574;1474;1281;97;70782976;55089;273529
1527699410674;1484;1290;98;70782976;55499;282845
1527699410775;1494;1299;98;70782976;55499;282845
1527699410875;1504;1308;99;70782976;55811;291314
1527699410975;1514;1317;99;70782976;55811;291314
1527699411075;1524;1326;100;70782976;55811;291314
1527699411175;1534;1335;100;70782976;55811;291314
1527699411275;1544;1344;101;70782976;55811;291314
1527699411376;1554;1353;102;70782976;55811;291314
1527699411476;1564;1361;103;70782976;55811;291314
1527699411576;1574;1370;104;70782976;55811;291314
1527699411676;1584;1380;104;70782976;55811;291314
1527699411776;1594;1389;104;70782976;56123;299237
1527699411876;1604;1398;105;70782976;56481;308497
1527699411976;1614;1407;106;70782976;56481;308497
1527699412076;1624;1416;106;70782976;56481;308497
1527699412176;1634;1426;106;70782976;56481;308497
1527699412277;1644;1436;106;70782976;56481;308497
1527699412377;1654;1444;108;70782976;56481;308497
1527699412477;1664;1452;108;70782976;56481;308497
1527699412577;1674;1462;109;70782976;56481;308497
1527699412677;1684;1470;110;70782976;56481;308497
1527699412778;1694;1479;111;70782976;56793;317028
1527699412878;1704;1488;111;70782976;57281;326098
1527699412979;1714;1496;112;70782976;57281;326098
1527699413079;1724;1505;114;70782976;57281;326098
1527699413179;1734;1514;114;70782976;57281;326098
1527699413279;1744;1523;115;70782976;57281;326098
1527699413379;1754;1532;116;70782976;57281;326098
1527699413479;1764;1541;116;70782976;57281;326098
1527699413579;1774;1550;117;70782976;57281;326098
1527699413680;1784;1558;118;70782976;57281;326098
1527699413780;1794;1568;118;70782976;57541;333536
1527699413880;1804;1577;118;70782976;57853;343114
1527699413980;1814;1586;119;70782976;57899;343166
1527699414080;1824;1595;119;70782976;57899;343166
1527699414181;1834;1604;120;70782976;57899;343166
1527699414281;1844;1613;120;70782976;57899;343166
1527699414381;1854;1623;120;70782976;57899;343166
1527699414482;1864;1631;121;70782976;57899;343166
1527699414582;1874;1641;121;70782976;57899;343166
1527699414682;1885;1650;122;70782976;57899;343166
1527699414783;1895;1658;123;70782976;58159;350073
1527699414883;1905;1667;124;70782976;58523;360230
1527699414983;1915;1676;124;70782976;58523;360230
1527699415084;1925;1685;125;70782976;58523;360230
1527699415184;1935;1694;126;70782976;58523;360230
1527699415284;1945;1703;126;70782976;58523;360230
1527699415384;1955;1708;126;70782976;58621;360394
1527699415484;1965;1708;126;70782976;58673;360506
1527699415585;1975;1708;126;70782976;58725;360618
1527699415685;1985;1708;127;70782976;58777;360730
1527699415785;1995;1708;127;70782976;59089;366124
1527699415886;2005;1709;127;70782976;59349;370377
1527699415986;2015;1710;128;62394368;59765;370985
