currentTs;total_time;user_time;sys_time;virtual_size;in_octets;out_octets
1527786163354;0;0;0;1409024;33614974;52248984
1527786163454;10;8;1;16650240;33614974;52248984
1527786163554;20;14;2;26349568;33621443;52255967
1527786163654;30;20;3;26349568;33629258;52262782
1527786163754;40;25;4;26349568;33635550;52268840
1527786163855;50;32;4;26349568;33642763;52275655
1527786163956;60;38;6;26349568;33649843;52282470
1527786164056;70;45;6;26349568;33656927;52289285
1527786164156;80;52;6;26349568;33664061;52296858
1527786164256;90;56;8;26349568;33670309;52302161
1527786164356;100;63;8;26349568;33677392;52308979
1527786164457;110;68;9;26349568;33682902;52314281
1527786164557;121;74;10;26349568;33690822;52321854
1527786164657;131;80;10;26349568;33697353;52328232
1527786164757;141;86;10;26349568;33702863;52333534
1527786164858;151;92;11;26349568;33710002;52341109
1527786164958;161;97;12;26349568;33715510;52346409
1527786165058;171;104;12;26349568;33722587;52353225
1527786165159;181;110;13;26349568;33729672;52360044
1527786165259;191;116;14;26349568;33735917;52365346
1527786165359;201;123;14;26349568;33743054;52372920
1527786165459;211;129;14;26349568;33750081;52378977
1527786165559;221;136;14;26349568;33757165;52385795
1527786165660;231;142;16;26349568;33764305;52393371
1527786165760;241;148;16;26349568;33770646;52399481
1527786165860;251;155;17;26349568;33777965;52406566
1527786165960;261;161;17;26349568;33784995;52412625
1527786166060;271;168;18;26349568;33792077;52419440
1527786166160;281;174;18;26349568;33799155;52426254
1527786166260;291;180;19;26349568;33805451;52432312
1527786166361;301;187;19;26349568;33812586;52439884
1527786166461;311;192;20;26349568;33818827;52445185
1527786166561;321;199;20;26349568;33825910;52452002
1527786166662;331;205;21;26349568;33832994;52458820
1527786166762;341;211;21;26349568;33839284;52464876
1527786166862;351;218;22;26349568;33846369;52471694
1527786166962;361;222;24;26349568;33852962;52478077
1527786167062;371;228;24;26349568;33860050;52484898
1527786167162;381;236;24;26349568;33867136;52491719
1527786167262;391;242;25;26349568;33874216;52498536
1527786167362;401;248;26;26349568;33881298;52505352
1527786167462;411;254;26;26349568;33886861;52511412
1527786167563;421;260;27;26349568;33894681;52518232
1527786167663;431;266;28;26349568;33901759;52525048
1527786167763;441;273;28;26349568;33908053;52531107
1527786167863;451;280;28;26349568;33914400;52537921
1527786167963;461;286;29;26349568;33921423;52543981
1527786168063;471;293;29;26349568;33929346;52551608
1527786168163;481;299;30;26349568;33935876;52557936
1527786168263;491;306;30;26349568;33942956;52564753
1527786168363;501;312;30;26349568;33949251;52570811
1527786168463;511;319;30;26349568;33956336;52577631
1527786168563;521;326;31;26349568;33963421;52584449
1527786168663;531;332;31;26349568;33969718;52590510
1527786168763;541;340;31;26349568;33977588;52598084
1527786168863;551;347;31;26349568;33984673;52604902
1527786168964;561;353;32;26349568;33991758;52611720
1527786169064;571;360;32;26349568;33998837;52618538
1527786169164;581;367;33;26349568;34006757;52626163
1527786169264;591;373;33;26349568;34012556;52632490
1527786169365;601;380;34;26349568;34020373;52639306
1527786169465;611;386;34;26349568;34026671;52645368
1527786169566;621;393;34;26349568;34033021;52652186
1527786169666;631;399;34;26349568;34040844;52659005
1527786169766;641;406;35;26349568;34047403;52665820
1527786169866;651;412;36;26349568;34055220;52672637
1527786169966;661;417;38;26349568;34061513;52678695
1527786170067;671;424;38;26349568;34068600;52685514
1527786170168;682;431;38;26349568;34075690;52692334
1527786170268;692;437;38;26349568;34081987;52698392
1527786170368;702;444;38;26349568;34089246;52705367
1527786170468;712;450;40;26349568;34096443;52712345
1527786170568;722;456;40;26349568;34102793;52719161
1527786170668;732;462;42;26349568;34110611;52725978
1527786170769;742;468;42;26349568;34116905;52732037
1527786170869;752;474;43;26349568;34123986;52738855
1527786170969;762;481;44;26349568;34131067;52745670
1527786171069;772;488;44;26349568;34138148;52752487
1527786171169;782;494;45;26349568;34145230;52759303
1527786171269;792;500;45;26349568;34150792;52765362
1527786171370;802;506;46;26349568;34157826;52771423
1527786171470;812;512;47;26349568;34164963;52778291
1527786171570;822;518;48;26349568;34171548;52785376
1527786171670;832;525;48;26349568;34179367;52792191
1527786171770;842;530;49;26349568;34185666;52798251
1527786171870;852;538;49;26349568;34192744;52805064
1527786171970;862;544;50;26349568;34199827;52811880
1527786172070;872;551;50;26349568;34206961;52819456
1527786172170;882;558;51;26349568;34214779;52826274
1527786172270;892;564;52;26349568;34221861;52833091
1527786172370;902;571;52;26349568;34228939;52839906
1527786172471;912;578;53;26349568;34236069;52847478
1527786172571;922;584;55;26349568;34243935;52854291
1527786172672;932;590;56;26349568;34250855;52860668
1527786172772;942;595;56;26349568;34257149;52866724
1527786172872;952;602;57;26349568;34264231;52873538
1527786172972;962;606;58;26349568;34269005;52878839
1527786173072;972;613;58;26349568;34276089;52885654
1527786173172;982;620;58;26349568;34283905;52892469
1527786173273;992;626;59;26349568;34289410;52897768
1527786173373;1002;633;59;26349568;34296544;52905340
1527786173473;1012;640;60;26349568;34304359;52912153
1527786173573;1022;647;60;26349568;34311441;52918968
1527786173673;1032;654;60;26349568;34318524;52925783
1527786173774;1042;660;60;26349568;34324872;52931893
1527786173874;1052;665;61;26349568;34331406;52938218
1527786173974;1062;672;62;26349568;34338488;52945034
1527786174075;1072;679;62;26349568;34344780;52951090
1527786174175;1082;686;62;26349568;34351914;52958662
1527786174275;1092;691;63;26349568;34358156;52963965
1527786174375;1102;697;64;26349568;34365236;52970780
1527786174475;1112;705;64;26349568;34372319;52977596
1527786174575;1122;711;64;26349568;34379402;52984415
1527786174675;1132;718;65;26349568;34386488;52991231
1527786174776;1142;721;66;26349568;34390420;52995016
1527786174876;1152;727;66;26349568;34397504;53001831
1527786174976;1162;734;67;26349568;34404634;53008697
1527786175076;1172;740;68;26349568;34411162;53015021
1527786175177;1182;746;69;26349568;34418240;53021835
1527786175277;1192;752;70;26349568;34424534;53027893
1527786175377;1203;758;70;26349568;34431615;53034711
1527786175477;1213;764;72;26349568;34437906;53040768
1527786175577;1222;770;72;26349568;34444991;53047587
1527786175677;1232;777;72;26349568;34451341;53054407
1527786175777;1243;784;72;26349568;34458424;53061223
1527786175877;1252;789;73;26349568;34465449;53067282
1527786175977;1262;796;74;26349568;34471745;53073341
1527786176077;1273;800;75;26349568;34478047;53079403
1527786176178;1283;807;76;26349568;34484686;53086489
1527786176278;1293;813;76;26349568;34491715;53092602
1527786176378;1303;819;77;26349568;34498017;53098665
1527786176478;1313;824;78;26349568;34504317;53104727
1527786176579;1323;827;78;26349568;34506732;53107758
1527786176679;1333;830;78;26349568;34509880;53110788
1527786176779;1343;836;79;26349568;34516916;53116849
1527786176879;1353;842;80;26349568;34523998;53123667
1527786176979;1363;849;80;26349568;34530313;53129746
1527786177079;1373;855;81;26349568;34537409;53136578
1527786177180;1383;862;81;26349568;34544501;53143403
1527786177280;1393;869;81;26349568;34551592;53150229
1527786177380;1403;875;83;26349568;34558685;53157057
1527786177480;1413;881;84;26349568;34566069;53164202
1527786177580;1423;888;84;26349568;34573154;53171023
1527786177680;1433;894;85;26349568;34580297;53177852
1527786177780;1443;901;85;26349568;34586607;53183924
1527786177880;1453;908;85;26349568;34593702;53190755
1527786177980;1463;914;86;26349568;34600802;53197586
1527786178081;1473;920;87;26349568;34607899;53204417
1527786178181;1483;926;88;26349568;34615043;53211247
1527786178282;1493;933;88;26349568;34622141;53218078
1527786178382;1503;938;89;26349568;34627663;53223391
1527786178482;1513;943;90;26349568;34633184;53228704
1527786178582;1523;950;90;26349568;34640331;53235586
1527786178682;1533;956;90;26349568;34646878;53241926
1527786178782;1543;962;91;26349568;34653186;53247997
1527786178882;1553;969;91;26349568;34660281;53254828
1527786178982;1563;975;92;26349568;34667378;53261658
1527786179082;1573;982;93;26349568;34674475;53268489
1527786179182;1583;988;93;26349568;34680781;53274561
1527786179282;1593;995;94;26349568;34687879;53281392
1527786179382;1603;1001;94;26349568;34694974;53288218
1527786179482;1613;1007;95;26349568;34701332;53295047
1527786179582;1623;1014;96;26349568;34708425;53301876
1527786179682;1633;1020;96;26349568;34715465;53307947
1527786179782;1643;1027;96;26349568;34722113;53315043
1527786179883;1653;1032;97;26349568;34729158;53321167
1527786179983;1663;1040;97;26349568;34736251;53327995
1527786180083;1673;1047;97;26349568;34743349;53334825
1527786180184;1683;1052;98;26349568;34749713;53341656
1527786180284;1693;1060;98;26349568;34757543;53348486
1527786180384;1703;1067;98;26349568;34764641;53355316
1527786180484;1713;1074;99;26349568;34771735;53362143
1527786180584;1723;1080;99;26349568;34778831;53368971
1527786180685;1733;1087;100;26349568;34785926;53375801
1527786180785;1743;1092;102;26349568;34793021;53382631
1527786180885;1753;1099;102;26349568;34800168;53389511
1527786180986;1763;1104;103;26349568;34806717;53395850
1527786181086;1773;1112;104;26349568;34813811;53402678
1527786181186;1783;1118;104;26349568;34820901;53409506
1527786181286;1793;1124;104;26349568;34827205;53415575
1527786181386;1803;1132;104;26349568;34834295;53422402
1527786181486;1813;1137;106;26349568;34841387;53429232
1527786181587;1823;1144;107;26349568;34848487;53436063
1527786181687;1833;1151;107;26349568;34855585;53442892
1527786181787;1844;1157;108;26349568;34862730;53450475
1527786181887;1854;1163;108;26349568;34868985;53455787
1527786181987;1864;1170;108;26349568;34876079;53462617
1527786182088;1874;1177;109;26349568;34883468;53469767
1527786182188;1884;1183;110;26349568;34890564;53476596
1527786182288;1894;1189;111;26349568;34897657;53483423
1527786182388;1904;1196;112;26349568;34904756;53490254
1527786182489;1914;1202;113;26349568;34911853;53497085
1527786182590;1924;1208;114;26349568;34918948;53503914
1527786182690;1934;1214;115;26349568;34926042;53510742
1527786182790;1944;1219;117;26349568;34933139;53517571
1527786182890;1954;1226;117;26349568;34939497;53524399
1527786182990;1964;1232;118;26349568;34947326;53531229
1527786183090;1974;1239;119;26349568;34954425;53538068
1527786183191;1984;1245;119;26349568;34961029;53544464
1527786183291;1994;1250;121;26349568;34968126;53551292
1527786183391;2004;1258;121;26349568;34975337;53558120
1527786183491;2014;1264;122;26349568;34982435;53564950
1527786183591;2024;1270;122;26349568;34988741;53571021
1527786183691;2034;1277;123;26349568;34995835;53577848
1527786183791;2044;1283;124;26349568;35002976;53584677
1527786183892;2054;1290;124;26349568;35009332;53591503
1527786183992;2064;1296;125;26349568;35017162;53598332
1527786184092;2074;1303;126;26349568;35024260;53605162
1527786184192;2084;1310;126;26349568;35031358;53611996
1527786184292;2094;1316;126;26349568;35038624;53618979
1527786184393;2104;1322;128;26349568;35045244;53625202
1527786184494;2114;1328;129;26349568;35052330;53632020
1527786184594;2124;1335;129;26349568;35059410;53638839
1527786184694;2134;1340;131;26349568;35066491;53645656
1527786184794;2144;1347;131;26349568;35073577;53652477
1527786184894;2154;1353;132;26349568;35079925;53659295
1527786184994;2164;1360;132;26349568;35086957;53665356
1527786185094;2174;1367;132;26349568;35094040;53672175
1527786185194;2184;1373;133;26349568;35101126;53678993
1527786185294;2194;1377;134;26349568;35105848;53683538
1527786185394;2204;1384;135;26349568;35112932;53690358
1527786185495;2214;1389;136;26349568;35119520;53696737
1527786185595;2224;1395;137;26349568;35126606;53703559
1527786185695;2234;1401;138;26349568;35133696;53710384
1527786185795;2244;1408;139;26349568;35140787;53717210
1527786185895;2254;1414;139;26349568;35147092;53723276
1527786185996;2264;1421;139;26349568;35154187;53730102
1527786186096;2274;1428;140;26349568;35161282;53736930
1527786186196;2284;1434;140;26349568;35168371;53743755
1527786186296;2294;1441;140;26349568;35175462;53750581
1527786186396;2304;1447;141;26349568;35182554;53757406
1527786186497;2314;1453;142;26349568;35189645;53764232
1527786186598;2325;1460;144;26349568;35196911;53771214
1527786186698;2335;1466;144;26349568;35203331;53777445
1527786186798;2345;1473;144;26349568;35210422;53784272
1527786186898;2355;1479;145;26349568;35217514;53791098
1527786186998;2365;1486;145;26349568;35223821;53797169
1527786187098;2375;1492;146;26349568;35230911;53803995
1527786187198;2385;1499;146;26349568;35238001;53810821
1527786187298;2395;1506;146;26349568;35245095;53817647
1527786187399;2405;1513;147;26349568;35252453;53825235
1527786187499;2415;1520;147;26349568;35260283;53832062
1527786187599;2425;1526;148;26349568;35267374;53838890
1527786187699;2435;1532;149;26349568;35274515;53845768
1527786187799;2445;1538;150;26349568;35281060;53852103
1527786187899;2455;1545;150;26349568;35288153;53858928
1527786187999;2465;1552;150;26349568;35295241;53865749
1527786188099;2475;1559;151;26349568;35301594;53872574
1527786188199;2485;1566;151;26349568;35309424;53879401
1527786188299;2495;1573;151;26349568;35316519;53886230
1527786188399;2505;1579;152;26349568;35323610;53893054
1527786188499;2515;1586;152;26349568;35330697;53899874
1527786188600;2525;1594;152;26349568;35337786;53906697
1527786188700;2535;1600;152;26349568;35344088;53912764
1527786188800;2545;1606;153;26349568;35350443;53919592
1527786188900;2555;1613;153;26349568;35357033;53925974
1527786189000;2565;1619;154;26349568;35364076;53932043
1527786189100;2575;1626;154;26349568;35371159;53938863
1527786189201;2585;1632;154;26349568;35378252;53945688
1527786189301;2595;1638;156;26349568;35385336;53952505
1527786189401;2605;1645;156;26349568;35392418;53959320
1527786189501;2615;1652;156;26349568;35399498;53966136
1527786189602;2625;1658;158;26349568;35406577;53972951
1527786189702;2635;1665;158;26349568;35413662;53979770
1527786189802;2645;1672;158;26349568;35420741;53986585
1527786189902;2655;1679;158;26349568;35427037;53992644
1527786190002;2665;1684;159;26349568;35434290;53999615
1527786190102;2675;1691;159;26349568;35440753;54006595
1527786190202;2685;1697;160;26349568;35447780;54012653
1527786190303;2695;1704;161;26349568;35454866;54019471
1527786190404;2705;1709;161;26349568;35459641;54024772
1527786190504;2715;1715;162;26349568;35467452;54031588
1527786190604;2725;1722;162;26349568;35473797;54038404
1527786190704;2735;1728;163;26349568;35481617;54045224
1527786190804;2745;1735;164;26349568;35488702;54052042
1527786190904;2755;1742;164;26349568;35495784;54058857
1527786191004;2765;1748;165;26349568;35502865;54065672
1527786191105;2775;1756;165;26349568;35509997;54072538
1527786191205;2785;1762;166;26349568;35517322;54079624
1527786191305;2795;1768;167;26349568;35524403;54086442
1527786191405;2805;1775;167;26349568;35531485;54093259
1527786191505;2815;1782;167;26349568;35538567;54100076
1527786191605;2825;1790;167;26349568;35545651;54106893
1527786191705;2835;1797;167;26349568;35553518;54114464
1527786191805;2845;1804;168;26349568;35560597;54121281
1527786191905;2855;1811;168;26349568;35567675;54128095
1527786192005;2865;1818;168;26349568;35574758;54134911
1527786192105;2875;1824;169;26349568;35581845;54141730
1527786192206;2885;1831;169;26349568;35588981;54148547
1527786192306;2895;1837;170;26349568;35596300;54155684
1527786192407;2905;1844;171;26349568;35603379;54162500
