currentTs;total_time;user_time;sys_time;virtual_size;in_octets;out_octets
1521907531625;1;0;0;7823360;8504114;13286928
1521907531725;11;8;1;29454336;8504407;13287393
1521907531825;21;15;3;29454336;8506000;13290078
1521907531925;31;23;3;29454336;8507593;13292762
1521907532025;41;31;3;29454336;8509009;13295149
1521907532125;51;37;4;29454336;8510248;13297236
1521907532225;61;46;4;29454336;8511841;13299920
1521907532325;71;54;4;29454336;8513434;13302603
1521907532425;81;59;6;29454336;8514850;13304990
1521907532525;91;68;6;29454336;8516443;13307676
1521907532626;101;76;6;29454336;8517859;13310064
1521907532726;111;85;6;29454336;8519452;13312751
1521907532826;121;93;6;29454336;8520868;13315137
1521907532926;131;101;6;29454336;8522700;13318038
1521907533026;141;108;7;29454336;8524116;13320425
1521907533126;151;117;7;29454336;8525709;13323111
1521907533226;161;125;7;29454336;8527302;13325796
1521907533326;171;133;7;29454336;8528895;13328480
1521907533426;181;141;7;29454336;8530311;13330870
1521907533526;191;150;7;29454336;8531904;13333556
1521907533626;201;158;7;29454336;8533320;13335943
1521907533726;211;167;7;29454336;8534913;13338626
1521907533826;221;175;7;29454336;8536506;13341313
1521907533926;231;184;7;29454336;8538099;13344001
1521907534026;241;191;7;29454336;8539515;13346387
1521907534127;251;200;7;29454336;8541347;13349289
1521907534227;261;208;7;29454336;8542763;13351676
1521907534327;271;217;7;29454336;8544356;13354360
1521907534427;281;224;8;29454336;8545824;13357043
1521907534527;291;232;8;29454336;8547365;13359429
1521907534627;301;240;8;29454336;8548958;13362112
1521907534727;311;249;8;29454336;8550551;13364797
1521907534827;321;258;8;29454336;8552144;13367484
1521907534928;331;266;8;29454336;8553737;13370170
1521907535028;341;272;9;29454336;8554976;13372256
1521907535128;351;280;9;29454336;8556392;13374644
1521907535228;361;289;9;29454336;8558224;13377550
1521907535328;371;298;9;29454336;8559817;13380240
1521907535428;381;307;9;29454336;8561462;13383228
1521907535528;391;313;9;29454336;8562649;13385019
1521907535629;401;322;9;29454336;8564242;13388002
1521907535729;411;330;9;29454336;8565835;13390390
1521907535829;421;339;9;29454336;8567428;13393080
1521907535929;431;347;9;29454336;8569021;13395764
1521907536029;441;356;9;29454336;8570489;13398450
1521907536129;451;364;9;29454336;8572030;13400835
1521907536229;461;373;9;29454336;8573623;13403521
1521907536329;471;381;9;29454336;8575216;13406207
1521907536430;481;390;9;29454336;8577048;13409110
1521907536530;491;398;9;29454336;8578464;13411498
1521907536630;501;405;10;29454336;8580057;13414182
1521907536730;511;414;10;29454336;8581650;13416871
1521907536830;521;424;10;29454336;8583420;13419856
1521907536930;531;432;10;29454336;8585013;13422544
1521907537030;541;439;10;29454336;8586252;13424633
1521907537130;551;447;10;29454336;8587668;13427021
1521907537230;561;456;10;29454336;8589261;13429708
1521907537330;571;464;10;29454336;8590854;13432395
1521907537430;581;472;11;29454336;8592447;13435081
1521907537530;591;479;11;29454336;8593809;13437280
1521907537630;601;488;11;29454336;8595518;13440069
1521907537730;611;495;12;29454336;8597111;13442756
1521907537830;621;504;12;29454336;8598704;13445444
1521907537931;631;513;12;29454336;8600297;13448131
1521907538031;641;519;13;29454336;8601536;13450222
1521907538131;651;526;13;29454336;8602877;13452606
1521907538231;661;532;13;29454336;8604064;13454398
1521907538331;671;541;13;29454336;8605749;13457083
1521907538431;681;548;14;29454336;8607342;13459770
1521907538531;691;555;14;29454336;8608456;13461862
1521907538631;701;563;14;29454336;8609997;13464248
1521907538731;711;572;14;29454336;8611590;13466937
1521907538831;721;580;14;29454336;8613422;13469836
1521907538931;731;587;16;29454336;8615015;13472521
1521907539031;741;594;17;29454336;8616431;13474908
1521907539131;751;602;17;29454336;8618024;13477594
1521907539231;761;611;17;29454336;8619617;13480280
1521907539331;771;620;17;29454336;8621210;13482964
1521907539431;781;627;18;29454336;8622626;13485351
1521907539531;791;634;18;29454336;8623865;13487440
1521907539631;801;641;18;29454336;8625156;13489827
1521907539731;811;650;18;29454336;8626749;13492514
1521907539831;821;657;20;29454336;8628342;13495201
1521907539931;831;664;21;29454336;8630122;13497803
1521907540031;841;671;22;29454336;8631538;13500190
1521907540131;851;678;22;29454336;8632777;13502278
1521907540231;861;686;22;29454336;8634370;13504963
1521907540331;871;695;22;29454336;8635963;13507646
1521907540431;881;703;23;29454336;8637556;13510332
1521907540531;891;710;24;29454336;8638972;13512720
1521907540631;901;719;24;29454336;8640565;13515408
1521907540731;911;728;24;29454336;8642158;13518093
1521907540831;921;736;24;29454336;8643751;13520778
1521907540931;931;745;24;29454336;8645344;13523461
1521907541031;941;752;24;29454336;8646583;13525845
1521907541132;951;759;25;29454336;8648238;13528148
1521907541232;961;767;26;29454336;8650219;13530830
1521907541332;971;776;26;29454336;8651812;13533513
1521907541432;981;784;26;29454336;8653405;13536197
1521907541532;991;791;26;29454336;8654644;13538583
1521907541632;1001;799;26;29454336;8656060;13540671
1521907541732;1011;808;26;29454336;8657653;13543353
1521907541832;1021;817;26;29454336;8659246;13546037
1521907541932;1031;826;26;29454336;8660839;13548719
1521907542032;1041;833;26;29454336;8662255;13551105
1521907542132;1051;841;26;29454336;8663671;13553490
1521907542232;1061;850;26;29454336;8665264;13556175
1521907542332;1071;858;26;29454336;8666919;13558776
1521907542432;1081;867;26;29454336;8668512;13561461
1521907542532;1091;874;26;29454336;8669928;13563845
1521907542633;1101;882;26;29454336;8671344;13566229
1521907542733;1111;891;26;29454336;8672937;13568916
1521907542833;1121;899;26;29454336;8674353;13571303
1521907542933;1131;908;26;29454336;8675946;13573988
1521907543033;1141;916;26;29454336;8677362;13576376
1521907543133;1151;923;26;29454336;8678601;13578765
1521907543233;1161;931;27;29454336;8680246;13581447
1521907543333;1171;940;27;29454336;8681964;13584131
1521907543433;1181;949;27;29454336;8683432;13586814
1521907543534;1191;957;27;29454336;8685212;13589414
1521907543635;1202;965;27;29454336;8686628;13591798
1521907543735;1212;973;27;29454336;8688096;13594482
1521907543835;1222;982;27;29454336;8689637;13597170
1521907543935;1232;990;28;29454336;8691230;13599853
1521907544035;1242;997;28;29454336;8692469;13601646
1521907544135;1252;1005;28;29454336;8694062;13604335
1521907544235;1262;1013;28;29454336;8695478;13606722
1521907544335;1272;1022;28;29454336;8697071;13609407
1521907544435;1282;1030;28;29454336;8698664;13612092
1521907544535;1292;1038;28;29454336;8700080;13614481
1521907544635;1302;1047;28;29454336;8701496;13616871
1521907544735;1312;1054;28;29454336;8703026;13619476
1521907544835;1322;1062;28;29454336;8704567;13621866
1521907544935;1332;1071;28;29454336;8706160;13624554
1521907545035;1342;1080;28;29454336;8707753;13627243
1521907545136;1352;1087;28;29454336;8709169;13629632
1521907545236;1362;1096;28;29454336;8710762;13632318
1521907545336;1372;1105;28;29454336;8712230;13635024
1521907545436;1382;1113;28;29454336;8713771;13637426
1521907545536;1392;1120;29;29454336;8715187;13639821
1521907545636;1402;1128;29;29454336;8716780;13642514
1521907545736;1412;1135;30;29454336;8718019;13644612
1521907545836;1422;1143;30;29454336;8719612;13647308
1521907545937;1432;1151;31;29454336;8721444;13650215
1521907546037;1442;1159;32;29454336;8723037;13652909
1521907546137;1452;1166;32;29454336;8724453;13655309
1521907546237;1462;1175;32;29454336;8726046;13658009
1521907546337;1472;1184;32;29454336;8727639;13660709
1521907546437;1482;1191;32;29454336;8728878;13662809
1521907546537;1492;1199;32;29454336;8730294;13665208
1521907546637;1502;1208;32;29454336;8731887;13667908
1521907546737;1512;1216;32;29454336;8733480;13670608
1521907546837;1522;1225;32;29454336;8734896;13673008
1521907546937;1532;1233;32;29454336;8736489;13675708
1521907547037;1542;1241;32;29454336;8738144;13678323
1521907547137;1552;1249;32;29454336;8739560;13680722
1521907547237;1562;1257;32;29454336;8740976;13683122
1521907547337;1572;1265;32;29454336;8742569;13685821
1521907547438;1582;1274;32;29454336;8744162;13688521
1521907547539;1592;1282;32;29454336;8745578;13690921
1521907547639;1602;1290;32;29454336;8746994;13693321
1521907547739;1612;1299;32;29454336;8748587;13696019
1521907547839;1622;1308;32;29454336;8750055;13698715
1521907547939;1632;1316;32;29454336;8751648;13701414
1521907548039;1642;1323;32;29454336;8753012;13703512
1521907548139;1652;1331;33;29454336;8754605;13706210
1521907548239;1662;1339;33;29454336;8756260;13708824
1521907548339;1672;1348;33;29454336;8757853;13711523
1521907548439;1682;1358;33;29454336;8759623;13714520
1521907548539;1692;1365;33;29454336;8760862;13716920
1521907548639;1702;1373;34;29454336;8762507;13719620
1521907548739;1712;1382;34;29454336;8764100;13722319
1521907548839;1722;1389;35;29454336;8765641;13724717
1521907548939;1732;1399;35;29454336;8767286;13727714
1521907549039;1742;1405;36;29454336;8768827;13730111
1521907549140;1752;1414;36;29454336;8770295;13732810
1521907549240;1762;1422;36;29454336;8771836;13735209
1521907549340;1772;1431;36;29454336;8773429;13737906
1521907549440;1782;1439;36;29454336;8775084;13740521
1521907549540;1792;1447;36;29454336;8776500;13742919
1521907549640;1802;1455;36;29454336;8778093;13745616
1521907549740;1812;1464;36;29454336;8779686;13748312
1521907549841;1822;1472;37;29454336;8781279;13751008
1521907549941;1832;1481;37;29454336;8782872;13753707
1521907550041;1842;1489;37;29454336;8784288;13756107
1521907550141;1852;1497;38;29454336;8785881;13758805
1521907550241;1862;1505;38;29454336;8787349;13761499
1521907550341;1872;1514;38;29454336;8788890;13763897
1521907550441;1882;1523;38;29454336;8790660;13766896
1521907550541;1892;1531;38;29454336;8792315;13769563
1521907550642;1902;1540;38;29454336;8793908;13772262
1521907550742;1912;1547;38;29454336;8795022;13774358
1521907550842;1922;1555;38;29454336;8796563;13776757
1521907550942;1932;1563;38;29454336;8798156;13779457
1521907551042;1942;1571;38;29454336;8799572;13781857
1521907551142;1952;1580;38;29454336;8801165;13784553
1521907551242;1962;1588;38;29454336;8802456;13786951
1521907551342;1972;1597;38;29454336;8804174;13789649
1521907551443;1982;1606;38;29454336;8805767;13792347
1521907551543;1992;1611;39;29454336;8807006;13794446
1521907551643;2002;1619;40;29454336;8808599;13797155
1521907551743;2012;1628;40;29454336;8810306;13800073
1521907551843;2022;1636;40;29454336;8811847;13802470
1521907551943;2032;1645;40;29454336;8813440;13805169
1521907552043;2042;1653;40;29454336;8814856;13807567
1521907552143;2052;1661;40;29454336;8816449;13810264
1521907552243;2062;1668;41;29454336;8817865;13812662
1521907552343;2072;1677;41;29454336;8819458;13815360
1521907552443;2082;1686;41;29454336;8821051;13818055
1521907552543;2092;1695;41;29454336;8822644;13820753
1521907552643;2102;1701;43;29454336;8824060;13823152
1521907552743;2112;1709;43;29454336;8825653;13825855
1521907552843;2122;1718;43;29454336;8827246;13828553
1521907552943;2132;1725;44;29454336;8828901;13831156
1521907553043;2142;1734;44;29454336;8830369;13833843
1521907553143;2152;1742;44;29454336;8831835;13836231
1521907553243;2162;1750;44;29454336;8833422;13838619
1521907553343;2172;1759;44;29454336;8835015;13841308
1521907553444;2182;1767;44;29454336;8836608;13843996
1521907553545;2193;1775;45;29454336;8838122;13846684
1521907553645;2203;1782;45;29454336;8839486;13848775
1521907553745;2213;1790;46;29454336;8841079;13851462
1521907553845;2223;1799;46;29454336;8842495;13853850
1521907553945;2233;1807;46;29454336;8844088;13856539
1521907554045;2243;1814;47;29454336;8845627;13858978
1521907554145;2253;1823;47;29454336;8847336;13861832
1521907554246;2263;1831;47;29454336;8848929;13864525
1521907554346;2273;1840;47;29454336;8850522;13867220
1521907554446;2283;1849;47;29454336;8852115;13869914
1521907554546;2293;1857;47;29454336;8853531;13872309
1521907554646;2303;1865;47;29454336;8855124;13875005
1521907554746;2313;1874;47;29454336;8856592;13877701
1521907554846;2323;1882;47;29454336;8858133;13880095
1521907554946;2333;1891;47;29454336;8859726;13882790
1521907555047;2343;1900;47;29454336;8861194;13885485
1521907555147;2353;1909;47;29454336;8862912;13888180
1521907555247;2363;1917;47;29454336;8864567;13890791
1521907555347;2373;1926;47;29454336;8866160;13893487
1521907555447;2383;1935;47;29454336;8867753;13896481
1521907555547;2393;1943;48;29454336;8869346;13899179
1521907555647;2403;1951;48;29454336;8870939;13901576
1521907555747;2413;1960;48;29454336;8872532;13904569
1521907555847;2423;1968;49;29454336;8874177;13907265
1521907555948;2433;1977;49;29454336;8875895;13909962
1521907556048;2443;1986;49;29454336;8877363;13912659
1521907556148;2453;1993;49;29454336;8878727;13914756
1521907556248;2463;2002;49;29454336;8880320;13917453
1521907556348;2473;2010;50;29454336;8882152;13920363
1521907556448;2483;2018;50;29454336;8883745;13923059
1521907556548;2493;2026;50;29454336;8885161;13925449
1521907556648;2503;2035;50;29454336;8886754;13928141
1521907556748;2513;2043;50;29454336;8888170;13930537
1521907556848;2523;2052;50;29454336;8889763;13933235
1521907556948;2533;2060;50;29454336;8891356;13935930
1521907557048;2543;2068;50;29454336;8892595;13938025
1521907557148;2553;2077;50;29454336;8894188;13940713
1521907557248;2563;2086;50;29454336;8895781;13943704
1521907557348;2573;2095;50;29454336;8897551;13946401
1521907557449;2583;2104;50;29454336;8899144;13949092
1521907557549;2593;2112;50;29454336;8900799;13951704
1521907557649;2603;2119;50;29454336;8902090;13954094
1521907557749;2613;2128;50;29454336;8903683;13956788
1521907557849;2623;2136;51;29454336;8905276;13959480
1521907557949;2633;2143;51;29454336;8906640;13961567
1521907558049;2643;2152;51;29454336;8908233;13964251
1521907558149;2653;2160;52;29454336;8909826;13966936
1521907558250;2663;2169;52;29454336;8911419;13969921
1521907558350;2673;2176;53;29454336;8913012;13972309
1521907558450;2683;2184;54;29454336;8914605;13974992
1521907558550;2693;2193;54;29454336;8916198;13977678
1521907558650;2703;2201;55;29454336;8918030;13980630
1521907558750;2713;2207;55;29454336;8919269;13982718
1521907558850;2723;2216;55;29454336;8920862;13985404
1521907558950;2733;2225;55;29454336;8922278;13988090
1521907559050;2743;2232;55;29454336;8923694;13990177
1521907559150;2753;2241;55;29454336;8925287;13992862
1521907559250;2763;2250;55;29454336;8926880;13995549
1521907559350;2773;2258;55;29454336;8928473;13998237
1521907559450;2783;2266;55;29454336;8929889;14000625
1521907559550;2793;2275;55;29454336;8931357;14003309
1521907559650;2803;2284;55;29454336;8932950;14005993
1521907559751;2813;2291;55;29454336;8934314;14008080
1521907559851;2823;2298;55;29454336;8935792;14010385
1521907559951;2833;2307;55;29454336;8937385;14013071
1521907560051;2843;2313;56;29454336;8938801;14015460
1521907560151;2853;2321;57;29454336;8940394;14018145
1521907560251;2863;2330;57;29454336;8941987;14020832
1521907560351;2873;2338;57;29454336;8943403;14023218
1521907560451;2883;2347;57;29454336;8944996;14025903
1521907560551;2893;2356;57;29454336;8946589;14028588
1521907560651;2903;2364;57;29454336;8948182;14031271
1521907560751;2913;2373;57;29454336;8949775;14033956
1521907560851;2923;2379;58;29454336;8951014;14036047
1521907560951;2933;2388;58;29454336;8952607;14038733
1521907561051;2943;2396;58;29454336;8954262;14041337
1521907561151;2953;2405;58;29454336;8955855;14044022
