currentTs;total_time;user_time;sys_time;virtual_size;in_octets;out_octets
1527373758554;0;0;0;311296;28353696;42815301
1527373758654;10;7;2;300900352;28353696;42815301
1527373758754;20;17;2;306909184;28353696;42815301
1527373758854;30;25;4;306909184;28353696;42815301
1527373758954;40;36;4;311758848;28353696;42815301
1527373759055;50;47;5;313946112;28353696;42815301
1527373759156;60;58;6;313946112;28353696;42815301
1527373759257;70;72;6;313946112;28353696;42815301
1527373759358;80;82;6;313946112;28353696;42815301
1527373759459;90;92;6;313946112;28353696;42815301
1527373759560;101;103;8;313946112;28353696;42815301
1527373759660;111;116;9;314019840;28353696;42815301
1527373759760;121;126;10;314019840;28353800;42815909
1527373759860;131;136;11;314019840;28353800;42815909
1527373759960;141;147;11;314019840;28353800;42815909
1527373760061;151;162;11;314019840;28353800;42815909
1527373760162;161;173;11;314019840;28353800;42815909
1527373760263;171;182;12;314019840;28353800;42815909
1527373760364;181;192;13;314019840;28353800;42815909
1527373760465;191;202;13;315068416;28353800;42815909
1527373760565;201;214;13;315219968;28353800;42815909
1527373760665;211;225;13;315219968;28353800;42815909
1527373760765;221;235;13;315219968;28353800;42815909
1527373760865;231;248;13;315219968;28353800;42815909
1527373760965;241;260;13;316268544;28353800;42815909
1527373761065;251;271;14;316506112;28353800;42815909
1527373761165;261;283;14;317558784;28353800;42815909
1527373761265;271;299;14;318607360;28353800;42815909
1527373761365;281;309;14;318607360;28353800;42815909
1527373761465;291;319;14;318607360;28353800;42815909
1527373761565;301;329;15;318763008;28353800;42815909
1527373761665;311;338;17;319811584;28353800;42815909
1527373761765;321;348;18;319811584;28353800;42815909
1527373761865;331;360;18;319811584;28353800;42815909
1527373761965;341;372;18;319811584;28353800;42815909
1527373762065;351;383;18;319811584;28353800;42815909
1527373762165;361;394;19;320860160;28353800;42815909
1527373762265;371;404;19;320860160;28353800;42815909
1527373762365;381;417;20;320884736;28353800;42815909
1527373762465;391;428;20;320884736;28353800;42815909
1527373762565;401;439;20;351739904;28354775;42816988
1527373762665;411;449;20;351739904;28354775;42816988
1527373762765;421;465;20;351739904;28355635;42817956
1527373762865;431;477;20;351739904;28356496;42818925
1527373762965;441;489;20;351739904;28357353;42819890
1527373763065;451;501;20;351739904;28358207;42820852
1527373763165;461;514;20;351739904;28359060;42821813
1527373763265;471;527;20;351739904;28359915;42822776
1527373763365;481;539;20;351739904;28361626;42824703
1527373763465;491;552;20;351739904;28362482;42825667
1527373763565;501;564;20;351739904;28364190;42827591
1527373763665;511;574;20;351739904;28365045;42828554
1527373763765;521;585;20;351739904;28365901;42829518
1527373763865;531;595;20;351739904;28367610;42831443
1527373763965;541;606;20;351739904;28368465;42832406
1527373764065;551;615;21;351739904;28370173;42834330
1527373764165;561;626;22;351739904;28371026;42835291
1527373764265;571;637;22;351739904;28372736;42837217
1527373764365;581;648;22;351739904;28373589;42838178
1527373764465;591;658;22;351739904;28375299;42840104
1527373764565;601;669;22;351739904;28376156;42841069
1527373764665;611;680;22;351739904;28377868;42842997
1527373764765;621;693;22;351739904;28378723;42843960
1527373764865;631;706;22;351739904;28380432;42845885
1527373764965;641;720;23;352788480;28381288;42846849
1527373765065;651;739;23;353837056;28382997;42848774
1527373765165;661;754;24;353837056;28384707;42850700
1527373765265;671;765;24;353837056;28385563;42851664
1527373765366;681;777;25;353837056;28387274;42853591
1527373765467;691;787;25;353837056;28388986;42855519
1527373765568;701;802;25;353837056;28389842;42856483
1527373765668;711;812;25;353837056;28391552;42858409
1527373765768;721;822;25;353837056;28393261;42860334
1527373765868;731;834;25;353837056;28394220;42862206
1527373765968;741;846;25;353837056;28395822;42863219
1527373766068;751;858;25;353837056;28397532;42865145
1527373766168;761;867;25;353837056;28399242;42867071
1527373766268;771;877;25;353837056;28400097;42868034
1527373766368;781;887;25;353837056;28401809;42869962
1527373766468;791;898;25;353837056;28403519;42871888
1527373766568;801;912;25;353837056;28405230;42873815
1527373766668;811;922;25;353837056;28406084;42874777
1527373766768;821;933;25;353837056;28407795;42876704
1527373766868;831;944;25;353837056;28409506;42878631
1527373766968;841;954;25;353837056;28411219;42880560
1527373767068;851;964;25;353837056;28412925;42882482
1527373767168;861;976;25;353837056;28413885;42884357
1527373767269;871;985;25;353837056;28415491;42885372
1527373767369;881;996;25;353837056;28417200;42887297
1527373767469;891;1007;25;353837056;28418910;42889223
1527373767569;901;1019;25;353837056;28419870;42891098
1527373767669;911;1031;25;353837056;28421480;42892117
1527373767769;921;1042;25;353837056;28423192;42894045
1527373767869;932;1052;26;353837056;28424902;42895971
1527373767969;942;1062;26;353837056;28426611;42897896
1527373768069;952;1072;26;353837056;28428319;42899820
1527373768169;962;1083;26;353837056;28429279;42901693
1527373768269;972;1094;26;353837056;28430881;42902706
1527373768369;982;1107;26;353837056;28432590;42904631
1527373768470;992;1121;26;353837056;28434355;42906612
1527373768571;1002;1130;26;353837056;28436065;42908538
1527373768672;1012;1141;26;353837056;28437774;42910463
1527373768773;1022;1151;26;353837056;28439607;42912441
1527373768874;1032;1162;26;353837056;28440580;42913518
1527373768975;1042;1171;26;353837056;28442291;42915445
1527373769075;1052;1182;26;353837056;28444003;42917373
1527373769175;1062;1192;26;353837056;28445711;42919297
1527373769275;1072;1206;26;353837056;28447421;42921223
1527373769375;1082;1215;26;353837056;28449131;42923149
1527373769476;1092;1225;26;353837056;28450843;42925077
1527373769576;1102;1233;27;353837056;28452557;42927007
1527373769676;1112;1245;27;353837056;28453517;42928883
1527373769776;1122;1261;28;353837056;28455125;42929899
1527373769876;1132;1271;28;353837056;28456837;42931827
1527373769976;1142;1281;28;353837056;28458546;42933752
1527373770076;1152;1290;28;353837056;28460258;42935680
1527373770176;1162;1306;28;353837056;28461968;42937606
1527373770276;1172;1319;28;353837056;28463681;42939535
1527373770376;1182;1329;28;353837056;28464638;42941407
1527373770476;1192;1337;28;353837056;28466683;42942423
1527373770576;1202;1348;28;353837056;28468440;42944350
1527373770676;1212;1358;28;353837056;28470151;42946277
1527373770776;1222;1369;28;353837056;28471862;42948204
1527373770876;1232;1378;28;353837056;28473574;42950132
1527373770976;1242;1388;28;353837056;28475285;42952059
1527373771076;1252;1398;28;353837056;28476996;42953986
1527373771176;1262;1408;28;353837056;28478708;42955914
1527373771276;1272;1419;28;353837056;28480461;42957837
1527373771376;1282;1429;28;353837056;28482169;42959761
1527373771476;1292;1444;28;353837056;28483878;42961686
1527373771576;1302;1454;28;353837056;28485588;42963612
1527373771676;1312;1463;28;353837056;28487297;42965537
1527373771776;1322;1472;28;353837056;28489005;42967461
1527373771876;1332;1482;28;353837056;28490717;42969389
1527373771976;1342;1490;29;353837056;28492428;42971316
1527373772076;1352;1501;29;353837056;28493389;42973192
1527373772176;1362;1510;29;353837056;28495851;42975171
1527373772276;1372;1519;29;353837056;28496706;42976134
1527373772376;1382;1532;29;353837056;28498416;42978060
1527373772476;1392;1541;29;353837056;28500127;42979987
1527373772576;1402;1551;29;353837056;28501835;42981911
1527373772676;1412;1560;29;353837056;28503546;42983838
1527373772776;1422;1570;29;353837056;28505256;42985764
1527373772876;1432;1579;29;353837056;28506969;42987693
1527373772976;1442;1588;29;353837056;28508683;42989623
1527373773076;1452;1598;29;353837056;28510393;42991549
1527373773176;1462;1607;29;353837056;28512104;42993476
1527373773276;1472;1616;30;353837056;28513819;42995407
1527373773376;1482;1627;31;353837056;28515531;42997335
1527373773477;1492;1642;31;353837056;28517241;42999261
1527373773578;1502;1652;31;353837056;28518950;43001186
1527373773679;1512;1662;31;353837056;28520713;43003165
1527373773779;1522;1673;31;353837056;28522425;43005093
1527373773879;1533;1681;32;353837056;28524136;43007020
1527373773979;1543;1691;32;353837056;28525973;43009002
1527373774079;1553;1701;33;353837056;28527799;43011040
1527373774179;1563;1711;34;353837056;28529509;43012966
1527373774280;1573;1721;34;353837056;28531217;43014890
1527373774380;1583;1731;34;353837056;28532925;43016814
1527373774481;1593;1740;34;353837056;28534638;43018743
1527373774582;1603;1752;34;353837056;28536350;43020671
1527373774683;1613;1762;34;353837056;28538061;43022598
1527373774783;1623;1778;34;353837056;28539021;43024475
1527373774883;1633;1790;35;353837056;28540629;43025490
1527373774983;1643;1799;35;353837056;28542340;43027417
1527373775083;1653;1809;35;353837056;28544904;43030305
1527373775183;1663;1820;35;353837056;28546610;43032227
1527373775283;1673;1830;35;353837056;28547570;43034102
1527373775383;1683;1838;35;353837056;28550032;43036081
1527373775483;1693;1849;35;353837056;28551741;43038006
1527373775583;1703;1859;35;353837056;28553451;43039932
1527373775683;1713;1867;36;353837056;28555163;43041936
1527373775783;1723;1877;36;353837056;28556950;43043863
1527373775883;1733;1887;36;353837056;28558661;43045790
1527373775983;1743;1896;36;353837056;28560371;43047716
1527373776083;1753;1905;36;353837056;28562082;43049643
1527373776183;1763;1915;36;353837056;28563794;43051571
1527373776283;1773;1925;36;353837056;28565504;43053497
1527373776383;1783;1935;36;353837056;28567217;43055426
1527373776483;1793;1948;36;353837056;28568928;43057353
1527373776583;1803;1959;37;353837056;28570641;43059282
1527373776683;1813;1969;37;353837056;28572349;43061206
1527373776784;1823;1979;37;353837056;28574061;43063134
1527373776885;1833;1989;37;353837056;28575770;43065059
1527373776986;1843;1997;37;353837056;28577479;43066984
1527373777086;1853;2007;37;353837056;28579191;43068912
1527373777186;1863;2017;37;353837056;28580901;43070838
1527373777286;1873;2026;37;353837056;28582612;43072765
1527373777386;1883;2036;37;353837056;28584326;43074695
1527373777486;1893;2046;37;353837056;28586036;43076621
1527373777586;1903;2056;38;353837056;28587747;43078548
1527373777686;1913;2065;38;353837056;28589458;43080475
1527373777786;1923;2074;38;353837056;28591171;43082404
1527373777886;1933;2083;38;353837056;28592882;43084331
1527373777986;1943;2092;38;353837056;28594592;43086257
1527373778086;1953;2102;38;353837056;28596301;43088182
1527373778186;1963;2111;38;353837056;28598009;43090106
1527373778286;1973;2121;38;353837056;28599723;43092036
1527373778386;1983;2130;38;353837056;28601434;43093963
1527373778486;1993;2140;38;353837056;28603146;43095891
1527373778586;2003;2150;38;353837056;28604858;43097819
1527373778686;2013;2160;38;353837056;28606621;43099798
1527373778786;2023;2169;38;353837056;28607581;43101674
1527373778886;2033;2178;38;353837056;28609188;43103600
1527373778986;2043;2190;38;353837056;28611823;43105577
1527373779086;2053;2208;38;353837056;28612846;43106704
1527373779186;2063;2218;39;353837056;28614558;43109543
1527373779286;2073;2218;39;353837056;28614662;43109543
1527373779386;2083;2218;39;353837056;28614662;43109543
1527373779487;2093;2218;39;353837056;28614662;43109543
1527373779587;2103;2221;39;353837056;28615413;43109595
1527373779687;2113;2233;39;353837056;28617125;43111523
1527373779787;2123;2244;39;353837056;28618838;43113452
1527373779887;2133;2256;39;353837056;28620548;43115378
1527373779987;2143;2266;39;353837056;28622261;43117307
1527373780088;2153;2275;39;353837056;28623971;43119233
1527373780189;2163;2285;40;353837056;28625682;43121160
1527373780289;2173;2294;40;353837056;28628249;43124051
1527373780389;2183;2305;40;353837056;28629958;43125976
1527373780489;2193;2315;40;353837056;28631670;43127904
1527373780589;2204;2323;40;353837056;28633382;43129832
1527373780689;2214;2333;40;353837056;28635092;43131758
1527373780789;2224;2343;40;353837056;28636798;43133680
1527373780889;2234;2352;41;353837056;28638508;43135606
1527373780989;2244;2361;41;353837056;28640215;43137529
1527373781089;2254;2371;41;353837056;28641927;43139457
1527373781189;2264;2381;41;353837056;28643637;43141383
1527373781290;2274;2391;41;353837056;28646204;43144274
1527373781390;2284;2401;41;353837056;28647914;43146200
1527373781490;2294;2410;41;353837056;28649626;43148128
1527373781590;2304;2420;42;353837056;28651339;43150057
1527373781690;2314;2429;42;353837056;28653050;43151984
1527373781790;2324;2439;42;353837056;28654760;43153910
1527373781890;2334;2450;42;353837056;28656472;43155838
1527373781990;2344;2464;42;353837056;28658182;43157764
1527373782090;2354;2473;42;353837056;28659894;43159692
1527373782190;2364;2483;42;353837056;28661603;43161617
1527373782290;2374;2492;42;353837056;28663415;43164453
1527373782390;2384;2501;42;353837056;28665023;43165469
1527373782490;2394;2510;42;353837056;28667590;43168360
1527373782590;2404;2520;42;353837056;28669302;43170288
1527373782690;2414;2530;42;353837056;28671014;43172216
1527373782790;2424;2540;42;353837056;28672723;43174141
1527373782890;2434;2549;43;353837056;28674430;43176064
1527373782990;2444;2563;43;353837056;28676140;43177990
1527373783090;2454;2580;43;353837056;28677098;43179862
1527373783190;2464;2596;44;353837056;28679559;43181841
1527373783290;2474;2606;44;353837056;28680413;43182803
1527373783390;2484;2616;44;353837056;28682979;43185693
1527373783490;2494;2625;45;353837056;28684690;43187620
1527373783590;2504;2634;45;353837056;28686400;43189546
1527373783690;2514;2642;46;353837056;28688110;43191472
1527373783790;2524;2652;46;353837056;28689819;43193397
1527373783890;2534;2661;46;353837056;28691528;43195322
1527373783990;2544;2672;46;353837056;28693291;43197301
1527373784090;2554;2681;46;353837056;28695001;43199227
1527373784190;2564;2691;46;353837056;28696709;43201151
1527373784290;2574;2701;46;353837056;28698655;43203238
1527373784390;2584;2714;46;353837056;28701223;43206130
1527373784490;2594;2725;46;353837056;28702183;43208006
1527373784590;2604;2734;46;353837056;28704645;43209984
1527373784690;2614;2743;47;353837056;28706352;43211907
1527373784790;2624;2753;47;353837056;28708063;43213834
1527373784890;2634;2762;47;353837056;28709774;43215761
1527373784990;2644;2773;47;353837056;28711483;43217686
1527373785090;2654;2789;47;353837056;28713195;43219614
1527373785190;2664;2801;47;353837056;28714900;43221535
1527373785290;2674;2811;47;353837056;28716608;43223459
1527373785390;2684;2821;47;353837056;28718315;43225382
1527373785490;2694;2831;47;353837056;28720074;43227307
1527373785590;2704;2840;47;353837056;28722687;43230198
1527373785690;2714;2849;47;353837056;28724395;43232122
1527373785790;2724;2859;47;353837056;28726109;43234052
1527373785890;2734;2868;47;353837056;28727818;43235977
1527373785990;2744;2878;47;353837056;28729573;43237902
1527373786090;2754;2888;47;353837056;28731284;43239829
1527373786190;2764;2898;47;353837056;28732994;43241755
1527373786290;2774;2906;48;353837056;28735558;43244643
1527373786390;2784;2915;48;353837056;28737269;43246570
1527373786490;2794;2923;49;353837056;28738982;43248499
1527373786590;2804;2934;49;353837056;28740692;43250425
1527373786690;2814;2943;49;353837056;28742402;43252351
1527373786790;2824;2954;49;353837056;28744114;43254279
1527373786890;2834;2963;50;353837056;28745828;43256209
1527373786990;2844;2972;50;353837056;28747641;43259044
1527373787090;2854;2983;50;353837056;28750101;43261022
1527373787190;2864;2992;50;353837056;28751812;43262949
1527373787290;2874;3002;51;353837056;28753523;43264772
1527373787390;2884;3011;51;353837056;28755235;43266700
1527373787490;2894;3021;51;353837056;28756945;43268626
1527373787590;2904;3029;52;353837056;28758657;43270554
1527373787690;2914;3039;52;353837056;28760368;43272481
1527373787790;2924;3047;53;353837056;28762931;43275368
1527373787890;2934;3056;53;353837056;28764643;43277296
1527373787990;2944;3066;53;353837056;28766353;43279222
1527373788090;2954;3075;53;353837056;28768063;43281148
1527373788190;2964;3085;53;353837056;28769773;43283074
1527373788290;2974;3095;53;353837056;28771485;43285002
1527373788390;2984;3104;54;353837056;28773198;43286931
1527373788490;2994;3112;54;353837056;28775762;43289819
1527373788590;3004;3123;54;353837056;28777471;43291744
1527373788690;3014;3132;54;353837056;28779232;43293721
1527373788790;3024;3143;54;353837056;28780941;43295646
1527373788890;3034;3155;54;353837056;28782652;43297573
1527373788990;3044;3167;54;353837056;28784603;43299665
1527373789090;3054;3178;54;353837056;28786315;43301593
1527373789190;3064;3188;54;353837056;28788025;43303519
1527373789290;3074;3196;55;353837056;28789840;43306358
1527373789390;3084;3206;56;353837056;28791552;43308285
1527373789490;3094;3216;56;353837056;28794017;43310267
1527373789590;3104;3227;56;353837056;28795726;43312192
1527373789690;3114;3236;56;353837056;28797437;43314119
1527373789790;3124;3246;56;353837056;28799146;43316044
1527373789890;3134;3256;56;353837056;28800860;43317974
1527373789990;3144;3266;56;353837056;28802571;43320812
1527373790090;3154;3275;56;353837056;28805137;43322791
1527373790190;3164;3285;56;353837056;28806845;43324715
1527373790290;3174;3295;56;353837056;28808556;43326642
1527373790390;3184;3305;56;353837056;28810266;43328568
1527373790490;3194;3315;56;353837056;28811975;43330389
1527373790590;3204;3325;56;353837056;28813682;43332312
1527373790690;3214;3334;56;353837056;28815396;43334242
1527373790790;3224;3344;56;353837056;28817962;43337028
1527373790890;3234;3354;56;353837056;28819672;43338954
1527373790990;3244;3363;56;353837056;28821383;43340881
1527373791090;3254;3373;56;353837056;28823094;43342808
1527373791190;3264;3382;56;353837056;28824806;43344736
1527373791290;3274;3391;56;353837056;28826519;43346665
1527373791390;3284;3403;58;353837056;28828361;43348591
1527373791490;3294;3418;58;353837056;28829219;43349557
1527373791590;3304;3427;59;353837056;28830929;43351483
1527373791690;3314;3438;59;353837056;28832639;43353409
1527373791790;3324;3447;59;353837056;28834347;43355333
1527373791890;3334;3457;59;353837056;28836163;43358171
1527373791990;3344;3468;59;353837056;28837767;43359185
1527373792090;3354;3477;59;353837056;28839582;43361973
1527373792190;3364;3492;59;353837056;28841191;43362989
1527373792290;3374;3502;59;353837056;28842901;43364915
1527373792390;3384;3511;59;353837056;28844614;43366844
1527373792490;3394;3524;59;353837056;28846325;43368771
1527373792590;3404;3535;59;353837056;28848032;43370694
1527373792690;3414;3546;59;353837056;28849744;43372622
1527373792790;3424;3562;59;353837056;28851455;43374549
1527373792890;3434;3571;59;353837056;28853169;43376479
1527373792990;3444;3581;59;353837056;28854880;43378406
1527373793090;3454;3591;59;353837056;28856590;43380332
1527373793190;3464;3600;59;353837056;28858300;43382258
1527373793290;3474;3613;59;353837056;28860011;43384185
1527373793390;3484;3627;59;353837056;28861721;43386111
1527373793490;3494;3636;59;353837056;28863435;43388041
1527373793590;3504;3647;59;353837056;28865197;43390019
1527373793690;3514;3656;59;353837056;28866906;43391944
1527373793790;3524;3666;59;353837056;28868616;43393870
1527373793890;3534;3680;59;353837056;28870566;43395961
1527373793990;3544;3692;59;353837056;28871422;43396925
1527373794090;3554;3702;59;353837056;28873135;43398854
1527373794190;3564;3715;59;353837056;28874843;43400778
1527373794290;3574;3727;59;353837056;28876553;43402704
1527373794390;3584;3738;59;353837056;28878264;43404631
1527373794490;3594;3747;59;353837056;28879977;43406560
1527373794590;3604;3756;59;353837056;28881689;43408488
1527373794690;3614;3768;59;353837056;28883400;43410415
1527373794790;3624;3779;59;353837056;28885108;43412339
1527373794890;3634;3789;59;353837056;28886815;43414262
1527373794990;3644;3800;59;353837056;28888527;43416190
1527373795090;3654;3811;59;353837056;28890237;43418116
1527373795190;3664;3820;59;353837056;28891946;43420041
1527373795290;3674;3830;59;353837056;28893657;43421968
1527373795390;3684;3841;59;353837056;28895366;43423893
1527373795490;3694;3852;59;353837056;28896222;43424857
1527373795590;3704;3865;59;353837056;28897934;43426785
1527373795690;3714;3877;59;353837056;28899643;43428710
1527373795790;3724;3887;59;353837056;28901356;43430639
1527373795890;3734;3898;59;353837056;28903065;43432564
1527373795990;3744;3908;60;353837056;28904776;43434491
1527373796090;3754;3919;61;353837056;28906485;43436416
1527373796190;3764;3932;61;353837056;28908194;43438341
1527373796290;3774;3943;61;353837056;28909152;43440216
1527373796390;3784;3954;62;353837056;28910758;43441229
1527373796490;3794;3966;62;353837056;28912470;43443157
1527373796590;3804;3976;62;353837056;28914179;43445082
1527373796690;3814;3990;62;353837056;28915890;43447009
1527373796790;3824;4001;62;353837056;28917599;43448934
1527373796890;3834;4010;62;353837056;28919310;43450861
1527373796990;3844;4023;62;353837056;28921022;43452789
1527373797090;3854;4033;62;353837056;28922733;43454716
1527373797190;3864;4047;62;353837056;28924442;43456641
1527373797290;3874;4058;62;353837056;28926151;43458566
1527373797390;3884;4069;62;353837056;28927864;43460495
1527373797490;3894;4078;62;353837056;28929574;43462421
1527373797590;3904;4088;62;353837056;28931284;43464347
1527373797690;3914;4099;62;353837056;28932992;43466271
1527373797790;3924;4108;62;353837056;28934704;43468199
1527373797890;3934;4118;63;353837056;28936416;43470127
1527373797990;3944;4129;63;353837056;28938126;43472053
1527373798090;3954;4140;63;353837056;28939837;43473980
1527373798190;3964;4151;63;353837056;28941548;43475907
1527373798290;3974;4160;63;353837056;28943256;43477831
1527373798390;3984;4170;64;353837056;28944967;43479758
1527373798490;3994;4180;64;353837056;28946678;43481685
1527373798590;4004;4192;64;353837056;28948388;43483611
1527373798690;4014;4201;64;353837056;28950148;43485587
1527373798790;4024;4211;64;353837056;28951860;43487515
1527373798890;4034;4221;64;353837056;28953572;43489443
1527373798990;4044;4233;64;353837056;28955406;43491422
1527373799090;4054;4242;64;353837056;28957232;43493460
1527373799190;4064;4253;64;353837056;28958944;43495388
1527373799290;4074;4263;64;353837056;28960656;43497316
1527373799390;4084;4275;64;353837056;28962369;43499245
1527373799490;4094;4284;64;353837056;28964079;43501171
1527373799590;4104;4295;64;353837056;28965792;43503100
1527373799690;4114;4306;64;353837056;28967503;43505027
1527373799790;4124;4316;64;353837056;28969215;43506955
1527373799890;4134;4327;64;353837056;28970926;43508882
1527373799990;4144;4336;64;353837056;28972635;43510807
1527373800090;4154;4347;64;353837056;28974346;43512734
1527373800190;4164;4358;64;353837056;28975304;43514608
1527373800290;4174;4368;64;353837056;28977017;43516535
1527373800390;4184;4377;64;353837056;28978622;43517550
1527373800490;4194;4388;64;353837056;28981239;43520441
1527373800590;4204;4397;65;353837056;28982482;43521404
1527373800690;4214;4408;65;353837056;28984394;43524243
1527373800790;4224;4417;66;353837056;28986001;43525259
1527373800890;4234;4428;66;353837056;28987815;43528096
1527373800990;4244;4438;66;353837056;28989421;43529111
1527373801090;4254;4448;66;353837056;28991132;43531038
1527373801190;4264;4458;66;353837056;28992842;43532964
1527373801290;4274;4468;66;353837056;28994553;43534891
1527373801390;4284;4479;66;353837056;28996264;43536818
1527373801490;4294;4489;66;353837056;28997974;43538744
1527373801590;4304;4497;68;353837056;28999682;43540668
1527373801690;4314;4508;68;353837056;29001392;43542594
1527373801790;4324;4517;68;353837056;29003105;43544523
1527373801890;4334;4528;68;353837056;29004815;43546449
1527373801990;4344;4537;68;353837056;29006528;43548378
1527373802090;4354;4549;68;353837056;29008240;43550306
1527373802190;4364;4560;69;353837056;29009952;43552234
1527373802290;4374;4577;69;353837056;29011662;43554160
1527373802390;4384;4587;69;353837056;29013373;43556087
1527373802490;4394;4598;69;353837056;29015086;43558016
1527373802590;4404;4608;69;353837056;29016794;43559940
1527373802690;4414;4618;69;353837056;29018504;43561866
1527373802790;4424;4628;69;353837056;29020215;43563793
1527373802890;4434;4637;69;353837056;29021928;43565722
1527373802990;4444;4649;69;353837056;29023644;43567654
1527373803090;4454;4659;69;353837056;29025353;43569579
1527373803190;4464;4670;69;353837056;29027062;43571504
1527373803290;4474;4682;69;353837056;29028770;43573428
1527373803390;4484;4693;69;353837056;29030478;43575352
1527373803490;4494;4703;69;353837056;29032186;43577276
1527373803590;4504;4714;69;353837056;29033897;43579203
1527373803690;4514;4725;69;353837056;29035608;43581130
1527373803790;4524;4735;69;353837056;29037369;43583107
1527373803890;4534;4744;69;353837056;29039082;43585036
1527373803990;4544;4754;69;353837056;29040793;43586963
1527373804090;4554;4764;69;353837056;29042743;43589054
1527373804190;4564;4774;69;353837056;29044455;43590982
1527373804290;4574;4785;69;353837056;29046165;43592908
1527373804390;4584;4795;69;353837056;29047874;43594833
1527373804490;4594;4805;69;353837056;29049581;43596756
1527373804590;4604;4815;69;353837056;29051292;43598683
1527373804690;4614;4826;69;353837056;29053004;43600611
1527373804790;4624;4838;69;353837056;29054711;43602534
1527373804890;4634;4849;69;353837056;29056423;43604462
1527373804990;4644;4858;69;353837056;29058133;43606388
1527373805090;4654;4867;70;353837056;29059841;43608312
1527373805190;4664;4878;70;353837056;29061553;43610240
1527373805290;4674;4888;70;353837056;29063263;43612166
1527373805390;4684;4897;70;353837056;29064972;43614091
1527373805490;4694;4907;70;353837056;29066684;43616019
1527373805590;4704;4917;70;353837056;29068390;43617941
1527373805690;4714;4927;70;353837056;29070099;43619866
1527373805790;4724;4936;70;353837056;29071810;43621793
1527373805891;4734;4946;70;353837056;29073521;43623720
1527373805992;4744;4958;70;353837056;29075231;43625646
1527373806093;4754;4967;70;353837056;29076941;43627572
1527373806194;4764;4979;70;353837056;29078653;43629500
1527373806295;4774;4989;70;353837056;29080363;43631426
1527373806396;4784;4999;70;353837056;29082073;43634263
1527373806496;4794;5010;71;353837056;29083781;43635276
1527373806596;4804;5018;72;353837056;29086344;43638163
1527373806696;4814;5028;72;353837056;29087302;43640036
1527373806796;4824;5042;72;353837056;29089012;43641961
1527373806896;4834;5053;72;353837056;29090721;43643888
1527373806996;4844;5062;72;353837056;29092328;43644903
1527373807096;4854;5074;72;353837056;29094143;43647739
1527373807196;4864;5085;72;353837056;29095852;43649665
1527373807296;4874;5094;72;353837056;29098311;43651642
1527373807396;4884;5104;72;353837056;29100019;43653566
1527373807496;4894;5113;72;353837056;29101731;43655494
1527373807596;4904;5122;72;353837056;29103441;43657420
1527373807696;4914;5132;72;353837056;29105150;43659345
1527373807796;4924;5142;72;353837056;29106862;43661273
1527373807896;4934;5153;72;353837056;29108568;43663195
1527373807996;4944;5165;72;353837056;29110278;43665121
1527373808096;4954;5176;72;353837056;29111988;43667047
1527373808196;4964;5187;72;353837056;29113699;43668974
1527373808296;4974;5197;72;353837056;29115407;43670898
1527373808396;4984;5208;72;353837056;29117116;43672823
1527373808496;4994;5217;72;353837056;29118827;43674750
1527373808596;5004;5227;72;353837056;29120538;43676677
1527373808696;5014;5239;73;353837056;29122302;43678657
1527373808796;5024;5249;73;353837056;29124012;43680583
1527373808896;5034;5259;73;353837056;29125724;43682511
1527373808996;5044;5269;73;353837056;29127556;43684488
1527373809096;5054;5280;73;353837056;29129381;43686525
1527373809196;5064;5288;75;353837056;29131089;43688449
1527373809296;5074;5297;75;353837056;29132799;43690375
1527373809396;5084;5309;75;353837056;29134508;43692300
1527373809496;5094;5319;75;353837056;29136217;43694225
1527373809596;5104;5328;75;353837056;29137928;43696152
1527373809696;5114;5337;76;353837056;29139638;43698078
1527373809796;5124;5348;76;353837056;29141349;43700005
1527373809896;5134;5357;76;353837056;29143058;43701930
1527373809996;5144;5369;76;353837056;29144767;43703855
1527373810096;5154;5379;76;353837056;29146579;43706689
1527373810196;5164;5390;76;353837056;29148185;43708616
1527373810296;5174;5400;76;353837056;29149999;43710542
1527373810396;5184;5409;76;353837056;29151604;43711556
1527373810496;5194;5420;76;353837056;29154169;43714445
1527373810596;5204;5430;76;353837056;29155130;43716320
1527373810696;5214;5441;76;353837056;29156839;43718246
1527373810796;5224;5451;76;353837056;29158550;43720175
1527373810896;5234;5460;77;353837056;29160260;43722100
1527373810996;5244;5470;77;353837056;29162723;43724079
1527373811096;5254;5480;77;353837056;29164433;43726005
1527373811196;5264;5490;77;353837056;29165391;43727878
1527373811296;5274;5500;77;353837056;29166994;43728890
1527373811396;5284;5509;78;353837056;29169557;43731777
1527373811496;5294;5521;78;353837056;29170514;43733652
1527373811596;5304;5532;78;353837056;29172123;43734667
1527373811696;5314;5545;78;353837056;29173834;43736594
1527373811796;5324;5557;78;353837056;29175548;43738524
1527373811896;5334;5569;78;353837056;29177259;43740451
1527373811996;5344;5583;78;353837056;29178969;43742377
1527373812096;5354;5594;78;353837056;29180680;43744304
1527373812196;5364;5604;78;353837056;29182392;43746232
1527373812296;5374;5614;78;353837056;29184102;43748158
1527373812396;5384;5626;78;353837056;29185814;43750086
1527373812496;5394;5635;78;353837056;29187522;43752010
1527373812596;5404;5645;78;353837056;29189338;43754846
1527373812696;5414;5655;78;353837056;29191044;43756770
1527373812796;5424;5664;78;353837056;29193503;43758747
1527373812896;5434;5673;79;353837056;29195213;43760673
1527373812996;5444;5684;79;353837056;29196924;43762600
1527373813096;5454;5693;79;353837056;29198634;43764526
1527373813196;5464;5704;79;353837056;29200343;43766451
1527373813297;5474;5713;79;353837056;29202052;43768376
1527373813398;5484;5722;79;353837056;29203758;43770298
1527373813499;5494;5733;79;353837056;29205464;43772220
1527373813599;5504;5745;79;353837056;29207172;43774144
1527373813699;5514;5756;79;353837056;29208930;43776118
1527373813799;5524;5767;79;353837056;29210643;43778047
1527373813899;5534;5778;79;353837056;29212356;43779976
1527373813999;5545;5787;79;353837056;29214307;43782068
1527373814099;5555;5800;79;353837056;29216017;43783994
1527373814199;5565;5810;79;353837056;29217726;43785919
1527373814299;5575;5820;79;353837056;29219435;43787844
1527373814399;5585;5829;79;353837056;29221143;43789768
1527373814499;5595;5840;79;353837056;29222853;43791694
1527373814599;5605;5850;79;353837056;29224562;43793619
1527373814699;5615;5860;79;353837056;29226272;43795545
1527373814799;5625;5870;79;353837056;29227983;43797472
1527373814899;5635;5880;79;353837056;29229690;43799395
1527373815000;5645;5890;79;353837056;29231399;43801320
1527373815101;5655;5900;79;353837056;29233969;43804214
1527373815202;5665;5910;79;353837056;29235676;43806137
1527373815303;5675;5920;79;353837056;29237389;43808066
1527373815404;5685;5929;79;353837056;29239107;43810000
1527373815504;5695;5939;79;353837056;29240868;43811927
1527373815604;5705;5949;79;353837056;29242578;43813853
1527373815704;5715;5962;79;353837056;29244336;43815777
1527373815804;5725;5972;79;353837056;29245295;43817651
1527373815904;5735;5981;79;353837056;29247003;43819579
1527373816004;5745;5990;79;353837056;29249469;43821558
1527373816104;5755;6004;79;353837056;29250329;43822526
1527373816204;5765;6017;79;353837056;29252089;43824456
1527373816304;5775;6028;79;353837056;29253798;43826381
1527373816405;5785;6039;79;353837056;29255508;43828307
1527373816505;5795;6048;79;353837056;29257218;43830233
1527373816606;5805;6057;80;353837056;29258932;43832163
1527373816707;5815;6069;80;353837056;29260642;43834089
1527373816808;5825;6079;80;353837056;29262354;43836017
1527373816909;5835;6093;80;353837056;29263209;43836980
1527373817009;5845;6102;81;353837056;29264921;43839271
1527373817109;5856;6116;82;353837056;29266632;43840835
1527373817209;5866;6126;82;353837056;29268344;43842763
1527373817309;5876;6137;82;353837056;29270055;43844690
1527373817409;5886;6147;82;353837056;29271768;43846619
1527373817509;5896;6158;82;353837056;29273479;43848546
1527373817609;5906;6170;82;353837056;29275187;43850470
1527373817709;5916;6184;82;353837056;29276900;43852399
1527373817809;5926;6194;83;353837056;29278610;43854325
1527373817909;5936;6204;83;353837056;29280324;43856255
1527373818009;5946;6218;83;353837056;29282035;43858182
1527373818109;5956;6232;83;353837056;29282891;43859146
1527373818209;5966;6243;83;353837056;29284603;43861074
1527373818309;5976;6256;83;353837056;29286315;43863002
1527373818409;5986;6267;83;353837056;29288025;43864928
1527373818509;5996;6279;83;353837056;29289735;43866854
1527373818609;6006;6290;83;353837056;29291449;43868784
1527373818709;6016;6301;83;353837056;29293159;43870710
1527373818809;6026;6312;83;353837056;29294920;43872687
1527373818909;6036;6322;83;353837056;29296633;43874616
1527373819009;6046;6332;83;353837056;29298345;43876544
1527373819109;6056;6341;83;353837056;29300296;43878636
1527373819209;6066;6353;83;353837056;29302008;43880564
1527373819309;6076;6365;83;353837056;29303721;43882493
1527373819409;6086;6376;83;353837056;29305430;43884418
1527373819509;6096;6388;83;353837056;29307140;43886344
1527373819609;6106;6401;83;353837056;29308854;43888274
1527373819709;6116;6410;84;353837056;29310565;43890201
1527373819809;6126;6420;84;353837056;29312274;43892126
1527373819909;6136;6430;84;353837056;29313985;43894053
1527373820009;6146;6440;85;353837056;29315698;43895982
1527373820109;6156;6450;85;353837056;29316659;43897857
1527373820209;6166;6465;85;353837056;29318264;43898872
1527373820309;6176;6476;85;353837056;29319976;43900800
1527373820409;6186;6489;85;353837056;29321687;43902727
1527373820509;6196;6502;85;353837056;29323399;43904655
1527373820609;6206;6512;85;353837056;29325112;43906584
1527373820709;6216;6521;85;353837056;29326824;43908512
1527373820809;6226;6532;85;353837056;29328533;43910437
1527373820909;6236;6542;86;353837056;29330244;43912364
1527373821009;6246;6556;86;353837056;29331959;43914295
1527373821109;6256;6568;86;353837056;29332813;43915257
1527373821209;6266;6580;86;353837056;29334524;43917184
1527373821310;6276;6591;86;353837056;29336232;43919108
1527373821411;6286;6601;86;353837056;29337938;43921030
1527373821512;6296;6613;86;353837056;29339647;43922955
1527373821613;6306;6625;86;353837056;29341358;43924882
1527373821714;6316;6637;86;353837056;29343069;43926809
1527373821814;6326;6650;86;353837056;29344789;43928745
1527373821914;6336;6661;86;353837056;29346519;43930691
1527373822014;6346;6672;86;353837056;29348247;43932635
1527373822114;6356;6682;86;353837056;29349971;43934575
1527373822214;6366;6693;86;353837056;29351698;43936518
1527373822314;6376;6705;86;353837056;29353421;43938457
1527373822414;6386;6719;86;353837056;29354386;43940343
1527373822514;6396;6729;86;353837056;29356863;43942331
1527373822614;6406;6739;86;353837056;29358584;43944268
1527373822714;6416;6750;86;353837056;29359546;43946151
1527373822814;6426;6761;86;353837056;29362027;43948143
1527373822914;6436;6775;86;353837056;29362992;43950027
1527373823014;6446;6785;87;353837056;29365471;43952019
1527373823114;6456;6797;87;353837056;29367189;43953953
1527373823214;6466;6806;87;353837056;29368912;43955892
1527373823314;6476;6816;87;353837056;29370635;43957831
1527373823414;6486;6828;87;353837056;29372357;43959769
1527373823514;6496;6838;87;353837056;29374077;43961705
1527373823614;6506;6849;87;353837056;29375798;43963642
1527373823714;6516;6859;87;353837056;29377521;43965581
1527373823814;6526;6873;87;353837056;29379244;43967520
1527373823914;6536;6883;87;353837056;29381020;43969512
1527373824014;6546;6897;87;353837056;29382739;43971447
1527373824114;6556;6907;87;353837056;29384460;43973384
1527373824214;6566;6916;88;353837056;29386419;43975432
1527373824314;6576;6928;88;353837056;29388141;43977370
1527373824414;6586;6938;88;353837056;29389863;43979308
1527373824514;6596;6952;88;353837056;29391575;43981236
1527373824614;6606;6961;88;353837056;29393289;43983166
1527373824714;6616;6975;88;353837056;29395001;43985094
1527373824814;6626;6986;88;353837056;29396713;43987022
1527373824914;6636;6998;88;353837056;29398425;43988950
1527373825014;6646;7008;88;353837056;29400137;43990878
1527373825114;6656;7019;88;353837056;29401854;43992811
1527373825214;6666;7029;88;353837056;29403568;43994741
1527373825314;6676;7041;88;353837056;29405282;43996671
1527373825414;6686;7052;88;353837056;29406995;43998600
1527373825514;6696;7062;89;353837056;29408813;44001444
1527373825614;6706;7071;89;353837056;29410420;44002457
1527373825714;6716;7082;89;353837056;29412135;44004388
1527373825814;6726;7091;89;353837056;29413953;44007232
1527373825914;6736;7101;90;353837056;29416420;44009213
1527373826015;6746;7111;90;353837056;29418133;44011142
1527373826116;6756;7121;90;353837056;29419846;44013071
1527373826216;6766;7132;90;353837056;29421562;44015003
1527373826316;6776;7142;90;353837056;29423273;44016930
1527373826416;6786;7152;90;353837056;29424986;44018859
1527373826516;6796;7164;90;353837056;29426699;44020788
1527373826616;6806;7175;90;353837056;29428413;44022718
1527373826716;6816;7185;90;353837056;29430124;44024645
1527373826816;6826;7198;91;353837056;29431836;44026573
1527373826916;6836;7208;91;353837056;29433550;44028503
1527373827016;6846;7219;91;353837056;29435263;44030432
1527373827116;6856;7228;91;353837056;29436976;44032361
1527373827216;6866;7239;91;353837056;29438692;44034656
1527373827316;6876;7249;91;353837056;29441263;44037188
1527373827416;6886;7259;91;353837056;29442977;44039118
1527373827516;6896;7269;92;353837056;29444808;44041047
1527373827616;6906;7279;92;353837056;29446570;44042975
1527373827716;6916;7288;92;353837056;29448284;44044905
1527373827816;6926;7298;94;353837056;29449999;44046836
1527373827916;6936;7308;94;353837056;29451713;44048766
1527373828016;6946;7319;94;353837056;29453429;44050698
1527373828116;6956;7329;94;353837056;29455140;44052625
1527373828216;6966;7340;94;353837056;29456855;44054556
1527373828316;6976;7350;94;353837056;29458568;44056485
1527373828416;6986;7360;94;353837056;29460281;44058414
1527373828516;6996;7368;95;353837056;29462206;44060344
1527373828616;7006;7379;95;353837056;29464023;44063187
1527373828716;7016;7389;95;353837056;29465738;44065119
1527373828816;7026;7399;95;353837056;29468261;44067155
1527373828916;7036;7408;95;353837056;29469975;44069085
1527373829016;7046;7419;95;353837056;29471813;44071068
1527373829116;7056;7430;95;353837056;29473641;44073108
1527373829216;7066;7445;95;353837056;29475356;44075039
1527373829316;7076;7456;95;353837056;29477068;44076967
1527373829416;7086;7464;97;353837056;29478779;44078894
1527373829516;7096;7476;97;353837056;29480491;44080822
1527373829616;7106;7487;97;353837056;29482206;44082753
1527373829716;7116;7496;97;353837056;29483920;44084683
1527373829816;7126;7506;97;353837056;29485634;44086613
1527373829916;7136;7517;97;353837056;29487345;44088540
1527373830016;7146;7528;97;353837056;29489060;44090471
1527373830116;7156;7538;97;353837056;29490774;44092401
1527373830216;7166;7548;97;353837056;29492487;44094330
1527373830316;7176;7561;97;353837056;29494198;44096257
1527373830416;7186;7572;97;353837056;29495911;44098186
1527373830516;7196;7583;98;353837056;29497724;44100115
1527373830616;7206;7595;98;353837056;29499921;44102044
1527373830716;7216;7606;98;353837056;29501634;44103973
1527373830816;7226;7616;98;353837056;29503345;44105900
1527373830916;7236;7627;98;353837056;29505056;44107827
1527373831016;7246;7638;98;353837056;29506769;44109756
1527373831116;7256;7649;98;353837056;29508482;44111685
1527373831216;7266;7659;98;353837056;29510194;44113613
1527373831316;7276;7672;98;353837056;29511910;44115545
1527373831416;7286;7683;98;353837056;29513624;44117475
1527373831516;7296;7692;98;353837056;29515547;44119403
1527373831616;7306;7703;98;353837056;29517261;44121333
1527373831716;7316;7713;98;353837056;29518975;44123263
1527373831816;7326;7723;98;353837056;29520690;44125194
1527373831916;7336;7734;98;353837056;29522404;44127124
1527373832016;7346;7744;98;353837056;29524118;44129054
1527373832116;7356;7755;99;353837056;29525934;44131893
1527373832216;7366;7765;99;353837056;29527646;44133821
1527373832316;7376;7774;99;353837056;29530109;44135801
1527373832416;7386;7783;99;353837056;29531820;44137728
1527373832516;7396;7793;99;353837056;29533531;44139655
1527373832616;7406;7803;99;353837056;29535244;44141584
1527373832716;7416;7813;99;353837056;29536959;44143515
1527373832816;7426;7822;99;353837056;29538673;44145445
1527373832916;7436;7833;99;353837056;29540387;44147375
1527373833016;7446;7842;99;353837056;29542955;44150267
1527373833116;7456;7851;99;353837056;29544666;44152194
1527373833216;7466;7861;99;353837056;29546376;44154120
1527373833316;7476;7869;99;353837056;29548091;44156051
1527373833416;7486;7878;99;353837056;29549804;44157980
1527373833516;7496;7889;99;353837056;29551516;44159908
1527373833616;7506;7899;99;353837056;29553278;44161886
1527373833716;7516;7911;99;353837056;29554991;44163815
1527373833816;7526;7923;99;353837056;29556703;44165743
1527373833916;7536;7932;99;353837056;29558539;44167724
1527373834016;7546;7943;99;353837056;29560369;44169766
1527373834116;7556;7954;99;353837056;29562082;44171695
1527373834216;7566;7963;99;353837056;29563898;44174536
1527373834316;7576;7973;99;353837056;29566366;44176519
1527373834416;7586;7982;100;353837056;29568081;44178450
1527373834516;7596;7992;100;353837056;29569793;44180378
1527373834616;7606;8001;100;353837056;29571510;44182311
1527373834716;7616;8010;101;353837056;29573224;44184241
1527373834816;7626;8020;101;353837056;29574937;44186170
1527373834916;7636;8030;101;353837056;29576651;44188100
1527373835016;7646;8040;101;353837056;29578365;44190030
1527373835116;7656;8051;101;353837056;29580077;44191958
1527373835216;7666;8061;101;353837056;29582650;44194855
1527373835316;7676;8072;101;353837056;29584359;44196780
1527373835416;7686;8081;101;353837056;29586071;44198708
1527373835516;7696;8090;101;353837056;29587787;44200640
1527373835616;7706;8100;101;353837056;29589501;44202570
1527373835716;7716;8116;101;353837056;29591211;44204496
1527373835816;7726;8126;101;353837056;29592923;44206424
1527373835916;7736;8136;101;353837056;29594636;44208353
1527373836016;7746;8144;102;353837056;29596347;44210280
1527373836116;7756;8154;102;353837056;29598165;44213122
1527373836216;7766;8167;102;353837056;29599877;44215050
1527373836316;7776;8179;102;353837056;29601487;44216068
1527373836416;7786;8189;102;353837056;29604058;44218963
1527373836516;7796;8198;102;353837056;29605768;44220889
1527373836616;7806;8208;102;353837056;29607482;44222819
1527373836716;7816;8219;102;353837056;29609197;44224750
1527373836816;7826;8229;102;353837056;29610911;44226680
1527373836916;7836;8238;102;353837056;29612624;44228609
1527373837016;7846;8248;102;353837056;29614339;44230540
1527373837116;7856;8258;102;353837056;29616053;44232470
1527373837216;7866;8269;102;353837056;29617869;44235312
1527373837316;7876;8278;102;353837056;29619583;44237239
1527373837416;7886;8290;102;353837056;29622050;44239223
1527373837516;7896;8300;102;353837056;29623762;44241151
1527373837616;7906;8310;102;353837056;29625478;44243083
1527373837716;7916;8320;102;353837056;29627191;44245012
1527373837816;7926;8329;103;353837056;29628904;44246941
1527373837916;7936;8339;103;353837056;29630617;44248870
1527373838016;7946;8352;103;353837056;29632331;44250800
1527373838116;7956;8361;103;353837056;29634045;44252730
1527373838216;7966;8371;103;353837056;29635760;44254661
1527373838316;7976;8382;103;353837056;29637472;44256589
1527373838416;7986;8393;103;353837056;29640096;44259537
1527373838516;7996;8402;103;353837056;29641809;44261466
1527373838616;8006;8412;103;353837056;29643521;44263394
1527373838716;8016;8422;103;353837056;29645473;44265487
1527373838816;8026;8432;103;353837056;29647186;44267416
1527373838916;8036;8441;103;353837056;29648898;44269344
1527373839016;8046;8453;103;353837056;29650613;44271275
1527373839117;8056;8462;103;353837056;29652330;44273208
1527373839218;8066;8473;103;353837056;29654044;44275138
1527373839318;8076;8482;104;353837056;29656613;44278031
1527373839418;8086;8492;104;353837056;29658324;44279958
1527373839518;8096;8502;104;353837056;29660037;44281887
1527373839618;8106;8512;104;353837056;29661750;44283816
1527373839718;8116;8522;104;353837056;29663461;44285743
1527373839818;8126;8532;104;353837056;29665178;44287676
1527373839918;8136;8542;104;353837056;29666891;44289605
1527373840019;8146;8552;104;353837056;29668604;44291534
1527373840119;8156;8563;104;353837056;29671173;44294427
1527373840219;8167;8576;104;353837056;29672028;44295390
1527373840319;8177;8590;104;353837056;29673740;44297318
1527373840419;8187;8602;104;353837056;29675455;44299249
1527373840519;8197;8612;104;353837056;29677378;44301177
1527373840619;8207;8621;104;353837056;29679090;44303105
1527373840720;8217;8631;104;353837056;29680802;44305033
1527373840821;8227;8644;104;353837056;29682516;44306963
1527373840922;8237;8654;104;353837056;29684226;44308889
1527373841023;8247;8665;104;353837056;29685937;44310816
1527373841124;8257;8676;104;353837056;29687651;44312746
1527373841225;8267;8688;104;353837056;29689365;44314676
1527373841325;8277;8698;104;353837056;29691075;44316602
1527373841425;8287;8706;104;353837056;29692786;44318529
1527373841525;8297;8716;104;353837056;29694500;44320459
1527373841625;8307;8727;104;353837056;29696213;44322388
1527373841725;8317;8740;104;353837056;29697924;44324315
1527373841825;8327;8750;104;353837056;29699637;44326244
1527373841925;8337;8760;104;353837056;29701352;44328175
1527373842026;8347;8771;104;353837056;29703066;44330105
1527373842127;8357;8783;104;353837056;29704780;44332035
1527373842227;8367;8794;104;353837056;29706491;44333962
1527373842327;8377;8806;104;353837056;29707453;44335841
1527373842427;8387;8819;104;353837056;29709064;44336859
1527373842527;8397;8830;105;353837056;29710881;44339699
1527373842627;8407;8840;105;353837056;29712486;44340713
1527373842727;8417;8850;105;353837056;29714198;44342641
1527373842827;8427;8862;105;353837056;29715915;44344574
1527373842927;8437;8873;105;353837056;29717630;44346505
1527373843027;8447;8883;105;353837056;29719342;44348433
1527373843127;8457;8893;105;353837056;29721053;44350360
1527373843227;8467;8902;105;353837056;29722870;44353203
1527373843327;8477;8912;105;353837056;29724481;44354220
1527373843427;8487;8925;105;353837056;29726246;44356201
1527373843527;8497;8935;105;353837056;29727960;44358131
1527373843627;8507;8946;105;353837056;29729778;44360975
1527373843727;8517;8959;105;353837056;29731629;44362157
1527373843827;8527;8970;105;353837056;29733341;44364085
1527373843927;8537;8984;105;353837056;29735907;44366975
1527373844027;8547;8995;105;353837056;29737621;44368905
1527373844128;8557;9004;105;353837056;29739331;44370831
1527373844229;8567;9020;105;353837056;29741046;44372762
1527373844329;8577;9029;106;353837056;29742761;44374693
1527373844429;8587;9039;106;353837056;29744475;44376623
1527373844529;8597;9052;106;353837056;29746186;44378550
1527373844629;8607;9062;106;353837056;29747898;44380478
1527373844729;8617;9072;106;353837056;29749609;44382405
1527373844829;8628;9083;106;353837056;29751321;44384333
1527373844929;8638;9093;106;353837056;29753033;44386261
1527373845029;8648;9105;106;353837056;29754746;44388190
1527373845129;8658;9116;106;353837056;29756459;44390119
1527373845229;8668;9127;106;353837056;29758171;44392047
1527373845329;8678;9137;106;353837056;29759885;44393977
1527373845429;8688;9148;107;353837056;29761597;44395905
1527373845529;8698;9157;107;353837056;29763360;44397834
1527373845629;8708;9168;107;353837056;29765170;44399764
1527373845729;8718;9177;108;353837056;29766882;44401692
1527373845829;8728;9189;108;353837056;29768596;44403622
1527373845929;8738;9201;108;353837056;29770311;44405553
1527373846029;8748;9211;108;353837056;29772024;44407482
1527373846129;8758;9223;108;353837056;29773736;44409410
1527373846229;8768;9233;108;353837056;29775448;44411338
1527373846329;8778;9243;108;353837056;29777162;44413268
1527373846429;8788;9255;108;353837056;29778921;44415197
1527373846529;8798;9266;108;353837056;29780637;44417129
1527373846629;8808;9278;108;353837056;29782350;44419058
1527373846729;8818;9289;108;353837056;29784063;44420987
1527373846829;8828;9299;108;353837056;29785774;44422914
1527373846929;8838;9309;108;353837056;29787490;44424846
1527373847029;8848;9320;108;353837056;29789203;44426775
1527373847129;8858;9333;108;353837056;29790917;44428705
1527373847229;8868;9343;108;353837056;29792629;44430633
1527373847329;8878;9356;108;353837056;29794342;44432562
1527373847429;8888;9367;108;353837056;29796056;44434492
1527373847529;8898;9379;108;353837056;29797770;44436422
1527373847629;8907;9392;108;353837056;29798627;44437387
1527373847729;8917;9403;108;353837056;29800342;44439318
1527373847829;8927;9412;108;353837056;29802050;44441242
1527373847929;8938;9425;109;353837056;29803760;44443168
1527373848029;8948;9439;109;353837056;29805476;44445100
1527373848129;8958;9449;109;353837056;29807203;44447043
1527373848229;8968;9460;109;353837056;29808932;44448988
1527373848329;8978;9470;109;353837056;29810659;44450931
1527373848429;8988;9479;110;353837056;29812436;44452924
1527373848529;8998;9490;110;353837056;29814164;44454868
1527373848629;9008;9502;110;353837056;29815890;44456810
1527373848729;9018;9514;110;353837056;29817853;44458914
1527373848829;9028;9524;110;353837056;29819581;44460858
1527373848929;9038;9535;110;353837056;29821306;44462799
1527373849029;9048;9547;110;353837056;29823029;44464738
1527373849129;9058;9558;110;353837056;29824749;44466674
1527373849229;9068;9567;110;353837056;29826474;44468615
1527373849329;9078;9581;110;353837056;29828196;44470553
1527373849429;9088;9594;110;353837056;29829918;44472491
1527373849529;9098;9604;110;353837056;29831640;44474429
1527373849629;9108;9613;111;353837056;29833364;44476369
1527373849729;9118;9623;111;353837056;29835090;44478311
1527373849829;9128;9633;111;353837056;29836814;44480251
1527373849929;9138;9643;111;353837056;29838535;44482188
1527373850029;9148;9652;111;353837056;29841117;44485094
1527373850130;9158;9663;111;353837056;29842839;44487032
1527373850231;9168;9672;111;353837056;29844560;44488969
1527373850332;9178;9682;111;353837056;29846280;44490905
1527373850433;9188;9692;111;353837056;29848006;44492847
1527373850534;9198;9702;111;353837056;29849729;44494786
1527373850635;9208;9710;112;353837056;29851451;44496724
1527373850736;9218;9719;113;353837056;29853177;44498666
1527373850837;9228;9729;113;353837056;29854901;44500606
1527373850938;9238;9740;113;353837056;29856621;44502542
1527373851039;9248;9751;113;353837056;29858346;44504483
1527373851139;9258;9761;113;353837056;29860071;44506424
1527373851239;9268;9771;113;353837056;29861792;44508361
1527373851339;9278;9782;113;353837056;29863515;44510300
1527373851439;9289;9792;113;353837056;29865240;44512241
1527373851539;9299;9804;113;353837056;29866961;44514178
1527373851639;9309;9816;114;353837056;29869547;44517088
1527373851739;9319;9827;114;353837056;29870514;44518976
1527373851839;9329;9839;114;353837056;29872235;44520912
1527373851939;9339;9848;114;353837056;29874715;44522904
1527373852039;9349;9858;114;353837056;29876437;44524842
1527373852139;9359;9872;114;353837056;29878156;44526777
1527373852239;9369;9883;114;353837056;29879877;44528714
1527373852339;9379;9893;114;353837056;29881602;44530655
1527373852440;9389;9903;114;353837056;29883324;44532593
1527373852541;9399;9912;114;353837056;29885048;44534533
1527373852641;9409;9923;114;353837056;29886775;44536476
1527373852741;9419;9933;114;353837056;29888499;44538416
1527373852841;9429;9942;115;353837056;29890227;44540360
1527373852941;9439;9952;115;353837056;29891949;44542298
1527373853041;9449;9961;115;353837056;29893668;44544233
1527373853141;9459;9973;115;353837056;29895393;44546174
1527373853241;9469;9982;115;353837056;29897167;44548164
1527373853341;9479;9990;116;353837056;29898890;44550103
1527373853441;9489;10003;117;353837056;29900608;44552037
1527373853542;9499;10012;117;353837056;29902429;44554881
1527373853643;9509;10022;117;353837056;29904380;44556973
1527373853744;9519;10031;117;353837056;29906843;44558953
1527373853845;9529;10042;117;353837056;29908554;44560880
1527373853945;9539;10051;117;353837056;29910263;44562805
1527373854045;9549;10061;117;353837056;29911975;44564733
1527373854145;9559;10070;117;353837056;29913687;44566661
1527373854245;9569;10080;117;353837056;29915399;44568589
1527373854345;9579;10090;117;353837056;29917110;44570516
1527373854445;9589;10099;117;353837056;29918819;44572441
1527373854545;9599;10109;117;353837056;29920529;44574367
1527373854645;9609;10120;117;353837056;29922240;44576294
1527373854745;9619;10130;117;353837056;29923949;44578219
1527373854845;9629;10138;118;353837056;29925665;44580151
1527373854945;9639;10149;118;353837056;29927377;44582079
1527373855045;9649;10160;118;353837056;29929190;44584916
1527373855145;9659;10175;118;353837056;29930798;44585932
1527373855245;9669;10184;118;353837056;29933363;44588821
1527373855345;9679;10193;118;353837056;29935073;44590747
1527373855445;9689;10203;118;353837056;29936785;44592675
1527373855545;9699;10214;118;353837056;29938494;44594600
1527373855645;9709;10225;118;353837056;29940207;44596529
1527373855745;9719;10235;118;353837056;29941922;44598460
1527373855845;9729;10246;118;353837056;29943635;44600389
1527373855945;9739;10260;118;353837056;29945346;44602316
1527373856045;9749;10270;118;353837056;29947058;44604244
1527373856145;9759;10279;118;353837056;29948765;44606167
1527373856245;9769;10293;118;353837056;29950478;44608096
1527373856345;9779;10303;118;353837056;29952187;44610021
1527373856445;9789;10313;118;353837056;29953903;44611953
1527373856545;9799;10323;118;353837056;29955615;44613881
1527373856645;9809;10333;118;353837056;29957327;44615809
1527373856745;9819;10342;118;353837056;29959039;44617737
1527373856845;9829;10352;118;353837056;29960922;44619668
1527373856945;9839;10363;118;353837056;29962633;44621595
1527373857045;9849;10373;118;353837056;29964344;44623522
1527373857145;9859;10383;118;353837056;29966053;44625447
1527373857245;9869;10392;118;353837056;29967763;44627373
1527373857345;9879;10402;118;353837056;29969473;44629299
1527373857445;9889;10412;118;353837056;29971185;44631227
1527373857545;9899;10424;118;353837056;29972897;44633155
1527373857645;9909;10435;118;353837056;29974609;44635083
1527373857746;9919;10444;118;353837056;29976320;44637010
1527373857847;9929;10455;118;353837056;29978242;44638937
1527373857948;9939;10465;118;353837056;29979956;44640867
1527373858049;9949;10476;118;353837056;29981669;44642796
1527373858149;9959;10486;118;353837056;29983381;44644724
1527373858249;9969;10498;118;353837056;29985141;44646700
1527373858349;9979;10507;119;353837056;29986854;44648629
1527373858449;9989;10515;120;353837056;29988567;44650558
1527373858549;10000;10526;120;353837056;29990516;44652648
1527373858649;10010;10537;120;353837056;29992223;44654571
1527373858749;10020;10549;121;353837056;29993937;44656501
1527373858849;10030;10558;121;353837056;29995649;44658429
1527373858949;10040;10569;121;353837056;29997461;44661264
1527373859049;10050;10578;121;353837056;29999069;44662281
1527373859149;10060;10588;121;353837056;30001638;44665174
1527373859249;10070;10598;121;353837056;30003350;44667102
1527373859349;10080;10607;122;353837056;30005062;44669030
1527373859449;10090;10617;122;353837056;30006775;44670959
1527373859549;10100;10626;122;353837056;30008490;44672890
1527373859649;10110;10637;122;353837056;30010201;44674817
1527373859749;10120;10647;122;353837056;30011912;44676744
1527373859849;10130;10657;122;353837056;30013625;44678673
1527373859949;10140;10668;122;353837056;30015338;44680602
1527373860049;10150;10680;122;353837056;30017046;44682526
1527373860149;10160;10689;122;353837056;30018761;44684457
1527373860249;10170;10701;122;353837056;30020473;44686385
1527373860349;10180;10713;122;353837056;30022184;44688312
1527373860449;10190;10725;122;353837056;30023948;44690242
1527373860550;10200;10736;122;353837056;30025706;44692170
1527373860651;10210;10745;122;353837056;30027420;44694100
1527373860751;10220;10758;122;353837056;30029522;44696030
1527373860851;10230;10769;122;353837056;30031435;44698871
1527373860951;10240;10779;122;353837056;30033149;44700799
1527373861051;10250;10790;122;353837056;30035664;44702780
1527373861151;10260;10800;122;353837056;30036670;44704656
1527373861252;10270;10810;122;353837056;30039135;44706637
1527373861353;10280;10820;122;353837056;30040845;44708563
1527373861454;10290;10830;122;353837056;30042556;44710490
1527373861555;10300;10840;122;353837056;30044267;44712417
1527373861656;10310;10851;122;353837056;30045978;44714344
1527373861757;10320;10861;122;353837056;30047692;44716274
1527373861858;10330;10871;122;353837056;30049547;44718205
1527373861959;10340;10880;122;353837056;30051259;44720133
1527373862059;10350;10892;122;353837056;30052971;44722061
1527373862159;10360;10902;122;353837056;30054683;44723989
1527373862259;10370;10912;122;353837056;30056395;44725917
1527373862359;10380;10921;123;353837056;30058110;44727848
1527373862459;10391;10932;123;353837056;30059821;44729775
1527373862559;10401;10942;124;353837056;30061533;44731703
1527373862659;10411;10953;124;353837056;30063247;44733633
1527373862759;10421;10963;124;353837056;30065063;44736475
1527373862860;10431;10973;124;353837056;30066773;44738399
1527373862961;10441;10984;124;353837056;30069236;44740378
1527373863062;10451;10994;125;353837056;30071000;44742358
1527373863163;10461;11005;125;353837056;30072710;44744284
1527373863264;10471;11015;125;353837056;30074423;44746213
1527373863365;10481;11025;125;353837056;30076261;44748196
1527373863466;10491;11035;125;353837056;30078089;44750236
1527373863567;10501;11045;125;353837056;30079936;44752162
1527373863668;10511;11056;125;353837056;30081650;44754092
1527373863769;10521;11067;125;353837056;30083362;44756020
1527373863869;10531;11078;125;353837056;30085075;44757949
1527373863969;10541;11089;125;353837056;30086786;44759876
1527373864069;10552;11099;125;353837056;30088499;44761805
1527373864169;10562;11109;125;353837056;30090209;44763731
1527373864269;10572;11121;125;353837056;30091921;44765659
1527373864369;10582;11131;125;353837056;30093634;44767588
1527373864469;10592;11141;125;353837056;30095348;44769518
1527373864569;10602;11152;125;353837056;30097058;44771444
1527373864669;10612;11165;125;353837056;30098771;44773373
1527373864769;10622;11176;125;353837056;30100486;44775304
1527373864869;10632;11187;125;353837056;30102199;44777233
1527373864969;10642;11199;125;353837056;30103159;44779110
1527373865069;10652;11210;125;353837056;30104768;44780126
1527373865169;10662;11221;125;353837056;30106483;44782057
1527373865269;10672;11231;125;353837056;30108197;44783987
1527373865370;10682;11241;126;353837056;30109910;44785916
1527373865471;10692;11252;126;353837056;30111623;44787845
1527373865572;10702;11262;126;353837056;30113335;44789773
1527373865673;10712;11277;126;353837056;30115050;44791704
1527373865774;10722;11287;126;353837056;30116763;44793633
1527373865875;10732;11297;126;353837056;30118475;44795561
1527373865976;10742;11307;126;353837056;30120185;44797487
1527373866077;10752;11319;126;353837056;30121900;44799418
1527373866178;10762;11330;126;353837056;30123611;44801345
1527373866279;10772;11340;126;353837056;30125324;44803274
1527373866380;10783;11352;126;353837056;30127038;44805204
1527373866481;10793;11368;127;353837056;30128750;44807132
1527373866582;10803;11379;127;353837056;30130462;44809060
1527373866683;10813;11390;127;353837056;30132177;44810991
1527373866784;10823;11403;127;353837056;30133888;44812918
1527373866885;10833;11414;127;353837056;30135600;44814846
1527373866985;10843;11424;127;353837056;30137312;44816774
1527373867085;10853;11434;127;353837056;30139029;44818707
1527373867185;10863;11443;127;353837056;30140742;44820636
1527373867285;10873;11454;127;353837056;30142453;44822563
1527373867385;10883;11463;127;353837056;30144165;44824491
1527373867485;10893;11473;127;353837056;30145875;44826417
1527373867585;10903;11483;127;353837056;30147586;44828344
1527373867685;10913;11495;127;353837056;30149298;44830272
1527373867785;10923;11504;127;353837056;30151009;44832199
1527373867885;10933;11518;127;353837056;30152722;44834128
1527373867985;10943;11528;127;353837056;30154436;44836058
1527373868085;10953;11538;127;353837056;30156149;44837987
1527373868185;10963;11548;127;353837056;30157913;44839967
1527373868285;10973;11559;127;353837056;30159625;44841895
1527373868386;10983;11570;127;353837056;30161340;44843826
1527373868487;10993;11582;127;353837056;30163289;44845916
1527373868587;11003;11591;127;353837056;30165002;44847845
1527373868687;11013;11604;127;353837056;30166712;44849771
1527373868787;11023;11614;128;353837056;30168425;44851700
1527373868887;11033;11625;128;353837056;30170139;44853630
1527373868988;11043;11635;128;353837056;30171855;44855562
1527373869089;11053;11646;128;353837056;30173672;44858401
1527373869189;11063;11657;128;353837056;30175279;44859418
1527373869289;11073;11669;128;353837056;30177095;44862255
1527373869389;11083;11679;128;353837056;30178701;44863272
1527373869489;11094;11692;128;353837056;30180520;44866117
1527373869589;11104;11702;128;353837056;30182131;44867134
1527373869689;11114;11713;128;353837056;30183843;44869062
1527373869789;11124;11724;129;353837056;30185552;44870987
1527373869889;11134;11733;130;353837056;30187265;44872916
1527373869989;11144;11745;130;353837056;30188979;44874846
1527373870089;11154;11756;130;353837056;30190692;44876775
1527373870189;11164;11767;130;353837056;30192404;44878703
1527373870289;11174;11780;130;353837056;30194115;44880630
1527373870389;11184;11791;130;353837056;30195930;44883469
1527373870489;11194;11801;131;353837056;30197538;44884485
1527373870589;11204;11811;131;353837056;30199248;44886411
1527373870689;11214;11824;131;353837056;30200964;44888343
1527373870789;11224;11837;131;353837056;30202677;44890272
1527373870889;11234;11846;131;353837056;30204390;44892201
1527373870989;11244;11856;131;353837056;30206103;44894130
1527373871089;11254;11866;131;353837056;30208676;44897027
1527373871190;11264;11877;131;353837056;30209531;44898903
1527373871290;11274;11888;131;353837056;30211347;44900831
1527373871390;11284;11899;131;353837056;30212955;44902759
1527373871490;11294;11909;131;353837056;30214669;44904690
1527373871590;11304;11920;131;353837056;30216383;44905706
1527373871690;11314;11931;131;353837056;30218092;44907631
1527373871790;11324;11944;131;353837056;30219802;44909557
1527373871890;11334;11954;131;353837056;30221511;44911482
1527373871990;11344;11964;131;353837056;30223222;44913409
1527373872090;11354;11974;132;353837056;30224935;44915338
1527373872190;11364;11986;132;353837056;30226652;44917271
1527373872290;11374;11997;132;353837056;30228367;44919202
1527373872390;11384;12010;132;353837056;30230078;44921129
1527373872490;11394;12021;132;353837056;30231789;44923056
1527373872590;11404;12033;132;353837056;30233500;44924983
1527373872690;11414;12045;132;353837056;30235215;44926914
1527373872790;11424;12053;132;353837056;30236932;44928847
1527373872890;11434;12064;132;353837056;30238643;44930774
1527373872990;11444;12075;132;353837056;30240359;44932706
1527373873090;11454;12085;132;353837056;30242072;44934635
1527373873190;11464;12095;132;353837056;30243838;44936617
1527373873290;11474;12105;132;353837056;30245545;44938540
1527373873390;11484;12115;133;353837056;30247255;44940466
1527373873490;11494;12127;133;353837056;30249207;44942507
1527373873590;11504;12136;134;353837056;30250920;44944436
1527373873690;11514;12146;134;353837056;30252633;44946365
1527373873790;11524;12157;134;353837056;30254345;44948293
1527373873890;11534;12165;135;353837056;30256059;44950223
1527373873990;11544;12177;135;353837056;30257772;44952152
1527373874090;11554;12188;135;353837056;30259483;44954079
1527373874190;11564;12200;135;353837056;30261191;44956003
1527373874290;11574;12211;135;353837056;30262903;44957931
1527373874390;11584;12223;135;353837056;30264618;44959862
1527373874490;11594;12234;135;353837056;30266327;44961787
1527373874590;11604;12245;137;353837056;30268039;44963715
1527373874690;11614;12255;137;353837056;30269853;44965647
1527373874790;11624;12265;137;353837056;30271566;44967576
1527373874890;11634;12276;137;353837056;30273279;44969505
1527373874990;11644;12287;137;353837056;30274993;44971435
1527373875090;11654;12297;137;353837056;30276703;44973361
1527373875190;11664;12308;137;353837056;30278415;44975289
1527373875290;11674;12320;137;353837056;30280175;44977215
1527373875390;11684;12331;137;353837056;30281887;44979143
1527373875490;11694;12341;137;353837056;30283648;44981070
1527373875590;11704;12351;137;353837056;30285407;44982995
1527373875690;11714;12360;138;353837056;30287301;44984919
1527373875790;11724;12374;138;353837056;30289012;44986846
1527373875890;11734;12386;138;353837056;30290721;44988771
1527373875990;11744;12397;138;353837056;30292433;44990699
1527373876090;11754;12409;138;353837056;30294144;44992626
1527373876190;11764;12418;138;353837056;30295855;44994553
1527373876290;11774;12430;138;353837056;30297570;44996484
1527373876390;11784;12443;138;353837056;30299282;44998412
1527373876490;11794;12456;138;353837056;30300993;45000339
1527373876590;11804;12467;139;353837056;30302705;45002267
1527373876690;11814;12477;139;353837056;30304417;45004195
1527373876790;11824;12487;139;353837056;30306129;45006123
1527373876890;11834;12498;139;353837056;30307841;45008051
1527373876990;11844;12508;139;353837056;30309554;45009980
1527373877090;11854;12517;139;353837056;30311266;45011908
1527373877190;11864;12527;139;353837056;30313833;45014799
1527373877290;11874;12539;139;353837056;30315543;45016725
1527373877390;11884;12548;139;353837056;30317391;45018652
1527373877490;11894;12559;139;353837056;30319099;45020576
1527373877591;11904;12569;139;353837056;30320807;45022500
1527373877692;11914;12581;139;353837056;30322514;45024423
1527373877793;11924;12591;139;353837056;30324226;45026351
1527373877894;11934;12602;139;353837056;30325941;45028282
1527373877995;11944;12614;139;353837056;30327648;45030205
1527373878096;11954;12624;139;353837056;30329413;45032186
1527373878197;11964;12634;139;353837056;30331126;45034115
1527373878298;11974;12644;139;353837056;30332838;45036043
1527373878398;11984;12656;139;353837056;30334888;45038136
1527373878498;11994;12667;139;353837056;30336650;45040064
1527373878598;12004;12676;139;353837056;30338365;45041995
1527373878698;12014;12687;139;353837056;30340078;45043924
1527373878798;12024;12697;139;353837056;30341789;45045851
1527373878898;12034;12709;139;353837056;30343500;45047778
1527373878998;12044;12718;139;353837056;30345207;45049701
1527373879098;12054;12728;139;353837056;30346922;45051632
1527373879198;12064;12738;140;353837056;30348633;45053559
1527373879298;12074;12748;140;353837056;30350450;45056400
1527373879398;12084;12758;140;353837056;30352199;45057417
1527373879498;12094;12772;140;353837056;30353914;45059348
1527373879598;12104;12783;140;353837056;30356481;45062187
1527373879698;12114;12792;140;353837056;30358194;45064168
1527373879798;12124;12803;140;353837056;30359905;45066095
1527373879898;12134;12815;140;353837056;30361620;45068026
1527373879998;12144;12825;140;353837056;30363331;45069953
1527373880098;12154;12837;140;353837056;30365042;45071880
1527373880198;12164;12847;140;353837056;30366754;45073808
1527373880298;12174;12858;140;353837056;30368470;45075740
1527373880398;12184;12868;141;353837056;30370185;45077671
1527373880498;12194;12878;141;353837056;30371899;45079601
1527373880598;12204;12888;142;353837056;30373613;45081531
1527373880698;12214;12899;142;353837056;30375325;45083459
1527373880798;12224;12910;142;353837056;30377037;45085387
1527373880898;12234;12922;142;353837056;30378748;45087314
1527373880998;12244;12932;142;353837056;30380463;45089245
1527373881098;12254;12943;142;353837056;30382312;45091173
1527373881198;12264;12954;142;353837056;30384025;45093102
1527373881298;12274;12968;142;353837056;30385737;45095030
1527373881398;12284;12980;142;353837056;30387450;45096959
1527373881498;12294;12991;142;353837056;30389165;45098890
1527373881598;12304;13001;142;353837056;30390881;45100822
1527373881698;12314;13010;143;353837056;30392699;45103664
1527373881798;12324;13019;143;353837056;30395165;45105594
1527373881898;12334;13030;143;353837056;30396873;45107570
1527373881998;12344;13041;143;353837056;30398587;45109448
1527373882098;12354;13052;143;353837056;30400037;45111377
1527373882198;12364;13060;144;353837056;30402503;45113359
1527373882298;12374;13071;144;353837056;30404216;45115288
1527373882398;12384;13082;144;353837056;30406071;45117219
1527373882498;12394;13095;144;353837056;30406979;45118546
1527373882598;12404;13105;144;353837056;30408743;45121023
1527373882698;12414;13114;145;353837056;30410454;45122950
1527373882798;12424;13124;145;353837056;30412063;45123967
1527373882898;12434;13132;146;353837056;30413776;45125896
1527373882998;12444;13143;146;353837056;30415485;45127821
1527373883098;12454;13154;146;353837056;30417248;45129800
1527373883198;12464;13162;148;353837056;30418959;45131727
1527373883299;12474;13172;148;353837056;30421651;45134672
1527373883399;12484;13184;148;353837056;30422727;45136660
1527373883499;12495;13196;148;353837056;30424438;45138589
1527373883599;12505;13206;148;353837056;30426048;45139605
1527373883699;12515;13221;148;353837056;30427864;45142447
1527373883799;12525;13231;148;353837056;30429578;45144377
1527373883899;12534;13241;148;353837056;30432043;45146356
1527373883999;12544;13251;148;353837056;30433756;45148285
1527373884099;12555;13261;148;353837056;30435465;45150210
1527373884199;12565;13273;148;353837056;30437179;45152140
1527373884299;12575;13284;148;353837056;30438892;45154069
1527373884399;12585;13296;148;353837056;30440605;45155998
1527373884499;12595;13307;148;353837056;30442317;45157926
1527373884599;12605;13318;148;353837056;30444029;45159854
1527373884699;12615;13330;148;353837056;30445743;45161784
1527373884799;12625;13340;148;353837056;30447458;45163715
1527373884899;12634;13350;148;353837056;30449172;45165645
1527373884999;12644;13359;148;353837056;30450884;45167573
1527373885099;12654;13370;148;353837056;30452595;45169500
1527373885199;12664;13381;148;353837056;30454306;45171427
1527373885299;12675;13390;149;353837056;30456018;45173355
1527373885399;12685;13402;149;353837056;30457729;45175282
1527373885499;12695;13413;149;353837056;30459440;45177209
1527373885599;12705;13424;149;353837056;30461257;45180050
1527373885699;12715;13434;149;353837056;30462867;45181979
1527373885799;12724;13444;150;353837056;30465436;45183961
1527373885899;12734;13457;150;353837056;30466394;45185835
1527373885999;12744;13471;150;353837056;30468109;45187766
1527373886099;12755;13481;150;353837056;30469821;45189694
1527373886199;12765;13490;150;353837056;30471533;45191622
1527373886299;12775;13500;152;353837056;30473140;45192637
1527373886399;12785;13508;153;353837056;30474853;45194566
1527373886499;12795;13521;153;353837056;30476563;45196492
1527373886599;12805;13533;153;353837056;30478275;45198420
1527373886699;12815;13545;153;353837056;30479986;45200347
1527373886799;12825;13557;153;353837056;30481698;45202275
1527373886899;12835;13568;153;353837056;30483409;45204202
1527373886999;12845;13580;153;353837056;30485123;45206132
1527373887099;12855;13589;153;353837056;30486836;45208061
1527373887199;12865;13599;153;353837056;30488546;45209987
1527373887299;12875;13610;153;353837056;30490258;45211915
1527373887399;12885;13622;153;353837056;30491973;45213846
1527373887499;12895;13632;153;353837056;30493687;45215776
1527373887600;12905;13646;154;353837056;30494545;45216742
1527373887701;12915;13656;154;353837056;30496362;45219583
1527373887802;12925;13666;154;353837056;30498828;45221565
1527373887903;12935;13677;154;353837056;30499684;45222529
1527373888004;12945;13690;154;353837056;30501400;45224461
1527373888105;12955;13703;154;353837056;30503165;45226442
1527373888206;12965;13713;154;353837056;30504877;45228370
1527373888307;12975;13723;155;353837056;30506695;45231213
1527373888407;12985;13733;156;353837056;30508544;45232394
1527373888507;12995;13745;156;353837056;30510257;45234323
1527373888607;13005;13759;156;353837056;30511974;45236256
1527373888707;13015;13769;156;353837056;30513686;45238184
1527373888807;13025;13779;156;353837056;30515396;45240110
1527373888907;13035;13791;156;353837056;30517110;45242040
1527373889007;13045;13801;156;353837056;30518822;45243968
1527373889107;13055;13812;156;353837056;30520534;45245896
1527373889207;13065;13824;156;353837056;30522250;45247828
1527373889307;13075;13835;156;353837056;30523959;45249753
