currentTs;total_time;user_time;sys_time;virtual_size;in_octets;out_octets
1527464380550;1;0;0;401408;50465336;73939984
1527464380650;11;9;1;300900352;50465336;73939984
1527464380750;21;18;2;306909184;50465336;73939984
1527464380850;31;26;4;306909184;50465336;73939984
1527464380950;41;34;7;311758848;50465336;73939984
1527464381050;51;46;7;312897536;50465336;73939984
1527464381150;61;57;7;313946112;50465336;73939984
1527464381250;71;71;8;313946112;50465336;73939984
1527464381350;81;81;8;313946112;50465336;73939984
1527464381450;91;89;9;313946112;50465336;73939984
1527464381550;101;99;10;313946112;50465336;73939984
1527464381650;111;114;11;314019840;50465336;73939984
1527464381750;121;124;11;314019840;50465440;73940592
1527464381850;131;135;11;314019840;50465440;73940592
1527464381950;141;146;11;314019840;50465440;73940592
1527464382050;151;161;11;314019840;50465440;73940592
1527464382150;161;172;11;314019840;50465440;73940592
1527464382250;171;181;12;314019840;50465440;73940592
1527464382350;181;191;13;314019840;50465440;73940592
1527464382450;191;201;13;315068416;50465440;73940592
1527464382550;201;212;13;315088896;50465440;73940592
1527464382650;211;223;14;315219968;50465440;73940592
1527464382750;221;233;14;315219968;50465440;73940592
1527464382850;231;245;14;315219968;50465440;73940592
1527464382950;241;257;14;316268544;50465440;73940592
1527464383050;251;268;14;316268544;50465440;73940592
1527464383150;261;279;14;316510208;50465440;73940592
1527464383250;271;296;14;317558784;50465440;73940592
1527464383350;281;307;14;318607360;50465440;73940592
1527464383450;291;317;14;318607360;50465440;73940592
1527464383550;301;327;15;318607360;50465440;73940592
1527464383650;311;338;15;319811584;50465440;73940592
1527464383750;321;347;16;319811584;50465440;73940592
1527464383850;331;357;18;319811584;50465440;73940592
1527464383950;341;369;18;319811584;50465440;73940592
1527464384050;351;380;18;319811584;50465440;73940592
1527464384150;361;390;19;320860160;50465440;73940592
1527464384250;371;402;19;320860160;50465440;73940592
1527464384350;381;413;19;320884736;50465440;73940592
1527464384450;391;426;19;320884736;50465440;73940592
1527464384550;401;436;20;351412224;50466415;73941671
1527464384650;411;446;21;351739904;50466415;73941671
1527464384750;421;459;21;351739904;50466803;73941671
1527464384850;431;474;21;351739904;50467817;73943556
1527464384950;441;485;21;351739904;50469477;73944573
1527464385050;451;497;21;351739904;50469523;73944573
1527464385150;461;511;21;351739904;50471230;73946496
1527464385250;471;523;21;351739904;50472085;73947459
1527464385350;481;534;21;351739904;50472942;73948424
1527464385450;491;548;21;351739904;50474652;73950350
1527464385550;501;560;21;351739904;50475504;73951310
1527464385650;511;570;21;351739904;50476360;73952274
1527464385750;521;581;21;351739904;50478071;73954201
1527464385850;531;592;21;351739904;50478925;73955163
1527464385950;541;602;21;351739904;50480635;73957089
1527464386050;551;612;21;351739904;50481490;73958052
1527464386150;561;622;21;351739904;50483196;73959974
1527464386250;571;634;22;351739904;50484050;73960936
1527464386350;581;644;22;351739904;50484906;73961900
1527464386450;591;654;22;351739904;50486613;73963823
1527464386550;601;665;22;351739904;50487469;73964787
1527464386650;611;677;22;351739904;50489182;73966716
1527464386750;621;688;23;351739904;50490893;73968643
1527464386850;631;701;24;351739904;50491747;73969605
1527464386950;641;714;24;351739904;50493458;73971532
1527464387050;651;733;24;352788480;50494312;73972494
1527464387150;661;749;24;353837056;50496021;73974419
1527464387250;671;762;24;353837056;50497733;73976347
1527464387350;681;775;24;353837056;50498589;73977311
1527464387450;691;786;24;353837056;50500300;73979238
1527464387550;701;797;24;353837056;50502012;73981166
1527464387650;711;810;24;353837056;50502867;73982129
1527464387750;721;821;24;353837056;50504577;73984055
1527464387850;731;830;24;353837056;50506286;73985980
1527464387950;741;842;24;353837056;50507139;73986941
1527464388050;751;856;24;353837056;50508847;73988865
1527464388150;761;866;24;353837056;50510556;73990790
1527464388250;771;876;24;353837056;50512267;73992717
1527464388350;781;887;24;353837056;50513123;73993681
1527464388450;791;897;24;353837056;50514835;73995609
1527464388550;801;912;24;353837056;50516546;73997536
1527464388650;811;921;24;353837056;50518254;73999460
1527464388750;821;932;24;353837056;50519161;74000786
1527464388850;831;942;25;353837056;50520821;74002351
1527464388950;841;953;25;353837056;50522533;74004279
1527464389050;851;962;25;353837056;50524242;74006204
1527464389150;861;974;25;353837056;50525951;74008129
1527464389250;871;984;25;353837056;50526910;74010003
1527464389350;881;995;25;353837056;50528516;74011018
1527464389450;891;1006;25;353837056;50530226;74012944
1527464389550;901;1018;25;353837056;50531936;74014870
1527464389650;911;1026;26;353837056;50533650;74016800
1527464389750;921;1040;27;353837056;50534507;74017765
1527464389850;931;1050;27;353837056;50536217;74019691
1527464389950;941;1061;27;353837056;50537927;74021617
1527464390050;951;1071;27;353837056;50539636;74023542
1527464390150;961;1080;27;353837056;50541345;74025467
1527464390250;971;1091;27;353837056;50543051;74027389
1527464390350;981;1102;27;353837056;50543905;74028351
1527464390450;991;1111;28;353837056;50545617;74030279
1527464390550;1001;1120;29;353837056;50547382;74032260
1527464390650;1011;1131;29;353837056;50549088;74034182
1527464390750;1021;1146;29;353837056;50550798;74036108
1527464390850;1031;1157;29;353837056;50552750;74038201
1527464390950;1041;1167;29;353837056;50553710;74040076
1527464391050;1051;1178;29;353837056;50555315;74041090
1527464391150;1061;1188;29;353837056;50557028;74043019
1527464391250;1071;1201;29;353837056;50558735;74044942
1527464391350;1081;1211;29;353837056;50560447;74046870
1527464391450;1091;1221;29;353837056;50562157;74048796
1527464391550;1101;1230;29;353837056;50563869;74050724
1527464391650;1111;1240;29;353837056;50565583;74052654
1527464391750;1121;1256;29;353837056;50566543;74054530
1527464391850;1131;1269;29;353837056;50568150;74055545
1527464391950;1141;1279;29;353837056;50569863;74057474
1527464392050;1151;1289;29;353837056;50571571;74059398
1527464392150;1161;1300;29;353837056;50573282;74061325
1527464392250;1171;1316;29;353837056;50574994;74063253
1527464392350;1181;1325;29;353837056;50576704;74065179
1527464392450;1191;1335;30;353837056;50578415;74067106
1527464392550;1201;1344;30;353837056;50580126;74069033
1527464392650;1211;1355;30;353837056;50581086;74070908
1527464392750;1221;1365;30;353837056;50582691;74071922
1527464392850;1231;1376;30;353837056;50584403;74073850
1527464392950;1241;1385;30;353837056;50586116;74075779
1527464393050;1251;1395;30;353837056;50587826;74077705
1527464393150;1261;1406;30;353837056;50589538;74079633
1527464393250;1271;1414;31;353837056;50591248;74081559
1527464393350;1281;1425;31;353837056;50592955;74083482
1527464393450;1291;1437;31;353837056;50594665;74085408
1527464393550;1301;1450;31;353837056;50596374;74087333
1527464393650;1311;1460;31;353837056;50598083;74089258
1527464393750;1321;1470;31;353837056;50599792;74091183
1527464393850;1331;1479;31;353837056;50601501;74093108
1527464393950;1341;1488;31;353837056;50603212;74095035
1527464394050;1351;1498;31;353837056;50604925;74096964
1527464394150;1361;1508;31;353837056;50606636;74098891
1527464394250;1371;1517;31;353837056;50607595;74100765
1527464394350;1381;1529;31;353837056;50610056;74102743
1527464394450;1391;1539;31;353837056;50611017;74104618
1527464394550;1401;1548;31;353837056;50613475;74106594
1527464394650;1411;1559;31;353837056;50614436;74108469
1527464394750;1421;1568;31;353837056;50616041;74109484
1527464394850;1431;1577;31;353837056;50617857;74112324
1527464394950;1441;1586;31;353837056;50619465;74113340
1527464395050;1451;1597;31;353837056;50621179;74115270
1527464395150;1461;1605;32;353837056;50622890;74117197
1527464395250;1471;1614;32;353837056;50624602;74119125
1527464395350;1481;1625;32;353837056;50626314;74121053
1527464395450;1491;1642;32;353837056;50628027;74122982
1527464395550;1501;1652;32;353837056;50629737;74124908
1527464395650;1511;1662;32;353837056;50631447;74126834
1527464395750;1521;1673;32;353837056;50633208;74128811
1527464395850;1531;1683;32;353837056;50634920;74130739
1527464395950;1541;1692;32;353837056;50636633;74132668
1527464396050;1551;1702;32;353837056;50638583;74134759
1527464396150;1561;1713;32;353837056;50640293;74136685
1527464396250;1571;1723;32;353837056;50642002;74138610
1527464396350;1581;1733;32;353837056;50643711;74140535
1527464396450;1591;1743;32;353837056;50645420;74142460
1527464396550;1601;1754;32;353837056;50647132;74144388
1527464396650;1611;1764;32;353837056;50648845;74146317
1527464396750;1621;1777;32;353837056;50650557;74148245
1527464396850;1631;1794;33;353837056;50652269;74150173
1527464396950;1641;1804;33;353837056;50653230;74152048
1527464397050;1651;1812;33;353837056;50655690;74154026
1527464397150;1661;1823;33;353837056;50656648;74155898
1527464397250;1671;1832;33;353837056;50659106;74157874
1527464397350;1681;1841;33;353837056;50660817;74159801
1527464397450;1691;1851;33;353837056;50662526;74161726
1527464397550;1701;1861;33;353837056;50664237;74163653
1527464397650;1711;1870;33;353837056;50665945;74165577
1527464397750;1721;1878;34;353837056;50667658;74167506
1527464397850;1731;1889;34;353837056;50669369;74169433
1527464397950;1741;1898;35;353837056;50671079;74171359
1527464398050;1751;1907;35;353837056;50672791;74173287
1527464398150;1761;1916;35;353837056;50674501;74175213
1527464398250;1771;1925;35;353837056;50676213;74177141
1527464398350;1781;1935;36;353837056;50677924;74179068
1527464398450;1791;1945;36;353837056;50679636;74180996
1527464398550;1801;1959;36;353837056;50681349;74182925
1527464398650;1811;1970;37;353837056;50683057;74184849
1527464398750;1821;1981;37;353837056;50684768;74186776
1527464398850;1831;1989;38;353837056;50686480;74188704
1527464398950;1841;1998;38;353837056;50688189;74190629
1527464399050;1851;2008;38;353837056;50689899;74192555
1527464399150;1861;2017;38;353837056;50691611;74194483
1527464399250;1871;2027;38;353837056;50693321;74196409
1527464399350;1881;2036;38;353837056;50695033;74198337
1527464399450;1891;2046;38;353837056;50696745;74200265
1527464399550;1901;2056;38;353837056;50698455;74202191
1527464399650;1911;2066;38;353837056;50700166;74204118
1527464399750;1921;2075;38;353837056;50701877;74206045
1527464399850;1931;2085;38;353837056;50703641;74207975
1527464399950;1941;2094;38;353837056;50705397;74209901
1527464400050;1951;2104;38;353837056;50707106;74211826
1527464400150;1961;2113;39;353837056;50708817;74213753
1527464400250;1971;2123;39;353837056;50710526;74215678
1527464400350;1981;2133;39;353837056;50712239;74217607
1527464400450;1991;2143;39;353837056;50713994;74219532
1527464400550;2001;2153;39;353837056;50715707;74221461
1527464400651;2011;2162;39;353837056;50717419;74223389
1527464400751;2021;2172;39;353837056;50719183;74225369
1527464400851;2031;2182;39;353837056;50720894;74227296
1527464400951;2041;2192;40;353837056;50722603;74229221
1527464401051;2051;2209;40;353837056;50724552;74231311
1527464401151;2061;2221;41;353837056;50726264;74233239
1527464401251;2071;2232;41;353837056;50727975;74235166
1527464401351;2081;2244;41;353837056;50729688;74237095
1527464401451;2091;2257;41;353837056;50731400;74239023
1527464401551;2101;2268;41;353837056;50733110;74240949
1527464401651;2111;2277;41;353837056;50734821;74243788
1527464401751;2121;2288;41;353837056;50736636;74245715
1527464401851;2131;2297;41;353837056;50739098;74247693
1527464401951;2141;2308;41;353837056;50740808;74249619
1527464402051;2151;2317;41;353837056;50742521;74251548
1527464402151;2161;2326;41;353837056;50744231;74253474
1527464402251;2171;2336;41;353837056;50745943;74255402
1527464402351;2181;2346;41;353837056;50747650;74257325
1527464402451;2191;2356;41;353837056;50749358;74259249
1527464402551;2201;2366;41;353837056;50751066;74261173
1527464402651;2211;2376;41;353837056;50752776;74264012
1527464402751;2221;2386;41;353837056;50755343;74265990
1527464402851;2231;2396;41;353837056;50757054;74267917
1527464402951;2241;2406;41;353837056;50758765;74269844
1527464403051;2251;2416;41;353837056;50760476;74271771
1527464403151;2261;2426;41;353837056;50762190;74273701
1527464403251;2271;2436;41;353837056;50763900;74275627
1527464403351;2281;2445;41;353837056;50765612;74277555
1527464403451;2291;2455;41;353837056;50767322;74279481
1527464403551;2301;2469;41;353837056;50769034;74281409
1527464403651;2311;2479;41;353837056;50770744;74283335
1527464403751;2321;2489;41;353837056;50773309;74286224
1527464403851;2331;2499;41;353837056;50775017;74288148
1527464403951;2341;2508;41;353837056;50776729;74290076
1527464404051;2351;2518;41;353837056;50778441;74292004
1527464404151;2361;2528;41;353837056;50780151;74293930
1527464404251;2371;2538;41;353837056;50781864;74295859
1527464404351;2381;2548;41;353837056;50783575;74297786
1527464404451;2391;2557;41;353837056;50785281;74299708
1527464404551;2401;2569;41;353837056;50786992;74301635
1527464404651;2411;2588;41;353837056;50788700;74303559
1527464404751;2421;2607;41;353837056;50790411;74305486
1527464404851;2431;2617;42;353837056;50792119;74307410
1527464404951;2441;2628;42;353837056;50794685;74310300
1527464405051;2451;2638;42;353837056;50796396;74312227
1527464405151;2461;2647;42;353837056;50798106;74314153
1527464405251;2471;2656;43;353837056;50799816;74316079
1527464405351;2481;2666;43;353837056;50801525;74318004
1527464405451;2491;2674;44;353837056;50803234;74319929
1527464405551;2501;2684;44;353837056;50804997;74321908
1527464405651;2511;2693;44;353837056;50806707;74324745
1527464405751;2521;2703;44;353837056;50809392;74326772
1527464405851;2531;2712;45;353837056;50811218;74328810
1527464405951;2541;2723;45;353837056;50812929;74330737
1527464406051;2551;2736;45;353837056;50814641;74332665
1527464406151;2561;2746;45;353837056;50816351;74334591
1527464406252;2571;2755;45;353837056;50818058;74336514
1527464406353;2581;2765;45;353837056;50819873;74339353
1527464406454;2591;2774;45;353837056;50822335;74341331
1527464406555;2601;2786;45;353837056;50824046;74343258
1527464406656;2611;2801;45;353837056;50825753;74345181
1527464406756;2621;2813;45;353837056;50827460;74347104
1527464406856;2631;2823;45;353837056;50829167;74349027
1527464406956;2641;2832;45;353837056;50830876;74350952
1527464407056;2651;2843;45;353837056;50832586;74352878
1527464407156;2662;2852;45;353837056;50835152;74355768
1527464407256;2672;2862;45;353837056;50836863;74357695
1527464407356;2682;2872;45;353837056;50838573;74359621
1527464407456;2692;2881;45;353837056;50840283;74361547
1527464407556;2702;2891;45;353837056;50841990;74363470
1527464407656;2712;2899;47;353837056;50843703;74365399
1527464407756;2722;2908;47;353837056;50845515;74368235
1527464407856;2732;2918;47;353837056;50847977;74370213
1527464407956;2742;2927;47;353837056;50849689;74372141
1527464408056;2752;2937;47;353837056;50851402;74374070
1527464408156;2762;2946;47;353837056;50853110;74375994
1527464408256;2772;2955;47;353837056;50854823;74377923
1527464408356;2782;2967;47;353837056;50856535;74379851
1527464408456;2792;2975;48;353837056;50859101;74382637
1527464408556;2802;2985;49;353837056;50860810;74384614
1527464408656;2812;2995;49;353837056;50862521;74386541
1527464408756;2822;3004;49;353837056;50864232;74388468
1527464408856;2832;3015;49;353837056;50865944;74390396
1527464408956;2842;3025;49;353837056;50867655;74392323
1527464409056;2852;3034;50;353837056;50869470;74395161
1527464409156;2862;3043;51;353837056;50871932;74397140
1527464409256;2872;3052;51;353837056;50873639;74399063
1527464409356;2882;3061;51;353837056;50875351;74400991
1527464409456;2892;3070;51;353837056;50877063;74402919
1527464409556;2902;3080;51;353837056;50878773;74404845
1527464409656;2912;3089;51;353837056;50880482;74406770
1527464409756;2922;3100;51;353837056;50883049;74409661
1527464409856;2932;3109;51;353837056;50884762;74411590
1527464409956;2942;3119;51;353837056;50886473;74413465
1527464410056;2952;3129;51;353837056;50888181;74415441
1527464410156;2962;3139;51;353837056;50889942;74417418
1527464410256;2972;3149;51;353837056;50892505;74420305
1527464410356;2982;3161;51;353837056;50894216;74422232
1527464410456;2992;3174;51;353837056;50896167;74424324
1527464410556;3002;3185;51;353837056;50897879;74426252
1527464410656;3012;3195;51;353837056;50899589;74428178
1527464410756;3022;3204;51;353837056;50901300;74430105
1527464410856;3032;3215;51;353837056;50903012;74432033
1527464410956;3042;3225;52;353837056;50905581;74434926
1527464411056;3052;3235;52;353837056;50907290;74436851
1527464411156;3062;3245;52;353837056;50909001;74438778
1527464411256;3072;3253;53;353837056;50910710;74440703
1527464411356;3082;3265;53;353837056;50912424;74442633
1527464411456;3092;3274;54;353837056;50914990;74445523
1527464411556;3102;3283;54;353837056;50916701;74447398
1527464411656;3112;3293;54;353837056;50918409;74449322
1527464411756;3122;3302;54;353837056;50920120;74451249
1527464411856;3132;3312;54;353837056;50921830;74453175
1527464411956;3142;3321;54;353837056;50923539;74455100
1527464412056;3152;3331;54;353837056;50926102;74457883
1527464412156;3162;3340;54;353837056;50927816;74459813
1527464412256;3172;3351;54;353837056;50929526;74461739
1527464412356;3182;3361;54;353837056;50931236;74463665
1527464412456;3192;3371;54;353837056;50932947;74465488
1527464412556;3202;3381;54;353837056;50934658;74468379
1527464412656;3212;3390;54;353837056;50937226;74470359
1527464412756;3222;3401;54;353837056;50938938;74472183
1527464412856;3232;3412;54;353837056;50940651;74474164
1527464412956;3242;3422;54;353837056;50942361;74476090
1527464413056;3252;3431;54;353837056;50944071;74478016
1527464413156;3262;3440;54;353837056;50945883;74480852
1527464413256;3272;3449;54;353837056;50948345;74482674
1527464413356;3282;3458;55;353837056;50950055;74484652
1527464413456;3292;3468;55;353837056;50951767;74486580
1527464413556;3302;3478;56;353837056;50953476;74488505
1527464413656;3312;3487;56;353837056;50955189;74490434
1527464413756;3322;3497;56;353837056;50957757;74493326
1527464413856;3332;3508;56;353837056;50959464;74495249
1527464413956;3342;3519;57;353837056;50961176;74497177
1527464414056;3352;3536;57;353837056;50962032;74498141
1527464414156;3362;3547;58;353837056;50963744;74500069
1527464414256;3372;3556;58;353837056;50966312;74502961
1527464414356;3382;3568;58;353837056;50967167;74503924
1527464414456;3392;3578;58;353837056;50969732;74506813
1527464414556;3402;3588;59;353837056;50971443;74508740
1527464414656;3412;3598;59;353837056;50973153;74510666
1527464414756;3422;3607;59;353837056;50975255;74512544
1527464414856;3432;3618;59;353837056;50977067;74514418
1527464414956;3442;3627;60;353837056;50979674;74517147
1527464415056;3452;3636;60;353837056;50981510;74519180
1527464415156;3462;3646;60;353837056;50983338;74521220
1527464415256;3472;3661;60;353837056;50984195;74522185
1527464415356;3482;3671;60;353837056;50985905;74524111
1527464415456;3492;3681;60;353837056;50987614;74526036
1527464415556;3502;3692;60;353837056;50989324;74527962
1527464415656;3512;3704;60;353837056;50991082;74529890
1527464415756;3522;3713;60;353837056;50992795;74531819
1527464415856;3532;3722;60;353837056;50995362;74534710
1527464415956;3542;3732;60;353837056;50997070;74536634
1527464416056;3552;3743;60;353837056;50998777;74538557
1527464416156;3562;3759;60;353837056;50999632;74539520
1527464416256;3572;3769;60;353837056;51001344;74541448
1527464416356;3582;3779;60;353837056;51003908;74544336
1527464416456;3592;3791;60;353837056;51004764;74545300
1527464416556;3602;3801;60;353837056;51006473;74547225
1527464416656;3612;3816;60;353837056;51008184;74549152
1527464416756;3622;3827;60;353837056;51009896;74551080
1527464416856;3632;3843;60;353837056;51011605;74553005
1527464416956;3642;3854;60;353837056;51013318;74554934
1527464417056;3652;3864;60;353837056;51015027;74556859
1527464417156;3662;3874;60;353837056;51016738;74558786
1527464417256;3672;3883;62;353837056;51018447;74560711
1527464417356;3682;3895;62;353837056;51020156;74562636
1527464417456;3692;3906;62;353837056;51021867;74564563
1527464417556;3702;3917;62;353837056;51023578;74566490
1527464417656;3712;3927;62;353837056;51025287;74568415
1527464417756;3722;3938;62;353837056;51026997;74570341
1527464417856;3732;3948;62;353837056;51028708;74572268
1527464417956;3742;3959;62;353837056;51030417;74574193
1527464418056;3752;3969;62;353837056;51032127;74576119
1527464418156;3762;3982;63;353837056;51033839;74578047
1527464418256;3772;3993;63;353837056;51035549;74579973
1527464418356;3782;4004;63;353837056;51037260;74581900
1527464418456;3792;4015;63;353837056;51038969;74583825
1527464418556;3802;4026;63;353837056;51040682;74585754
1527464418656;3812;4038;63;353837056;51042390;74587678
1527464418756;3822;4051;63;353837056;51044100;74589604
1527464418856;3832;4062;63;353837056;51045058;74591478
1527464418956;3842;4073;63;353837056;51047523;74593459
1527464419056;3852;4085;63;353837056;51048482;74595333
1527464419156;3862;4096;63;353837056;51050088;74596348
1527464419256;3872;4109;63;353837056;51051799;74598275
1527464419356;3882;4122;63;353837056;51053510;74600202
1527464419456;3892;4131;64;353837056;51055322;74603039
1527464419556;3902;4143;64;353837056;51056929;74604053
1527464419656;3912;4152;65;353837056;51059495;74606943
1527464419756;3922;4167;65;353837056;51060350;74607906
1527464419856;3932;4178;65;353837056;51062966;74610846
1527464419956;3942;4189;65;353837056;51064677;74612773
1527464420056;3952;4199;65;353837056;51066388;74614700
1527464420156;3962;4208;65;353837056;51068338;74616791
1527464420256;3972;4220;65;353837056;51070049;74618718
1527464420356;3982;4230;65;353837056;51071893;74620646
1527464420456;3992;4242;65;353837056;51073606;74622575
1527464420556;4002;4252;65;353837056;51075317;74624502
1527464420656;4012;4261;66;353837056;51077029;74626430
1527464420756;4022;4273;66;353837056;51078742;74628359
1527464420856;4032;4282;66;353837056;51080455;74630288
1527464420956;4042;4294;66;353837056;51082164;74632213
1527464421056;4052;4306;66;353837056;51083874;74634139
1527464421156;4062;4316;66;353837056;51085585;74636066
1527464421256;4072;4330;66;353837056;51087294;74637991
1527464421356;4082;4340;66;353837056;51089007;74639920
1527464421456;4092;4349;66;353837056;51090716;74641845
1527464421556;4102;4361;66;353837056;51092427;74643772
1527464421656;4112;4371;66;353837056;51094138;74645699
1527464421756;4122;4380;67;353837056;51095954;74648538
1527464421856;4132;4389;68;353837056;51097613;74650465
1527464421956;4142;4398;69;353837056;51100126;74652443
1527464422056;4152;4408;70;353837056;51101834;74654367
1527464422156;4162;4419;70;353837056;51102796;74656242
1527464422256;4172;4429;70;353837056;51105257;74658222
1527464422356;4182;4441;70;353837056;51106968;74660149
1527464422456;4192;4451;71;353837056;51108679;74662076
1527464422556;4202;4462;71;353837056;51110390;74664003
1527464422656;4212;4472;71;353837056;51112096;74665925
1527464422756;4222;4482;71;353837056;51113808;74667853
1527464422856;4232;4492;71;353837056;51115521;74669782
1527464422956;4242;4501;72;353837056;51117232;74671709
1527464423056;4252;4511;73;353837056;51118945;74673638
1527464423156;4262;4522;73;353837056;51120656;74675565
1527464423256;4272;4532;73;353837056;51122367;74677492
1527464423356;4282;4543;73;353837056;51124077;74679418
1527464423456;4292;4553;73;353837056;51125790;74681347
1527464423556;4302;4563;73;353837056;51127498;74683271
1527464423656;4312;4573;74;353837056;51129208;74685197
1527464423756;4322;4583;74;353837056;51130920;74687125
1527464423856;4332;4594;74;353837056;51132631;74689052
1527464423956;4342;4604;74;353837056;51134345;74690982
1527464424056;4352;4615;74;353837056;51136059;74692912
1527464424156;4362;4627;74;353837056;51137768;74694837
1527464424256;4372;4637;74;353837056;51139475;74696760
1527464424356;4382;4647;74;353837056;51142038;74699647
1527464424456;4392;4655;76;353837056;51143746;74701571
1527464424556;4402;4670;76;353837056;51145457;74703498
1527464424656;4412;4689;76;353837056;51146416;74705373
1527464424756;4422;4700;76;353837056;51148929;74707402
1527464424856;4432;4711;76;353837056;51149889;74709279
1527464424956;4442;4721;76;353837056;51151497;74711206
1527464425056;4452;4731;76;353837056;51154303;74713349
1527464425156;4462;4741;76;353837056;51156015;74715277
1527464425256;4472;4750;76;353837056;51157725;74717203
1527464425356;4482;4762;76;353837056;51159434;74719128
1527464425456;4492;4772;76;353837056;51161141;74721051
1527464425556;4502;4782;76;353837056;51162852;74722978
1527464425656;4512;4794;77;353837056;51164564;74724906
1527464425756;4522;4807;77;353837056;51166271;74726829
1527464425856;4532;4819;77;353837056;51167983;74728757
1527464425956;4542;4829;77;353837056;51169693;74730683
1527464426056;4552;4839;77;353837056;51171401;74732607
1527464426156;4562;4848;77;353837056;51173113;74734535
1527464426256;4572;4859;78;353837056;51174927;74737370
1527464426356;4582;4869;78;353837056;51177388;74739350
1527464426456;4592;4880;78;353837056;51179098;74741276
1527464426556;4602;4891;78;353837056;51180804;74743198
1527464426656;4612;4903;78;353837056;51182512;74745122
1527464426756;4622;4914;78;353837056;51184224;74747050
1527464426856;4632;4923;79;353837056;51185934;74748976
1527464426956;4642;4935;79;353837056;51187647;74750905
1527464427056;4652;4947;79;353837056;51189357;74752831
1527464427156;4662;4956;79;353837056;51191067;74754757
1527464427256;4672;4968;79;353837056;51192777;74756683
1527464427356;4682;4977;79;353837056;51194488;74758610
1527464427456;4692;4988;79;353837056;51196193;74760531
1527464427556;4702;4998;79;353837056;51198008;74763368
1527464427656;4712;5007;79;353837056;51200468;74765346
1527464427756;4722;5018;79;353837056;51202177;74767271
1527464427856;4732;5028;79;353837056;51203888;74769198
1527464427956;4742;5041;79;353837056;51205599;74771125
1527464428056;4752;5051;79;353837056;51207308;74773050
1527464428156;4762;5060;79;353837056;51209016;74774974
1527464428256;4772;5071;79;353837056;51210724;74776898
1527464428356;4782;5081;79;353837056;51212434;74778824
1527464428456;4792;5092;79;353837056;51214145;74780751
1527464428556;4802;5104;79;353837056;51215855;74782677
1527464428656;4812;5114;79;353837056;51218422;74785568
1527464428756;4822;5124;79;353837056;51220128;74787490
1527464428856;4832;5134;79;353837056;51221838;74789416
1527464428956;4842;5149;79;353837056;51223548;74791342
1527464429056;4852;5159;79;353837056;51225259;74793269
1527464429156;4862;5168;80;353837056;51226967;74795193
1527464429256;4872;5180;80;353837056;51228676;74797118
1527464429356;4882;5190;80;353837056;51230387;74799045
1527464429456;4892;5200;80;353837056;51232098;74800972
1527464429556;4902;5210;80;353837056;51233862;74802952
1527464429656;4912;5221;80;353837056;51235572;74804878
1527464429756;4922;5230;80;353837056;51237284;74807717
1527464429856;4932;5244;80;353837056;51240136;74809857
1527464429956;4942;5252;82;353837056;51241876;74811813
1527464430056;4952;5265;82;353837056;51243585;74813738
1527464430156;4962;5276;82;353837056;51245295;74815664
1527464430256;4972;5287;82;353837056;51247003;74817588
1527464430356;4982;5297;82;353837056;51248714;74819515
1527464430456;4992;5307;82;353837056;51250425;74821442
1527464430556;5002;5317;82;353837056;51252136;74823369
1527464430656;5012;5328;82;353837056;51253845;74825294
1527464430756;5022;5337;82;353837056;51256409;74828182
1527464430856;5032;5348;82;353837056;51258163;74830106
1527464430956;5042;5358;82;353837056;51259873;74832032
1527464431056;5052;5369;82;353837056;51261583;74833958
1527464431156;5062;5379;82;353837056;51263292;74835883
1527464431256;5072;5390;82;353837056;51265002;74837809
1527464431356;5082;5401;82;353837056;51266714;74839737
1527464431456;5092;5411;82;353837056;51268423;74841662
1527464431556;5102;5422;83;353837056;51270134;74843589
1527464431656;5112;5432;83;353837056;51271844;74845515
1527464431756;5122;5443;83;353837056;51273554;74847441
1527464431856;5132;5454;83;353837056;51275267;74849370
1527464431956;5142;5463;83;353837056;51277830;74852257
1527464432056;5152;5473;83;353837056;51279536;74854179
1527464432156;5162;5485;83;353837056;51281245;74856104
1527464432256;5172;5494;84;353837056;51282956;74858031
1527464432356;5182;5503;84;353837056;51284668;74859959
1527464432456;5192;5515;84;353837056;51286380;74861887
1527464432556;5202;5523;85;353837056;51288091;74863814
1527464432656;5212;5534;85;353837056;51289801;74865740
1527464432756;5222;5546;85;353837056;51291513;74867668
1527464432856;5232;5555;85;353837056;51293225;74869596
1527464432956;5242;5566;85;353837056;51294936;74871523
1527464433056;5252;5576;85;353837056;51296647;74873450
1527464433156;5262;5586;85;353837056;51299210;74876337
1527464433256;5272;5596;85;353837056;51300922;74878265
1527464433356;5282;5608;85;353837056;51302628;74880187
1527464433456;5292;5621;85;353837056;51304336;74882111
1527464433556;5302;5631;85;353837056;51306046;74884037
1527464433656;5312;5643;86;353837056;51307756;74885963
1527464433756;5322;5652;86;353837056;51309468;74887891
1527464433856;5332;5663;87;353837056;51311175;74889814
1527464433956;5342;5678;87;353837056;51312886;74891741
1527464434056;5352;5689;87;353837056;51314593;74893664
1527464434156;5362;5700;87;353837056;51316301;74895588
1527464434256;5372;5710;87;353837056;51318006;74897509
1527464434356;5382;5720;87;353837056;51319765;74899484
1527464434456;5392;5730;87;353837056;51321475;74901410
1527464434556;5402;5739;87;353837056;51323187;74903338
1527464434656;5412;5749;87;353837056;51325022;74905318
1527464434756;5422;5760;87;353837056;51326851;74907359
1527464434856;5432;5770;87;353837056;51328559;74909283
1527464434956;5442;5782;87;353837056;51330269;74911209
1527464435056;5452;5792;87;353837056;51331976;74914043
1527464435156;5462;5802;87;353837056;51333685;74915057
1527464435256;5472;5812;87;353837056;51335500;74917894
1527464435356;5482;5821;88;353837056;51337208;74919820
1527464435456;5492;5831;88;353837056;51339671;74921799
1527464435556;5502;5844;88;353837056;51341378;74923722
1527464435656;5512;5854;88;353837056;51343087;74925647
1527464435756;5522;5865;88;353837056;51344799;74927575
1527464435856;5532;5874;88;353837056;51346513;74929505
1527464435956;5542;5885;88;353837056;51348220;74931428
1527464436056;5552;5896;88;353837056;51349935;74933359
1527464436156;5562;5909;88;353837056;51351652;74935292
1527464436256;5572;5918;88;353837056;51353362;74937218
1527464436356;5582;5930;88;353837056;51355071;74939143
1527464436456;5592;5939;88;353837056;51356779;74941067
1527464436556;5602;5948;88;353837056;51358487;74942991
1527464436656;5612;5959;88;353837056;51361057;74945885
1527464436756;5622;5969;88;353837056;51362774;74947818
1527464436856;5632;5980;88;353837056;51363631;74948783
1527464436956;5642;5989;89;353837056;51365340;74950708
1527464437056;5652;6002;89;353837056;51367050;74952634
1527464437156;5662;6014;90;353837056;51368760;74954560
1527464437256;5672;6023;90;353837056;51370474;74956490
1527464437356;5682;6034;90;353837056;51372184;74958416
1527464437456;5692;6046;90;353837056;51373896;74960344
1527464437556;5702;6056;90;353837056;51375607;74962271
1527464437656;5712;6071;90;353837056;51376463;74963235
1527464437756;5722;6081;90;353837056;51378278;74966073
1527464437856;5732;6093;91;353837056;51379886;74967090
1527464437956;5742;6103;91;353837056;51381597;74969017
1527464438056;5752;6116;91;353837056;51383310;74970946
1527464438156;5762;6126;91;353837056;51385021;74972873
1527464438256;5772;6135;92;353837056;51386729;74974797
1527464438356;5782;6148;92;353837056;51388442;74976726
1527464438456;5792;6164;92;353837056;51390152;74978652
1527464438556;5802;6175;93;353837056;51391866;74980582
1527464438656;5812;6187;93;353837056;51393577;74982509
1527464438756;5822;6198;93;353837056;51395288;74984436
1527464438856;5832;6209;93;353837056;51397001;74986365
1527464438956;5842;6221;93;353837056;51398711;74988291
1527464439056;5852;6234;93;353837056;51400422;74990218
1527464439156;5862;6244;93;353837056;51402134;74992146
1527464439256;5872;6256;93;353837056;51403095;74994023
1527464439356;5882;6269;93;353837056;51404701;74995037
1527464439456;5892;6280;93;353837056;51406462;74997014
1527464439556;5902;6292;93;353837056;51408175;74998943
1527464439656;5912;6303;93;353837056;51409887;75000871
1527464439756;5922;6313;93;353837056;51411838;75002963
1527464439856;5932;6325;93;353837056;51413550;75004891
1527464439956;5942;6334;93;353837056;51415263;75006820
1527464440056;5952;6350;93;353837056;51416972;75008745
1527464440156;5962;6361;93;353837056;51418682;75010671
1527464440256;5972;6370;94;353837056;51420396;75012601
1527464440356;5982;6382;94;353837056;51422107;75014528
1527464440456;5992;6392;94;353837056;51423816;75016453
1527464440556;6002;6404;94;353837056;51425527;75018380
1527464440656;6012;6416;94;353837056;51427240;75020309
1527464440756;6022;6428;94;353837056;51428951;75022236
1527464440856;6032;6442;94;353837056;51430662;75024163
1527464440956;6042;6453;94;353837056;51432372;75026089
1527464441056;6052;6467;94;353837056;51434084;75028017
1527464441156;6062;6477;94;353837056;51435798;75029947
1527464441256;6072;6488;95;353837056;51437511;75031876
1527464441356;6082;6499;95;353837056;51438470;75033747
1527464441456;6092;6508;96;353837056;51440932;75035729
1527464441556;6102;6522;97;353837056;51441786;75036691
1527464441656;6112;6533;98;353837056;51443501;75038622
1527464441756;6122;6546;98;353837056;51445212;75040549
1527464441856;6132;6557;98;353837056;51446919;75042472
1527464441956;6142;6567;98;353837056;51448626;75044395
1527464442056;6152;6579;98;353837056;51450335;75046320
1527464442156;6162;6590;98;353837056;51452045;75048246
1527464442256;6172;6600;99;353837056;51453755;75050172
1527464442356;6182;6613;99;353837056;51455468;75052101
1527464442456;6192;6625;99;353837056;51457197;75054046
1527464442556;6202;6633;100;353837056;51458925;75055990
1527464442656;6212;6644;100;353837056;51460650;75057931
1527464442756;6222;6655;101;353837056;51462376;75059873
1527464442856;6232;6668;101;353837056;51464102;75061815
1527464442956;6242;6680;101;353837056;51465824;75063753
1527464443056;6252;6691;101;353837056;51467547;75065692
1527464443156;6262;6702;101;353837056;51469266;75067627
1527464443256;6272;6712;101;353837056;51470984;75069561
1527464443356;6282;6723;101;353837056;51472707;75071500
1527464443456;6292;6733;101;353837056;51474430;75073439
1527464443556;6302;6744;101;353837056;51476151;75075376
1527464443656;6312;6756;101;353837056;51477873;75077314
1527464443756;6322;6767;101;353837056;51479593;75079250
1527464443856;6332;6777;101;353837056;51481315;75081188
1527464443956;6342;6791;102;353837056;51483143;75084044
1527464444056;6352;6801;102;353837056;51484862;75085980
1527464444156;6362;6811;102;353837056;51486584;75087917
1527464444256;6372;6821;102;353837056;51489063;75089908
1527464444356;6382;6832;102;353837056;51490786;75091847
1527464444456;6392;6841;102;353837056;51492562;75093839
1527464444556;6402;6853;102;353837056;51494281;75095774
1527464444656;6412;6863;102;353837056;51496002;75097711
1527464444756;6422;6872;102;353837056;51497961;75099811
1527464444856;6432;6883;102;353837056;51500121;75101749
1527464444956;6442;6893;102;353837056;51501843;75103687
1527464445056;6452;6903;102;353837056;51503601;75105615
1527464445156;6462;6916;102;353837056;51505315;75107545
1527464445256;6472;6927;102;353837056;51507027;75109473
1527464445356;6482;6938;102;353837056;51508739;75111401
1527464445456;6492;6951;102;353837056;51510451;75113329
1527464445556;6502;6967;102;353837056;51512163;75115257
1527464445656;6512;6978;102;353837056;51513926;75117190
1527464445756;6522;6987;102;353837056;51515640;75119120
1527464445856;6532;6997;102;353837056;51517354;75121050
1527464445956;6542;7008;102;353837056;51519067;75122979
1527464446056;6552;7018;102;353837056;51521639;75125875
1527464446156;6562;7028;102;353837056;51523348;75127800
1527464446256;6572;7038;102;353837056;51525065;75129733
1527464446356;6582;7048;103;353837056;51526779;75131663
1527464446456;6592;7058;103;353837056;51528492;75133592
1527464446556;6602;7068;103;353837056;51530205;75135521
1527464446656;6612;7081;103;353837056;51531918;75137450
1527464446756;6622;7091;104;353837056;51533634;75139382
1527464446856;6632;7102;104;353837056;51535345;75141309
1527464446956;6642;7115;104;353837056;51537058;75143238
1527464447056;6652;7127;104;353837056;51538771;75145167
1527464447156;6662;7137;104;353837056;51540485;75147097
1527464447256;6672;7148;104;353837056;51542196;75149024
1527464447356;6682;7160;104;353837056;51543908;75150952
1527464447456;6692;7171;104;353837056;51545622;75152882
1527464447556;6702;7182;104;353837056;51548192;75155776
1527464447656;6712;7193;104;353837056;51549907;75157707
1527464447756;6722;7204;104;353837056;51551620;75159636
1527464447856;6732;7216;104;353837056;51553335;75161567
1527464447956;6742;7226;104;353837056;51555049;75163497
1527464448056;6752;7236;104;353837056;51556762;75165426
1527464448156;6762;7246;104;353837056;51558474;75167354
1527464448256;6772;7258;104;353837056;51560188;75169284
1527464448356;6782;7268;104;353837056;51561903;75171215
1527464448456;6792;7279;104;353837056;51563617;75173145
1527464448556;6802;7290;104;353837056;51565333;75175077
1527464448656;6812;7300;104;353837056;51567044;75177004
1527464448756;6822;7309;104;353837056;51569616;75179900
1527464448856;6832;7320;104;353837056;51571329;75181829
1527464448956;6842;7331;104;353837056;51573042;75183758
1527464449056;6852;7342;104;353837056;51574757;75185689
1527464449156;6862;7351;105;353837056;51576470;75187618
1527464449256;6872;7361;106;353837056;51578238;75189602
1527464449356;6882;7369;107;353837056;51579954;75191534
1527464449456;6892;7382;107;353837056;51581668;75193464
1527464449556;6902;7394;107;353837056;51583506;75195395
1527464449656;6912;7407;107;353837056;51585334;75197435
1527464449756;6922;7417;107;353837056;51587049;75199366
1527464449856;6932;7427;107;353837056;51588865;75202206
1527464449956;6942;7438;107;353837056;51590576;75204133
1527464450056;6952;7447;107;353837056;51593042;75206115
1527464450156;6962;7458;107;353837056;51594757;75208046
1527464450256;6972;7469;107;353837056;51596469;75209974
1527464450356;6982;7478;107;353837056;51598182;75211903
1527464450456;6992;7489;107;353837056;51599896;75213833
1527464450556;7002;7498;107;353837056;51601610;75215763
1527464450656;7012;7509;107;353837056;51603321;75217690
1527464450756;7022;7518;107;353837056;51605141;75220532
1527464450856;7032;7531;107;353837056;51607604;75222513
1527464450956;7042;7546;107;353837056;51608564;75224390
1527464451056;7052;7557;107;353837056;51611030;75226371
1527464451156;7062;7568;107;353837056;51612743;75228300
1527464451256;7072;7578;107;353837056;51614454;75230227
1527464451356;7082;7588;107;353837056;51616165;75232154
1527464451456;7092;7597;108;353837056;51617878;75234083
1527464451556;7102;7607;108;353837056;51619591;75236012
1527464451656;7112;7620;108;353837056;51621303;75237940
1527464451756;7122;7630;108;353837056;51623019;75239872
1527464451856;7132;7641;108;353837056;51624733;75241802
1527464451956;7142;7652;108;353837056;51626445;75243730
1527464452056;7152;7664;108;353837056;51628159;75245660
1527464452156;7162;7674;108;353837056;51629873;75247590
1527464452256;7172;7688;108;353837056;51631692;75250434
1527464452356;7182;7699;108;353837056;51633302;75251451
1527464452456;7192;7709;108;353837056;51635120;75254291
1527464452556;7202;7719;108;353837056;51637583;75256272
1527464452656;7212;7730;108;353837056;51639295;75258200
1527464452756;7222;7739;109;353837056;51641007;75260128
1527464452856;7232;7748;109;353837056;51642718;75262055
1527464452956;7242;7758;109;353837056;51644429;75263982
1527464453056;7252;7768;109;353837056;51647000;75266877
1527464453156;7262;7777;109;353837056;51648714;75268807
1527464453256;7272;7787;109;353837056;51650428;75270737
1527464453356;7282;7798;109;353837056;51652142;75272667
1527464453456;7292;7810;109;353837056;51653853;75274594
1527464453556;7302;7821;109;353837056;51655564;75276521
1527464453656;7312;7829;110;353837056;51657274;75278447
1527464453756;7322;7841;110;353837056;51658989;75280378
1527464453857;7332;7850;111;353837056;51661557;75283270
1527464453958;7342;7860;111;353837056;51663271;75285200
1527464454059;7352;7872;111;353837056;51665033;75287178
1527464454160;7362;7884;111;353837056;51666747;75289108
1527464454260;7372;7894;111;353837056;51668457;75291034
1527464454360;7382;7904;111;353837056;51670410;75293076
1527464454460;7392;7914;111;353837056;51672122;75295004
1527464454560;7402;7925;111;353837056;51674692;75297898
1527464454660;7412;7937;111;353837056;51676407;75299829
1527464454760;7422;7947;111;353837056;51678122;75301760
1527464454860;7432;7958;111;353837056;51679835;75303689
1527464454960;7442;7968;111;353837056;51681549;75305619
1527464455060;7452;7979;111;353837056;51683265;75307551
1527464455160;7462;7988;111;353837056;51684978;75309480
1527464455260;7472;7998;111;353837056;51687549;75312375
1527464455360;7482;8012;112;353837056;51689263;75314305
1527464455460;7492;8022;112;353837056;51690975;75316233
1527464455560;7502;8031;112;353837056;51692691;75318165
1527464455660;7512;8041;113;353837056;51694403;75320093
1527464455760;7522;8050;114;353837056;51696112;75322018
1527464455860;7532;8063;114;353837056;51697827;75323949
1527464455960;7542;8072;114;353837056;51699542;75325880
1527464456060;7552;8082;114;353837056;51702109;75328771
1527464456160;7562;8093;114;353837056;51703821;75330699
1527464456260;7572;8105;114;353837056;51705534;75332628
1527464456360;7582;8115;114;353837056;51707245;75334555
1527464456460;7592;8125;115;353837056;51708959;75336485
1527464456560;7602;8139;116;353837056;51710671;75338413
1527464456660;7612;8149;116;353837056;51712385;75340343
1527464456760;7622;8158;116;353837056;51714098;75342272
1527464456860;7632;8169;116;353837056;51715811;75344201
1527464456960;7642;8179;116;353837056;51717523;75346129
1527464457060;7652;8189;116;353837056;51719341;75348973
1527464457161;7662;8200;116;353837056;51721809;75350955
1527464457262;7672;8210;116;353837056;51723522;75352884
1527464457362;7682;8222;116;353837056;51725237;75354815
1527464457462;7692;8231;116;353837056;51726951;75356745
1527464457562;7702;8242;116;353837056;51728663;75358673
1527464457662;7712;8251;116;353837056;51730377;75360603
1527464457762;7722;8262;116;353837056;51732090;75362532
1527464457862;7732;8272;116;353837056;51733804;75364462
1527464457962;7742;8284;116;353837056;51736376;75367358
1527464458062;7752;8294;116;353837056;51738089;75369287
1527464458162;7762;8305;116;353837056;51739802;75371216
1527464458262;7772;8315;117;353837056;51741515;75373145
1527464458362;7782;8325;117;353837056;51743229;75375075
1527464458462;7792;8334;118;353837056;51744943;75377005
1527464458562;7802;8345;118;353837056;51746658;75378936
1527464458662;7812;8354;118;353837056;51748370;75380864
1527464458762;7822;8364;118;353837056;51750243;75383760
1527464458862;7832;8375;118;353837056;51752707;75385741
1527464458962;7842;8384;118;353837056;51754419;75387669
1527464459062;7852;8393;118;353837056;51756371;75389762
1527464459162;7862;8402;118;353837056;51758084;75391691
1527464459262;7872;8412;118;353837056;51759796;75393619
1527464459362;7882;8423;119;353837056;51761511;75395550
1527464459462;7892;8434;120;353837056;51763228;75397483
1527464459563;7902;8443;122;353837056;51764942;75399413
1527464459664;7912;8458;122;353837056;51766654;75401341
1527464459765;7922;8469;122;353837056;51768366;75403269
1527464459865;7932;8479;122;353837056;51770130;75405199
1527464459966;7942;8489;122;353837056;51771841;75407126
1527464460067;7953;8500;123;353837056;51773599;75409054
1527464460167;7963;8510;123;353837056;51776172;75411951
1527464460267;7973;8524;123;353837056;51777029;75412916
1527464460367;7983;8535;123;353837056;51778788;75414845
1527464460467;7993;8547;123;353837056;51780499;75416772
1527464460567;8003;8558;123;353837056;51782213;75418702
1527464460667;8013;8569;123;353837056;51783923;75420628
1527464460767;8023;8579;123;353837056;51785637;75422558
1527464460868;8033;8587;124;353837056;51787352;75424489
1527464460968;8043;8597;124;353837056;51789063;75426416
1527464461068;8053;8607;124;353837056;51791631;75429308
1527464461168;8063;8615;125;353837056;51793345;75431238
1527464461269;8073;8626;126;353837056;51795055;75433164
1527464461369;8083;8641;126;353837056;51795912;75434129
1527464461469;8093;8651;126;353837056;51798480;75437021
1527464461569;8103;8661;126;353837056;51800194;75438951
1527464461669;8113;8673;126;353837056;51801904;75440877
1527464461769;8123;8686;126;353837056;51802760;75442204
1527464461869;8133;8698;126;353837056;51804471;75443768
1527464461969;8143;8709;126;353837056;51806289;75446611
1527464462069;8153;8720;126;353837056;51808001;75448538
1527464462169;8163;8732;126;353837056;51809714;75450467
1527464462269;8173;8744;126;353837056;51811427;75452398
1527464462369;8183;8755;126;353837056;51813895;75454380
1527464462469;8193;8766;126;353837056;51815609;75456310
1527464462569;8203;8777;126;353837056;51817320;75458237
1527464462669;8213;8789;126;353837056;51819035;75460168
1527464462769;8223;8799;126;353837056;51820750;75462099
1527464462869;8233;8809;126;353837056;51822461;75464026
1527464462969;8243;8818;126;353837056;51824172;75465953
1527464463069;8253;8829;126;353837056;51825884;75467881
1527464463169;8263;8841;126;353837056;51827601;75469814
1527464463270;8273;8851;126;353837056;51829420;75472656
1527464463371;8283;8863;126;353837056;51831882;75474635
1527464463472;8293;8875;126;353837056;51833595;75476564
1527464463572;8303;8887;126;353837056;51835310;75478495
1527464463673;8313;8898;127;353837056;51837075;75480476
1527464463774;8323;8908;127;353837056;51838789;75482406
1527464463875;8333;8920;128;353837056;51840503;75484336
1527464463975;8343;8935;128;353837056;51842458;75486432
1527464464075;8353;8947;128;353837056;51844170;75488360
1527464464175;8363;8958;128;353837056;51845881;75490287
1527464464275;8373;8970;128;353837056;51847593;75492215
1527464464375;8383;8981;128;353837056;51849305;75494143
1527464464475;8393;8992;128;353837056;51851017;75496071
1527464464576;8403;9001;128;353837056;51852732;75498002
1527464464676;8413;9013;128;353837056;51854448;75499934
1527464464776;8423;9023;128;353837056;51856159;75501861
1527464464876;8433;9034;128;353837056;51857872;75503790
1527464464976;8443;9044;129;353837056;51859582;75505716
1527464465076;8454;9058;129;353837056;51861295;75507645
1527464465176;8464;9068;129;353837056;51863006;75509572
1527464465276;8474;9076;131;353837056;51864822;75512413
1527464465376;8484;9087;131;353837056;51866431;75514342
1527464465476;8494;9097;131;353837056;51869000;75516322
1527464465576;8504;9108;131;353837056;51870714;75518252
1527464465676;8514;9119;131;353837056;51872426;75520180
1527464465776;8524;9131;131;353837056;51874139;75522109
1527464465876;8534;9142;131;353837056;51875853;75524039
1527464465976;8544;9152;132;353837056;51877565;75525967
1527464466076;8554;9163;132;353837056;51879279;75527897
1527464466176;8564;9174;132;353837056;51880994;75529828
1527464466276;8574;9186;132;353837056;51882707;75531757
1527464466376;8584;9197;132;353837056;51884419;75533685
1527464466476;8594;9209;132;353837056;51886131;75535613
1527464466576;8604;9221;132;353837056;51887845;75537543
1527464466676;8614;9234;132;353837056;51889558;75539472
1527464466776;8624;9245;132;353837056;51891274;75541404
1527464466876;8634;9255;132;353837056;51892987;75543333
1527464466976;8644;9265;132;353837056;51894700;75545262
1527464467076;8654;9276;132;353837056;51896411;75547189
1527464467176;8664;9287;132;353837056;51898127;75549121
1527464467276;8674;9297;132;353837056;51899840;75551050
1527464467376;8684;9309;132;353837056;51901554;75552980
1527464467476;8694;9320;132;353837056;51903266;75554908
1527464467576;8704;9331;132;353837056;51904979;75556837
1527464467676;8714;9341;132;353837056;51906693;75558767
1527464467776;8724;9353;132;353837056;51908407;75560697
1527464467876;8734;9363;132;353837056;51910123;75562629
1527464467976;8744;9374;132;353837056;51912687;75565517
1527464468076;8754;9385;132;353837056;51913647;75567391
1527464468177;8764;9395;132;353837056;51915359;75569323
1527464468277;8774;9405;133;353837056;51917840;75571318
1527464468377;8784;9414;134;353837056;51919569;75573263
1527464468478;8794;9426;135;353837056;51921296;75575206
1527464468579;8804;9439;135;353837056;51923073;75577199
1527464468680;8814;9449;135;353837056;51924801;75579143
1527464468781;8824;9460;135;353837056;51926527;75581085
1527464468882;8834;9470;135;353837056;51928490;75583189
1527464468983;8844;9480;135;353837056;51930218;75585133
1527464469084;8854;9490;135;353837056;51931943;75587074
1527464469185;8864;9500;135;353837056;51933666;75589013
1527464469286;8874;9510;135;353837056;51935386;75590949
1527464469386;8884;9521;135;353837056;51937111;75592890
1527464469486;8894;9530;135;353837056;51938833;75594828
1527464469586;8904;9541;135;353837056;51940555;75596766
1527464469686;8914;9552;135;353837056;51942381;75599620
1527464469786;8925;9562;135;353837056;51944001;75601007
1527464469886;8935;9572;135;353837056;51946588;75603555
1527464469986;8945;9582;135;353837056;51948310;75605493
1527464470086;8955;9591;136;353837056;51950031;75607430
1527464470186;8965;9602;136;353837056;51951754;75609369
1527464470286;8975;9616;136;353837056;51953476;75611307
1527464470386;8985;9627;136;353837056;51955197;75613244
1527464470486;8995;9638;136;353837056;51956917;75615180
1527464470586;9005;9648;136;353837056;51958643;75617122
1527464470686;9015;9657;137;353837056;51960366;75619061
1527464470786;9025;9668;137;353837056;51962088;75620999
1527464470886;9035;9678;137;353837056;51963814;75622941
1527464470986;9045;9688;137;353837056;51965538;75624881
1527464471086;9055;9699;137;353837056;51967258;75626817
1527464471186;9065;9711;137;353837056;51968983;75628758
1527464471286;9075;9721;137;353837056;51970708;75630699
1527464471386;9085;9730;138;353837056;51972429;75632636
1527464471486;9095;9741;138;353837056;51974152;75634575
1527464471586;9105;9751;138;353837056;51976736;75637483
1527464471686;9115;9760;138;353837056;51978462;75639425
1527464471786;9125;9771;138;353837056;51980184;75641363
1527464471886;9135;9785;138;353837056;51981908;75643303
1527464471986;9145;9795;138;353837056;51983628;75645239
1527464472086;9155;9807;138;353837056;51985352;75647179
1527464472186;9165;9819;138;353837056;51987074;75649117
1527464472286;9175;9829;138;353837056;51988793;75651052
1527464472386;9185;9839;138;353837056;51990514;75652989
1527464472486;9195;9849;138;353837056;51992239;75654930
1527464472586;9205;9859;138;353837056;51993961;75656868
1527464472686;9215;9870;138;353837056;51995685;75658808
1527464472786;9225;9879;139;353837056;51998273;75661720
1527464472886;9235;9889;139;353837056;52000001;75663664
1527464472986;9245;9899;139;353837056;52001726;75665605
1527464473086;9255;9909;140;353837056;52003446;75667541
1527464473186;9265;9919;140;353837056;52005168;75669479
1527464473286;9275;9928;141;353837056;52006892;75671419
1527464473386;9285;9941;141;353837056;52008665;75673408
1527464473486;9295;9950;141;353837056;52010386;75675345
1527464473586;9305;9961;141;353837056;52012107;75677282
1527464473686;9315;9971;142;353837056;52013940;75679260
1527464473786;9325;9984;142;353837056;52015768;75681300
1527464473886;9335;9994;142;353837056;52017480;75683228
1527464473986;9345;10005;142;353837056;52019191;75685155
1527464474086;9355;10015;142;353837056;52020900;75687080
1527464474186;9365;10025;142;353837056;52022612;75689008
1527464474286;9375;10035;143;353837056;52024324;75690936
1527464474386;9385;10045;143;353837056;52026036;75692864
1527464474486;9395;10055;143;353837056;52027747;75694791
1527464474586;9405;10065;143;353837056;52029456;75696716
1527464474686;9415;10075;143;353837056;52031270;75699552
1527464474786;9425;10087;144;353837056;52032877;75700569
1527464474886;9435;10101;144;353837056;52035070;75702494
1527464474986;9445;10112;144;353837056;52036786;75704426
1527464475086;9455;10122;144;353837056;52038498;75706717
1527464475186;9465;10131;144;353837056;52040207;75708279
1527464475286;9475;10141;144;353837056;52042775;75711171
1527464475386;9485;10152;144;353837056;52044484;75713096
1527464475486;9495;10162;144;353837056;52046194;75715022
1527464475586;9505;10172;144;353837056;52047906;75716950
1527464475686;9515;10181;144;353837056;52049661;75718875
1527464475786;9525;10191;144;353837056;52051374;75720804
1527464475886;9535;10202;144;353837056;52053089;75722735
1527464475986;9545;10211;145;353837056;52054802;75724664
1527464476086;9555;10221;145;353837056;52056513;75726591
1527464476186;9565;10232;145;353837056;52058225;75728519
1527464476286;9575;10243;145;353837056;52059932;75730442
1527464476386;9585;10255;145;353837056;52061645;75732371
1527464476486;9595;10268;145;353837056;52063354;75734296
1527464476586;9605;10278;146;353837056;52065070;75736228
1527464476686;9615;10288;146;353837056;52066782;75738156
1527464476786;9625;10298;146;353837056;52068494;75740084
1527464476886;9635;10309;146;353837056;52070206;75742012
1527464476986;9645;10319;146;353837056;52071921;75743943
1527464477087;9655;10331;146;353837056;52073632;75745870
1527464477188;9665;10341;146;353837056;52075343;75747797
1527464477289;9675;10353;146;353837056;52077052;75749722
1527464477390;9685;10363;146;353837056;52078866;75752557
1527464477491;9695;10373;146;353837056;52081327;75754537
1527464477592;9705;10384;146;353837056;52083039;75756465
1527464477693;9715;10395;146;353837056;52084753;75758395
1527464477794;9725;10406;146;353837056;52086464;75760322
1527464477894;9735;10417;146;353837056;52088173;75762247
1527464477994;9745;10427;146;353837056;52089886;75764176
1527464478095;9755;10436;146;353837056;52091601;75766107
1527464478196;9765;10445;146;353837056;52093315;75768037
1527464478297;9776;10457;146;353837056;52095075;75770013
1527464478398;9786;10467;146;353837056;52096784;75771938
1527464478499;9796;10478;146;353837056;52098498;75773868
1527464478599;9806;10489;146;353837056;52100449;75776871
1527464478700;9816;10497;147;353837056;52102264;75778794
1527464478801;9826;10507;148;353837056;52103971;75780724
1527464478902;9836;10517;148;353837056;52106437;75782704
1527464479002;9846;10528;149;353837056;52108145;75784628
1527464479102;9856;10538;150;353837056;52109857;75786556
1527464479202;9866;10551;150;353837056;52111571;75788486
1527464479302;9876;10561;150;353837056;52113282;75790413
1527464479402;9886;10571;150;353837056;52114993;75792340
1527464479502;9896;10581;150;353837056;52116707;75794270
1527464479602;9906;10591;150;353837056;52118420;75796199
1527464479702;9916;10601;150;353837056;52120133;75798128
1527464479802;9926;10612;150;353837056;52121844;75800055
1527464479902;9936;10624;150;353837056;52123555;75801982
1527464480002;9946;10632;152;353837056;52125268;75803911
1527464480102;9956;10642;152;353837056;52126979;75805838
1527464480202;9966;10651;153;353837056;52128690;75807765
1527464480302;9976;10665;153;353837056;52130403;75809694
1527464480402;9986;10676;153;353837056;52132115;75811622
1527464480502;9996;10690;153;353837056;52134686;75814517
1527464480602;10006;10700;153;353837056;52136398;75816445
1527464480702;10016;10713;153;353837056;52138112;75818375
1527464480802;10026;10723;153;353837056;52139826;75820305
1527464480902;10036;10733;153;353837056;52141537;75822232
1527464481002;10046;10742;154;353837056;52143251;75824162
1527464481102;10056;10753;155;353837056;52144962;75826089
1527464481202;10066;10764;155;353837056;52146676;75828019
1527464481302;10076;10777;155;353837056;52148387;75829946
1527464481402;10086;10786;155;353837056;52150100;75831875
1527464481502;10096;10796;156;353837056;52151810;75833801
1527464481603;10106;10806;156;353837056;52153523;75835730
1527464481704;10116;10817;156;353837056;52155234;75838020
1527464481805;10126;10826;156;353837056;52156944;75839583
1527464481906;10136;10837;156;353837056;52159517;75842480
1527464482006;10146;10852;156;353837056;52160371;75843442
1527464482106;10156;10864;156;353837056;52162085;75845372
1527464482206;10166;10875;156;353837056;52163797;75847300
1527464482306;10177;10885;156;353837056;52165511;75849230
1527464482406;10187;10894;156;353837056;52167223;75851158
1527464482506;10197;10905;156;353837056;52168936;75853087
1527464482606;10207;10915;156;353837056;52170649;75855016
1527464482706;10217;10925;157;353837056;52172362;75856945
1527464482806;10227;10939;157;353837056;52174073;75858872
1527464482906;10237;10949;157;353837056;52175787;75860802
1527464483006;10247;10961;157;353837056;52176639;75861762
1527464483106;10257;10972;157;353837056;52178349;75863688
1527464483206;10267;10981;158;353837056;52180061;75866529
1527464483306;10277;10991;158;353837056;52181826;75868507
1527464483406;10287;11002;158;353837056;52183538;75869525
1527464483506;10297;11012;158;353837056;52186231;75872471
1527464483606;10307;11026;158;353837056;52187205;75873549
1527464483706;10317;11037;158;353837056;52188914;75875474
1527464483806;10327;11049;158;353837056;52190627;75877403
1527464483906;10337;11063;158;353837056;52192340;75879332
1527464484006;10347;11074;158;353837056;52194052;75881260
1527464484106;10357;11083;159;353837056;52195764;75883188
1527464484206;10366;11093;159;353837056;52197476;75885116
1527464484306;10376;11106;159;353837056;52199187;75887043
1527464484406;10386;11120;159;353837056;52200898;75888970
1527464484506;10397;11131;159;353837056;52202609;75890897
1527464484606;10407;11141;161;353837056;52204322;75892826
1527464484706;10417;11152;162;353837056;52206035;75894755
1527464484806;10427;11163;162;353837056;52207748;75896684
1527464484906;10437;11176;162;353837056;52209462;75898614
1527464485006;10447;11186;162;353837056;52211175;75900543
1527464485106;10457;11198;162;353837056;52212888;75902472
1527464485206;10467;11208;162;353837056;52214601;75904401
1527464485306;10477;11219;162;353837056;52216316;75906332
1527464485406;10487;11229;162;353837056;52218030;75908262
1527464485506;10497;11239;162;353837056;52219743;75910191
1527464485606;10507;11250;162;353837056;52221456;75912120
1527464485706;10517;11260;162;353837056;52223168;75914048
1527464485806;10527;11270;162;353837056;52224883;75915979
1527464485906;10537;11281;162;353837056;52226596;75917908
1527464486006;10547;11293;163;353837056;52228308;75919836
1527464486106;10557;11303;163;353837056;52230018;75921762
1527464486206;10567;11313;163;353837056;52231733;75923693
1527464486306;10577;11323;163;353837056;52233444;75925620
1527464486406;10587;11334;163;353837056;52235157;75927549
1527464486506;10597;11345;163;353837056;52236871;75929479
1527464486606;10607;11356;163;353837056;52238583;75931407
1527464486706;10617;11368;163;353837056;52240295;75933335
1527464486806;10627;11379;163;353837056;52242010;75935266
1527464486906;10637;11390;163;353837056;52243721;75937193
1527464487006;10647;11402;163;353837056;52245433;75939121
1527464487106;10657;11413;163;353837056;52247145;75941049
1527464487206;10667;11425;163;353837056;52248862;75942982
1527464487306;10677;11436;163;353837056;52250720;75944911
1527464487406;10687;11447;163;353837056;52252431;75946838
1527464487506;10697;11458;163;353837056;52254143;75948766
1527464487606;10707;11468;164;353837056;52255903;75950692
1527464487706;10717;11478;164;353837056;52257614;75952619
1527464487806;10727;11489;164;353837056;52259430;75955459
1527464487906;10737;11500;164;353837056;52261037;75956837
1527464488006;10747;11510;164;353837056;52262854;75959317
1527464488106;10757;11523;164;353837056;52264464;75960333
1527464488206;10767;11533;164;353837056;52266281;75963173
1527464488306;10777;11545;164;353837056;52268152;75964242
1527464488406;10787;11555;164;353837056;52269864;75966170
1527464488506;10797;11566;164;353837056;52271579;75968101
1527464488606;10807;11578;164;353837056;52273528;75970191
1527464488706;10817;11591;164;353837056;52275241;75972120
1527464488806;10827;11601;164;353837056;52276951;75974046
1527464488906;10837;11613;164;353837056;52278664;75975975
1527464489006;10847;11626;164;353837056;52280378;75977905
1527464489106;10857;11636;164;353837056;52282094;75979837
1527464489206;10867;11646;165;353837056;52283807;75981766
1527464489306;10877;11659;165;353837056;52285518;75983693
1527464489406;10887;11671;165;353837056;52287230;75985621
1527464489506;10897;11680;165;353837056;52288940;75987547
1527464489606;10907;11692;165;353837056;52290655;75989478
1527464489706;10917;11704;165;353837056;52292370;75991409
1527464489806;10927;11719;165;353837056;52294082;75993337
1527464489906;10937;11730;165;353837056;52295841;75995262
1527464490006;10947;11743;165;353837056;52297600;75997191
1527464490106;10957;11756;165;353837056;52299360;75999121
1527464490206;10967;11767;165;353837056;52301073;76001050
1527464490306;10977;11777;166;353837056;52302785;76002978
1527464490406;10987;11787;166;353837056;52304496;76004905
1527464490506;10997;11798;166;353837056;52306207;76006832
1527464490606;11007;11808;166;353837056;52307919;76008760
1527464490706;11017;11819;166;353837056;52309629;76010686
1527464490806;11027;11829;166;353837056;52311345;76012618
1527464490906;11037;11842;166;353837056;52313058;76014547
1527464491006;11047;11852;166;353837056;52314771;76016476
1527464491106;11057;11862;167;353837056;52316484;76018405
1527464491206;11067;11871;168;353837056;52318199;76020336
1527464491306;11077;11883;168;353837056;52319912;76022265
1527464491406;11087;11899;168;353837056;52321624;76024193
1527464491506;11097;11909;168;353837056;52323336;76026121
1527464491606;11107;11919;168;353837056;52325050;76028051
1527464491706;11117;11931;168;353837056;52326764;76029981
1527464491806;11127;11942;168;353837056;52328473;76031906
1527464491906;11137;11951;169;353837056;52330183;76033832
1527464492006;11147;11962;169;353837056;52331996;76036668
1527464492106;11157;11972;169;353837056;52334461;76038650
1527464492206;11167;11984;169;353837056;52336175;76040580
1527464492306;11177;11996;170;353837056;52337890;76042511
1527464492406;11187;12007;170;353837056;52339604;76044441
1527464492506;11197;12017;170;353837056;52341314;76046367
1527464492606;11207;12027;170;353837056;52343023;76048292
1527464492706;11217;12038;170;353837056;52344737;76050222
1527464492806;11227;12048;170;353837056;52346454;76052155
1527464492906;11237;12058;171;353837056;52348167;76054084
1527464493006;11247;12068;171;353837056;52349883;76056016
1527464493106;11257;12078;171;353837056;52351595;76057944
1527464493206;11267;12087;171;353837056;52353363;76059928
1527464493306;11277;12098;171;353837056;52355076;76061857
1527464493406;11287;12109;171;353837056;52356781;76063778
1527464493506;11297;12119;172;353837056;52358618;76065760
1527464493606;11307;12130;172;353837056;52360446;76067800
1527464493706;11317;12141;172;353837056;52362156;76069726
1527464493806;11327;12155;172;353837056;52363870;76071656
1527464493906;11337;12166;172;353837056;52365583;76073585
1527464494006;11347;12177;172;353837056;52367295;76075513
1527464494106;11357;12187;172;353837056;52369009;76077443
1527464494206;11367;12199;173;353837056;52370717;76079367
1527464494306;11377;12212;173;353837056;52372428;76081294
1527464494406;11387;12226;173;353837056;52374245;76084137
1527464494506;11397;12236;173;353837056;52375956;76086062
1527464494606;11407;12246;173;353837056;52378420;76088042
1527464494706;11417;12261;173;353837056;52380136;76089974
1527464494806;11427;12271;173;353837056;52381849;76091903
1527464494906;11437;12281;173;353837056;52383562;76093832
1527464495006;11447;12291;173;353837056;52385276;76095762
1527464495106;11457;12301;174;353837056;52386986;76097688
1527464495206;11467;12312;174;353837056;52388698;76099616
1527464495306;11477;12323;174;353837056;52390408;76101542
1527464495406;11487;12336;174;353837056;52392120;76103470
1527464495506;11497;12346;174;353837056;52393831;76105397
1527464495606;11507;12357;174;353837056;52395540;76107322
1527464495706;11517;12368;174;353837056;52397248;76109246
1527464495806;11527;12377;175;353837056;52398959;76111173
1527464495906;11537;12388;175;353837056;52400668;76113098
1527464496006;11547;12399;175;353837056;52402380;76115026
1527464496106;11557;12410;175;353837056;52404948;76117918
1527464496206;11567;12421;175;353837056;52406661;76119847
1527464496306;11577;12432;175;353837056;52408373;76121775
1527464496406;11587;12443;175;353837056;52410085;76123703
1527464496506;11597;12452;175;353837056;52411796;76125630
1527464496606;11607;12464;175;353837056;52413507;76127557
1527464496706;11617;12475;175;353837056;52415219;76129485
1527464496806;11627;12484;175;353837056;52416931;76131413
1527464496906;11637;12494;176;353837056;52418644;76133342
1527464497006;11647;12504;176;353837056;52420357;76135271
1527464497106;11657;12514;177;353837056;52422068;76137198
1527464497206;11667;12524;177;353837056;52423780;76139126
1527464497306;11677;12534;177;353837056;52425594;76141963
1527464497406;11687;12545;177;353837056;52428055;76143941
1527464497506;11697;12557;177;353837056;52429764;76145866
1527464497606;11707;12567;177;353837056;52431469;76147787
1527464497706;11717;12579;177;353837056;52433180;76149714
1527464497806;11727;12589;177;353837056;52434893;76151643
1527464497906;11737;12600;177;353837056;52436604;76153570
1527464498006;11747;12611;177;353837056;52438315;76155497
1527464498106;11757;12623;177;353837056;52440079;76157477
1527464498206;11767;12634;177;353837056;52441791;76159405
1527464498307;11777;12645;177;353837056;52443504;76161334
1527464498408;11787;12655;177;353837056;52445456;76163427
1527464498509;11797;12667;177;353837056;52447171;76165358
1527464498610;11807;12676;177;353837056;52448885;76167288
1527464498711;11817;12688;177;353837056;52450594;76169213
1527464498812;11827;12699;177;353837056;52452306;76171141
1527464498913;11837;12711;177;353837056;52454013;76173064
1527464499014;11847;12720;177;353837056;52455725;76174992
1527464499115;11857;12731;177;353837056;52457543;76177834
1527464499216;11867;12742;177;353837056;52459255;76179763
1527464499316;11877;12751;177;353837056;52461721;76181744
1527464499416;11887;12766;177;353837056;52463436;76183675
1527464499516;11898;12780;177;353837056;52465148;76185603
1527464499616;11908;12791;177;353837056;52466861;76187532
1527464499716;11918;12802;177;353837056;52468571;76189458
1527464499816;11928;12812;177;353837056;52470284;76191387
1527464499916;11938;12822;177;353837056;52471997;76193316
1527464500016;11948;12832;177;353837056;52473708;76195243
1527464500116;11958;12844;177;353837056;52475421;76197172
1527464500216;11968;12853;177;353837056;52477134;76199101
1527464500316;11978;12867;177;353837056;52478850;76201033
1527464500416;11988;12878;177;353837056;52480564;76202963
1527464500516;11998;12888;177;353837056;52482278;76204893
1527464500616;12008;12898;177;353837056;52483991;76206822
1527464500716;12018;12908;177;353837056;52485703;76208750
1527464500816;12028;12918;177;353837056;52488270;76211641
1527464500916;12038;12928;177;353837056;52489985;76213572
1527464501016;12048;12937;177;353837056;52491697;76215500
1527464501116;12058;12948;177;353837056;52493410;76217429
1527464501216;12068;12959;177;353837056;52495122;76219357
1527464501316;12078;12969;177;353837056;52496835;76221286
1527464501416;12088;12980;177;353837056;52498550;76223217
1527464501516;12098;12991;178;353837056;52500266;76225149
1527464501616;12108;13003;178;353837056;52501980;76227079
1527464501716;12118;13016;178;353837056;52503695;76229010
1527464501816;12128;13029;178;353837056;52505403;76230934
1527464501916;12138;13040;178;353837056;52507115;76232862
1527464502016;12148;13050;178;353837056;52508933;76235704
1527464502116;12158;13062;178;353837056;52510540;76237634
1527464502216;12168;13073;178;353837056;52513112;76239615
1527464502316;12178;13082;179;353837056;52514827;76241546
1527464502416;12188;13094;179;353837056;52516540;76243475
1527464502516;12198;13105;179;353837056;52518251;76245402
1527464502616;12208;13116;179;353837056;52519962;76247329
1527464502716;12218;13126;179;353837056;52521675;76249258
1527464502816;12228;13137;179;353837056;52523386;76251185
1527464502916;12238;13149;179;353837056;52525147;76253162
1527464503016;12248;13159;179;353837056;52526859;76255090
1527464503116;12258;13170;179;353837056;52528571;76257018
1527464503216;12268;13181;179;353837056;52530407;76258999
1527464503316;12278;13190;179;353837056;52532235;76261039
1527464503416;12288;13201;179;353837056;52533948;76262968
1527464503516;12298;13212;179;353837056;52535660;76264896
1527464503616;12308;13222;179;353837056;52537374;76266826
1527464503716;12318;13233;179;353837056;52539088;76268756
1527464503816;12328;13249;179;353837056;52540799;76270683
1527464503916;12338;13260;179;353837056;52542512;76272612
1527464504016;12348;13272;179;353837056;52544221;76274537
1527464504116;12358;13285;179;353837056;52545078;76275502
1527464504216;12368;13295;179;353837056;52546792;76277432
1527464504316;12378;13307;179;353837056;52548504;76279360
1527464504416;12388;13317;179;353837056;52550217;76281289
1527464504516;12398;13328;179;353837056;52551930;76283218
1527464504616;12408;13340;179;353837056;52553643;76285147
1527464504716;12418;13353;179;353837056;52555357;76287077
1527464504816;12428;13365;179;353837056;52557072;76289008
1527464504916;12438;13376;179;353837056;52559221;76290935
1527464505016;12448;13385;179;353837056;52561026;76292864
1527464505116;12458;13395;179;353837056;52562735;76294789
1527464505216;12468;13410;179;353837056;52564449;76296719
1527464505316;12478;13420;179;353837056;52566159;76298645
1527464505417;12488;13431;179;353837056;52567870;76300572
1527464505518;12498;13447;179;353837056;52569582;76302500
1527464505619;12508;13461;179;353837056;52571295;76304429
1527464505719;12518;13470;180;353837056;52573008;76306358
1527464505819;12528;13481;181;353837056;52575576;76309250
1527464505919;12538;13493;181;353837056;52576432;76310214
1527464506019;12548;13505;181;353837056;52578147;76312145
1527464506119;12558;13515;181;353837056;52579963;76314985
1527464506219;12568;13526;181;353837056;52581675;76316912
1527464506319;12578;13536;181;353837056;52584139;76318893
1527464506419;12588;13548;181;353837056;52585849;76320819
1527464506519;12598;13558;181;353837056;52587561;76322747
1527464506619;12608;13570;181;353837056;52589272;76324674
1527464506719;12618;13581;181;353837056;52590984;76326602
1527464506819;12628;13595;181;353837056;52592695;76328529
1527464506919;12638;13606;181;353837056;52594409;76330459
1527464507019;12648;13616;181;353837056;52596122;76332388
1527464507119;12658;13627;181;353837056;52597832;76334314
1527464507219;12668;13637;182;353837056;52599544;76336242
1527464507319;12678;13648;182;353837056;52601259;76338173
1527464507419;12688;13659;182;353837056;52602973;76340103
1527464507519;12698;13671;182;353837056;52604689;76342035
1527464507619;12708;13681;183;353837056;52606400;76343962
1527464507719;12718;13692;183;353837056;52608114;76345892
1527464507819;12728;13703;183;353837056;52609829;76347823
1527464507919;12738;13713;183;353837056;52612451;76350769
1527464508019;12748;13724;184;353837056;52614163;76352697
1527464508119;12758;13734;184;353837056;52615877;76354627
1527464508219;12768;13747;184;353837056;52617830;76356721
1527464508319;12778;13757;184;353837056;52619543;76358650
1527464508419;12788;13768;185;353837056;52621260;76360583
1527464508519;12798;13777;185;353837056;52622972;76362511
1527464508619;12808;13789;185;353837056;52624682;76364437
1527464508719;12818;13800;185;353837056;52626396;76366367
1527464508819;12828;13811;185;353837056;52628108;76368295
1527464508919;12838;13821;186;353837056;52629924;76371137
1527464509019;12848;13831;186;353837056;52632390;76373117
1527464509119;12858;13840;187;353837056;52634100;76375043
