currentTs;total_time;user_time;sys_time;virtual_size;in_octets;out_octets
1527463647465;0;0;0;12820480;46951609;68354187
1527463647565;10;8;2;300900352;46951609;68354187
1527463647665;20;18;2;306909184;46951609;68354187
1527463647765;30;27;3;306909184;46951609;68354187
1527463647865;40;37;4;311758848;46951609;68354187
1527463647965;50;49;4;313946112;46951609;68354187
1527463648065;60;61;4;313946112;46951609;68354187
1527463648165;70;75;4;313946112;46951609;68354187
1527463648265;80;85;4;313946112;46951609;68354187
1527463648365;90;95;4;313946112;46951609;68354187
1527463648465;100;105;4;313946112;46951609;68354187
1527463648565;110;121;4;314019840;46951609;68354187
1527463648665;120;129;6;314019840;46951713;68354795
1527463648765;130;139;7;314019840;46951713;68354795
1527463648865;140;150;7;314019840;46951713;68354795
1527463648965;150;164;7;314019840;46951713;68354795
1527463649065;160;176;7;314019840;46951713;68354795
1527463649165;170;186;7;314019840;46951713;68354795
1527463649265;180;196;7;314019840;46951713;68354795
1527463649365;190;207;7;315068416;46951713;68354795
1527463649465;200;218;7;315088896;46951713;68354795
1527463649565;210;228;8;315219968;46951713;68354795
1527463649665;220;238;8;315219968;46951713;68354795
1527463649765;230;250;8;315219968;46951713;68354795
1527463649865;240;263;8;316268544;46951763;68354795
1527463649965;250;274;8;316268544;46951763;68354795
1527463650065;260;284;9;316510208;46951809;68354795
1527463650165;270;298;9;317558784;46951809;68354795
1527463650265;280;312;9;318607360;46951809;68354795
1527463650365;290;322;9;318607360;46951809;68354795
1527463650465;300;333;9;318607360;46951809;68354795
1527463650565;310;342;11;319811584;46951809;68354795
1527463650665;320;352;11;319811584;46951809;68354795
1527463650765;330;363;11;319811584;46951855;68354795
1527463650865;340;376;11;319811584;46951855;68354795
1527463650965;350;386;12;319811584;46951855;68354795
1527463651065;360;396;12;319811584;46951855;68354795
1527463651165;370;409;12;320860160;46951855;68354795
1527463651265;380;419;12;320860160;46951855;68354795
1527463651365;390;432;12;320884736;46951855;68354795
1527463651465;400;442;14;320884736;46951855;68354795
1527463651565;410;452;14;351739904;46952830;68355874
1527463651665;420;462;14;351739904;46952830;68355874
1527463651765;430;479;14;351739904;46953690;68356842
1527463651865;440;490;14;351739904;46954551;68357811
1527463651965;450;502;14;351739904;46955408;68358776
1527463652065;460;514;14;351739904;46956262;68359738
1527463652165;470;526;14;351739904;46957115;68360699
1527463652265;480;539;14;351739904;46957970;68361662
1527463652365;490;551;14;351739904;46959681;68363589
1527463652465;500;564;14;351739904;46960537;68364553
1527463652565;510;575;14;351739904;46961389;68365513
1527463652665;520;585;14;351739904;46963100;68367440
1527463652765;530;595;15;351739904;46963956;68368404
1527463652865;540;606;16;351739904;46965665;68370329
1527463652965;550;616;16;351739904;46966520;68371292
1527463653065;560;626;16;351739904;46968228;68373216
1527463653166;570;635;16;351739904;46969081;68374177
1527463653266;580;646;16;351739904;46969935;68375139
1527463653366;590;655;17;351739904;46970791;68376103
1527463653466;601;663;18;351739904;46972498;68378026
1527463653566;611;674;18;351739904;46973354;68378990
1527463653666;621;686;18;351739904;46975067;68380919
1527463653766;631;698;18;351739904;46976778;68382846
1527463653866;641;712;18;351739904;46977632;68383808
1527463653966;651;725;18;351739904;46979343;68385735
1527463654066;661;745;18;352788480;46980197;68386697
1527463654166;671;762;18;353837056;46981906;68388622
1527463654266;681;774;18;353837056;46983618;68390550
1527463654366;691;787;18;353837056;46984474;68391514
1527463654466;701;798;18;353837056;46986185;68393441
1527463654566;711;809;19;353837056;46987897;68395369
1527463654666;721;822;19;353837056;46988752;68396332
1527463654766;731;832;19;353837056;46990462;68398258
1527463654866;741;843;19;353837056;46992171;68400183
1527463654966;751;855;19;353837056;46993877;68402105
1527463655067;761;868;19;353837056;46994732;68403068
1527463655167;771;877;20;353837056;46996441;68404993
1527463655267;781;887;20;353837056;46998152;68406920
1527463655367;791;898;20;353837056;46999864;68408848
1527463655467;801;908;20;353837056;47000720;68409812
1527463655567;811;922;20;353837056;47002431;68411739
1527463655667;821;932;20;353837056;47004139;68413663
1527463655767;831;943;20;353837056;47005850;68415590
1527463655867;841;954;20;353837056;47007561;68417517
1527463655967;851;964;20;353837056;47008418;68418482
1527463656067;861;975;20;353837056;47010127;68420407
1527463656167;871;987;20;353837056;47011836;68422332
1527463656267;881;996;21;353837056;47013546;68424258
1527463656367;891;1007;21;353837056;47015255;68426183
1527463656467;901;1017;22;353837056;47016111;68427147
1527463656567;911;1029;22;353837056;47017821;68429073
1527463656667;921;1040;22;353837056;47019535;68431003
1527463656767;931;1053;22;353837056;47021247;68432931
1527463656867;941;1064;22;353837056;47022206;68434805
1527463656967;951;1074;22;353837056;47023812;68435820
1527463657067;961;1083;22;353837056;47025521;68437745
1527463657167;971;1094;22;353837056;47027230;68439670
1527463657267;981;1105;22;353837056;47028936;68441592
1527463657367;991;1116;22;353837056;47030645;68443517
1527463657467;1001;1126;22;353837056;47031606;68445394
1527463657567;1011;1137;22;353837056;47033267;68446463
1527463657667;1021;1153;22;353837056;47034973;68448385
1527463657767;1031;1163;22;353837056;47036683;68450311
1527463657867;1041;1174;22;353837056;47038635;68452404
1527463657967;1051;1183;22;353837056;47040346;68454331
1527463658067;1061;1194;22;353837056;47042058;68456259
1527463658167;1071;1205;22;353837056;47043017;68458131
1527463658267;1081;1218;22;353837056;47044620;68459145
1527463658367;1091;1228;22;353837056;47046332;68461073
1527463658467;1101;1236;23;353837056;47048042;68462999
1527463658567;1111;1246;23;353837056;47049754;68464927
1527463658667;1121;1256;24;353837056;47051468;68466857
1527463658767;1131;1271;25;353837056;47053180;68468785
1527463658867;1141;1283;26;353837056;47054035;68469748
1527463658967;1151;1293;26;353837056;47055748;68471677
1527463659067;1161;1303;26;353837056;47057456;68473601
1527463659167;1171;1316;26;353837056;47059307;68475528
1527463659267;1181;1331;26;353837056;47061019;68477456
1527463659367;1191;1340;26;353837056;47062729;68479382
1527463659467;1201;1351;26;353837056;47064440;68481309
1527463659567;1211;1361;26;353837056;47066151;68483236
1527463659667;1221;1370;27;353837056;47067912;68485163
1527463659767;1231;1379;28;353837056;47068766;68486125
1527463659867;1241;1390;28;353837056;47070478;68488053
1527463659967;1251;1399;28;353837056;47072191;68489982
1527463660067;1261;1410;28;353837056;47073901;68491908
1527463660167;1271;1419;28;353837056;47075940;68493836
1527463660267;1281;1429;28;353837056;47077650;68495762
1527463660367;1291;1440;28;353837056;47079357;68497685
1527463660467;1301;1452;28;353837056;47081067;68499611
1527463660567;1311;1465;28;353837056;47082776;68501536
1527463660667;1321;1474;28;353837056;47084485;68503461
1527463660767;1331;1484;28;353837056;47086194;68505386
1527463660867;1341;1492;29;353837056;47087903;68507311
1527463660967;1351;1502;29;353837056;47089614;68509238
1527463661067;1361;1512;29;353837056;47090470;68510202
1527463661167;1371;1521;30;353837056;47092182;68512130
1527463661267;1381;1530;30;353837056;47093893;68514057
1527463661367;1391;1542;30;353837056;47095604;68515984
1527463661467;1401;1552;30;353837056;47097315;68517911
1527463661567;1411;1561;30;353837056;47099023;68519835
1527463661667;1421;1571;30;353837056;47100734;68521762
1527463661767;1431;1581;30;353837056;47102443;68523687
1527463661867;1441;1590;30;353837056;47104155;68525615
1527463661967;1451;1601;30;353837056;47105867;68527543
1527463662067;1461;1611;30;353837056;47107581;68529473
1527463662167;1471;1620;30;353837056;47109292;68531400
1527463662267;1481;1629;30;353837056;47111004;68533328
1527463662367;1491;1639;30;353837056;47112716;68535256
1527463662467;1501;1656;30;353837056;47114429;68537185
1527463662567;1511;1666;30;353837056;47116139;68539111
1527463662667;1521;1676;30;353837056;47117849;68541037
1527463662768;1531;1687;30;353837056;47119610;68543014
1527463662869;1541;1696;30;353837056;47121322;68544942
1527463662970;1551;1706;30;353837056;47123035;68546871
1527463663070;1561;1718;30;353837056;47124131;68548000
1527463663170;1571;1726;31;353837056;47126272;68550836
1527463663270;1581;1736;32;353837056;47127878;68551852
1527463663370;1591;1746;32;353837056;47129690;68554686
1527463663470;1601;1756;32;353837056;47131294;68555700
1527463663570;1611;1766;33;353837056;47134249;68558539
1527463663670;1621;1777;33;353837056;47135107;68559557
1527463663770;1631;1789;33;353837056;47136818;68561484
1527463663870;1641;1807;33;353837056;47138531;68563413
1527463663970;1651;1816;34;353837056;47140243;68565341
1527463664070;1661;1825;34;353837056;47141951;68567265
1527463664170;1671;1836;34;353837056;47143661;68569191
1527463664270;1681;1844;35;353837056;47145367;68571113
1527463664370;1691;1854;35;353837056;47147078;68573040
1527463664470;1701;1864;35;353837056;47148893;68575877
1527463664570;1711;1873;36;353837056;47150498;68577255
1527463664670;1721;1882;36;353837056;47153062;68579780
1527463664770;1731;1892;36;353837056;47154775;68581657
1527463664870;1741;1900;38;353837056;47155785;68583584
1527463664970;1751;1910;38;353837056;47158338;68585562
1527463665070;1761;1920;38;353837056;47160050;68587490
1527463665170;1771;1928;38;353837056;47161760;68589416
1527463665270;1781;1939;38;353837056;47162721;68591292
1527463665370;1791;1948;39;353837056;47165183;68593271
1527463665470;1801;1959;39;353837056;47166895;68595199
1527463665570;1811;1973;39;353837056;47168608;68597128
1527463665670;1821;1985;39;353837056;47169568;68599000
1527463665770;1831;1995;39;353837056;47171276;68600927
1527463665870;1841;2003;40;353837056;47173739;68602907
1527463665970;1851;2013;40;353837056;47175448;68604832
1527463666070;1861;2022;40;353837056;47177158;68606758
1527463666170;1871;2032;40;353837056;47178870;68608686
1527463666270;1881;2040;41;353837056;47180580;68610612
1527463666370;1891;2050;41;353837056;47182292;68612540
1527463666470;1901;2060;42;353837056;47184004;68614468
1527463666570;1911;2070;42;353837056;47185714;68616394
1527463666670;1921;2080;42;353837056;47187425;68618321
1527463666770;1931;2089;42;353837056;47189136;68620248
1527463666870;1941;2097;43;353837056;47190850;68622178
1527463666970;1951;2107;43;353837056;47192560;68624104
1527463667070;1961;2117;43;353837056;47194269;68626029
1527463667170;1971;2127;43;353837056;47195980;68627956
1527463667270;1981;2137;43;353837056;47197689;68629881
1527463667370;1991;2147;43;353837056;47199402;68631810
1527463667470;2001;2156;44;353837056;47201111;68633735
1527463667570;2011;2165;45;353837056;47202824;68635664
1527463667670;2021;2174;45;353837056;47204536;68637592
1527463667770;2031;2185;45;353837056;47205548;68639520
1527463667870;2041;2194;45;353837056;47208011;68641499
1527463667970;2051;2205;45;353837056;47209720;68643424
1527463668070;2061;2221;45;353837056;47211669;68645514
1527463668170;2071;2236;45;353837056;47212524;68646477
1527463668270;2081;2246;45;353837056;47214236;68648405
1527463668370;2091;2259;45;353837056;47216052;68651246
1527463668470;2101;2272;45;353837056;47217661;68652262
1527463668570;2111;2281;45;353837056;47220227;68655152
1527463668670;2121;2289;46;353837056;47221938;68657079
1527463668770;2131;2299;46;353837056;47223649;68659006
1527463668870;2141;2309;46;353837056;47225362;68660935
1527463668970;2151;2320;46;353837056;47227072;68662861
1527463669070;2161;2330;46;353837056;47228781;68664786
1527463669170;2171;2339;46;353837056;47230493;68666714
1527463669270;2181;2348;47;353837056;47232205;68668642
1527463669370;2191;2357;47;353837056;47233915;68670568
1527463669470;2201;2366;48;353837056;47235621;68672490
1527463669570;2211;2375;48;353837056;47237331;68674416
1527463669671;2221;2386;48;353837056;47239142;68677250
1527463669772;2231;2396;48;353837056;47241605;68679230
1527463669873;2241;2406;48;353837056;47243315;68681156
1527463669973;2251;2416;48;353837056;47245027;68683084
1527463670073;2261;2425;48;353837056;47246737;68685010
1527463670173;2271;2435;48;353837056;47248449;68686938
1527463670273;2281;2446;48;353837056;47250162;68688867
1527463670373;2291;2455;48;353837056;47251873;68690794
1527463670473;2301;2468;48;353837056;47253583;68692720
1527463670573;2311;2480;48;353837056;47255295;68694648
1527463670673;2321;2489;48;353837056;47257005;68696574
1527463670773;2331;2497;49;353837056;47258717;68699412
1527463670873;2341;2508;49;353837056;47260530;68701338
1527463670973;2351;2515;50;353837056;47262990;68703315
1527463671073;2361;2524;50;353837056;47264702;68705243
1527463671173;2371;2535;50;353837056;47266413;68707170
1527463671273;2381;2546;50;353837056;47268125;68709098
1527463671373;2391;2555;50;353837056;47269837;68711026
1527463671473;2401;2565;50;353837056;47271546;68712951
1527463671573;2411;2575;51;353837056;47273253;68714874
1527463671673;2421;2591;51;353837056;47274963;68716800
1527463671773;2431;2609;51;353837056;47276671;68718724
1527463671873;2441;2625;51;353837056;47278382;68720651
1527463671973;2451;2634;52;353837056;47280092;68722577
1527463672073;2461;2645;52;353837056;47281802;68724503
1527463672173;2471;2655;52;353837056;47284695;68727393
1527463672273;2481;2665;52;353837056;47286404;68729318
1527463672373;2491;2673;52;353837056;47288114;68731244
1527463672473;2501;2683;52;353837056;47289823;68733169
1527463672573;2511;2693;52;353837056;47291586;68735148
1527463672673;2521;2702;52;353837056;47293296;68737074
1527463672773;2531;2712;52;353837056;47295006;68739000
1527463672873;2541;2726;52;353837056;47296836;68740975
1527463672973;2551;2736;52;353837056;47298662;68743013
1527463673073;2561;2747;52;353837056;47300373;68745852
1527463673173;2571;2756;52;353837056;47302939;68747830
1527463673273;2581;2765;52;353837056;47304649;68749756
1527463673373;2591;2775;52;353837056;47306359;68751682
1527463673473;2601;2785;52;353837056;47308069;68753608
1527463673573;2611;2797;53;353837056;47309779;68755534
1527463673673;2621;2811;53;353837056;47311490;68757461
1527463673773;2631;2823;53;353837056;47313197;68759384
1527463673873;2641;2833;54;353837056;47314904;68761307
1527463673973;2651;2842;54;353837056;47316611;68763230
1527463674073;2661;2852;54;353837056;47319174;68766117
1527463674174;2671;2862;54;353837056;47320884;68768043
1527463674275;2681;2871;54;353837056;47322596;68769971
1527463674376;2691;2881;54;353837056;47324307;68771898
1527463674476;2701;2891;54;353837056;47326017;68773824
1527463674576;2712;2901;54;353837056;47327727;68776660
1527463674676;2722;2910;55;353837056;47330292;68778639
1527463674776;2732;2920;55;353837056;47332002;68780565
1527463674876;2742;2929;55;353837056;47333711;68782490
1527463674976;2752;2939;55;353837056;47335421;68784416
1527463675076;2762;2949;55;353837056;47337133;68786344
1527463675176;2772;2958;55;353837056;47338846;68788273
1527463675276;2782;2968;55;353837056;47340554;68790197
1527463675376;2792;2978;55;353837056;47343122;68793089
1527463675476;2802;2988;55;353837056;47344836;68795019
1527463675576;2812;2998;55;353837056;47346545;68796944
1527463675676;2822;3008;55;353837056;47348254;68798869
1527463675776;2832;3017;55;353837056;47349965;68800796
1527463675876;2842;3029;55;353837056;47351676;68802723
1527463675976;2852;3038;55;353837056;47353388;68804651
1527463676076;2862;3047;55;353837056;47355953;68807540
1527463676176;2872;3057;55;353837056;47357665;68809468
1527463676276;2882;3066;56;353837056;47359376;68811395
1527463676376;2892;3075;56;353837056;47361083;68813318
1527463676476;2902;3085;56;353837056;47362795;68815246
1527463676576;2912;3094;57;353837056;47365361;68818136
1527463676676;2922;3103;57;353837056;47367071;68820062
1527463676776;2932;3113;57;353837056;47368781;68821988
1527463676876;2942;3123;57;353837056;47370493;68823916
1527463676976;2952;3132;57;353837056;47372206;68825845
1527463677076;2962;3143;57;353837056;47373917;68827772
1527463677176;2972;3153;57;353837056;47375625;68829696
1527463677276;2982;3163;57;353837056;47377490;68832583
1527463677376;2992;3173;57;353837056;47379949;68834560
1527463677476;3002;3184;57;353837056;47381660;68836487
1527463677576;3012;3198;57;353837056;47383611;68838579
1527463677676;3022;3207;58;353837056;47385323;68840507
1527463677776;3032;3217;58;353837056;47387033;68842433
1527463677876;3042;3228;58;353837056;47388744;68844360
1527463677977;3052;3239;58;353837056;47390456;68846288
1527463678078;3062;3249;58;353837056;47393025;68849181
1527463678179;3072;3260;58;353837056;47394734;68851106
1527463678280;3082;3269;58;353837056;47396445;68853033
1527463678381;3092;3280;58;353837056;47398154;68854958
1527463678482;3102;3291;58;353837056;47399868;68856888
1527463678582;3112;3300;58;353837056;47402434;68859778
1527463678683;3122;3310;58;353837056;47404145;68861705
1527463678783;3132;3320;58;353837056;47405853;68863629
1527463678883;3142;3329;58;353837056;47407564;68865556
1527463678983;3152;3339;58;353837056;47409274;68867482
1527463679083;3162;3349;58;353837056;47410983;68869407
1527463679183;3172;3358;58;353837056;47413546;68872294
1527463679283;3182;3368;58;353837056;47415260;68874224
1527463679383;3192;3378;58;353837056;47416970;68876150
1527463679483;3202;3386;60;353837056;47418680;68878024
1527463679583;3212;3396;60;353837056;47420391;68879847
1527463679683;3222;3405;60;353837056;47422206;68882738
1527463679783;3232;3415;60;353837056;47424670;68884718
1527463679883;3242;3427;60;353837056;47426432;68886646
1527463679983;3252;3436;60;353837056;47428191;68888575
1527463680083;3262;3448;60;353837056;47429901;68890501
1527463680183;3272;3462;60;353837056;47430754;68891462
1527463680283;3282;3472;61;353837056;47432464;68893388
1527463680383;3292;3481;62;353837056;47435031;68896279
1527463680483;3302;3492;62;353837056;47436785;68898203
1527463680583;3312;3503;63;353837056;47438546;68900130
1527463680683;3322;3517;63;353837056;47439403;68901095
1527463680783;3332;3528;63;353837056;47441112;68903020
1527463680883;3342;3537;64;353837056;47442825;68904949
1527463680983;3352;3547;64;353837056;47444537;68906877
1527463681083;3362;3562;64;353837056;47446247;68908803
1527463681183;3372;3575;64;353837056;47447956;68910728
1527463681283;3382;3588;64;353837056;47449668;68912656
1527463681383;3392;3599;64;353837056;47451380;68914584
1527463681483;3402;3613;64;353837056;47453091;68916511
1527463681583;3412;3623;64;353837056;47454803;68918439
1527463681683;3422;3635;64;353837056;47456514;68920366
1527463681783;3432;3645;65;353837056;47458224;68922292
1527463681883;3442;3654;65;353837056;47459079;68924165
1527463681983;3452;3669;65;353837056;47460789;68925181
1527463682083;3462;3681;65;353837056;47462503;68927111
1527463682183;3472;3694;65;353837056;47464265;68929089
1527463682283;3482;3707;65;353837056;47465974;68931014
1527463682383;3492;3717;65;353837056;47467684;68932940
1527463682483;3502;3727;65;353837056;47469634;68935031
1527463682583;3512;3738;65;353837056;47471347;68936960
1527463682683;3522;3749;65;353837056;47473057;68938886
1527463682783;3532;3760;65;353837056;47474766;68940811
1527463682883;3542;3771;65;353837056;47476476;68942737
1527463682983;3552;3781;65;353837056;47478188;68944665
1527463683083;3562;3791;65;353837056;47479901;68946594
1527463683183;3572;3801;66;353837056;47481612;68948521
1527463683283;3582;3811;68;353837056;47483322;68950447
1527463683383;3592;3821;68;353837056;47485031;68952372
1527463683483;3602;3833;68;353837056;47486738;68954243
1527463683583;3612;3845;68;353837056;47488450;68956223
1527463683683;3622;3856;68;353837056;47489305;68957186
1527463683783;3632;3866;68;353837056;47491014;68959111
1527463683883;3642;3877;68;353837056;47492725;68961038
1527463683983;3652;3890;68;353837056;47494434;68962963
1527463684083;3662;3904;68;353837056;47496147;68964892
1527463684183;3672;3916;68;353837056;47497858;68966819
1527463684283;3682;3926;68;353837056;47499568;68968745
1527463684383;3692;3939;68;353837056;47501278;68970671
1527463684483;3702;3950;68;353837056;47502989;68972598
1527463684583;3712;3963;68;353837056;47504698;68974523
1527463684683;3722;3975;68;353837056;47506407;68976448
1527463684783;3732;3985;68;353837056;47508116;68978373
1527463684883;3742;3997;68;353837056;47509826;68980299
1527463684983;3752;4008;69;353837056;47511538;68982227
1527463685084;3762;4021;69;353837056;47512497;68984100
1527463685185;3772;4034;69;353837056;47514958;68986079
1527463685286;3782;4048;69;353837056;47515814;68987043
1527463685386;3792;4057;70;353837056;47518378;68989931
1527463685486;3802;4067;70;353837056;47519233;68990894
1527463685586;3813;4077;70;353837056;47521801;68993786
1527463685686;3823;4088;70;353837056;47522655;68994748
1527463685786;3833;4099;70;353837056;47524470;68997584
1527463685886;3843;4111;70;353837056;47526075;68998600
1527463685986;3853;4120;70;353837056;47527788;69000529
1527463686086;3863;4130;71;353837056;47529496;69002453
1527463686186;3873;4141;71;353837056;47531206;69004379
1527463686286;3883;4150;72;353837056;47533772;69007269
1527463686386;3893;4160;74;353837056;47534629;69008234
1527463686486;3903;4173;74;353837056;47536443;69011071
1527463686586;3913;4183;74;353837056;47538047;69012084
1527463686686;3923;4198;74;353837056;47540616;69014977
1527463686786;3933;4208;74;353837056;47541572;69016849
1527463686886;3943;4218;74;353837056;47543181;69017866
1527463686986;3953;4228;74;353837056;47545746;69020755
1527463687086;3963;4238;74;353837056;47546705;69022629
1527463687186;3973;4248;74;353837056;47549216;69024657
1527463687286;3983;4257;76;353837056;47550928;69026585
1527463687386;3993;4267;76;353837056;47552640;69028513
1527463687486;4003;4278;76;353837056;47554474;69030492
1527463687586;4013;4288;76;353837056;47555548;69032478
1527463687686;4023;4299;76;353837056;47558012;69034458
1527463687786;4033;4309;77;353837056;47559724;69036386
1527463687887;4043;4319;78;353837056;47561437;69038315
1527463687988;4053;4329;79;353837056;47563147;69040241
1527463688089;4063;4340;79;353837056;47564860;69042170
1527463688189;4073;4351;79;353837056;47566571;69044097
1527463688289;4083;4361;79;353837056;47568283;69046025
1527463688389;4093;4372;79;353837056;47569994;69047952
1527463688489;4103;4383;79;353837056;47570952;69049825
1527463688589;4113;4393;79;353837056;47573414;69051804
1527463688689;4123;4403;79;353837056;47574372;69053678
1527463688789;4133;4415;79;353837056;47576835;69055657
1527463688889;4143;4425;79;353837056;47577794;69057532
1527463688989;4153;4435;79;353837056;47580257;69059511
1527463689089;4163;4445;79;353837056;47581968;69061438
1527463689189;4173;4456;79;353837056;47583679;69063365
1527463689289;4183;4467;79;353837056;47585390;69065292
1527463689389;4193;4478;79;353837056;47587100;69067218
1527463689489;4203;4488;79;353837056;47588808;69069142
1527463689589;4213;4499;79;353837056;47590519;69071069
1527463689689;4223;4509;79;353837056;47592231;69072997
1527463689789;4233;4519;80;353837056;47593942;69074924
1527463689889;4243;4529;80;353837056;47595653;69076851
1527463689989;4253;4537;81;353837056;47597364;69078778
1527463690089;4263;4547;82;353837056;47599070;69080700
1527463690189;4273;4558;82;353837056;47600782;69082628
1527463690289;4283;4573;82;353837056;47602495;69084557
1527463690389;4293;4585;82;353837056;47604206;69086484
1527463690489;4303;4601;82;353837056;47605919;69088413
1527463690589;4313;4609;83;353837056;47607630;69090340
1527463690689;4323;4619;84;353837056;47609341;69092267
1527463690789;4333;4630;84;353837056;47611051;69094193
1527463690889;4343;4640;84;353837056;47612764;69096122
1527463690989;4353;4650;84;353837056;47614472;69098046
1527463691089;4363;4660;84;353837056;47616182;69099972
1527463691189;4373;4670;85;353837056;47617894;69101900
1527463691289;4383;4682;85;353837056;47619605;69103827
1527463691389;4393;4692;85;353837056;47621319;69105757
1527463691489;4403;4705;85;353837056;47623033;69107687
1527463691589;4413;4715;85;353837056;47624742;69109612
1527463691689;4423;4729;85;353837056;47626449;69111535
1527463691789;4433;4740;85;353837056;47628158;69113460
1527463691889;4443;4750;85;353837056;47629866;69115384
1527463691989;4453;4759;85;353837056;47631577;69117311
1527463692089;4463;4770;85;353837056;47633286;69119236
1527463692189;4473;4779;85;353837056;47635048;69121214
1527463692289;4483;4790;85;353837056;47636759;69124054
1527463692389;4493;4801;85;353837056;47638575;69125981
1527463692490;4503;4812;85;353837056;47641277;69128124
1527463692590;4513;4821;85;353837056;47642989;69130052
1527463692690;4523;4832;85;353837056;47644699;69131978
1527463692790;4533;4843;85;353837056;47646408;69133903
1527463692890;4543;4852;87;353837056;47648115;69135826
1527463692990;4553;4862;87;353837056;47649826;69137753
1527463693090;4563;4872;87;353837056;47651538;69139681
1527463693190;4573;4881;87;353837056;47653245;69141604
1527463693290;4583;4892;87;353837056;47654957;69143532
1527463693390;4593;4901;88;353837056;47656667;69145458
1527463693490;4603;4912;88;353837056;47658375;69147382
1527463693590;4613;4920;89;353837056;47660087;69149310
1527463693690;4623;4932;89;353837056;47662185;69151236
1527463693790;4633;4941;90;353837056;47663894;69153161
1527463693890;4643;4951;90;353837056;47665606;69155089
1527463693990;4653;4960;90;353837056;47667312;69157011
1527463694090;4663;4973;90;353837056;47669021;69158936
1527463694190;4673;4985;90;353837056;47670732;69160863
1527463694290;4683;4995;90;353837056;47672443;69162790
1527463694390;4693;5004;91;353837056;47674153;69164716
1527463694490;4703;5014;91;353837056;47675863;69166642
1527463694590;4713;5025;92;353837056;47677679;69169480
1527463694690;4723;5036;92;353837056;47679285;69170496
1527463694790;4733;5050;93;353837056;47680995;69173333
1527463694890;4743;5060;93;353837056;47682753;69174346
1527463694990;4753;5071;93;353837056;47685348;69177265
1527463695090;4763;5081;93;353837056;47687057;69179190
1527463695190;4773;5091;93;353837056;47688766;69181115
1527463695290;4783;5101;93;353837056;47690477;69183042
1527463695390;4793;5111;93;353837056;47692234;69184969
1527463695490;4803;5122;93;353837056;47693942;69186893
1527463695590;4813;5132;94;353837056;47695652;69188819
1527463695690;4823;5142;94;353837056;47697361;69190744
1527463695790;4833;5152;95;353837056;47699069;69192668
1527463695890;4843;5164;95;353837056;47700781;69194596
1527463695990;4853;5174;95;353837056;47702491;69196522
1527463696090;4863;5184;95;353837056;47704200;69198447
1527463696190;4873;5195;95;353837056;47706016;69201280
1527463696290;4883;5204;95;353837056;47707722;69203208
1527463696390;4893;5216;95;353837056;47709432;69205134
1527463696490;4903;5226;95;353837056;47711895;69207114
1527463696591;4913;5237;95;353837056;47713603;69209038
1527463696692;4923;5248;95;353837056;47715311;69210962
1527463696793;4933;5258;95;353837056;47717021;69212888
1527463696894;4943;5268;95;353837056;47718731;69214814
1527463696995;4953;5282;95;353837056;47720444;69216743
1527463697096;4963;5291;96;353837056;47722206;69218721
1527463697196;4973;5300;97;353837056;47723917;69220648
1527463697296;4983;5309;97;353837056;47725629;69222576
1527463697396;4994;5319;97;353837056;47727576;69224664
1527463697496;5004;5330;97;353837056;47729284;69226588
1527463697596;5014;5342;97;353837056;47730993;69228513
1527463697696;5024;5353;97;353837056;47732703;69230439
1527463697796;5034;5363;97;353837056;47734411;69233275
1527463697896;5044;5374;97;353837056;47736978;69235254
1527463697996;5054;5383;97;353837056;47738688;69237180
1527463698096;5064;5394;97;353837056;47740399;69239107
1527463698196;5074;5404;97;353837056;47742108;69241032
1527463698296;5084;5413;98;353837056;47743817;69242957
1527463698396;5094;5424;98;353837056;47745525;69244881
1527463698496;5104;5434;98;353837056;47747235;69246807
1527463698596;5114;5444;98;353837056;47748945;69248733
1527463698696;5124;5454;98;353837056;47750654;69250658
1527463698796;5134;5464;98;353837056;47752364;69252584
1527463698896;5144;5474;99;353837056;47754076;69254512
1527463698996;5154;5483;99;353837056;47755785;69256437
1527463699096;5164;5496;99;353837056;47757496;69258364
1527463699196;5174;5506;99;353837056;47759206;69260290
1527463699296;5184;5516;99;353837056;47760916;69262216
1527463699397;5194;5526;99;353837056;47762629;69264145
1527463699498;5204;5536;99;353837056;47764337;69266069
1527463699599;5214;5547;99;353837056;47766044;69267992
1527463699699;5224;5555;100;353837056;47767754;69269918
1527463699799;5234;5565;100;353837056;47770318;69272806
1527463699899;5244;5582;100;353837056;47771173;69273769
1527463699999;5254;5591;100;353837056;47773742;69276662
1527463700099;5264;5605;100;353837056;47775453;69278589
1527463700199;5274;5613;100;353837056;47777163;69280515
1527463700299;5284;5626;100;353837056;47778875;69282443
1527463700399;5294;5637;100;353837056;47780587;69284371
1527463700499;5304;5652;100;353837056;47782298;69286298
1527463700599;5314;5663;100;353837056;47784009;69288225
1527463700699;5324;5675;100;353837056;47785720;69290152
1527463700799;5334;5685;100;353837056;47787430;69292078
1527463700899;5344;5695;100;353837056;47789136;69294000
1527463700999;5354;5703;101;353837056;47790844;69295924
1527463701099;5364;5713;101;353837056;47792553;69297849
1527463701199;5374;5724;101;353837056;47794263;69299775
1527463701299;5384;5735;101;353837056;47795974;69301702
1527463701399;5394;5744;101;353837056;47797684;69303628
1527463701499;5404;5754;101;353837056;47799393;69305553
1527463701599;5414;5766;101;353837056;47801102;69307478
1527463701699;5424;5775;101;353837056;47802808;69309400
1527463701799;5434;5788;101;353837056;47804514;69311322
1527463701899;5444;5797;102;353837056;47806326;69314155
1527463701999;5454;5807;102;353837056;47807980;69315220
1527463702099;5464;5817;102;353837056;47810549;69318113
1527463702199;5474;5827;102;353837056;47812384;69320093
1527463702300;5484;5838;102;353837056;47814213;69322134
1527463702401;5494;5847;103;353837056;47815921;69324058
1527463702502;5504;5857;103;353837056;47817631;69325984
1527463702603;5514;5869;103;353837056;47819338;69327907
1527463702704;5524;5880;103;353837056;47821047;69329832
1527463702805;5534;5890;103;353837056;47822758;69331759
1527463702906;5544;5900;103;353837056;47824466;69333683
1527463703006;5554;5910;103;353837056;47826176;69335609
1527463703106;5564;5923;103;353837056;47827888;69337537
1527463703206;5575;5933;103;353837056;47829595;69339460
1527463703306;5585;5943;103;353837056;47831305;69341386
1527463703406;5595;5952;103;353837056;47833019;69343316
1527463703506;5605;5964;103;353837056;47834726;69346151
1527463703606;5615;5974;103;353837056;47836439;69348082
1527463703706;5625;5985;103;353837056;47838157;69349102
1527463703806;5635;5994;103;353837056;47840724;69351993
1527463703906;5645;6005;103;353837056;47841578;69352955
1527463704006;5655;6021;103;353837056;47843286;69354879
1527463704106;5665;6032;103;353837056;47844996;69356805
1527463704206;5675;6042;103;353837056;47846708;69358733
1527463704306;5685;6053;103;353837056;47848419;69360660
1527463704406;5695;6064;103;353837056;47850136;69362593
1527463704506;5705;6079;103;353837056;47850993;69363558
1527463704606;5715;6089;103;353837056;47852702;69365483
1527463704706;5725;6101;103;353837056;47854412;69367409
1527463704806;5735;6110;104;353837056;47856122;69369335
1527463704906;5745;6120;104;353837056;47857836;69371265
1527463705006;5755;6133;104;353837056;47859546;69373191
1527463705106;5765;6147;104;353837056;47861258;69375119
1527463705206;5775;6159;104;353837056;47862969;69377046
1527463705306;5785;6173;104;353837056;47864679;69378972
1527463705406;5795;6183;105;353837056;47866391;69380900
1527463705506;5805;6195;105;353837056;47868104;69382829
1527463705606;5815;6205;106;353837056;47869815;69384756
1527463705706;5825;6219;106;353837056;47871527;69386684
1527463705807;5835;6230;106;353837056;47873238;69388611
1527463705908;5845;6240;106;353837056;47874948;69390537
1527463706009;5855;6253;106;353837056;47875804;69391501
1527463706110;5865;6265;106;353837056;47877514;69393427
1527463706210;5875;6279;106;353837056;47879228;69395357
1527463706310;5885;6286;106;353837056;47880939;69397284
1527463706410;5895;6298;106;353837056;47882650;69399211
1527463706510;5905;6309;106;353837056;47884363;69401140
1527463706610;5915;6319;106;353837056;47886073;69403066
1527463706710;5925;6334;106;353837056;47887784;69404993
1527463706810;5935;6343;107;353837056;47889496;69406921
1527463706910;5945;6355;107;353837056;47891209;69408850
1527463707010;5955;6365;108;353837056;47892969;69410826
1527463707110;5965;6376;108;353837056;47894680;69412753
1527463707210;5975;6387;108;353837056;47896393;69414682
1527463707310;5985;6397;108;353837056;47898228;69416662
1527463707410;5995;6407;108;353837056;47900054;69418700
1527463707510;6005;6418;108;353837056;47901769;69420631
1527463707610;6015;6428;108;353837056;47903479;69422557
1527463707710;6025;6439;108;353837056;47905188;69424482
1527463707810;6035;6450;108;353837056;47906901;69426411
1527463707910;6045;6461;108;353837056;47908613;69428339
1527463708010;6055;6479;108;353837056;47909469;69429303
1527463708110;6065;6490;108;353837056;47911282;69432140
1527463708210;6075;6503;108;353837056;47912889;69433155
1527463708310;6085;6515;108;353837056;47914602;69435084
1527463708410;6095;6525;109;353837056;47916313;69437011
1527463708510;6105;6536;109;353837056;47918024;69438938
1527463708610;6115;6549;109;353837056;47919734;69440864
1527463708711;6125;6562;109;353837056;47921446;69442792
1527463708812;6135;6575;109;353837056;47923160;69444722
1527463708913;6145;6585;109;353837056;47924873;69446651
1527463709013;6155;6596;109;353837056;47926580;69448574
1527463709113;6165;6608;109;353837056;47928294;69450504
1527463709213;6175;6619;109;353837056;47930004;69452430
1527463709313;6185;6630;109;353837056;47931717;69454359
1527463709413;6195;6641;109;353837056;47933428;69456286
1527463709513;6205;6652;109;353837056;47935136;69458210
1527463709613;6215;6664;109;353837056;47936842;69460132
1527463709713;6225;6673;110;353837056;47938655;69462969
1527463709813;6235;6682;111;353837056;47940262;69463984
1527463709913;6245;6697;111;353837056;47942023;69465911
1527463710013;6255;6707;111;353837056;47943743;69467847
1527463710113;6265;6720;111;353837056;47946337;69470765
1527463710213;6275;6731;111;353837056;47947201;69471737
1527463710313;6285;6741;111;353837056;47948971;69473677
1527463710413;6295;6752;111;353837056;47950802;69476538
1527463710513;6305;6762;111;353837056;47952421;69477559
1527463710613;6315;6773;111;353837056;47954293;69480415
1527463710713;6325;6785;111;353837056;47955909;69481433
1527463710813;6335;6796;112;353837056;47957630;69483370
1527463710913;6345;6807;112;353837056;47959349;69485305
1527463711013;6355;6817;112;353837056;47961073;69487245
1527463711113;6365;6827;112;353837056;47962793;69489181
1527463711213;6375;6841;112;353837056;47964517;69491121
1527463711313;6385;6852;112;353837056;47966235;69493055
1527463711413;6395;6862;112;353837056;47967958;69494994
1527463711513;6405;6872;112;353837056;47969681;69497851
1527463711613;6415;6883;112;353837056;47971403;69498871
1527463711713;6425;6894;113;353837056;47973984;69501776
1527463711814;6435;6907;114;353837056;47975706;69503714
1527463711915;6445;6920;114;353837056;47976671;69505601
1527463712016;6455;6929;114;353837056;47979203;69507643
1527463712116;6465;6942;114;353837056;47980926;69509582
1527463712216;6476;6952;114;353837056;47982645;69511517
1527463712316;6486;6963;114;353837056;47984489;69513454
1527463712416;6496;6974;114;353837056;47986326;69515503
1527463712516;6506;6985;114;353837056;47988048;69517441
1527463712616;6516;6996;114;353837056;47989765;69519374
1527463712716;6526;7007;114;353837056;47991479;69521304
1527463712816;6536;7018;114;353837056;47993192;69523233
1527463712916;6546;7032;114;353837056;47994904;69525161
1527463713016;6556;7042;114;353837056;47996614;69527087
1527463713116;6566;7052;114;353837056;47998328;69529017
1527463713216;6576;7062;115;353837056;48000041;69530946
1527463713316;6586;7071;115;353837056;48001756;69532877
1527463713416;6596;7082;116;353837056;48003470;69534807
1527463713516;6606;7091;117;353837056;48005184;69536737
1527463713616;6616;7103;117;353837056;48007755;69539632
1527463713716;6626;7115;117;353837056;48009466;69541559
1527463713816;6636;7126;117;353837056;48011181;69543490
1527463713916;6646;7136;118;353837056;48012895;69545420
1527463714016;6656;7147;118;353837056;48014609;69547350
1527463714116;6666;7158;118;353837056;48016323;69549280
1527463714216;6676;7169;118;353837056;48018036;69551209
1527463714316;6686;7180;118;353837056;48019751;69553140
1527463714416;6696;7189;118;353837056;48021464;69555069
1527463714516;6706;7202;118;353837056;48023176;69556997
1527463714616;6716;7211;118;353837056;48024889;69558926
1527463714716;6726;7222;118;353837056;48026602;69560855
1527463714816;6736;7230;119;353837056;48028315;69562784
1527463714916;6746;7241;119;353837056;48030026;69564711
1527463715016;6756;7252;119;353837056;48032596;69567605
1527463715116;6766;7261;120;353837056;48034309;69569534
1527463715216;6776;7272;120;353837056;48036022;69571463
1527463715316;6786;7283;120;353837056;48037738;69573395
1527463715416;6796;7293;120;353837056;48039451;69575324
1527463715516;6806;7303;120;353837056;48041166;69577255
1527463715616;6816;7313;120;353837056;48042880;69579185
1527463715716;6826;7323;120;353837056;48044592;69581113
1527463715816;6836;7333;121;353837056;48046305;69583042
1527463715916;6846;7343;121;353837056;48048019;69584972
1527463716016;6856;7353;121;353837056;48049839;69587816
1527463716116;6866;7363;121;353837056;48051554;69589748
1527463716216;6876;7374;121;353837056;48054018;69591727
1527463716316;6886;7390;122;353837056;48054979;69593606
1527463716416;6896;7401;122;353837056;48056694;69595535
1527463716516;6906;7411;122;353837056;48059159;69597516
1527463716616;6916;7420;122;353837056;48060873;69599446
1527463716716;6926;7431;122;353837056;48062586;69601375
1527463716816;6936;7441;122;353837056;48064301;69603306
1527463716916;6946;7451;122;353837056;48066070;69605291
1527463717016;6956;7461;122;353837056;48067785;69607222
1527463717116;6966;7472;123;353837056;48069498;69609151
1527463717217;6976;7484;123;353837056;48071453;69611247
1527463717317;6986;7494;123;353837056;48073165;69613175
1527463717417;6996;7504;123;353837056;48074879;69615105
1527463717517;7006;7516;124;353837056;48076591;69617033
1527463717617;7016;7526;124;353837056;48078302;69618960
1527463717718;7026;7542;124;353837056;48080016;69620890
1527463717819;7036;7552;124;353837056;48081731;69622821
1527463717920;7046;7564;124;353837056;48083443;69624749
1527463718021;7056;7573;125;353837056;48085156;69626678
1527463718122;7066;7587;125;353837056;48086870;69628608
1527463718222;7076;7599;125;353837056;48088584;69630538
1527463718322;7086;7611;125;353837056;48090295;69632465
1527463718422;7096;7621;126;353837056;48092011;69634397
1527463718522;7106;7632;126;353837056;48093721;69636323
1527463718622;7116;7645;126;353837056;48095538;69639165
1527463718722;7126;7658;126;353837056;48097251;69641094
1527463718822;7136;7666;126;353837056;48099717;69643075
1527463718922;7146;7677;126;353837056;48101428;69645002
1527463719022;7156;7688;126;353837056;48103139;69646929
1527463719122;7166;7699;127;353837056;48104852;69648858
1527463719222;7176;7709;127;353837056;48106565;69650787
1527463719322;7186;7720;127;353837056;48108277;69652715
1527463719422;7196;7731;127;353837056;48109993;69654647
1527463719522;7206;7741;127;353837056;48112564;69657542
1527463719622;7216;7752;127;353837056;48114277;69659471
1527463719722;7226;7762;127;353837056;48115990;69661400
1527463719822;7236;7772;127;353837056;48117703;69663329
1527463719922;7246;7782;127;353837056;48119419;69665261
1527463720022;7256;7791;127;353837056;48121134;69667192
1527463720122;7266;7801;127;353837056;48122844;69669118
1527463720222;7276;7811;127;353837056;48124557;69671047
1527463720322;7286;7820;128;353837056;48127126;69673940
1527463720422;7296;7830;129;353837056;48128837;69675867
1527463720522;7306;7842;129;353837056;48130548;69677794
1527463720622;7316;7854;130;353837056;48132260;69679722
1527463720722;7326;7866;130;353837056;48133974;69681652
1527463720822;7336;7875;130;353837056;48135688;69683582
1527463720922;7346;7885;130;353837056;48137402;69685512
1527463721022;7356;7896;130;353837056;48139116;69687442
1527463721122;7366;7905;130;353837056;48140827;69689369
1527463721222;7376;7916;130;353837056;48143393;69692259
1527463721322;7386;7926;130;353837056;48145106;69694188
1527463721422;7396;7938;130;353837056;48146819;69696117
1527463721522;7406;7948;130;353837056;48148531;69698045
1527463721622;7416;7956;131;353837056;48150245;69699975
1527463721722;7426;7967;131;353837056;48152007;69701953
1527463721822;7436;7977;131;353837056;48153825;69704793
1527463721922;7446;7986;131;353837056;48156411;69706774
1527463722022;7456;7995;131;353837056;48158241;69708816
1527463722122;7466;8004;131;353837056;48159954;69710745
1527463722222;7476;8015;131;353837056;48161666;69712673
1527463722322;7486;8024;131;353837056;48163381;69714604
1527463722422;7496;8034;131;353837056;48165096;69716535
1527463722522;7506;8044;131;353837056;48167665;69719428
1527463722622;7516;8054;131;353837056;48169382;69721361
1527463722723;7526;8065;131;353837056;48171096;69723291
1527463722824;7536;8076;131;353837056;48172809;69725220
1527463722924;7546;8089;131;353837056;48174523;69727150
1527463723025;7556;8100;131;353837056;48176237;69729080
1527463723126;7566;8111;131;353837056;48178053;69731922
1527463723226;7576;8125;131;353837056;48180654;69733905
1527463723326;7586;8133;132;353837056;48182363;69735830
1527463723426;7597;8144;132;353837056;48184075;69737758
1527463723526;7607;8156;132;353837056;48185791;69739690
1527463723626;7617;8166;132;353837056;48187505;69741620
1527463723726;7627;8176;132;353837056;48189603;69743546
1527463723826;7637;8187;132;353837056;48191315;69745474
1527463723926;7647;8196;132;353837056;48193028;69747403
1527463724026;7657;8206;132;353837056;48195597;69750296
1527463724126;7667;8215;133;353837056;48197309;69752224
1527463724226;7677;8224;133;353837056;48199021;69754152
1527463724326;7687;8234;133;353837056;48200736;69756083
1527463724426;7697;8247;133;353837056;48202450;69758013
1527463724526;7707;8257;134;353837056;48204160;69759939
1527463724626;7717;8267;134;353837056;48205874;69761869
1527463724726;7727;8276;134;353837056;48208447;69764766
1527463724826;7737;8287;134;353837056;48210158;69766693
1527463724926;7747;8297;134;353837056;48211924;69768625
1527463725027;7757;8307;134;353837056;48213638;69770555
1527463725128;7767;8319;134;353837056;48215352;69772485
1527463725229;7777;8329;134;353837056;48217065;69774414
1527463725330;7787;8341;134;353837056;48218868;69776341
1527463725431;7797;8351;134;353837056;48220584;69778273
1527463725532;7807;8362;134;353837056;48223155;69781168
1527463725632;7817;8372;134;353837056;48224867;69783096
1527463725732;7827;8384;134;353837056;48226582;69785027
1527463725832;7837;8394;134;353837056;48228294;69786955
1527463725932;7847;8404;135;353837056;48230008;69788885
1527463726032;7857;8413;135;353837056;48231722;69790815
1527463726132;7867;8422;136;353837056;48233436;69793659
1527463726232;7877;8430;138;353837056;48236006;69795639
1527463726332;7887;8438;138;353837056;48236864;69796605
1527463726432;7897;8450;138;353837056;48238630;69798587
1527463726532;7907;8459;139;353837056;48240343;69800516
1527463726632;7917;8469;139;353837056;48243034;69803460
1527463726732;7927;8479;139;353837056;48244863;69805501
1527463726832;7937;8489;140;353837056;48246576;69807430
1527463726932;7947;8500;140;353837056;48248289;69809359
1527463727032;7957;8511;140;353837056;48250005;69811291
1527463727132;7967;8522;140;353837056;48251721;69813223
1527463727232;7977;8536;140;353837056;48253434;69815152
1527463727332;7987;8548;142;353837056;48255147;69817081
1527463727432;7997;8560;142;353837056;48256858;69819008
1527463727532;8007;8571;142;353837056;48258571;69820937
1527463727632;8017;8582;142;353837056;48260284;69822866
1527463727732;8027;8591;142;353837056;48261995;69824793
1527463727832;8037;8600;142;353837056;48263712;69826726
1527463727932;8047;8613;142;353837056;48265425;69828655
1527463728032;8057;8624;142;353837056;48267138;69830584
1527463728132;8067;8633;142;353837056;48268849;69832511
1527463728232;8077;8643;142;353837056;48270562;69834440
1527463728332;8087;8652;142;353837056;48272274;69836368
1527463728432;8097;8663;142;353837056;48273989;69838299
1527463728532;8107;8674;142;353837056;48275701;69840227
1527463728632;8117;8684;142;353837056;48277413;69842155
1527463728732;8127;8696;142;353837056;48279125;69844083
1527463728832;8137;8709;142;353837056;48280839;69846013
1527463728932;8147;8720;142;353837056;48282549;69847939
1527463729032;8157;8731;142;353837056;48284260;69849866
1527463729132;8167;8742;142;353837056;48285974;69851796
1527463729232;8177;8754;142;353837056;48287688;69853726
1527463729332;8187;8765;142;353837056;48289398;69855652
1527463729432;8197;8775;142;353837056;48291109;69857579
1527463729533;8207;8787;142;353837056;48292823;69859509
1527463729634;8217;8798;142;353837056;48294536;69861438
1527463729734;8227;8809;142;353837056;48296247;69863365
1527463729835;8237;8820;142;353837056;48297960;69865294
1527463729936;8247;8830;142;353837056;48299675;69867225
1527463730036;8257;8845;142;353837056;48301389;69869155
1527463730136;8267;8856;142;353837056;48303103;69871085
1527463730236;8278;8867;142;353837056;48304814;69873012
1527463730336;8288;8878;142;353837056;48306529;69874943
1527463730436;8298;8890;142;353837056;48308244;69876874
1527463730536;8308;8900;142;353837056;48309955;69878801
1527463730636;8318;8912;142;353837056;48311666;69880728
1527463730736;8328;8922;143;353837056;48313378;69882656
1527463730836;8338;8934;143;353837056;48315095;69884589
1527463730936;8348;8944;143;353837056;48316810;69886520
1527463731036;8358;8957;143;353837056;48318521;69888447
1527463731136;8368;8969;143;353837056;48320235;69890377
1527463731236;8378;8984;143;353837056;48321947;69892305
1527463731336;8388;8994;145;353837056;48324569;69895251
1527463731436;8398;9002;146;353837056;48326283;69897181
1527463731536;8408;9017;146;353837056;48327997;69899111
1527463731636;8418;9026;146;353837056;48329952;69901207
1527463731736;8428;9037;146;353837056;48331664;69903135
1527463731836;8438;9046;146;353837056;48333375;69905062
1527463731936;8448;9057;146;353837056;48335087;69906990
1527463732036;8458;9067;146;353837056;48336799;69908918
1527463732136;8468;9078;147;353837056;48338511;69910846
1527463732236;8478;9090;147;353837056;48340226;69912777
1527463732336;8488;9099;147;353837056;48341942;69914709
1527463732436;8498;9110;147;353837056;48343653;69916636
1527463732536;8508;9120;148;353837056;48345366;69918565
1527463732636;8518;9131;148;353837056;48347076;69920491
1527463732736;8528;9142;148;353837056;48348789;69922420
1527463732836;8538;9152;148;353837056;48350500;69924347
1527463732936;8548;9163;148;353837056;48352212;69926275
1527463733036;8558;9173;149;353837056;48353925;69928204
1527463733136;8568;9186;149;353837056;48355638;69930133
1527463733237;8578;9196;149;353837056;48357351;69932062
1527463733338;8588;9206;149;353837056;48359064;69933991
1527463733439;8598;9218;149;353837056;48360778;69935921
1527463733540;8608;9229;149;353837056;48362489;69937848
1527463733640;8618;9240;149;353837056;48365059;69940742
1527463733740;8628;9252;149;353837056;48366019;69942620
1527463733840;8638;9261;149;353837056;48368488;69944603
1527463733940;8648;9273;149;353837056;48370201;69946532
1527463734040;8658;9284;149;353837056;48371913;69948460
1527463734140;8668;9296;149;353837056;48373625;69950388
1527463734240;8678;9305;150;353837056;48375339;69952318
1527463734340;8688;9316;150;353837056;48377052;69954247
1527463734440;8698;9325;150;353837056;48378768;69956179
1527463734540;8708;9339;151;353837056;48380481;69958108
1527463734640;8718;9353;151;353837056;48382194;69960037
1527463734740;8728;9363;152;353837056;48383905;69961964
1527463734840;8738;9373;152;353837056;48385621;69963896
1527463734940;8748;9384;152;353837056;48387334;69965825
1527463735040;8758;9394;152;353837056;48389048;69967755
1527463735140;8768;9404;152;353837056;48390760;69969683
1527463735240;8778;9415;152;353837056;48392473;69971612
1527463735340;8788;9426;152;353837056;48394187;69973542
1527463735440;8798;9437;152;353837056;48395901;69975472
1527463735540;8808;9447;153;353837056;48397617;69977404
1527463735640;8818;9459;153;353837056;48399328;69979331
1527463735740;8828;9471;153;353837056;48401037;69981256
1527463735840;8838;9481;153;353837056;48402749;69983184
1527463735940;8848;9493;153;353837056;48404469;69985120
1527463736040;8858;9508;153;353837056;48406199;69987066
1527463736140;8868;9518;153;353837056;48407926;69989009
1527463736240;8878;9530;153;353837056;48409704;69991003
1527463736340;8888;9540;153;353837056;48411432;69992947
1527463736440;8898;9551;153;353837056;48413158;69994889
1527463736540;8908;9561;153;353837056;48415006;69996830
1527463736640;8918;9572;153;353837056;48416849;69998885
1527463736740;8928;9582;153;353837056;48418574;70000826
1527463736840;8938;9592;153;353837056;48420297;70002765
1527463736940;8948;9602;153;353837056;48422019;70004703
1527463737040;8958;9613;153;353837056;48423742;70006642
1527463737140;8968;9621;154;353837056;48426327;70009551
1527463737240;8978;9632;154;353837056;48428049;70011489
1527463737340;8988;9640;155;353837056;48429771;70013427
1527463737440;8998;9651;155;353837056;48431495;70015367
1527463737540;9008;9661;155;353837056;48433221;70017309
1527463737640;9018;9670;155;353837056;48434945;70019249
1527463737740;9028;9683;155;353837056;48436666;70021186
1527463737840;9038;9692;155;353837056;48438385;70023121
1527463737940;9048;9705;155;353837056;48440109;70025061
1527463738040;9058;9715;155;353837056;48441830;70026998
1527463738140;9068;9726;155;353837056;48443552;70028936
1527463738240;9078;9736;155;353837056;48445275;70030875
1527463738340;9088;9745;156;353837056;48447104;70033732
1527463738440;9098;9755;156;353837056;48448824;70035670
1527463738540;9108;9766;156;353837056;48451308;70037664
1527463738640;9118;9780;157;353837056;48453032;70039604
1527463738740;9128;9790;157;353837056;48454752;70041540
1527463738840;9138;9800;157;353837056;48456477;70043481
1527463738940;9148;9810;157;353837056;48458202;70045422
1527463739040;9158;9820;157;353837056;48459923;70047359
1527463739140;9168;9829;157;353837056;48461646;70049246
1527463739240;9178;9839;157;353837056;48463371;70051239
1527463739340;9188;9848;157;353837056;48465092;70053176
1527463739440;9198;9859;157;353837056;48466816;70055116
1527463739540;9208;9869;158;353837056;48468541;70057057
1527463739640;9218;9879;158;353837056;48470262;70058994
1527463739740;9228;9889;158;353837056;48471984;70060932
1527463739840;9238;9901;158;353837056;48473705;70062869
1527463739940;9248;9914;158;353837056;48475477;70064807
1527463740040;9258;9926;158;353837056;48477198;70066744
1527463740140;9268;9935;158;353837056;48478920;70068682
1527463740240;9278;9945;158;353837056;48480643;70070621
1527463740340;9288;9956;158;353837056;48482415;70072563
1527463740440;9298;9967;158;353837056;48484138;70075422
1527463740540;9308;9976;158;353837056;48485967;70077362
1527463740640;9318;9986;158;353837056;48488500;70079358
1527463740740;9328;9997;158;353837056;48490222;70081296
1527463740840;9338;10007;159;353837056;48491941;70083231
1527463740940;9348;10016;159;353837056;48493666;70085172
1527463741040;9358;10026;159;353837056;48495440;70087162
1527463741140;9368;10035;160;353837056;48497163;70089101
1527463741240;9378;10046;160;353837056;48498881;70091035
1527463741340;9388;10056;160;353837056;48500598;70092968
1527463741440;9398;10069;160;353837056;48502549;70095060
1527463741540;9408;10078;160;353837056;48504261;70096988
1527463741640;9418;10089;160;353837056;48505971;70098914
1527463741740;9428;10101;160;353837056;48507682;70100841
1527463741840;9438;10113;160;353837056;48509391;70102766
1527463741940;9448;10122;160;353837056;48511103;70104694
1527463742040;9458;10132;160;353837056;48512816;70106623
1527463742140;9468;10143;160;353837056;48514526;70108549
1527463742240;9478;10153;160;353837056;48516237;70110476
1527463742340;9488;10165;160;353837056;48518802;70113365
1527463742440;9498;10174;160;353837056;48520513;70115292
1527463742540;9508;10184;160;353837056;48522222;70117217
1527463742640;9518;10195;160;353837056;48523938;70119149
1527463742740;9528;10205;160;353837056;48525650;70121077
1527463742840;9538;10215;160;353837056;48527359;70123002
1527463742940;9548;10228;160;353837056;48529071;70124930
1527463743040;9558;10239;161;353837056;48530780;70126855
1527463743140;9568;10249;162;353837056;48532491;70128782
1527463743240;9578;10259;162;353837056;48534200;70130707
1527463743340;9588;10270;163;353837056;48535914;70132637
1527463743440;9598;10281;163;353837056;48537622;70134561
1527463743540;9608;10292;163;353837056;48539336;70136491
1527463743640;9618;10302;163;353837056;48541051;70138422
1527463743740;9628;10312;163;353837056;48543619;70141314
1527463743840;9638;10323;163;353837056;48545331;70143242
1527463743940;9648;10333;163;353837056;48547038;70145165
1527463744040;9658;10344;163;353837056;48548751;70147094
1527463744140;9668;10355;163;353837056;48550460;70149019
1527463744240;9678;10365;163;353837056;48552176;70150951
1527463744340;9688;10375;163;353837056;48553888;70152879
1527463744440;9698;10386;163;353837056;48555600;70154807
1527463744540;9708;10396;163;353837056;48557312;70156735
1527463744640;9718;10406;163;353837056;48559027;70158666
1527463744740;9728;10416;163;353837056;48560883;70160593
1527463744840;9738;10427;163;353837056;48562644;70162520
1527463744940;9748;10436;163;353837056;48564353;70164445
1527463745040;9758;10447;163;353837056;48566063;70166371
1527463745140;9768;10462;163;353837056;48567773;70168297
1527463745240;9778;10473;164;353837056;48569485;70170225
1527463745340;9788;10481;166;353837056;48571197;70172153
1527463745440;9798;10494;166;353837056;48572909;70174081
1527463745540;9808;10504;166;353837056;48574620;70176008
1527463745640;9818;10515;166;353837056;48577187;70178899
1527463745740;9828;10526;166;353837056;48579113;70180830
1527463745840;9838;10536;166;353837056;48580827;70182760
1527463745940;9848;10548;166;353837056;48582587;70184736
1527463746040;9858;10557;166;353837056;48584296;70186661
1527463746140;9868;10567;166;353837056;48586010;70188591
1527463746240;9878;10578;166;353837056;48587845;70190571
1527463746340;9888;10588;166;353837056;48589672;70192610
1527463746440;9898;10598;166;353837056;48591379;70194533
1527463746540;9908;10607;166;353837056;48593093;70196463
1527463746640;9918;10616;167;353837056;48594800;70198386
1527463746740;9928;10626;167;353837056;48596512;70200314
1527463746840;9938;10636;167;353837056;48598226;70202244
1527463746940;9948;10646;167;353837056;48599938;70204172
1527463747040;9958;10656;168;353837056;48602505;70207063
1527463747140;9968;10667;168;353837056;48604219;70208993
1527463747241;9978;10677;168;353837056;48605932;70210922
1527463747342;9988;10687;168;353837056;48607645;70212851
1527463747443;9998;10698;168;353837056;48609356;70214778
1527463747544;10008;10707;169;353837056;48611067;70216705
1527463747645;10018;10717;169;353837056;48612780;70218634
1527463747746;10028;10726;170;353837056;48614491;70220561
1527463747846;10038;10737;170;353837056;48616202;70222488
1527463747946;10049;10746;170;353837056;48617915;70224417
1527463748046;10059;10758;170;353837056;48619627;70226345
1527463748146;10069;10772;170;353837056;48621340;70228274
1527463748246;10079;10783;170;353837056;48623910;70231168
1527463748346;10089;10793;171;353837056;48625624;70233098
1527463748446;10099;10805;171;353837056;48627338;70235028
1527463748546;10109;10816;171;353837056;48629049;70236955
1527463748646;10119;10826;171;353837056;48630763;70238885
1527463748746;10129;10835;171;353837056;48632685;70240812
1527463748846;10139;10845;171;353837056;48633647;70242690
1527463748946;10149;10855;172;353837056;48635255;70243706
1527463749046;10159;10865;172;353837056;48636968;70245635
1527463749146;10169;10874;172;353837056;48638678;70247561
1527463749246;10179;10883;173;353837056;48640389;70249488
1527463749346;10189;10893;173;353837056;48642204;70252328
1527463749446;10199;10903;174;353837056;48644667;70254306
1527463749546;10209;10913;174;353837056;48646381;70256236
1527463749646;10219;10925;174;353837056;48648094;70258165
1527463749746;10229;10936;174;353837056;48649808;70260095
1527463749846;10239;10946;174;353837056;48651520;70262023
1527463749946;10249;10956;174;353837056;48653234;70263953
1527463750046;10259;10968;174;353837056;48654946;70265881
1527463750146;10269;10977;174;353837056;48656659;70267810
1527463750246;10279;10988;174;353837056;48658372;70269739
1527463750346;10289;10997;174;353837056;48660085;70271668
1527463750446;10299;11008;174;353837056;48661796;70273595
1527463750546;10309;11018;174;353837056;48664362;70276433
1527463750646;10319;11028;174;353837056;48666072;70278411
1527463750746;10329;11038;174;353837056;48667784;70280339
1527463750846;10339;11049;174;353837056;48669549;70282268
1527463750947;10349;11060;174;353837056;48670403;70283282
1527463751048;10359;11070;174;353837056;48672975;70286178
1527463751149;10369;11083;174;353837056;48674928;70288272
1527463751250;10379;11095;175;353837056;48676637;70290197
1527463751351;10389;11107;175;353837056;48678350;70292126
1527463751451;10399;11117;175;353837056;48680063;70294055
1527463751551;10409;11126;175;353837056;48681775;70295983
1527463751651;10419;11140;175;353837056;48682631;70296947
1527463751751;10429;11151;175;353837056;48684342;70298874
1527463751851;10439;11163;175;353837056;48686055;70300803
1527463751951;10449;11173;175;353837056;48687765;70302729
1527463752051;10459;11183;175;353837056;48689477;70304657
1527463752151;10469;11198;176;353837056;48691190;70306586
1527463752251;10479;11208;176;353837056;48692904;70308516
1527463752351;10489;11219;176;353837056;48694614;70310442
1527463752452;10499;11231;176;353837056;48696327;70312371
1527463752553;10509;11244;176;353837056;48698042;70314302
1527463752654;10519;11255;177;353837056;48699755;70316231
1527463752754;10529;11267;177;353837056;48701468;70318160
1527463752854;10539;11279;177;353837056;48703181;70320089
1527463752954;10549;11291;177;353837056;48704897;70322021
1527463753054;10559;11300;177;353837056;48706608;70323948
1527463753154;10569;11310;177;353837056;48708323;70325879
1527463753254;10579;11321;177;353837056;48710035;70327807
1527463753354;10589;11332;177;353837056;48711749;70329737
1527463753454;10599;11343;177;353837056;48713464;70331668
1527463753554;10609;11354;178;353837056;48715177;70333597
1527463753654;10619;11365;178;353837056;48716886;70335522
1527463753754;10629;11376;178;353837056;48718987;70337451
1527463753854;10639;11387;178;353837056;48720699;70339379
1527463753954;10649;11399;178;353837056;48722411;70341307
1527463754054;10659;11409;179;353837056;48724125;70343237
1527463754154;10669;11419;179;353837056;48725838;70345166
1527463754254;10679;11430;179;353837056;48727549;70347093
1527463754354;10689;11439;179;353837056;48729264;70349024
1527463754454;10699;11451;179;353837056;48730978;70350954
1527463754554;10709;11465;179;353837056;48732688;70352880
1527463754654;10719;11477;179;353837056;48734400;70354808
1527463754754;10729;11488;179;353837056;48736114;70356738
1527463754854;10739;11497;180;353837056;48737983;70359582
1527463754954;10749;11506;180;353837056;48739694;70361509
1527463755054;10759;11515;181;353837056;48742159;70363489
1527463755154;10769;11525;181;353837056;48743869;70365415
1527463755254;10779;11536;181;353837056;48745580;70367342
1527463755354;10789;11545;181;353837056;48747388;70369270
1527463755454;10799;11555;181;353837056;48749099;70371197
1527463755554;10809;11568;181;353837056;48750858;70373126
1527463755654;10819;11577;181;353837056;48752572;70375056
1527463755754;10829;11589;181;353837056;48754285;70376985
1527463755854;10839;11598;182;353837056;48756049;70378965
1527463755954;10849;11610;182;353837056;48757761;70380893
1527463756054;10859;11620;182;353837056;48759476;70382824
1527463756154;10869;11630;183;353837056;48761425;70384862
1527463756254;10879;11640;183;353837056;48763138;70386791
1527463756354;10889;11653;184;353837056;48764848;70388717
1527463756454;10899;11662;184;353837056;48766561;70390646
1527463756554;10909;11674;184;353837056;48768275;70392576
1527463756654;10919;11682;185;353837056;48769991;70394508
1527463756754;10929;11695;185;353837056;48771704;70396437
1527463756854;10939;11706;185;353837056;48773415;70398364
1527463756954;10949;11720;185;353837056;48775127;70400292
1527463757054;10959;11731;185;353837056;48776837;70402218
1527463757154;10969;11741;185;353837056;48778552;70404149
1527463757254;10979;11753;185;353837056;48780267;70406080
1527463757354;10989;11763;186;353837056;48781979;70408008
1527463757454;10999;11774;186;353837056;48783688;70409933
1527463757554;11009;11787;187;353837056;48785401;70411862
1527463757654;11019;11797;187;353837056;48787115;70413792
1527463757754;11029;11809;187;353837056;48788828;70415721
1527463757854;11039;11820;187;353837056;48790540;70417649
1527463757954;11049;11832;187;353837056;48792251;70419576
1527463758054;11059;11842;187;353837056;48793962;70421503
1527463758154;11069;11854;187;353837056;48795674;70423431
1527463758254;11079;11866;187;353837056;48797384;70425357
1527463758354;11089;11877;187;353837056;48799100;70427289
1527463758454;11099;11891;187;353837056;48800813;70429218
1527463758554;11109;11902;188;353837056;48802526;70431147
1527463758654;11119;11913;188;353837056;48804239;70433076
1527463758754;11129;11924;188;353837056;48805954;70435007
1527463758854;11139;11935;188;353837056;48807667;70436936
1527463758954;11149;11946;188;353837056;48809379;70438864
1527463759054;11159;11956;188;353837056;48811091;70440792
1527463759154;11169;11967;188;353837056;48812805;70442722
1527463759254;11179;11978;188;353837056;48814519;70444652
1527463759354;11189;11986;190;353837056;48816228;70446577
1527463759454;11199;11996;190;353837056;48817938;70448503
1527463759554;11209;12008;190;353837056;48819647;70450428
1527463759654;11219;12018;190;353837056;48821358;70452355
1527463759754;11229;12028;190;353837056;48823071;70454284
1527463759854;11239;12039;190;353837056;48824788;70456217
1527463759954;11249;12048;190;353837056;48826503;70458148
1527463760054;11259;12059;190;353837056;48828214;70460075
1527463760154;11269;12069;190;353837056;48829925;70462002
1527463760254;11279;12081;190;353837056;48831636;70463929
1527463760354;11289;12092;190;353837056;48833351;70465860
1527463760454;11299;12104;190;353837056;48835068;70467793
1527463760554;11309;12117;190;353837056;48836779;70469720
1527463760654;11319;12128;190;353837056;48838495;70471652
1527463760754;11329;12139;190;353837056;48840208;70473581
1527463760854;11339;12149;190;353837056;48841974;70475563
1527463760954;11349;12160;190;353837056;48843681;70477486
1527463761054;11359;12172;190;353837056;48845391;70479412
1527463761154;11369;12183;190;353837056;48847343;70481505
1527463761254;11379;12193;190;353837056;48849056;70483434
1527463761354;11389;12204;190;353837056;48850769;70485363
1527463761454;11399;12217;190;353837056;48852481;70487291
1527463761554;11409;12228;190;353837056;48854195;70489221
1527463761654;11419;12239;190;353837056;48855908;70491150
1527463761754;11429;12250;190;353837056;48857723;70493986
1527463761854;11439;12260;190;353837056;48860183;70495965
1527463761954;11449;12271;190;353837056;48861896;70497894
1527463762054;11459;12282;190;353837056;48863607;70499821
1527463762154;11469;12290;191;353837056;48865317;70501747
1527463762254;11479;12303;191;353837056;48867033;70503679
1527463762354;11489;12314;192;353837056;48868748;70505610
1527463762454;11499;12324;192;353837056;48870460;70507538
1527463762554;11509;12337;193;353837056;48872173;70509467
1527463762654;11519;12347;193;353837056;48873887;70511397
1527463762754;11529;12358;193;353837056;48875597;70513323
1527463762854;11539;12371;193;353837056;48877309;70515251
1527463762954;11549;12380;193;353837056;48879020;70517178
1527463763054;11559;12391;193;353837056;48880731;70519105
1527463763154;11569;12403;193;353837056;48882441;70521031
1527463763254;11579;12413;193;353837056;48884150;70522956
1527463763354;11589;12423;193;353837056;48885860;70524882
1527463763454;11599;12434;193;353837056;48887568;70526806
1527463763554;11609;12444;193;353837056;48889280;70528734
1527463763654;11619;12454;193;353837056;48890991;70530661
1527463763754;11629;12464;193;353837056;48892703;70532589
1527463763854;11639;12477;193;353837056;48894416;70534518
1527463763954;11649;12489;193;353837056;48896128;70536446
1527463764054;11659;12500;193;353837056;48897840;70538374
1527463764154;11669;12510;194;353837056;48899551;70540301
1527463764254;11679;12522;194;353837056;48901262;70542228
1527463764354;11689;12532;194;353837056;48902974;70544156
1527463764454;11699;12543;194;353837056;48904686;70546084
1527463764554;11709;12554;194;353837056;48906399;70548013
1527463764654;11719;12566;194;353837056;48908112;70549942
1527463764754;11729;12577;194;353837056;48909823;70551869
1527463764854;11739;12587;194;353837056;48911535;70553797
1527463764954;11749;12598;194;353837056;48913245;70555723
1527463765054;11759;12608;194;353837056;48914956;70557650
1527463765154;11769;12618;195;353837056;48916664;70559574
1527463765254;11779;12628;195;353837056;48918372;70561498
1527463765354;11789;12638;195;353837056;48920079;70563421
1527463765454;11799;12650;195;353837056;48921791;70565349
1527463765554;11809;12660;195;353837056;48923506;70567280
1527463765654;11819;12671;195;353837056;48925213;70569203
1527463765754;11829;12681;195;353837056;48926978;70571184
1527463765854;11839;12690;195;353837056;48928691;70573113
1527463765954;11849;12701;195;353837056;48930403;70575041
1527463766054;11859;12712;195;353837056;48932239;70577022
1527463766154;11869;12727;195;353837056;48934067;70579062
1527463766254;11879;12737;196;353837056;48935782;70580993
1527463766354;11889;12749;196;353837056;48937495;70582922
1527463766454;11899;12764;196;353837056;48939206;70584849
1527463766554;11909;12774;196;353837056;48940917;70586776
1527463766654;11919;12784;196;353837056;48942624;70588699
1527463766754;11929;12795;196;353837056;48944339;70590630
1527463766854;11939;12806;196;353837056;48946050;70592557
1527463766954;11949;12816;196;353837056;48947763;70594486
1527463767054;11959;12826;196;353837056;48949476;70596415
1527463767154;11969;12838;196;353837056;48951191;70598346
1527463767254;11979;12851;196;353837056;48952903;70600274
1527463767354;11989;12865;196;353837056;48954616;70602203
1527463767454;11999;12876;196;353837056;48956326;70604129
1527463767555;12009;12886;196;353837056;48958039;70606058
1527463767656;12019;12899;196;353837056;48959856;70608899
1527463767756;12029;12910;196;353837056;48961463;70609914
1527463767856;12039;12920;197;353837056;48964031;70612806
1527463767956;12049;12931;197;353837056;48964993;70614686
1527463768056;12060;12940;197;353837056;48966605;70615704
1527463768156;12070;12953;197;353837056;48968423;70618547
1527463768256;12080;12963;197;353837056;48970137;70620477
1527463768356;12090;12973;198;353837056;48972602;70622457
1527463768456;12100;12984;198;353837056;48974314;70624385
1527463768556;12110;12993;198;353837056;48976025;70626312
1527463768656;12120;13003;198;353837056;48977740;70628243
1527463768756;12130;13013;198;353837056;48979452;70630171
1527463768856;12140;13024;198;353837056;48981165;70632100
1527463768956;12150;13033;198;353837056;48982877;70634028
1527463769056;12160;13042;199;353837056;48984590;70635957
1527463769156;12170;13052;199;353837056;48986305;70637888
1527463769256;12180;13062;199;353837056;48988021;70639820
1527463769356;12190;13074;199;353837056;48989735;70641750
1527463769456;12200;13084;199;353837056;48991450;70643681
1527463769556;12210;13095;199;353837056;48993158;70645605
1527463769656;12220;13106;199;353837056;48994870;70647533
1527463769756;12230;13116;200;353837056;48996584;70649463
1527463769856;12240;13128;200;353837056;48998345;70651390
1527463769956;12250;13138;200;353837056;49000164;70654234
1527463770056;12260;13149;200;353837056;49001821;70655252
1527463770156;12270;13159;200;353837056;49003534;70657181
1527463770256;12280;13170;201;353837056;49005246;70659109
1527463770356;12290;13180;201;353837056;49006957;70661036
1527463770456;12300;13191;202;353837056;49008670;70662965
1527463770556;12310;13201;202;353837056;49010429;70664894
1527463770656;12320;13213;202;353837056;49012138;70666819
1527463770756;12330;13224;202;353837056;49013901;70668798
1527463770856;12340;13239;203;353837056;49015612;70670725
1527463770956;12350;13253;203;353837056;49017324;70672653
1527463771056;12360;13263;204;353837056;49019276;70674746
1527463771156;12370;13276;204;353837056;49020987;70676673
1527463771256;12380;13286;204;353837056;49022701;70678603
1527463771356;12390;13296;204;353837056;49024413;70680894
1527463771456;12400;13306;204;353837056;49026127;70682461
1527463771556;12410;13316;204;353837056;49028696;70685354
1527463771656;12420;13326;204;353837056;49030409;70687283
1527463771757;12430;13336;204;353837056;49031368;70689156
1527463771858;12440;13346;204;353837056;49033832;70691138
1527463771959;12450;13356;205;353837056;49035545;70693067
1527463772060;12460;13367;205;353837056;49037258;70694996
1527463772160;12470;13377;205;353837056;49038970;70696924
1527463772260;12480;13387;205;353837056;49040682;70698852
1527463772360;12490;13397;205;353837056;49042396;70700782
1527463772460;12500;13408;205;353837056;49044111;70702713
1527463772560;12510;13417;205;353837056;49045825;70704643
1527463772660;12520;13428;205;353837056;49047537;70706571
1527463772760;12530;13439;206;353837056;49049248;70708498
1527463772860;12540;13450;206;353837056;49050959;70710425
1527463772961;12550;13460;206;353837056;49052671;70712353
1527463773062;12560;13474;206;353837056;49054382;70714280
1527463773163;12570;13485;206;353837056;49056093;70716207
1527463773264;12580;13497;206;353837056;49057806;70718136
1527463773365;12590;13509;206;353837056;49059520;70720066
1527463773466;12600;13523;206;353837056;49061232;70721994
1527463773566;12610;13532;207;353837056;49062943;70723921
1527463773666;12620;13543;207;353837056;49063799;70724885
1527463773766;12631;13553;207;353837056;49065514;70726816
1527463773866;12641;13565;208;353837056;49067226;70728744
1527463773966;12651;13576;208;353837056;49068938;70730672
1527463774066;12661;13588;208;353837056;49070651;70732601
1527463774166;12671;13600;209;353837056;49072361;70734527
1527463774266;12681;13611;210;353837056;49074072;70736454
1527463774366;12691;13623;210;353837056;49075784;70738382
1527463774466;12701;13634;210;353837056;49077496;70740310
1527463774566;12711;13645;210;353837056;49079207;70742237
1527463774666;12721;13654;211;353837056;49080920;70744166
1527463774766;12731;13669;211;353837056;49082634;70746096
1527463774866;12741;13682;211;353837056;49084343;70748021
1527463774966;12751;13694;211;353837056;49086056;70749950
1527463775066;12761;13708;211;353837056;49087767;70751877
1527463775166;12771;13719;211;353837056;49089483;70753809
1527463775266;12781;13730;211;353837056;49091198;70755740
1527463775366;12791;13740;211;353837056;49092911;70757669
1527463775466;12801;13751;211;353837056;49094624;70759598
1527463775566;12811;13760;211;353837056;49096337;70761527
1527463775666;12821;13772;211;353837056;49098053;70763459
1527463775766;12831;13782;211;353837056;49099818;70765440
1527463775866;12841;13793;211;353837056;49101530;70767368
1527463775966;12851;13804;212;353837056;49103244;70769298
1527463776066;12861;13814;212;353837056;49105197;70771340
1527463776166;12871;13827;212;353837056;49106910;70773269
1527463776266;12881;13838;212;353837056;49108627;70775202
1527463776366;12891;13850;212;353837056;49110339;70777130
1527463776466;12901;13863;212;353837056;49112049;70779056
1527463776566;12911;13873;212;353837056;49113763;70780986
1527463776666;12921;13884;212;353837056;49115475;70782914
1527463776766;12931;13895;212;353837056;49117187;70784842
1527463776866;12941;13904;213;353837056;49118903;70786774
1527463776966;12951;13915;214;353837056;49120612;70788699
