currentTs;total_time;user_time;sys_time;virtual_size;in_octets;out_octets
1527373040435;1;0;0;315392;24838832;37234313
1527373040535;11;8;1;300900352;24838832;37234313
1527373040635;21;18;1;306909184;24838832;37234313
1527373040735;31;28;1;306909184;24838832;37234313
1527373040835;41;39;1;311758848;24838832;37234313
1527373040935;51;51;2;312897536;24838832;37234313
1527373041035;61;62;2;313946112;24838832;37234313
1527373041135;71;76;2;313946112;24838832;37234313
1527373041235;81;86;2;313946112;24838832;37234313
1527373041335;91;96;2;313946112;24838832;37234313
1527373041435;101;107;2;313946112;24838832;37234313
1527373041535;111;122;2;314019840;24838832;37234313
1527373041636;121;131;3;314019840;24839097;37234825
1527373041737;131;143;3;314019840;24839097;37234825
1527373041838;141;154;3;314019840;24839097;37234825
1527373041938;151;169;3;314019840;24839097;37234825
1527373042039;161;180;3;314019840;24839097;37234825
1527373042140;172;188;6;314019840;24839097;37234825
1527373042241;182;198;6;314019840;24839147;37234825
1527373042342;192;209;6;315068416;24839147;37234825
1527373042442;202;221;6;315088896;24839147;37234825
1527373042542;212;230;8;315219968;24839147;37234825
1527373042642;222;240;8;315219968;24839702;37234825
1527373042742;232;251;9;315219968;24839702;37234825
1527373042842;242;264;9;316268544;24839702;37234825
1527373042942;252;275;9;316268544;24839702;37234825
1527373043042;262;286;9;316510208;24839702;37234825
1527373043142;272;299;11;317558784;24839702;37234825
1527373043242;282;312;11;318607360;24839702;37234825
1527373043342;292;322;11;318607360;24839702;37234825
1527373043442;302;333;11;318607360;24839702;37234825
1527373043542;312;343;12;319811584;24839702;37234825
1527373043642;322;354;12;319811584;24839702;37234825
1527373043742;332;364;13;319811584;24839702;37234825
1527373043842;342;376;13;319811584;24839702;37234825
1527373043942;352;387;14;319811584;24839702;37234825
1527373044042;362;396;15;320860160;24839702;37234825
1527373044142;372;407;16;320860160;24839702;37234825
1527373044242;382;418;16;320884736;24839702;37234825
1527373044342;392;430;17;320884736;24839702;37234825
1527373044442;402;442;17;350363648;24839702;37234825
1527373044542;412;452;17;351739904;24840677;37235904
1527373044642;422;464;17;351739904;24840677;37235904
1527373044742;432;479;17;351739904;24841537;37236872
1527373044842;442;491;17;351739904;24842398;37237841
1527373044942;452;502;17;351739904;24843255;37238806
1527373045042;462;516;17;351739904;24844109;37239768
1527373045142;472;528;17;351739904;24845817;37241692
1527373045242;482;539;17;351739904;24846674;37242657
1527373045342;492;553;17;351739904;24847528;37243619
1527373045442;502;564;17;351739904;24849236;37245543
1527373045542;512;576;17;351739904;24850092;37246507
1527373045642;522;586;17;351739904;24851502;37247470
1527373045743;532;597;17;351739904;24853212;37249396
1527373045843;542;608;17;351739904;24854067;37250359
1527373045943;552;618;17;351739904;24855777;37252285
1527373046044;562;629;17;351739904;24856630;37253246
1527373046145;572;640;17;351739904;24857587;37255117
1527373046246;582;650;18;351739904;24859193;37256133
1527373046347;592;661;18;351739904;24860046;37257094
1527373046448;602;671;18;351739904;24861756;37259020
1527373046548;612;683;18;351739904;24863469;37260949
1527373046648;622;696;18;351739904;24864325;37261913
1527373046748;632;707;18;351739904;24866034;37263838
1527373046848;642;720;18;351739904;24866889;37264801
1527373046948;652;738;18;352788480;24868599;37266727
1527373047048;662;757;18;353837056;24869454;37267690
1527373047148;672;771;18;353837056;24871164;37269616
1527373047248;682;781;18;353837056;24872876;37271544
1527373047348;692;794;18;353837056;24873731;37272507
1527373047448;702;805;18;353837056;24875443;37274435
1527373047548;712;819;18;353837056;24877154;37276362
1527373047648;722;827;19;353837056;24878009;37277325
1527373047748;732;838;19;353837056;24879718;37279250
1527373047848;742;849;19;353837056;24881426;37281174
1527373047948;752;862;19;353837056;24882667;37282135
1527373048048;762;873;19;353837056;24884377;37284061
1527373048148;772;883;19;353837056;24886087;37285987
1527373048248;782;894;19;353837056;24887046;37287862
1527373048348;792;903;19;353837056;24888654;37288878
1527373048448;802;914;19;353837056;24890364;37290804
1527373048548;812;928;19;353837056;24892075;37292731
1527373048648;822;938;19;353837056;24893033;37294604
1527373048748;832;948;20;353837056;24894640;37295620
1527373048848;842;957;21;353837056;24896351;37297547
1527373048948;852;967;21;353837056;24898064;37299476
1527373049048;862;977;21;353837056;24899021;37301346
1527373049148;872;989;21;353837056;24900626;37302362
1527373049248;882;999;21;353837056;24902336;37304288
1527373049348;892;1010;21;353837056;24904045;37306213
1527373049448;902;1020;22;353837056;24905755;37308139
1527373049548;912;1032;22;353837056;24906715;37310014
1527373049648;922;1042;23;353837056;24908325;37311033
1527373049748;932;1052;24;353837056;24910037;37312961
1527373049848;942;1064;24;353837056;24911747;37314887
1527373049948;952;1074;24;353837056;24913456;37316812
1527373050048;962;1083;24;353837056;24914311;37317775
1527373050148;972;1093;24;353837056;24916020;37319700
1527373050248;982;1105;24;353837056;24917726;37321622
1527373050348;992;1115;24;353837056;24919435;37323547
1527373050448;1002;1124;25;353837056;24921200;37325528
1527373050548;1012;1135;25;353837056;24922107;37327402
1527373050648;1022;1145;25;353837056;24923859;37328415
1527373050748;1032;1161;25;353837056;24925569;37330341
1527373050848;1042;1171;25;353837056;24927521;37332434
1527373050948;1052;1181;25;353837056;24929278;37334361
1527373051048;1062;1193;25;353837056;24930236;37336237
1527373051148;1072;1201;26;353837056;24931845;37337252
1527373051248;1082;1213;27;353837056;24933552;37339175
1527373051348;1092;1223;27;353837056;24935264;37341103
1527373051448;1102;1232;27;353837056;24936974;37343029
1527373051548;1112;1242;27;353837056;24938686;37344957
1527373051648;1122;1253;27;353837056;24940400;37346887
1527373051748;1132;1269;27;353837056;24941360;37348763
1527373051848;1142;1281;27;353837056;24942967;37349778
1527373051948;1152;1292;27;353837056;24944680;37351707
1527373052048;1162;1301;27;353837056;24946388;37353631
1527373052148;1172;1314;27;353837056;24948099;37355558
1527373052248;1182;1329;27;353837056;24949811;37357486
1527373052348;1192;1337;28;353837056;24951521;37359412
1527373052448;1202;1348;28;353837056;24953232;37361339
1527373052548;1212;1358;28;353837056;24954943;37363266
1527373052648;1222;1369;28;353837056;24955903;37365141
1527373052748;1232;1378;28;353837056;24957508;37366155
1527373052848;1242;1389;28;353837056;24959220;37368083
1527373052948;1252;1398;28;353837056;24960933;37370012
1527373053048;1262;1408;28;353837056;24962643;37371938
1527373053148;1272;1418;28;353837056;24964355;37373866
1527373053248;1282;1426;29;353837056;24966065;37375792
1527373053348;1292;1436;29;353837056;24967772;37377715
1527373053448;1302;1446;30;353837056;24969482;37379641
1527373053548;1312;1461;30;353837056;24970335;37380602
1527373053648;1322;1471;31;353837056;24972149;37383439
1527373053748;1332;1479;31;353837056;24973754;37384453
1527373053848;1342;1488;31;353837056;24975462;37386377
1527373053948;1352;1498;31;353837056;24977174;37388305
1527373054048;1362;1508;31;353837056;24978885;37390232
1527373054148;1372;1517;31;353837056;24980597;37392160
1527373054248;1382;1527;31;353837056;24982308;37394087
1527373054348;1392;1536;33;353837056;24984019;37396014
1527373054448;1402;1546;33;353837056;24985730;37397941
1527373054548;1412;1556;33;353837056;24987438;37399865
1527373054648;1422;1565;33;353837056;24989149;37401792
1527373054748;1432;1574;33;353837056;24990858;37403717
1527373054848;1442;1584;33;353837056;24992570;37405645
1527373054948;1452;1593;33;353837056;24994282;37407573
1527373055048;1462;1604;33;353837056;24995996;37409503
1527373055148;1472;1614;33;353837056;24997707;37411430
1527373055248;1482;1621;34;353837056;24998561;37413306
1527373055348;1492;1631;34;353837056;25000276;37414323
1527373055448;1502;1645;34;353837056;25001988;37416251
1527373055548;1512;1658;34;353837056;25003698;37418177
1527373055648;1522;1669;34;353837056;25005407;37420102
1527373055748;1532;1679;34;353837056;25007170;37422081
1527373055848;1542;1690;34;353837056;25008882;37424009
1527373055948;1552;1699;34;353837056;25010593;37425936
1527373056048;1562;1708;35;353837056;25012430;37427918
1527373056148;1572;1718;35;353837056;25014256;37429956
1527373056248;1582;1730;35;353837056;25015966;37431882
1527373056348;1592;1739;35;353837056;25017674;37433806
1527373056448;1602;1748;36;353837056;25019382;37435730
1527373056548;1612;1758;36;353837056;25021095;37437659
1527373056648;1622;1770;36;353837056;25022807;37439587
1527373056748;1632;1782;36;353837056;25024518;37441514
1527373056848;1642;1798;36;353837056;25026231;37443443
1527373056948;1652;1810;36;353837056;25027943;37445371
1527373057048;1662;1820;36;353837056;25029651;37447295
1527373057148;1672;1831;36;353837056;25031361;37449221
1527373057248;1682;1839;36;353837056;25033067;37451143
1527373057348;1692;1849;36;353837056;25034778;37453070
1527373057448;1702;1858;36;353837056;25036489;37454997
1527373057548;1712;1868;36;353837056;25038198;37456922
1527373057648;1722;1878;36;353837056;25039908;37458848
1527373057748;1732;1887;36;353837056;25041620;37460776
1527373057848;1742;1897;36;353837056;25043331;37462703
1527373057948;1752;1907;36;353837056;25045042;37464630
1527373058048;1762;1918;36;353837056;25046752;37466556
1527373058148;1772;1926;36;353837056;25048463;37468483
1527373058248;1782;1936;36;353837056;25050175;37470411
1527373058348;1792;1946;36;353837056;25051885;37472337
1527373058448;1802;1956;36;353837056;25053598;37474266
1527373058548;1812;1967;36;353837056;25055309;37476193
1527373058648;1822;1981;36;353837056;25057022;37478122
1527373058748;1832;1991;36;353837056;25058730;37480046
1527373058848;1842;2001;36;353837056;25060442;37481974
1527373058948;1852;2011;36;353837056;25062151;37483899
1527373059048;1862;2020;36;353837056;25063860;37485824
1527373059148;1872;2028;37;353837056;25065572;37487752
1527373059248;1882;2038;37;353837056;25067282;37489678
1527373059348;1892;2047;37;353837056;25068993;37491605
1527373059448;1902;2057;37;353837056;25070707;37493535
1527373059548;1912;2067;37;353837056;25072417;37495461
1527373059648;1922;2077;37;353837056;25074128;37497388
1527373059748;1932;2087;37;353837056;25075839;37499315
1527373059848;1942;2096;37;353837056;25077552;37501244
1527373059948;1952;2105;37;353837056;25079263;37503171
1527373060048;1962;2112;39;353837056;25080973;37505097
1527373060148;1972;2122;39;353837056;25082682;37507022
1527373060248;1982;2132;39;353837056;25084390;37508946
1527373060348;1992;2141;39;353837056;25086104;37510876
1527373060448;2002;2152;39;353837056;25087815;37512803
1527373060548;2012;2162;39;353837056;25089527;37514731
1527373060648;2022;2171;39;353837056;25090382;37515694
1527373060748;2032;2181;39;353837056;25092094;37517985
1527373060848;2042;2189;40;353837056;25093858;37519602
1527373060948;2052;2198;41;353837056;25095569;37521529
1527373061048;2062;2208;42;353837056;25097278;37523454
1527373061148;2072;2224;43;353837056;25099227;37525544
1527373061248;2082;2236;43;353837056;25100939;37527472
1527373061348;2092;2247;43;353837056;25102650;37529399
1527373061448;2102;2259;43;353837056;25104363;37531328
1527373061548;2112;2271;43;353837056;25106075;37533256
1527373061648;2122;2281;44;353837056;25107785;37535182
1527373061748;2132;2290;44;353837056;25109496;37537109
1527373061848;2142;2298;45;353837056;25111207;37539399
1527373061948;2152;2307;46;353837056;25113773;37541926
1527373062048;2162;2316;47;353837056;25115483;37543852
1527373062148;2172;2326;47;353837056;25117196;37545781
1527373062248;2182;2336;47;353837056;25118906;37547707
1527373062348;2192;2345;47;353837056;25120618;37549635
1527373062448;2202;2354;47;353837056;25122325;37551558
1527373062548;2212;2364;47;353837056;25124033;37553482
1527373062648;2222;2374;47;353837056;25125741;37555406
1527373062748;2232;2384;47;353837056;25127451;37557332
1527373062848;2242;2393;47;353837056;25129163;37559260
1527373062948;2252;2403;47;353837056;25130873;37561186
1527373063048;2262;2413;47;353837056;25132585;37563114
1527373063148;2272;2423;47;353837056;25135151;37566004
1527373063248;2282;2433;47;353837056;25136865;37567934
1527373063348;2292;2442;47;353837056;25138575;37569860
1527373063448;2302;2452;47;353837056;25140287;37571788
1527373063548;2312;2463;47;353837056;25141997;37573714
1527373063648;2322;2475;48;353837056;25143709;37575642
1527373063748;2332;2485;48;353837056;25145419;37577568
1527373063848;2342;2495;48;353837056;25147129;37579494
1527373063948;2352;2504;48;353837056;25148839;37581420
1527373064048;2362;2513;48;353837056;25150548;37583345
1527373064148;2372;2523;48;353837056;25152260;37585273
1527373064248;2382;2533;48;353837056;25154299;37587200
1527373064348;2392;2543;48;353837056;25156011;37589128
1527373064448;2402;2552;48;353837056;25157723;37591056
1527373064548;2412;2560;49;353837056;25159432;37592981
1527373064648;2422;2571;49;353837056;25161139;37594904
1527373064748;2432;2585;49;353837056;25162849;37596830
1527373064848;2442;2604;49;353837056;25164557;37598754
1527373064948;2452;2620;49;353837056;25166268;37600681
1527373065048;2462;2631;49;353837056;25167978;37602607
1527373065148;2472;2640;50;353837056;25169688;37604533
1527373065248;2482;2649;50;353837056;25171399;37606460
1527373065348;2492;2659;50;353837056;25173109;37608386
1527373065448;2502;2669;50;353837056;25175723;37611274
1527373065548;2512;2678;50;353837056;25177994;37613199
1527373065648;2522;2688;50;353837056;25179803;37615178
1527373065748;2532;2697;50;353837056;25181559;37617104
1527373065848;2542;2706;50;353837056;25183269;37619030
1527373065948;2552;2716;51;353837056;25185099;37621005
1527373066048;2562;2727;51;353837056;25186925;37623043
1527373066148;2572;2738;52;353837056;25188636;37624970
1527373066248;2582;2747;53;353837056;25190348;37626898
1527373066348;2592;2757;53;353837056;25192386;37628824
1527373066448;2602;2766;53;353837056;25194567;37630747
1527373066548;2612;2775;53;353837056;25196278;37632674
1527373066648;2622;2786;53;353837056;25198093;37635512
1527373066748;2632;2795;53;353837056;25199698;37637439
1527373066848;2642;2810;54;353837056;25202262;37639414
1527373066948;2652;2823;54;353837056;25203969;37641337
1527373067048;2662;2833;54;353837056;25205676;37643260
1527373067149;2672;2842;54;353837056;25207385;37645185
1527373067249;2682;2852;54;353837056;25209095;37647111
1527373067349;2692;2861;54;353837056;25210806;37649038
1527373067449;2702;2870;54;353837056;25212842;37650962
1527373067549;2712;2881;54;353837056;25214556;37652892
1527373067649;2723;2889;54;353837056;25216265;37654817
1527373067749;2733;2899;54;353837056;25217974;37657105
1527373067849;2743;2910;54;353837056;25220540;37659632
1527373067949;2753;2917;56;353837056;25222248;37661556
1527373068049;2763;2926;56;353837056;25223959;37663483
1527373068149;2773;2935;56;353837056;25225670;37665410
1527373068249;2783;2944;56;353837056;25227383;37667339
1527373068349;2793;2954;56;353837056;25229093;37669265
1527373068449;2803;2962;57;353837056;25230803;37671191
1527373068549;2813;2973;57;353837056;25232515;37673119
1527373068649;2823;2982;57;353837056;25234229;37675049
1527373068749;2833;2992;57;353837056;25235938;37676974
1527373068849;2843;3002;57;353837056;25238502;37679862
1527373068949;2853;3011;57;353837056;25240213;37681789
1527373069049;2863;3022;57;353837056;25241924;37683716
1527373069149;2873;3031;59;353837056;25243636;37685592
1527373069249;2883;3040;59;353837056;25245346;37687414
1527373069349;2893;3048;60;353837056;25247058;37689394
1527373069449;2903;3057;61;353837056;25248769;37691321
1527373069549;2913;3066;61;353837056;25250580;37694156
1527373069649;2923;3075;61;353837056;25252292;37696084
1527373069749;2933;3085;61;353837056;25254754;37698062
1527373069849;2943;3094;61;353837056;25256464;37699988
1527373069949;2953;3102;62;353837056;25258174;37701914
1527373070049;2963;3112;62;353837056;25259886;37703842
1527373070149;2973;3121;62;353837056;25261599;37705771
1527373070249;2983;3131;62;353837056;25263310;37707698
1527373070349;2993;3141;62;353837056;25265018;37709622
1527373070449;3003;3151;62;353837056;25266779;37711599
1527373070550;3013;3161;62;353837056;25269342;37714486
1527373070651;3023;3171;62;353837056;25271053;37716413
1527373070751;3033;3185;62;353837056;25273004;37718505
1527373070851;3043;3196;62;353837056;25274716;37720433
1527373070951;3053;3205;62;353837056;25276426;37722359
1527373071051;3063;3215;62;353837056;25278137;37724286
1527373071152;3073;3226;62;353837056;25279849;37726214
1527373071253;3083;3236;62;353837056;25281561;37728142
1527373071354;3093;3246;62;353837056;25283272;37730069
1527373071454;3103;3256;62;353837056;25284981;37731994
1527373071554;3113;3265;62;353837056;25287547;37734884
1527373071654;3123;3276;62;353837056;25289261;37736814
1527373071754;3133;3287;62;353837056;25290972;37738741
1527373071854;3143;3296;62;353837056;25292680;37740665
1527373071954;3153;3306;62;353837056;25294390;37742591
1527373072054;3163;3315;62;353837056;25296957;37745430
1527373072154;3173;3325;62;353837056;25298667;37747356
1527373072254;3183;3334;62;353837056;25300376;37749281
1527373072354;3193;3344;62;353837056;25302083;37751204
1527373072454;3203;3354;62;353837056;25303797;37753134
1527373072555;3213;3364;62;353837056;25305507;37755060
1527373072655;3223;3374;62;353837056;25307217;37756986
1527373072755;3233;3384;62;353837056;25309784;37759877
1527373072855;3243;3394;62;353837056;25311495;37761804
1527373072955;3253;3404;62;353837056;25313207;37763732
1527373073055;3263;3413;62;353837056;25314920;37765661
1527373073155;3273;3427;62;353837056;25316630;37767587
1527373073255;3283;3435;63;353837056;25319198;37770375
1527373073355;3293;3444;63;353837056;25320908;37772353
1527373073455;3303;3452;64;353837056;25322616;37774277
1527373073555;3313;3461;64;353837056;25324328;37776205
1527373073655;3323;3471;64;353837056;25326036;37778129
1527373073755;3333;3481;64;353837056;25327747;37780056
1527373073856;3343;3491;64;353837056;25329460;37781985
1527373073956;3353;3501;64;353837056;25331170;37783911
1527373074056;3363;3510;64;353837056;25333738;37786803
1527373074156;3373;3519;64;353837056;25335448;37788729
1527373074256;3383;3532;64;353837056;25337157;37790654
1527373074356;3393;3543;64;353837056;25338869;37792582
1527373074456;3403;3556;64;353837056;25340581;37794510
1527373074556;3413;3565;64;353837056;25342292;37796437
1527373074656;3423;3577;64;353837056;25344004;37798365
1527373074756;3433;3589;64;353837056;25345715;37800292
1527373074856;3443;3598;64;353837056;25347425;37802218
1527373074956;3453;3610;64;353837056;25349134;37804143
1527373075056;3463;3619;64;353837056;25350846;37806071
1527373075156;3473;3630;64;353837056;25352611;37808052
1527373075256;3483;3641;64;353837056;25354321;37809978
1527373075356;3493;3650;64;353837056;25356027;37811900
1527373075456;3503;3659;64;353837056;25357863;37813881
1527373075556;3513;3669;65;353837056;25359691;37815921
1527373075656;3523;3678;65;353837056;25362258;37818812
1527373075756;3533;3686;66;353837056;25363967;37820737
1527373075856;3543;3696;66;353837056;25365677;37822663
1527373075956;3553;3711;66;353837056;25366533;37823627
1527373076056;3563;3721;66;353837056;25368246;37825556
1527373076156;3573;3730;67;353837056;25369958;37827484
1527373076256;3583;3739;68;353837056;25371669;37829411
1527373076356;3593;3749;69;353837056;25373377;37831335
1527373076456;3603;3759;69;353837056;25375084;37833258
1527373076556;3613;3769;69;353837056;25376796;37835186
1527373076656;3623;3781;70;353837056;25378506;37837112
1527373076756;3633;3794;70;353837056;25380215;37839037
1527373076856;3643;3804;70;353837056;25381926;37840964
1527373076956;3653;3814;71;353837056;25383635;37842889
1527373077056;3663;3824;71;353837056;25385348;37844818
1527373077156;3673;3835;71;353837056;25386307;37846693
1527373077256;3683;3847;73;353837056;25387912;37847706
1527373077356;3693;3858;73;353837056;25389625;37849635
1527373077456;3703;3873;73;353837056;25391334;37851560
1527373077556;3713;3886;73;353837056;25393045;37853487
1527373077656;3723;3895;73;353837056;25394754;37855412
1527373077756;3733;3905;73;353837056;25396463;37857337
1527373077856;3743;3915;73;353837056;25398174;37859264
1527373077956;3753;3927;73;353837056;25399885;37861191
1527373078056;3763;3936;73;353837056;25401982;37863116
1527373078156;3773;3948;73;353837056;25403692;37865042
1527373078256;3783;3957;73;353837056;25405403;37866969
1527373078356;3793;3967;73;353837056;25407112;37868894
1527373078456;3803;3977;73;353837056;25408822;37870820
1527373078556;3813;3987;73;353837056;25410534;37872748
1527373078656;3823;3997;73;353837056;25411494;37874622
1527373078756;3833;4009;73;353837056;25413203;37876549
1527373078856;3843;4017;74;353837056;25414808;37877562
1527373078956;3853;4027;74;353837056;25416521;37879491
1527373079056;3863;4039;74;353837056;25418231;37881417
1527373079156;3873;4050;74;353837056;25419941;37883343
1527373079256;3883;4061;74;353837056;25421649;37885267
1527373079356;3893;4072;74;353837056;25423361;37887195
1527373079456;3903;4083;74;353837056;25424218;37888160
1527373079556;3913;4095;74;353837056;25426032;37890997
1527373079656;3923;4107;74;353837056;25427636;37892010
1527373079756;3933;4119;74;353837056;25429348;37893938
1527373079856;3943;4130;74;353837056;25431057;37895863
1527373079956;3953;4141;75;353837056;25432770;37897792
1527373080056;3963;4150;75;353837056;25434480;37899718
1527373080156;3973;4162;75;353837056;25436190;37901644
1527373080256;3983;4175;75;353837056;25437898;37903568
1527373080356;3993;4187;75;353837056;25438805;37904583
1527373080456;4003;4198;75;353837056;25440517;37906511
1527373080556;4013;4210;75;353837056;25442279;37908439
1527373080656;4023;4221;75;353837056;25444113;37910418
1527373080756;4033;4235;75;353837056;25446035;37912456
1527373080856;4043;4246;75;353837056;25447747;37914384
1527373080956;4053;4256;75;353837056;25449459;37916312
1527373081056;4063;4267;75;353837056;25451172;37918241
1527373081156;4073;4275;76;353837056;25452882;37920167
1527373081256;4083;4286;76;353837056;25454595;37922096
1527373081356;4093;4297;76;353837056;25456306;37924023
1527373081456;4103;4308;76;353837056;25458018;37925951
1527373081556;4113;4319;76;353837056;25459729;37927878
1527373081657;4123;4329;76;353837056;25461438;37929803
1527373081758;4133;4341;76;353837056;25463149;37931730
1527373081859;4143;4350;76;353837056;25464859;37933656
1527373081959;4153;4361;76;353837056;25466570;37935583
1527373082059;4163;4370;76;353837056;25468281;37937510
1527373082159;4173;4382;76;353837056;25469992;37939437
1527373082259;4183;4392;76;353837056;25471703;37941364
1527373082359;4193;4407;76;353837056;25473414;37943291
1527373082459;4203;4415;77;353837056;25475125;37945218
1527373082559;4214;4425;78;353837056;25476835;37947144
1527373082659;4224;4436;78;353837056;25478543;37949068
1527373082759;4234;4446;78;353837056;25480254;37950995
1527373082859;4244;4457;78;353837056;25481966;37952923
1527373082959;4254;4467;78;353837056;25483677;37954850
1527373083059;4264;4479;78;353837056;25485388;37956777
1527373083159;4274;4490;78;353837056;25486243;37957740
1527373083259;4284;4499;78;353837056;25488805;37960626
1527373083359;4294;4510;78;353837056;25489661;37961590
1527373083459;4304;4518;79;353837056;25491374;37963519
1527373083559;4314;4529;79;353837056;25493084;37965445
1527373083659;4324;4539;79;353837056;25494797;37967374
1527373083759;4334;4549;79;353837056;25496509;37969302
1527373083859;4344;4559;79;353837056;25498221;37971230
1527373083959;4354;4568;79;353837056;25499931;37973156
1527373084059;4364;4578;79;353837056;25501642;37975083
1527373084159;4374;4588;79;353837056;25503355;37977012
1527373084259;4384;4600;79;353837056;25505063;37978936
1527373084359;4394;4609;80;353837056;25506773;37980862
1527373084459;4404;4619;80;353837056;25508484;37982789
1527373084559;4414;4630;80;353837056;25510197;37984718
1527373084659;4424;4640;80;353837056;25511913;37986650
1527373084759;4434;4652;80;353837056;25513622;37988575
1527373084859;4444;4663;80;353837056;25515331;37990500
1527373084959;4454;4672;81;353837056;25517039;37992424
1527373085059;4464;4680;82;353837056;25518747;37994348
1527373085159;4474;4692;82;353837056;25520455;37996272
1527373085259;4484;4701;82;353837056;25522166;37998199
1527373085359;4494;4711;82;353837056;25523877;38000126
1527373085460;4504;4722;82;353837056;25525638;38002103
1527373085561;4514;4732;82;353837056;25526598;38003980
1527373085662;4524;4741;83;353837056;25528206;38004995
1527373085763;4534;4751;83;353837056;25530260;38007998
1527373085863;4544;4765;83;353837056;25531867;38009013
1527373085964;4554;4781;84;353837056;25533579;38010941
1527373086064;4564;4792;84;353837056;25535289;38012867
1527373086164;4574;4803;84;353837056;25536995;38014789
1527373086264;4584;4813;84;353837056;25538705;38016715
1527373086364;4594;4824;84;353837056;25540417;38018643
1527373086464;4604;4835;84;353837056;25542126;38020568
1527373086564;4614;4845;85;353837056;25543837;38022495
1527373086664;4624;4856;85;353837056;25545545;38024419
1527373086764;4634;4866;85;353837056;25547256;38026346
1527373086864;4644;4875;85;353837056;25548967;38028273
1527373086964;4654;4890;85;353837056;25549822;38029236
1527373087064;4664;4900;85;353837056;25552385;38032123
1527373087164;4674;4910;85;353837056;25553345;38033999
1527373087264;4684;4919;85;353837056;25555807;38035977
1527373087364;4694;4930;85;353837056;25556659;38036937
1527373087464;4704;4940;85;353837056;25559221;38039823
1527373087564;4714;4953;86;353837056;25560079;38040789
1527373087664;4724;4962;87;353837056;25562643;38043677
1527373087764;4734;4972;87;353837056;25563604;38045554
1527373087864;4744;4979;90;353837056;25565210;38046931
1527373087964;4754;4990;90;353837056;25566922;38049406
1527373088064;4764;5000;91;353837056;25568632;38050422
1527373088164;4774;5010;91;353837056;25570342;38052348
1527373088264;4784;5021;91;353837056;25572050;38054272
1527373088364;4794;5030;92;353837056;25573759;38056197
1527373088464;4804;5039;92;353837056;25575467;38058121
1527373088564;4814;5050;92;353837056;25577177;38060047
1527373088664;4824;5061;92;353837056;25578886;38061972
1527373088764;4834;5071;92;353837056;25580597;38063899
1527373088864;4844;5082;93;353837056;25582308;38065826
1527373088964;4854;5093;93;353837056;25584017;38067751
1527373089064;4864;5103;93;353837056;25585725;38069675
1527373089164;4874;5111;95;353837056;25587433;38071599
1527373089264;4884;5122;95;353837056;25589143;38073525
1527373089364;4894;5131;95;353837056;25590854;38075452
1527373089464;4904;5143;95;353837056;25592564;38077378
1527373089564;4914;5153;95;353837056;25594275;38079305
1527373089664;4924;5163;95;353837056;25595980;38081226
1527373089764;4934;5172;96;353837056;25597692;38083154
1527373089864;4944;5181;97;353837056;25599402;38085080
1527373089964;4954;5193;98;353837056;25601114;38087008
1527373090064;4964;5202;99;353837056;25602822;38088932
1527373090164;4974;5213;99;353837056;25604530;38090856
1527373090264;4984;5224;99;353837056;25606240;38092782
1527373090364;4994;5233;99;353837056;25607950;38094708
1527373090464;5004;5243;99;353837056;25609663;38096637
1527373090564;5014;5255;99;353837056;25611425;38098615
1527373090664;5024;5267;99;353837056;25613136;38100542
1527373090764;5034;5277;99;353837056;25614848;38102470
1527373090864;5044;5289;99;353837056;25616795;38104558
1527373090964;5054;5300;99;353837056;25618503;38106482
1527373091064;5064;5311;99;353837056;25620212;38108407
1527373091164;5074;5323;100;353837056;25621922;38110333
1527373091264;5084;5332;101;353837056;25623630;38112257
1527373091364;5094;5341;101;353837056;25625341;38114184
1527373091464;5104;5352;101;353837056;25627052;38116111
1527373091564;5114;5361;102;353837056;25628763;38118038
1527373091664;5124;5371;102;353837056;25630472;38119963
1527373091764;5134;5379;103;353837056;25632183;38121890
1527373091864;5144;5389;104;353837056;25633890;38123813
1527373091964;5154;5400;104;353837056;25635598;38125737
1527373092064;5164;5410;104;353837056;25637309;38127664
1527373092164;5174;5422;104;353837056;25639019;38129590
1527373092264;5184;5433;104;353837056;25640729;38131516
1527373092364;5194;5445;104;353837056;25642438;38133441
1527373092464;5204;5454;104;353837056;25644149;38135368
1527373092564;5214;5465;104;353837056;25645859;38137294
1527373092664;5224;5476;104;353837056;25647572;38139223
1527373092764;5234;5486;104;353837056;25649281;38141148
1527373092864;5244;5496;104;353837056;25650992;38143075
1527373092964;5254;5507;104;353837056;25652702;38145001
1527373093064;5264;5516;104;353837056;25654411;38146926
1527373093164;5274;5526;104;353837056;25656117;38148848
1527373093264;5284;5536;104;353837056;25657826;38150773
1527373093364;5294;5545;105;353837056;25659537;38152700
1527373093464;5304;5557;105;353837056;25661249;38154628
1527373093564;5314;5570;105;353837056;25662961;38156556
1527373093664;5324;5579;105;353837056;25664672;38158483
1527373093764;5334;5591;105;353837056;25666382;38160409
1527373093864;5344;5601;105;353837056;25668094;38162337
1527373093964;5354;5611;105;353837056;25669806;38164265
1527373094064;5364;5621;105;353837056;25671517;38166192
1527373094164;5374;5631;105;353837056;25673228;38168119
1527373094264;5384;5642;105;353837056;25675071;38170046
1527373094364;5394;5654;105;353837056;25676027;38171920
1527373094464;5404;5664;105;353837056;25677739;38173842
1527373094564;5414;5672;106;353837056;25679341;38174856
1527373094664;5424;5681;106;353837056;25681049;38176780
1527373094764;5434;5693;106;353837056;25682759;38178706
1527373094864;5444;5703;106;353837056;25684469;38180632
1527373094964;5454;5712;106;353837056;25686181;38182560
1527373095064;5464;5721;106;353837056;25687888;38184483
1527373095164;5474;5732;106;353837056;25689599;38186410
1527373095264;5484;5741;106;353837056;25691306;38188333
1527373095364;5494;5751;106;353837056;25693014;38190257
1527373095464;5504;5762;106;353837056;25694719;38192178
1527373095564;5514;5772;106;353837056;25696560;38194185
1527373095664;5524;5786;106;353837056;25698270;38196111
1527373095764;5534;5796;106;353837056;25699982;38198039
1527373095864;5544;5807;106;353837056;25701817;38200019
1527373095964;5554;5819;106;353837056;25703646;38202060
1527373096064;5564;5833;106;353837056;25705400;38203984
1527373096164;5574;5842;106;353837056;25707110;38205910
1527373096264;5584;5853;106;353837056;25708817;38207833
1527373096364;5594;5863;106;353837056;25710526;38209758
1527373096464;5604;5872;106;353837056;25712237;38211685
1527373096564;5614;5883;106;353837056;25713945;38213609
1527373096664;5624;5894;106;353837056;25715655;38215535
1527373096764;5634;5905;106;353837056;25717367;38217463
1527373096864;5644;5917;106;353837056;25719074;38219386
1527373096964;5654;5927;106;353837056;25720784;38221312
1527373097064;5664;5937;106;353837056;25722498;38223242
1527373097164;5674;5947;106;353837056;25724205;38225165
1527373097264;5684;5956;106;353837056;25725918;38227094
1527373097364;5694;5967;106;353837056;25727636;38229028
1527373097464;5704;5977;106;353837056;25729347;38230955
1527373097564;5714;5986;106;353837056;25731057;38232881
1527373097664;5724;5996;106;353837056;25732765;38234805
1527373097764;5734;6005;106;353837056;25734475;38236731
1527373097864;5744;6016;106;353837056;25736187;38238659
1527373097964;5754;6027;106;353837056;25737898;38240586
1527373098064;5764;6037;106;353837056;25739615;38242519
1527373098165;5774;6049;106;353837056;25741325;38244445
1527373098266;5784;6058;107;353837056;25743034;38246370
1527373098367;5794;6068;107;353837056;25744744;38248296
1527373098468;5804;6079;107;353837056;25746460;38250228
1527373098569;5814;6089;107;353837056;25748172;38252156
1527373098670;5825;6103;107;353837056;25749881;38254081
1527373098771;5835;6117;107;353837056;25751592;38256008
1527373098872;5845;6126;108;353837056;25752552;38257884
1527373098973;5855;6136;109;353837056;25755015;38259863
1527373099074;5865;6147;109;353837056;25755974;38261739
1527373099175;5875;6158;109;353837056;25758438;38263718
1527373099276;5885;6168;109;353837056;25760151;38265647
1527373099377;5895;6183;109;353837056;25761006;38266610
1527373099478;5905;6195;109;353837056;25762717;38268537
1527373099579;5915;6206;109;353837056;25764427;38270463
1527373099679;5925;6216;109;353837056;25766138;38272390
1527373099779;5935;6226;109;353837056;25767850;38274318
1527373099879;5946;6240;109;353837056;25769564;38276248
1527373099979;5956;6250;109;353837056;25771274;38278174
1527373100079;5966;6265;109;353837056;25772129;38279137
1527373100179;5976;6277;109;353837056;25773842;38281066
1527373100280;5986;6288;109;353837056;25775552;38282992
1527373100380;5996;6297;110;353837056;25777263;38284919
1527373100480;6006;6307;111;353837056;25778975;38286847
1527373100580;6016;6316;112;353837056;25780688;38288776
1527373100680;6026;6328;112;353837056;25782448;38290752
1527373100780;6036;6342;112;353837056;25784159;38292679
1527373100880;6046;6352;113;353837056;25785872;38294608
1527373100980;6056;6365;113;353837056;25786728;38295572
1527373101080;6066;6377;113;353837056;25788679;38297664
1527373101180;6076;6386;115;353837056;25790391;38299592
1527373101280;6086;6397;115;353837056;25792104;38301521
1527373101380;6096;6407;115;353837056;25793813;38303446
1527373101480;6106;6419;115;353837056;25795523;38305372
1527373101580;6116;6431;115;353837056;25797237;38307302
1527373101680;6126;6444;115;353837056;25798948;38309229
1527373101780;6136;6455;115;353837056;25800657;38311154
1527373101880;6146;6465;116;353837056;25802368;38313081
1527373101980;6156;6477;116;353837056;25804081;38315010
1527373102080;6166;6489;116;353837056;25805792;38316937
1527373102180;6176;6501;116;353837056;25807503;38318864
1527373102280;6186;6511;116;353837056;25809213;38320790
1527373102380;6196;6522;116;353837056;25810925;38322718
1527373102480;6206;6534;116;353837056;25811886;38324596
1527373102580;6216;6545;116;353837056;25814352;38326577
1527373102680;6226;6555;116;353837056;25815311;38328448
1527373102780;6236;6566;116;353837056;25816916;38329465
1527373102880;6246;6577;116;353837056;25818627;38331392
1527373102980;6256;6591;116;353837056;25820342;38333323
1527373103080;6266;6601;117;353837056;25822053;38335250
1527373103180;6276;6612;117;353837056;25823760;38337173
1527373103280;6286;6622;117;353837056;25825467;38339096
1527373103380;6296;6635;117;353837056;25827176;38341021
1527373103480;6306;6646;117;353837056;25828886;38342947
1527373103580;6316;6659;117;353837056;25830596;38344873
1527373103680;6326;6670;117;353837056;25832309;38346802
1527373103780;6336;6679;118;353837056;25834038;38348747
1527373103880;6346;6689;119;353837056;25835766;38350691
1527373103980;6356;6698;120;353837056;25837491;38352632
1527373104080;6366;6709;120;353837056;25839217;38354574
1527373104180;6376;6721;120;353837056;25840185;38356464
1527373104280;6386;6734;120;353837056;25841804;38357485
1527373104380;6396;6745;120;353837056;25843526;38359423
1527373104480;6406;6757;120;353837056;25845246;38361359
1527373104580;6416;6770;120;353837056;25846967;38363296
1527373104680;6426;6782;120;353837056;25848686;38365231
1527373104780;6436;6792;120;353837056;25850410;38367171
1527373104880;6446;6805;120;353837056;25852130;38369107
1527373104980;6456;6815;120;353837056;25853854;38371047
1527373105080;6466;6826;120;353837056;25855572;38372981
1527373105180;6476;6835;121;353837056;25857295;38374920
1527373105280;6486;6845;121;353837056;25859018;38376859
1527373105380;6496;6857;121;353837056;25860740;38378797
1527373105480;6506;6868;121;353837056;25862460;38380733
1527373105580;6516;6879;121;353837056;25864181;38382670
1527373105680;6526;6890;121;353837056;25865904;38384972
1527373105780;6536;6901;121;353837056;25867627;38386548
1527373105880;6546;6910;121;353837056;25869403;38388540
1527373105980;6556;6921;121;353837056;25871122;38390475
1527373106080;6566;6932;121;353837056;25872843;38392412
1527373106180;6576;6942;121;353837056;25874802;38394512
1527373106280;6586;6952;121;353837056;25876524;38396450
1527373106380;6596;6961;122;353837056;25878350;38399300
1527373106480;6606;6974;122;353837056;25879958;38400316
1527373106580;6616;6987;122;353837056;25881672;38403159
1527373106680;6626;6997;123;353837056;25883384;38404174
1527373106780;6636;7010;123;353837056;25885096;38406102
1527373106880;6646;7021;124;353837056;25886808;38408030
1527373106980;6656;7032;124;353837056;25888520;38409958
1527373107080;6666;7043;124;353837056;25890237;38411891
1527373107180;6676;7054;124;353837056;25891951;38413821
1527373107280;6686;7064;124;353837056;25893665;38415751
1527373107380;6696;7073;124;353837056;25895378;38417680
1527373107480;6706;7088;124;353837056;25897092;38419610
1527373107580;6716;7098;124;353837056;25898803;38421537
1527373107680;6726;7109;124;353837056;25900518;38423468
1527373107780;6736;7120;125;353837056;25902232;38425398
1527373107880;6746;7132;125;353837056;25903946;38427328
1527373107980;6756;7143;125;353837056;25905660;38429258
1527373108080;6766;7153;125;353837056;25907761;38431187
1527373108180;6776;7164;125;353837056;25909476;38433118
1527373108280;6786;7174;125;353837056;25911189;38435047
1527373108380;6796;7184;126;353837056;25912901;38436975
1527373108480;6806;7194;126;353837056;25914614;38438904
1527373108580;6816;7206;126;353837056;25916327;38440833
1527373108680;6826;7218;126;353837056;25918144;38443673
1527373108780;6836;7228;127;353837056;25919751;38444689
1527373108880;6846;7238;127;353837056;25921568;38447531
1527373108980;6856;7249;127;353837056;25923280;38449460
1527373109080;6866;7259;127;353837056;25925747;38451441
1527373109180;6876;7270;127;353837056;25927463;38453373
1527373109280;6886;7280;127;353837056;25929176;38455302
1527373109380;6896;7290;127;353837056;25930891;38457233
1527373109480;6906;7300;127;353837056;25932605;38459163
1527373109580;6916;7311;128;353837056;25934317;38461091
1527373109680;6926;7322;128;353837056;25936030;38463020
1527373109780;6936;7332;128;353837056;25937744;38464950
1527373109880;6946;7343;128;353837056;25939460;38466882
1527373109980;6956;7354;128;353837056;25941175;38468813
1527373110080;6966;7362;129;353837056;25942888;38470742
1527373110180;6976;7373;129;353837056;25944600;38472670
1527373110280;6986;7384;129;353837056;25946315;38474601
1527373110380;6996;7393;129;353837056;25948028;38476530
1527373110480;7006;7403;129;353837056;25949791;38478459
1527373110581;7016;7413;129;353837056;25951538;38480422
1527373110682;7026;7425;129;353837056;25953297;38482351
1527373110783;7036;7436;129;353837056;25955065;38484335
1527373110884;7046;7449;129;353837056;25956781;38486267
1527373110985;7056;7462;129;353837056;25958599;38489109
1527373111086;7066;7471;129;353837056;25960333;38490180
1527373111187;7076;7480;129;353837056;25963018;38493185
1527373111288;7086;7491;129;353837056;25964732;38495115
1527373111389;7096;7502;129;353837056;25966444;38497043
1527373111489;7106;7511;129;353837056;25968155;38498970
1527373111589;7116;7521;129;353837056;25969869;38500900
1527373111689;7126;7536;129;353837056;25971584;38502831
1527373111789;7137;7547;129;353837056;25973296;38504759
1527373111889;7147;7556;129;353837056;25975009;38506688
1527373111989;7157;7567;129;353837056;25976723;38508618
1527373112089;7167;7577;129;353837056;25978437;38510548
1527373112189;7177;7589;129;353837056;25980148;38512475
1527373112289;7187;7598;129;353837056;25981864;38514407
1527373112389;7197;7608;129;353837056;25983574;38516333
1527373112489;7207;7617;129;353837056;25985287;38518262
1527373112589;7217;7628;129;353837056;25987000;38520191
1527373112689;7227;7641;129;353837056;25988714;38522121
1527373112789;7237;7651;129;353837056;25990426;38524049
1527373112889;7247;7663;130;353837056;25992240;38526887
1527373112989;7257;7673;130;353837056;25993848;38527903
1527373113089;7267;7682;131;353837056;25995665;38530745
1527373113189;7277;7697;132;353837056;25997378;38532673
1527373113289;7287;7707;132;353837056;25999846;38534657
1527373113389;7297;7716;132;353837056;26001560;38536587
1527373113489;7307;7727;132;353837056;26003272;38538515
1527373113589;7317;7737;132;353837056;26004986;38540445
1527373113689;7327;7748;132;353837056;26006700;38542375
1527373113789;7337;7758;132;353837056;26008415;38544306
1527373113889;7347;7769;132;353837056;26010129;38546236
1527373113989;7357;7778;133;353837056;26011843;38549076
1527373114089;7367;7787;133;353837056;26013659;38551005
1527373114189;7377;7796;133;353837056;26016122;38552985
1527373114289;7387;7806;133;353837056;26017834;38554913
1527373114389;7397;7816;133;353837056;26019545;38556840
1527373114489;7407;7825;133;353837056;26021256;38558767
1527373114589;7417;7835;133;353837056;26022969;38560696
1527373114689;7427;7846;133;353837056;26024684;38562627
1527373114789;7437;7856;133;353837056;26026398;38564557
1527373114889;7447;7864;135;353837056;26028112;38566487
1527373114989;7457;7874;135;353837056;26029823;38568414
1527373115089;7467;7883;135;353837056;26031640;38571254
1527373115189;7477;7894;136;353837056;26033246;38572269
1527373115289;7487;7903;136;353837056;26035816;38575163
1527373115389;7497;7913;137;353837056;26037529;38577092
1527373115489;7507;7923;137;353837056;26039241;38579020
1527373115589;7517;7933;137;353837056;26041003;38580998
1527373115689;7527;7942;137;353837056;26042716;38582927
1527373115789;7537;7952;137;353837056;26044428;38584855
1527373115889;7547;7964;137;353837056;26046264;38586784
1527373115989;7557;7973;138;353837056;26048094;38588826
1527373116089;7567;7983;138;353837056;26049807;38590755
1527373116189;7577;7992;138;353837056;26052376;38593648
1527373116290;7587;8001;139;353837056;26054091;38595579
1527373116391;7597;8011;139;353837056;26055806;38597510
1527373116492;7607;8022;139;353837056;26057518;38599438
1527373116593;7617;8032;140;353837056;26059235;38601371
1527373116694;7627;8041;141;353837056;26060949;38603301
1527373116795;7637;8050;141;353837056;26062662;38605230
1527373116896;7647;8060;141;353837056;26064376;38607160
1527373116997;7657;8070;141;353837056;26066946;38610054
1527373117098;7667;8085;141;353837056;26068660;38611984
1527373117198;7677;8095;142;353837056;26070375;38613915
1527373117299;7687;8107;142;353837056;26072084;38615840
1527373117399;7697;8117;142;353837056;26073796;38617768
1527373117499;7707;8126;142;353837056;26075512;38619700
1527373117599;7717;8136;142;353837056;26077226;38621630
1527373117699;7727;8146;142;353837056;26079040;38624468
1527373117799;7737;8155;143;353837056;26081504;38626448
1527373117899;7748;8163;144;353837056;26083217;38628377
1527373117999;7758;8172;144;353837056;26084930;38630306
1527373118099;7768;8182;144;353837056;26086642;38632234
1527373118199;7778;8192;144;353837056;26088354;38634162
1527373118299;7788;8202;144;353837056;26090069;38636093
1527373118399;7798;8214;144;353837056;26091783;38638023
1527373118499;7808;8224;145;353837056;26093493;38639949
1527373118599;7818;8234;145;353837056;26095207;38641879
1527373118699;7828;8243;145;353837056;26097780;38644776
1527373118799;7838;8254;146;353837056;26099491;38646703
1527373118899;7848;8265;146;353837056;26101207;38648635
1527373118999;7858;8278;146;353837056;26102921;38650565
1527373119099;7868;8288;146;353837056;26104635;38652495
1527373119199;7878;8299;147;353837056;26106348;38654424
1527373119299;7888;8308;147;353837056;26108059;38656351
1527373119399;7898;8317;147;353837056;26109775;38658283
1527373119499;7908;8327;147;353837056;26111487;38660211
1527373119599;7918;8337;147;353837056;26113203;38662143
1527373119699;7928;8347;147;353837056;26115773;38665037
1527373119799;7938;8356;148;353837056;26117485;38666965
1527373119899;7948;8365;148;353837056;26119199;38668895
1527373119999;7958;8376;148;353837056;26120913;38670825
1527373120099;7968;8387;148;353837056;26122627;38672755
1527373120199;7978;8396;148;353837056;26124340;38674684
1527373120299;7988;8406;148;353837056;26126055;38676615
1527373120399;7998;8416;148;353837056;26127821;38678597
1527373120499;8008;8427;148;353837056;26129534;38680526
1527373120599;8018;8436;148;353837056;26131246;38682454
1527373120699;8028;8446;148;353837056;26133198;38684547
1527373120799;8038;8456;148;353837056;26134911;38686476
1527373120899;8048;8469;148;353837056;26136623;38688404
1527373120999;8058;8478;148;353837056;26138338;38690335
1527373121099;8068;8488;149;353837056;26140055;38692268
1527373121199;8078;8498;149;353837056;26141769;38694198
1527373121299;8088;8510;149;353837056;26144338;38697091
1527373121399;8098;8520;149;353837056;26146049;38699018
1527373121499;8108;8529;149;353837056;26147762;38700947
1527373121599;8118;8538;150;353837056;26149475;38702876
1527373121699;8128;8549;150;353837056;26151186;38704803
1527373121799;8138;8558;150;353837056;26152903;38706736
1527373121899;8148;8566;151;353837056;26154616;38708665
1527373121999;8158;8575;152;353837056;26156329;38710594
1527373122099;8168;8585;152;353837056;26158144;38713435
1527373122199;8178;8595;152;353837056;26160608;38715413
1527373122299;8188;8605;152;353837056;26162322;38717343
1527373122399;8198;8615;152;353837056;26164037;38719274
1527373122499;8208;8625;152;353837056;26165748;38721201
1527373122599;8218;8636;152;353837056;26167461;38723130
1527373122699;8228;8646;152;353837056;26169174;38725059
1527373122799;8238;8657;152;353837056;26170886;38726987
1527373122899;8248;8669;153;353837056;26172597;38728914
1527373122999;8258;8680;154;353837056;26174308;38730841
1527373123099;8268;8691;155;353837056;26175269;38732719
1527373123199;8278;8702;155;353837056;26177732;38734697
1527373123299;8288;8712;155;353837056;26179445;38736626
1527373123399;8298;8721;156;353837056;26181156;38738553
1527373123499;8308;8732;156;353837056;26182870;38740483
1527373123599;8318;8750;156;353837056;26183727;38741448
1527373123699;8328;8761;156;353837056;26185438;38743375
1527373123799;8338;8770;156;353837056;26187151;38745304
1527373123899;8348;8781;156;353837056;26188866;38747235
1527373123999;8358;8792;156;353837056;26190580;38749165
1527373124099;8368;8801;156;353837056;26192294;38751095
1527373124199;8378;8813;156;353837056;26194005;38753022
1527373124299;8388;8827;156;353837056;26195720;38754953
1527373124399;8398;8837;157;353837056;26196682;38756832
1527373124499;8408;8848;157;353837056;26199146;38758811
1527373124599;8418;8857;157;353837056;26200104;38760686
1527373124699;8428;8866;157;353837056;26202569;38762666
1527373124799;8438;8877;157;353837056;26204286;38764599
1527373124899;8448;8887;157;353837056;26206001;38766530
1527373124999;8458;8897;157;353837056;26207712;38768457
1527373125099;8468;8908;157;353837056;26209426;38770387
1527373125199;8478;8923;157;353837056;26211138;38772315
1527373125299;8488;8935;157;353837056;26212099;38774193
1527373125399;8498;8946;157;353837056;26213760;38776173
1527373125499;8508;8958;157;353837056;26215524;38777191
1527373125599;8518;8967;157;353837056;26217284;38779121
1527373125699;8528;8977;157;353837056;26219271;38781197
1527373125799;8538;8986;158;353837056;26220983;38783125
1527373125899;8548;8995;159;353837056;26222694;38785052
1527373125999;8558;9007;159;353837056;26224406;38786980
1527373126099;8568;9019;159;353837056;26226118;38788908
1527373126199;8578;9029;159;353837056;26227830;38790836
1527373126299;8588;9040;159;353837056;26229545;38792767
1527373126399;8598;9050;159;353837056;26231261;38794699
1527373126499;8608;9058;160;353837056;26232972;38796626
1527373126599;8618;9068;161;353837056;26234685;38798918
1527373126699;8628;9077;161;353837056;26236499;38801393
1527373126799;8638;9088;161;353837056;26238212;38803321
1527373126899;8648;9098;161;353837056;26240675;38805301
1527373126999;8658;9108;161;353837056;26242388;38807230
1527373127099;8668;9119;161;353837056;26243348;38809107
1527373127199;8678;9130;161;353837056;26245813;38811087
1527373127299;8688;9143;162;353837056;26246774;38812965
1527373127399;8698;9155;162;353837056;26249239;38814945
1527373127499;8708;9166;163;353837056;26250201;38816822
1527373127599;8718;9177;163;353837056;26251808;38817838
1527373127699;8728;9187;163;353837056;26253626;38820680
1527373127799;8738;9199;163;353837056;26255234;38821696
1527373127899;8748;9210;163;353837056;26256949;38823627
1527373127999;8758;9222;163;353837056;26258664;38825558
1527373128099;8768;9233;163;353837056;26260375;38827485
1527373128199;8778;9243;164;353837056;26262088;38829414
1527373128299;8788;9254;165;353837056;26263905;38832256
1527373128399;8798;9265;165;353837056;26265619;38834185
1527373128499;8808;9276;165;353837056;26267230;38835204
1527373128599;8818;9287;166;353837056;26268942;38837132
1527373128699;8828;9298;167;353837056;26270658;38839064
1527373128799;8838;9308;167;353837056;26272370;38840992
1527373128899;8848;9320;167;353837056;26274082;38842920
1527373128999;8858;9330;167;353837056;26275796;38844850
1527373129099;8868;9342;167;353837056;26277510;38846780
1527373129199;8878;9351;167;353837056;26279223;38848709
1527373129299;8888;9362;167;353837056;26280936;38850638
1527373129399;8898;9375;167;353837056;26282650;38852568
1527373129500;8908;9386;167;353837056;26284363;38854497
1527373129601;8918;9399;167;353837056;26286077;38856427
1527373129701;8928;9409;168;353837056;26287792;38858358
1527373129802;8938;9421;168;353837056;26289500;38860282
1527373129903;8948;9434;168;353837056;26291210;38862208
1527373130004;8958;9446;168;353837056;26292926;38864140
1527373130105;8968;9456;168;353837056;26294653;38866083
1527373130205;8978;9468;168;353837056;26296382;38868028
1527373130305;8988;9478;168;353837056;26298109;38869971
1527373130405;8998;9487;168;353837056;26299886;38871964
1527373130506;9008;9498;168;353837056;26301614;38873908
1527373130607;9018;9509;168;353837056;26304273;38876872
1527373130707;9028;9520;168;353837056;26305407;38878875
1527373130807;9038;9531;168;353837056;26307893;38880868
1527373130907;9048;9542;168;353837056;26309616;38882807
1527373131007;9058;9551;169;353837056;26310583;38884693
1527373131107;9068;9561;170;353837056;26313061;38886684
1527373131207;9078;9571;170;353837056;26314028;38888573
1527373131307;9088;9584;170;353837056;26316507;38890562
1527373131407;9098;9596;170;353837056;26318231;38892502
1527373131507;9108;9608;170;353837056;26319950;38894437
1527373131607;9118;9620;170;353837056;26321676;38896379
1527373131707;9128;9628;171;353837056;26323401;38898320
1527373131807;9138;9637;171;353837056;26325123;38900258
1527373131907;9148;9650;171;353837056;26326844;38902195
1527373132007;9158;9660;171;353837056;26328567;38904134
1527373132107;9168;9671;171;353837056;26330289;38906072
1527373132207;9178;9680;172;353837056;26332010;38908009
1527373132307;9188;9691;172;353837056;26333730;38909945
1527373132407;9198;9702;172;353837056;26335456;38911887
1527373132507;9208;9711;172;353837056;26337179;38913826
1527373132607;9218;9721;172;353837056;26338901;38915764
1527373132707;9228;9731;172;353837056;26340627;38917706
1527373132807;9238;9740;173;353837056;26342351;38919646
1527373132907;9248;9750;173;353837056;26344071;38921582
1527373133007;9258;9760;173;353837056;26345796;38923523
1527373133107;9268;9771;173;353837056;26347521;38925464
1527373133207;9278;9781;173;353837056;26349242;38927401
1527373133307;9288;9790;174;353837056;26350965;38929340
1527373133407;9298;9800;174;353837056;26352690;38931281
1527373133507;9308;9811;174;353837056;26354411;38933218
1527373133607;9318;9819;174;353837056;26356135;38935158
1527373133707;9328;9830;174;353837056;26357860;38937099
1527373133807;9338;9839;174;353837056;26359581;38939036
1527373133907;9348;9849;174;353837056;26361303;38940974
1527373134007;9358;9860;174;353837056;26363024;38942911
1527373134107;9368;9874;174;353837056;26364746;38944849
1527373134207;9378;9883;174;353837056;26366467;38946786
1527373134307;9388;9894;174;353837056;26368189;38948724
1527373134407;9398;9906;174;353837056;26369912;38950663
1527373134507;9408;9916;174;353837056;26371638;38952605
1527373134607;9418;9928;174;353837056;26373361;38954544
1527373134707;9428;9938;174;353837056;26375086;38956485
1527373134807;9438;9948;174;353837056;26376814;38958429
1527373134907;9448;9958;174;353837056;26378539;38960370
1527373135007;9458;9969;174;353837056;26380259;38962306
1527373135107;9468;9979;174;353837056;26381981;38964244
1527373135207;9478;9990;174;353837056;26383705;38966184
1527373135307;9488;10001;174;353837056;26385478;38968173
1527373135407;9498;10011;174;353837056;26387199;38970110
1527373135507;9508;10021;174;353837056;26388920;38972047
1527373135607;9518;10031;175;353837056;26390753;38974025
1527373135707;9528;10041;175;353837056;26392581;38976065
1527373135807;9538;10050;175;353837056;26394293;38977993
1527373135907;9548;10059;175;353837056;26396004;38979920
1527373136007;9558;10070;175;353837056;26397713;38981845
1527373136107;9568;10078;176;353837056;26399425;38983773
1527373136207;9578;10089;176;353837056;26401137;38985701
1527373136307;9588;10098;176;353837056;26402849;38987629
1527373136407;9598;10108;176;353837056;26404560;38989556
1527373136507;9608;10118;176;353837056;26406269;38991481
1527373136607;9618;10129;176;353837056;26407979;38993407
1527373136707;9628;10138;176;353837056;26409690;38995334
1527373136807;9638;10147;177;353837056;26411399;38997259
1527373136907;9648;10158;178;353837056;26413115;38999191
1527373137007;9658;10169;178;353837056;26414827;39001119
1527373137107;9668;10182;178;353837056;26416536;39003044
1527373137207;9678;10192;178;353837056;26418248;39004972
1527373137307;9688;10203;178;353837056;26419957;39006897
1527373137407;9698;10213;179;353837056;26421668;39008824
1527373137507;9708;10221;179;353837056;26423377;39010749
1527373137607;9718;10235;179;353837056;26425091;39012679
1527373137707;9728;10245;179;353837056;26426799;39014603
1527373137808;9738;10257;179;353837056;26428513;39016533
1527373137908;9748;10268;179;353837056;26430228;39018464
1527373138009;9758;10279;179;353837056;26431940;39020392
1527373138109;9768;10291;179;353837056;26433652;39022320
1527373138209;9778;10299;180;353837056;26435748;39024244
1527373138309;9788;10309;180;353837056;26437461;39026173
1527373138409;9798;10318;180;353837056;26439169;39028097
1527373138509;9808;10327;181;353837056;26440883;39030027
1527373138609;9818;10337;181;353837056;26442595;39031955
1527373138709;9828;10347;181;353837056;26444309;39033885
1527373138809;9839;10356;182;353837056;26446022;39035814
1527373138909;9849;10369;182;353837056;26447733;39037741
1527373139009;9859;10378;182;353837056;26449448;39039672
1527373139109;9869;10391;182;353837056;26451157;39041597
1527373139209;9879;10405;182;353837056;26452867;39043523
1527373139309;9889;10415;182;353837056;26454578;39045450
1527373139409;9899;10429;182;353837056;26456286;39047374
1527373139509;9909;10440;182;353837056;26457998;39049302
1527373139609;9919;10449;183;353837056;26459710;39051230
1527373139709;9929;10459;183;353837056;26461424;39053160
1527373139809;9939;10468;183;353837056;26463135;39055087
1527373139909;9949;10479;183;353837056;26464844;39057012
1527373140009;9959;10489;184;353837056;26466557;39058941
1527373140109;9969;10499;184;353837056;26468272;39060872
1527373140209;9979;10509;184;353837056;26469986;39062802
1527373140309;9989;10519;184;353837056;26471746;39064778
1527373140409;9999;10529;184;353837056;26473455;39066703
1527373140509;10009;10540;185;353837056;26475219;39068633
1527373140609;10019;10550;185;353837056;26477054;39070561
1527373140709;10029;10561;185;353837056;26478973;39072600
1527373140809;10039;10572;185;353837056;26480798;39074523
1527373140909;10049;10583;185;353837056;26482512;39076453
1527373141009;10059;10592;185;353837056;26484219;39078376
1527373141109;10069;10602;186;353837056;26485931;39080304
1527373141209;10079;10611;187;353837056;26487695;39082234
1527373141309;10089;10621;187;353837056;26489407;39084162
1527373141409;10099;10631;187;353837056;26491119;39086090
1527373141509;10109;10641;187;353837056;26492831;39088018
1527373141609;10119;10651;187;353837056;26494544;39089947
1527373141709;10129;10662;187;353837056;26496259;39091878
1527373141809;10139;10671;187;353837056;26498181;39093805
1527373141909;10149;10680;187;353837056;26499892;39095732
1527373142009;10159;10691;187;353837056;26501605;39097661
1527373142109;10169;10701;187;353837056;26503318;39099590
1527373142209;10179;10710;187;353837056;26505130;39102426
1527373142309;10189;10722;187;353837056;26506845;39104355
1527373142409;10199;10731;187;353837056;26509307;39106335
1527373142509;10209;10741;188;353837056;26511020;39108264
1527373142609;10219;10751;188;353837056;26512733;39110193
1527373142709;10229;10760;188;353837056;26514447;39112123
1527373142809;10239;10769;188;353837056;26516161;39114053
1527373142909;10249;10778;189;353837056;26517875;39115983
1527373143009;10259;10788;189;353837056;26519587;39117911
1527373143109;10269;10798;189;353837056;26521299;39119839
1527373143209;10279;10808;189;353837056;26523012;39121768
1527373143309;10289;10821;189;353837056;26524724;39123696
1527373143409;10299;10831;189;353837056;26526437;39125625
1527373143509;10309;10840;189;353837056;26528147;39127551
1527373143609;10319;10850;189;353837056;26529858;39129478
1527373143709;10329;10861;189;353837056;26531569;39131405
1527373143809;10339;10871;190;353837056;26533280;39133332
1527373143909;10349;10883;190;353837056;26534994;39135262
1527373144009;10359;10894;191;353837056;26536709;39137193
1527373144109;10369;10906;191;353837056;26538421;39139121
1527373144209;10379;10915;191;353837056;26540133;39141049
1527373144309;10389;10926;191;353837056;26541845;39142977
1527373144409;10399;10936;192;353837056;26543557;39144905
1527373144509;10409;10946;192;353837056;26545272;39146836
1527373144609;10419;10957;192;353837056;26546983;39148763
1527373144709;10429;10966;192;353837056;26548695;39150691
1527373144809;10439;10976;192;353837056;26550620;39152621
1527373144909;10449;10986;192;353837056;26552332;39154549
1527373145009;10459;10997;192;353837056;26554042;39156475
1527373145109;10469;11006;194;353837056;26555752;39158401
1527373145209;10479;11017;194;353837056;26557464;39160329
1527373145309;10489;11026;194;353837056;26559333;39163220
1527373145409;10499;11035;195;353837056;26561796;39165201
1527373145509;10509;11045;195;353837056;26563634;39167184
1527373145609;10519;11057;195;353837056;26564608;39168262
1527373145709;10529;11069;195;353837056;26566317;39170187
1527373145809;10539;11078;195;353837056;26568030;39172116
1527373145909;10549;11088;195;353837056;26569743;39174045
1527373146009;10559;11102;195;353837056;26571455;39175973
1527373146109;10569;11113;195;353837056;26573167;39177901
1527373146209;10579;11123;195;353837056;26574879;39179829
1527373146309;10589;11134;195;353837056;26576590;39181756
1527373146409;10599;11143;195;353837056;26578301;39183683
1527373146509;10609;11154;195;353837056;26580012;39185610
1527373146609;10619;11168;195;353837056;26580870;39186576
1527373146709;10629;11176;196;353837056;26582584;39188506
1527373146809;10639;11187;196;353837056;26584294;39190432
1527373146909;10649;11198;196;353837056;26586007;39192361
1527373147009;10659;11208;196;353837056;26587722;39194292
1527373147109;10669;11219;196;353837056;26589435;39196221
1527373147209;10679;11228;196;353837056;26591148;39198150
1527373147309;10689;11240;196;353837056;26592861;39200079
1527373147409;10699;11254;196;353837056;26594577;39202011
1527373147509;10709;11266;196;353837056;26596288;39203938
1527373147609;10719;11275;196;353837056;26598003;39205869
1527373147709;10729;11287;196;353837056;26599715;39207797
1527373147809;10739;11299;196;353837056;26601429;39209727
1527373147909;10749;11310;197;353837056;26603144;39211658
1527373148009;10759;11321;197;353837056;26604857;39213587
1527373148109;10769;11332;197;353837056;26606566;39215512
1527373148209;10779;11347;197;353837056;26608279;39217441
1527373148309;10789;11358;197;353837056;26609991;39219369
1527373148409;10799;11370;197;353837056;26611703;39221297
1527373148509;10809;11379;198;353837056;26613417;39223227
1527373148609;10819;11389;199;353837056;26615130;39225156
1527373148709;10829;11400;199;353837056;26616841;39227083
1527373148809;10839;11409;200;353837056;26618556;39229014
1527373148909;10849;11418;200;353837056;26620270;39230944
1527373149009;10859;11429;200;353837056;26621980;39232870
1527373149109;10869;11438;200;353837056;26623692;39234798
1527373149209;10879;11448;201;353837056;26625406;39236728
1527373149309;10889;11458;201;353837056;26627121;39238659
1527373149409;10899;11468;202;353837056;26628832;39240586
1527373149509;10909;11479;202;353837056;26630546;39242516
1527373149609;10919;11492;202;353837056;26632256;39244442
1527373149709;10929;11503;202;353837056;26633967;39246369
1527373149809;10939;11512;202;353837056;26635679;39248297
1527373149909;10949;11522;203;353837056;26637390;39250224
1527373150009;10959;11534;203;353837056;26639101;39252151
1527373150109;10969;11544;203;353837056;26640816;39254082
1527373150209;10979;11555;203;353837056;26642529;39256011
1527373150309;10989;11566;203;353837056;26644292;39257990
1527373150409;10999;11579;203;353837056;26646005;39259919
1527373150509;11009;11590;203;353837056;26647720;39261850
1527373150609;11019;11602;203;353837056;26649555;39263830
1527373150709;11029;11613;203;353837056;26651383;39265870
1527373150809;11039;11625;203;353837056;26653094;39267797
1527373150910;11049;11637;203;353837056;26653948;39268759
1527373151010;11059;11647;203;353837056;26655765;39271602
1527373151110;11069;11657;203;353837056;26657375;39272618
1527373151210;11079;11669;203;353837056;26659195;39275464
1527373151310;11089;11679;203;353837056;26660908;39277389
1527373151410;11099;11694;203;353837056;26662515;39278406
1527373151510;11109;11706;203;353837056;26664227;39280334
1527373151610;11119;11716;203;353837056;26665937;39282260
1527373151710;11129;11727;203;353837056;26667652;39284191
1527373151810;11139;11737;203;353837056;26669367;39286122
1527373151910;11149;11747;203;353837056;26671183;39288962
1527373152010;11159;11762;203;353837056;26672788;39289975
1527373152110;11169;11772;203;353837056;26675358;39292869
1527373152210;11179;11785;203;353837056;26676319;39294747
1527373152310;11189;11794;203;353837056;26677928;39295763
1527373152410;11199;11805;204;353837056;26679744;39298603
1527373152510;11209;11816;204;353837056;26681351;39299618
1527373152610;11219;11825;205;353837056;26683918;39302509
1527373152710;11229;11835;205;353837056;26684878;39304385
1527373152810;11239;11846;205;353837056;26687343;39306366
1527373152910;11249;11858;206;353837056;26688200;39307331
1527373153010;11259;11868;206;353837056;26689913;39309260
1527373153110;11269;11880;206;353837056;26691626;39311189
1527373153210;11279;11893;206;353837056;26693339;39313118
1527373153310;11289;11904;207;353837056;26695054;39315049
1527373153410;11299;11915;207;353837056;26696767;39316978
1527373153510;11309;11927;207;353837056;26698479;39318906
1527373153610;11319;11938;207;353837056;26700191;39320834
1527373153710;11329;11951;207;353837056;26701905;39322764
1527373153810;11339;11961;207;353837056;26703830;39324694
1527373153910;11349;11971;207;353837056;26705539;39326619
1527373154010;11359;11981;207;353837056;26707249;39328545
1527373154110;11369;11992;207;353837056;26708958;39330470
1527373154210;11379;12003;207;353837056;26710669;39333311
1527373154310;11389;12011;208;353837056;26712486;39335241
1527373154410;11399;12023;208;353837056;26714203;39337172
1527373154511;11409;12032;208;353837056;26715918;39339102
1527373154612;11419;12041;209;353837056;26718380;39341080
1527373154713;11429;12052;209;353837056;26720089;39343005
1527373154813;11439;12061;210;353837056;26721803;39344935
1527373154913;11449;12071;210;353837056;26723520;39346868
1527373155013;11459;12082;210;353837056;26725233;39348797
1527373155113;11469;12094;210;353837056;26726949;39350729
1527373155214;11479;12105;210;353837056;26728661;39352657
1527373155314;11489;12119;210;353837056;26730429;39354641
1527373155415;11499;12129;210;353837056;26732142;39356570
1527373155516;11509;12139;210;353837056;26733943;39358491
1527373155617;11519;12148;211;353837056;26735826;39360421
1527373155717;11529;12157;211;353837056;26737654;39362461
1527373155817;11539;12168;211;353837056;26739364;39364387
1527373155917;11549;12178;211;353837056;26741078;39366317
1527373156017;11559;12187;211;353837056;26742791;39368246
1527373156117;11569;12200;211;353837056;26744503;39370174
1527373156217;11579;12209;212;353837056;26746217;39372104
1527373156317;11589;12220;212;353837056;26748029;39374939
1527373156417;11599;12230;212;353837056;26750492;39376919
1527373156517;11609;12238;213;353837056;26752207;39378850
1527373156617;11619;12250;213;353837056;26753916;39380775
1527373156717;11629;12260;213;353837056;26755628;39382703
1527373156817;11639;12271;213;353837056;26757344;39384635
1527373156917;11649;12283;213;353837056;26759057;39386564
1527373157017;11659;12295;213;353837056;26760770;39388493
1527373157117;11669;12305;213;353837056;26762484;39390423
1527373157217;11679;12315;213;353837056;26764194;39392349
1527373157317;11689;12327;213;353837056;26765906;39394277
1527373157417;11699;12337;213;353837056;26767616;39396203
1527373157517;11709;12346;214;353837056;26769328;39398131
1527373157617;11719;12356;214;353837056;26771039;39400058
1527373157717;11729;12367;214;353837056;26772748;39401983
1527373157817;11739;12377;215;353837056;26774456;39403907
1527373157917;11749;12388;215;353837056;26776167;39405834
1527373158017;11759;12398;215;353837056;26777876;39407759
1527373158117;11769;12410;215;353837056;26779588;39409687
1527373158217;11779;12422;215;353837056;26781299;39411614
1527373158317;11789;12433;215;353837056;26783010;39413541
1527373158417;11799;12442;216;353837056;26784725;39415472
1527373158517;11809;12453;216;353837056;26786437;39417400
1527373158617;11819;12464;216;353837056;26788148;39419327
1527373158717;11829;12477;216;353837056;26789860;39421255
1527373158817;11839;12487;216;353837056;26791572;39423183
1527373158917;11849;12499;216;353837056;26793284;39425111
1527373159017;11859;12511;216;353837056;26794996;39427039
1527373159117;11869;12522;216;353837056;26796709;39428968
1527373159217;11879;12533;216;353837056;26798421;39430896
1527373159317;11889;12543;217;353837056;26800133;39432824
1527373159417;11899;12558;217;353837056;26801845;39434752
1527373159517;11909;12568;217;353837056;26803553;39436676
1527373159617;11919;12578;217;353837056;26805263;39438602
1527373159717;11929;12589;217;353837056;26806972;39440527
1527373159817;11939;12599;217;353837056;26809532;39443411
1527373159917;11949;12608;217;353837056;26811244;39445339
1527373160017;11959;12619;217;353837056;26812959;39447270
1527373160117;11969;12631;218;353837056;26813812;39449141
1527373160217;11979;12641;218;353837056;26816431;39451174
1527373160317;11989;12651;219;353837056;26817391;39453051
1527373160417;11999;12662;219;353837056;26819856;39455031
1527373160517;12009;12673;219;353837056;26821692;39457012
1527373160617;12019;12683;219;353837056;26822768;39459000
1527373160717;12029;12693;220;353837056;26825235;39460983
1527373160817;12039;12705;220;353837056;26826948;39462912
1527373160917;12049;12715;220;353837056;26828659;39464839
1527373161017;12059;12727;220;353837056;26830370;39466766
1527373161117;12069;12736;220;353837056;26832077;39468689
1527373161217;12079;12749;220;353837056;26833792;39470620
1527373161317;12089;12759;220;353837056;26835503;39472547
1527373161417;12099;12768;220;353837056;26837216;39474476
1527373161517;12109;12780;220;353837056;26838929;39476405
1527373161617;12119;12790;220;353837056;26840644;39478336
1527373161717;12129;12801;220;353837056;26842356;39480264
1527373161817;12139;12811;220;353837056;26844069;39482193
1527373161917;12149;12822;220;353837056;26845779;39484119
1527373162017;12159;12832;220;353837056;26847492;39486048
1527373162117;12169;12842;220;353837056;26849205;39487977
1527373162217;12179;12853;220;353837056;26850916;39489904
1527373162317;12189;12865;220;353837056;26852733;39492744
1527373162417;12199;12874;221;353837056;26854446;39494676
1527373162517;12209;12885;221;353837056;26856915;39496659
1527373162617;12219;12896;221;353837056;26858629;39498589
1527373162717;12229;12907;221;353837056;26860343;39500519
1527373162817;12239;12917;221;353837056;26862055;39502447
1527373162917;12249;12927;222;353837056;26863015;39504323
1527373163017;12259;12938;222;353837056;26865478;39506302
1527373163117;12269;12952;222;353837056;26867193;39508233
1527373163217;12279;12964;222;353837056;26868905;39510161
1527373163317;12289;12977;222;353837056;26870786;39512090
1527373163417;12299;12988;222;353837056;26872498;39514018
1527373163517;12309;12998;222;353837056;26874211;39515947
1527373163617;12319;13009;223;353837056;26876137;39517878
1527373163717;12329;13018;223;353837056;26877853;39519810
1527373163817;12339;13029;223;353837056;26879567;39521740
1527373163917;12349;13040;223;353837056;26881282;39523671
1527373164017;12359;13050;223;353837056;26882990;39525595
1527373164117;12369;13063;223;353837056;26884702;39527523
1527373164217;12379;13073;223;353837056;26886416;39529453
1527373164317;12389;13084;223;353837056;26888127;39531380
1527373164417;12399;13094;224;353837056;26889842;39533311
1527373164517;12409;13106;224;353837056;26891557;39535242
1527373164617;12419;13116;224;353837056;26893270;39537171
1527373164717;12429;13127;224;353837056;26894982;39539099
1527373164817;12439;13137;225;353837056;26896693;39541026
1527373164917;12449;13148;225;353837056;26899262;39543919
1527373165017;12459;13158;225;353837056;26900973;39545846
1527373165117;12469;13167;226;353837056;26902734;39547823
1527373165217;12479;13177;226;353837056;26904446;39549751
1527373165317;12489;13189;226;353837056;26906158;39551679
1527373165417;12499;13201;227;353837056;26907994;39553608
1527373165517;12509;13214;227;353837056;26909822;39555648
1527373165617;12519;13226;227;353837056;26911535;39557577
1527373165717;12529;13235;228;353837056;26913247;39559505
1527373165817;12539;13245;228;353837056;26914961;39561435
1527373165917;12549;13257;228;353837056;26916675;39563365
1527373166017;12559;13265;229;353837056;26918386;39565292
1527373166117;12569;13276;229;353837056;26920099;39567221
1527373166217;12579;13287;229;353837056;26921808;39569146
1527373166317;12589;13297;229;353837056;26923522;39571076
1527373166417;12599;13308;229;353837056;26925235;39573005
1527373166517;12609;13319;229;353837056;26926948;39574934
1527373166617;12619;13328;229;353837056;26928660;39576862
1527373166717;12629;13338;230;353837056;26930372;39578790
1527373166817;12639;13349;230;353837056;26932086;39580720
1527373166917;12649;13359;230;353837056;26933801;39582651
1527373167017;12659;13370;230;353837056;26935515;39584581
1527373167117;12669;13379;231;353837056;26937325;39586509
1527373167217;12679;13390;231;353837056;26939086;39588436
1527373167317;12689;13402;231;353837056;26940797;39590363
1527373167417;12699;13417;231;353837056;26941758;39592239
1527373167517;12709;13428;231;353837056;26943364;39593254
1527373167617;12719;13439;231;353837056;26945931;39596145
1527373167717;12729;13453;231;353837056;26946891;39598022
1527373167817;12739;13463;231;353837056;26948604;39599952
1527373167917;12749;13475;231;353837056;26950317;39601880
1527373168017;12759;13486;231;353837056;26951927;39602897
1527373168117;12769;13496;232;353837056;26953637;39604823
1527373168217;12779;13509;233;353837056;26955492;39606754
1527373168317;12789;13520;233;353837056;26957592;39608682
1527373168417;12799;13530;234;353837056;26959304;39610610
1527373168517;12809;13540;234;353837056;26961017;39612539
1527373168617;12819;13550;234;353837056;26962727;39614465
1527373168717;12829;13560;234;353837056;26964438;39616392
1527373168817;12839;13572;234;353837056;26965398;39618268
1527373168917;12849;13587;234;353837056;26967005;39619283
1527373169017;12859;13595;236;353837056;26968717;39621211
1527373169117;12869;13606;236;353837056;26970428;39624052
1527373169217;12879;13616;236;353837056;26972142;39625068
1527373169317;12889;13627;236;353837056;26973959;39627907
1527373169417;12899;13638;236;353837056;26975565;39628923
1527373169517;12909;13648;236;353837056;26977277;39630851
1527373169618;12919;13658;236;353837056;26978992;39632782
1527373169719;12929;13669;236;353837056;26980706;39634712
1527373169819;12939;13682;236;353837056;26982422;39636644
1527373169919;12949;13695;236;353837056;26984133;39638571
1527373170019;12959;13709;236;353837056;26985984;39640501
1527373170119;12970;13719;236;353837056;26987699;39642432
1527373170219;12980;13732;236;353837056;26989465;39644414
1527373170319;12990;13743;236;353837056;26991176;39646341
1527373170419;13000;13755;236;353837056;26992891;39648272
1527373170519;13010;13765;237;353837056;26994823;39650201
1527373170619;13020;13775;237;353837056;26996699;39652243
1527373170719;13030;13787;237;353837056;26998414;39654174
1527373170819;13040;13799;237;353837056;27000130;39656106
1527373170919;13050;13809;238;353837056;27001839;39658031
1527373171019;13060;13819;239;353837056;27003552;39659960
1527373171119;13070;13831;239;353837056;27005264;39661888
1527373171219;13080;13843;239;353837056;27006975;39663815
1527373171319;13090;13854;239;353837056;27008690;39665746
1527373171419;13100;13863;239;353837056;27010402;39667674
1527373171519;13110;13875;239;353837056;27012112;39669600
