1527007642042,4.348631,4.334650,0.013981,1
1527007642052,4.354830,4.339228,0.015602,1
1527007642062,4.345570,4.331179,0.014391,1
1527007642072,4.356327,4.340401,0.015926,1
1527007642082,4.347925,4.333220,0.014706,1
1527007642092,4.357119,4.340630,0.016489,1
1527007642103,4.337244,4.322891,0.014353,1
1527007642113,4.357729,4.341059,0.016670,1
1527007642123,4.348631,4.333944,0.014687,1
1527007642133,4.356375,4.339380,0.016994,1
1527007642143,4.346533,4.331923,0.014610,1
1527007642153,4.354677,4.338484,0.016193,1
1527007642163,4.349604,4.334478,0.015125,1
1527007642173,4.355469,4.339514,0.015955,1
1527007642183,4.346981,4.332256,0.014725,1
1527007642193,4.356890,4.340744,0.016146,1
1527007642203,4.337292,4.322519,0.014772,1
1527007642214,4.355173,4.338884,0.016289,1
1527007642224,4.352150,4.335833,0.016317,1
1527007642234,4.356546,4.341135,0.015411,1
1527007642244,4.352093,4.336319,0.015774,1
1527007642254,4.349079,4.333115,0.015965,1
1527007642264,4.352255,4.336653,0.015602,1
1527007642274,4.356422,4.341211,0.015211,1
1527007642284,4.351921,4.336662,0.015259,1
1527007642294,4.354248,4.337778,0.016470,1
1527007642304,4.337234,4.321728,0.015507,1
1527007642314,4.356861,4.340973,0.015888,1
1527007642324,4.351540,4.335518,0.016022,1
1527007642334,4.354200,4.337616,0.016584,1
1527007642344,4.352684,4.336329,0.016356,1
1527007642354,4.350395,4.334888,0.015507,1
1527007642364,4.352007,4.335728,0.016279,1
1527007642374,4.354019,4.337635,0.016384,1
1527007642384,4.352617,4.336424,0.016193,1
1527007642394,4.357080,4.340897,0.016184,1
1527007642404,4.333277,4.314976,0.018301,1
1527007642414,4.349213,4.331608,0.017605,1
1527007642424,4.347296,4.329786,0.017509,1
1527007642434,4.352856,4.335728,0.017128,1
1527007642444,4.346132,4.329605,0.016527,1
1527007642454,4.346895,4.329519,0.017376,1
1527007642464,4.346237,4.329042,0.017195,1
1527007642475,4.349718,4.331875,0.017843,1
1527007642485,4.345694,4.329195,0.016499,1
1527007642495,4.351969,4.335165,0.016804,1
1527007642505,4.327650,4.310694,0.016956,1
1527007642515,4.357386,4.341183,0.016203,1
1527007642525,4.351358,4.335146,0.016212,1
1527007642535,4.357767,4.341288,0.016479,1
1527007642545,4.350700,4.334393,0.016308,1
1527007642555,4.357195,4.341087,0.016108,1
1527007642565,4.350758,4.334803,0.015955,1
1527007642575,4.357824,4.340858,0.016966,1
1527007642586,4.350605,4.334822,0.015783,1
1527007642596,4.356976,4.340487,0.016489,1
1527007642606,4.334068,4.316692,0.017376,1
1527007642616,4.355936,4.339838,0.016098,1
1527007642626,4.350348,4.334421,0.015926,1
1527007642636,4.357519,4.340858,0.016661,1
1527007642646,4.347258,4.330797,0.016460,1
1527007642656,4.352264,4.335651,0.016613,1
1527007642666,4.350529,4.335012,0.015516,1
1527007642676,4.356594,4.340715,0.015879,1
1527007642686,4.347553,4.331932,0.015621,1
1527007642697,4.356279,4.339285,0.016994,1
1527007642707,4.341507,4.324656,0.016851,1
1527007642717,4.354897,4.338589,0.016308,1
1527007642727,4.352379,4.336176,0.016203,1
1527007642737,4.355602,4.339237,0.016365,1
1527007642747,4.352331,4.336205,0.016127,1
1527007642757,4.352512,4.335213,0.017300,1
1527007642767,4.352303,4.336052,0.016251,1
1527007642777,4.354963,4.339075,0.015888,1
1527007642787,4.351568,4.335775,0.015793,1
1527007642797,4.354477,4.338369,0.016108,1
1527007642808,4.343777,4.326220,0.017557,1
1527007642818,4.353952,4.337587,0.016365,1
1527007642828,4.351912,4.336357,0.015554,1
1527007642838,4.349785,4.333735,0.016050,1
1527007642848,4.352036,4.335890,0.016146,1
1527007642858,4.352875,4.336653,0.016222,1
1527007642868,4.352694,4.336805,0.015888,1
1527007642878,4.350805,4.334946,0.015860,1
1527007642888,4.351187,4.335375,0.015812,1
1527007642898,4.359217,4.343424,0.015793,1
1527007642908,4.351645,4.334984,0.016661,1
1527007642919,4.357033,4.341297,0.015736,1
1527007642929,4.358730,4.342670,0.016060,1
1527007642939,4.357710,4.342613,0.015097,1
1527007642949,4.358006,4.342165,0.015841,1
1527007642959,4.356327,4.341240,0.015087,1
1527007642969,4.359055,4.343319,0.015736,1
1527007642979,4.352312,4.336700,0.015612,1
1527007642989,4.351873,4.335318,0.016556,1
1527007642999,4.351807,4.336071,0.015736,1
1527007643009,4.348097,4.331064,0.017033,1
1527007643019,4.353247,4.337444,0.015802,1
1527007643030,4.352055,4.335327,0.016727,1
1527007643040,4.351168,4.335766,0.015402,1
1527007643050,4.351034,4.334574,0.016460,1
1527007643060,4.337234,4.320927,0.016308,1
1527007643070,4.351683,4.334822,0.016861,1
1527007643080,4.351130,4.335546,0.015583,1
1527007643090,4.360199,4.343977,0.016222,1
1527007643100,4.355621,4.340210,0.015411,1
1527007643110,4.352512,4.335108,0.017405,1
1527007643120,4.356422,4.340582,0.015841,1
1527007643130,4.360237,4.344053,0.016184,1
1527007643141,4.355421,4.340248,0.015173,1
1527007643151,4.359827,4.343815,0.016012,1
1527007643161,4.343538,4.327021,0.016518,1
1527007643171,4.355841,4.339132,0.016708,1
1527007643181,4.350052,4.334822,0.015230,1
1527007643191,4.355373,4.338846,0.016527,1
1527007643201,4.349203,4.334593,0.014610,1
1527007643211,4.337244,4.319124,0.018120,1
1527007643221,4.349089,4.334555,0.014534,1
1527007643231,4.355688,4.339409,0.016279,1
1527007643241,4.348907,4.334641,0.014267,1
1527007643252,4.356632,4.340429,0.016203,1
1527007643262,4.334583,4.318619,0.015965,1
1527007643272,4.356785,4.340382,0.016403,1
1527007643282,4.348640,4.333525,0.015116,1
1527007643292,4.356432,4.340057,0.016375,1
1527007643302,4.345026,4.330587,0.014439,1
1527007643312,4.339771,4.321423,0.018349,1
1527007643322,4.348612,4.333611,0.015001,1
1527007643332,4.356928,4.340487,0.016441,1
1527007643342,4.344997,4.329710,0.015287,1
1527007643352,4.358015,4.341307,0.016708,1
1527007643363,4.339743,4.323101,0.016642,1
1527007643373,4.357710,4.341078,0.016632,1
1527007643383,4.349937,4.333963,0.015974,1
1527007643393,4.357119,4.340191,0.016928,1
1527007643403,4.348993,4.334040,0.014954,1
1527007643413,4.340515,4.321251,0.019264,1
1527007643423,4.343510,4.327517,0.015993,1
1527007643433,4.351749,4.334660,0.017090,1
1527007643443,4.342852,4.326820,0.016031,1
1527007643453,4.352818,4.335251,0.017567,1
1527007643463,4.343958,4.326944,0.017014,1
1527007643473,4.351654,4.334078,0.017576,1
1527007643483,4.342537,4.326706,0.015831,1
1527007643493,4.352369,4.335117,0.017252,1
1527007643503,4.345169,4.328651,0.016518,1
1527007643513,4.352846,4.335632,0.017214,1
1527007643523,4.349470,4.333735,0.015736,1
1527007643533,4.357138,4.340086,0.017052,1
1527007643543,4.351511,4.335546,0.015965,1
1527007643553,4.358501,4.341764,0.016737,1
1527007643563,4.348888,4.333429,0.015459,1
1527007643573,4.357300,4.340420,0.016880,1
1527007643583,4.350939,4.334908,0.016031,1
1527007643593,4.357786,4.341278,0.016508,1
1527007643603,4.350271,4.335442,0.014830,1
1527007643613,4.356880,4.340515,0.016365,1
1527007643624,4.351692,4.335394,0.016298,1
1527007643634,4.356747,4.340134,0.016613,1
1527007643644,4.352827,4.336071,0.016756,1
1527007643654,4.354143,4.338388,0.015755,1
1527007643664,4.352255,4.336138,0.016117,1
1527007643674,4.357319,4.340887,0.016432,1
1527007643684,4.352112,4.336042,0.016069,1
1527007643694,4.354916,4.339418,0.015497,1
1527007643704,4.352655,4.336357,0.016298,1
1527007643714,4.357100,4.341049,0.016050,1
1527007643724,4.352112,4.335804,0.016308,1
1527007643735,4.355536,4.339666,0.015869,1
1527007643745,4.350758,4.335470,0.015287,1
1527007643755,4.356995,4.340105,0.016890,1
1527007643765,4.350052,4.333439,0.016613,1
1527007643775,4.356232,4.340248,0.015984,1
1527007643785,4.350691,4.335108,0.015583,1
1527007643795,4.357128,4.341249,0.015879,1
1527007643805,4.347763,4.331799,0.015965,1
1527007643815,4.356852,4.340868,0.015984,1
1527007643825,4.350500,4.335146,0.015354,1
1527007643835,4.357147,4.341316,0.015831,1
1527007643846,4.347982,4.331846,0.016136,1
1527007643856,4.356728,4.340343,0.016384,1
1527007643866,4.351120,4.334917,0.016203,1
1527007643876,4.356203,4.339867,0.016336,1
1527007643886,4.348011,4.331388,0.016623,1
1527007643896,4.356928,4.340067,0.016861,1
1527007643906,4.350796,4.335327,0.015469,1
1527007643916,4.356279,4.339476,0.016804,1
1527007643926,4.346657,4.330502,0.016155,1
1527007643936,4.357233,4.340506,0.016727,1
1527007643946,4.350729,4.335127,0.015602,1
1527007643957,4.355764,4.339294,0.016470,1
1527007643967,4.351425,4.334736,0.016689,1
1527007643977,4.355078,4.338884,0.016193,1
1527007643987,4.352369,4.336071,0.016298,1
1527007643997,4.355907,4.339161,0.016747,1
1527007644007,4.351368,4.336195,0.015173,1
1527007644017,4.354639,4.338417,0.016222,1
1527007644027,4.352207,4.335804,0.016403,1
1527007644037,4.355345,4.339170,0.016174,1
1527007644047,4.351921,4.335709,0.016212,1
1527007644057,4.354515,4.338331,0.016184,1
1527007644068,4.351845,4.336042,0.015802,1
1527007644078,4.350786,4.334202,0.016584,1
1527007644088,4.352732,4.336615,0.016117,1
1527007644098,4.354277,4.337883,0.016394,1
1527007644108,4.352360,4.336243,0.016117,1
1527007644118,4.350500,4.333620,0.016880,1
1527007644128,4.352798,4.336777,0.016022,1
1527007644138,4.352942,4.336634,0.016308,1
1527007644148,4.352169,4.335794,0.016375,1
1527007644158,4.349909,4.333687,0.016222,1
1527007644168,4.352665,4.336405,0.016260,1
1527007644179,4.353409,4.337130,0.016279,1
1527007644189,4.352703,4.336214,0.016489,1
1527007644199,4.352589,4.336567,0.016022,1
1527007644209,4.354086,4.337959,0.016127,1
1527007644219,4.352665,4.336824,0.015841,1
1527007644229,4.353523,4.337645,0.015879,1
1527007644239,4.351225,4.335518,0.015707,1
1527007644249,4.354210,4.337769,0.016441,1
1527007644259,4.352694,4.336805,0.015888,1
1527007644269,4.353218,4.337521,0.015697,1
1527007644279,4.352274,4.336710,0.015564,1
1527007644290,4.353590,4.337683,0.015907,1
1527007644300,4.351263,4.335718,0.015545,1
1527007644310,4.351158,4.334326,0.016832,1
1527007644320,4.349394,4.333296,0.016098,1
1527007644330,4.352455,4.334898,0.017557,1
1527007644340,4.350910,4.334936,0.015974,1
1527007644350,4.351606,4.334497,0.017109,1
1527007644360,4.349985,4.334669,0.015316,1
1527007644370,4.354858,4.338684,0.016174,1
1527007644380,4.351158,4.335566,0.015593,1
1527007644390,4.351501,4.335051,0.016451,1
1527007644400,4.349852,4.334574,0.015278,1
1527007644410,4.354715,4.338207,0.016508,1
1527007644420,4.351768,4.335766,0.016003,1
1527007644430,4.345989,4.328890,0.017099,1
1527007644441,4.343634,4.327888,0.015745,1
1527007644451,4.350080,4.333200,0.016880,1
1527007644461,4.342995,4.327679,0.015316,1
1527007644471,4.350719,4.333782,0.016937,1
1527007644481,4.343519,4.328299,0.015221,1
1527007644491,4.350824,4.333658,0.017166,1
1527007644501,4.342680,4.327526,0.015154,1
1527007644511,4.350748,4.333868,0.016880,1
1527007644521,4.343758,4.328041,0.015717,1
1527007644531,4.355469,4.339314,0.016155,1
1527007644541,4.348516,4.332790,0.015726,1
1527007644552,4.356251,4.339714,0.016537,1
1527007644562,4.348316,4.333477,0.014839,1
1527007644572,4.356632,4.340153,0.016479,1
1527007644582,4.344826,4.330311,0.014515,1
1527007644592,4.355993,4.339886,0.016108,1
1527007644602,4.347878,4.333200,0.014677,1
1527007644612,4.357443,4.340963,0.016479,1
1527007644622,4.344206,4.329348,0.014858,1
1527007644632,4.356184,4.339819,0.016365,1
1527007644642,4.348116,4.333429,0.014687,1
1527007644652,4.357071,4.340773,0.016298,1
1527007644663,4.346189,4.331293,0.014896,1
1527007644673,4.356670,4.340000,0.016670,1
1527007644683,4.349613,4.333925,0.015688,1
1527007644693,4.356012,4.338951,0.017061,1
1527007644703,4.346991,4.331503,0.015488,1
1527007644713,4.357662,4.340830,0.016832,1
1527007644723,4.349098,4.334135,0.014963,1
1527007644733,4.355755,4.338636,0.017118,1
1527007644743,4.347696,4.332590,0.015106,1
1527007644753,4.357080,4.340696,0.016384,1
1527007644763,4.349957,4.335108,0.014849,1
1527007644774,4.353466,4.337711,0.015755,1
1527007644784,4.351177,4.335032,0.016146,1
1527007644794,4.356136,4.340057,0.016079,1
1527007644804,4.351492,4.336157,0.015335,1
1527007644814,4.354610,4.338112,0.016499,1
1527007644824,4.351683,4.335403,0.016279,1
1527007644834,4.356308,4.340086,0.016222,1
1527007644844,4.352474,4.335899,0.016575,1
1527007644854,4.354849,4.338112,0.016737,1
1527007644865,4.351435,4.335155,0.016279,1
1527007644875,4.357319,4.341106,0.016212,1
1527007644885,4.350615,4.334774,0.015841,1
1527007644895,4.357157,4.340487,0.016670,1
1527007644905,4.352026,4.335289,0.016737,1
1527007644915,4.357033,4.340725,0.016308,1
1527007644925,4.350290,4.333811,0.016479,1
1527007644935,4.122858,4.101429,0.021429,1
1527007644945,4.172421,4.145746,0.026674,1
1527007644955,4.128084,4.096680,0.031404,1
1527007644965,4.183102,4.158916,0.024185,1
1527007644976,4.206972,4.184465,0.022507,1
1527007644986,4.191132,4.166908,0.024223,1
1527007644996,4.353285,4.337692,0.015593,1
1527007645006,4.353647,4.338598,0.015049,1
1527007645016,4.355049,4.338989,0.016060,1
1527007645026,4.226370,4.205503,0.020866,1
1527007645036,4.210291,4.187832,0.022459,1
1527007645046,4.223089,4.201689,0.021400,1
1527007645056,4.235468,4.213533,0.021935,1
1527007645066,4.227381,4.205818,0.021563,1
1527007645076,4.229403,4.206457,0.022945,1
1527007645087,4.232492,4.219189,0.013304,1
1527007645097,4.357061,4.340773,0.016289,1
1527007645107,4.353609,4.337902,0.015707,1
1527007645117,4.355516,4.338751,0.016766,1
1527007645127,4.357624,4.341879,0.015745,1
1527007645137,4.199448,4.166117,0.033331,1
1527007645147,4.257841,4.244871,0.012970,1
1527007645157,4.360027,4.343462,0.016565,1
1527007645167,4.357576,4.342308,0.015268,1
1527007645177,4.361715,4.345999,0.015717,1
1527007645187,4.359531,4.344177,0.015354,1
1527007645198,4.360504,4.344044,0.016460,1
1527007645208,4.177532,4.153357,0.024176,1
1527007645218,4.199572,4.176483,0.023088,1
1527007645228,4.193811,4.170389,0.023422,1
1527007645238,4.176550,4.154739,0.021811,1
1527007645248,4.210396,4.187984,0.022411,1
1527007645258,4.214697,4.190674,0.024023,1
1527007645268,4.214048,4.190359,0.023689,1
1527007645278,4.211979,4.188538,0.023441,1
1527007645288,4.213428,4.190063,0.023365,1
1527007645298,4.215069,4.191036,0.024033,1
1527007645309,4.214458,4.190769,0.023689,1
1527007645319,4.211903,4.189272,0.022631,1
1527007645329,4.214287,4.190388,0.023899,0
1527007645339,4.192324,4.169226,0.023098,0
1527007645349,4.188118,4.164686,0.023432,0
1527007645359,4.184046,4.156570,0.027475,0
1527007645369,4.324903,4.318466,0.006437,0
1527007645379,4.371634,4.356480,0.015154,0
1527007645389,4.373350,4.357538,0.015812,0
1527007645399,4.372721,4.357138,0.015583,0
1527007645409,4.205914,4.180470,0.025444,0
1527007645420,4.204502,4.182148,0.022354,0
1527007645430,4.207745,4.183435,0.024309,1
1527007645440,4.203157,4.180355,0.022802,1
1527007645450,3.992348,3.961926,0.030422,1
1527007645460,3.932133,3.882875,0.049257,1
1527007645470,3.977108,3.943233,0.033875,1
1527007645480,3.996496,3.966436,0.030060,1
1527007645490,4.003124,3.969831,0.033293,1
1527007645500,4.001436,3.968439,0.032997,1
1527007645510,4.202766,4.177885,0.024881,1
1527007645520,4.235497,4.213524,0.021973,1
1527007645531,4.218683,4.193621,0.025063,0
1527007645541,4.228716,4.206371,0.022345,0
1527007645551,4.353218,4.329214,0.024004,0
1527007645561,4.115324,4.092922,0.022402,0
1527007645571,4.359274,4.337606,0.021667,0
1527007645581,4.292622,4.279852,0.012770,0
1527007645591,4.242029,4.220400,0.021629,0
1527007645601,4.234638,4.213963,0.020676,0
1527007645611,4.240646,4.218359,0.022287,0
1527007645621,4.236279,4.215555,0.020723,0
1527007645631,4.243679,4.220781,0.022898,1
1527007645641,4.266195,4.240303,0.025892,1
1527007645651,4.274788,4.258671,0.016117,1
1527007645661,4.102917,4.076471,0.026445,1
1527007645671,4.236021,4.213371,0.022650,1
1527007645681,4.229336,4.207993,0.021343,1
1527007645691,4.234362,4.211874,0.022488,1
1527007645701,4.229536,4.207935,0.021601,1
1527007645711,4.236288,4.213896,0.022392,1
1527007645721,4.317122,4.294691,0.022430,1
1527007645731,4.347668,4.333181,0.014486,0
1527007645741,4.232407,4.210949,0.021458,0
1527007645751,4.240723,4.218616,0.022106,0
1527007645761,4.118080,4.087973,0.030107,0
1527007645771,4.241762,4.219198,0.022564,0
1527007645781,4.234219,4.212923,0.021296,0
1527007645792,4.242134,4.219294,0.022840,0
1527007645802,4.241896,4.219522,0.022373,0
1527007645812,4.361267,4.343138,0.018129,0
1527007645822,4.253912,4.239035,0.014877,0
1527007645832,4.235783,4.213352,0.022430,1
1527007645842,4.227324,4.205132,0.022192,1
1527007645852,4.235706,4.213018,0.022688,1
1527007645862,4.219694,4.198818,0.020876,1
1527007645872,4.236012,4.213219,0.022793,1
1527007645882,4.234076,4.213791,0.020285,1
1527007645892,4.264259,4.238749,0.025511,1
1527007645902,4.284029,4.270210,0.013819,1
1527007645912,4.242983,4.220524,0.022459,1
1527007645922,4.233608,4.212389,0.021219,1
1527007645932,4.243298,4.219990,0.023308,0
1527007645942,4.230881,4.208498,0.022383,0
1527007645952,4.241219,4.218645,0.022573,0
1527007645962,4.223213,4.201975,0.021238,0
1527007645972,4.267454,4.241743,0.025711,0
1527007645982,4.253569,4.237823,0.015745,0
1527007645992,4.235735,4.214468,0.021267,0
1527007646002,4.227266,4.205275,0.021992,0
1527007646013,4.236288,4.213600,0.022688,0
1527007646023,4.226770,4.205217,0.021553,0
1527007646033,4.235687,4.213657,0.022030,1
1527007646043,4.235659,4.214382,0.021276,1
1527007646053,4.251461,4.227867,0.023594,1
1527007646063,4.287043,4.262619,0.024424,1
1527007646073,4.340029,4.321871,0.018158,1
1527007646083,4.277592,4.263277,0.014315,1
1527007646093,4.241982,4.219933,0.022049,1
1527007646103,4.233294,4.212675,0.020618,1
1527007646113,4.241171,4.219723,0.021448,1
1527007646124,4.229975,4.208174,0.021801,1
1527007646134,4.231386,4.209547,0.021839,0
1527007646144,4.230080,4.207544,0.022535,0
1527007646154,4.235783,4.213896,0.021887,0
1527007646164,4.229126,4.206820,0.022306,0
1527007646174,4.230194,4.207659,0.022535,0
1527007646184,4.234953,4.212265,0.022688,0
1527007646194,4.257708,4.231215,0.026493,0
1527007646204,4.280519,4.266481,0.014038,0
1527007646214,4.244204,4.226179,0.018024,0
1527007646224,4.237041,4.215984,0.021057,0
1527007646235,4.238129,4.214582,0.023546,1
1527007646245,4.234533,4.212809,0.021725,1
1527007646255,4.240637,4.218645,0.021992,1
1527007646265,4.218092,4.195385,0.022707,1
1527007646275,4.237270,4.214888,0.022383,1
1527007646285,4.216328,4.192944,0.023384,1
1527007646295,4.230165,4.207315,0.022850,1
1527007646305,4.227409,4.203644,0.023766,1
1527007646315,4.315567,4.303560,0.012007,1
1527007646325,4.235983,4.217377,0.018606,1
1527007646335,4.234285,4.211740,0.022545,0
1527007646346,4.228058,4.205580,0.022478,0
1527007646356,4.235239,4.213457,0.021782,0
1527007646366,4.219570,4.197531,0.022039,0
1527007646376,4.240055,4.217825,0.022230,0
1527007646386,4.223824,4.203367,0.020456,0
1527007646396,4.239788,4.217815,0.021973,0
1527007646406,4.230146,4.208660,0.021486,0
1527007646416,4.240932,4.218607,0.022326,0
1527007646426,4.293833,4.269247,0.024586,0
1527007646436,4.353867,4.338684,0.015182,1
1527007646446,4.262714,4.246731,0.015984,1
1527007646457,4.235945,4.215279,0.020666,1
1527007646467,4.229031,4.206514,0.022516,1
1527007646477,4.233284,4.210529,0.022755,1
1527007646487,4.230146,4.207039,0.023108,1
1527007646497,4.234161,4.211674,0.022488,1
1527007646507,4.230852,4.207973,0.022879,1
1527007646517,4.233437,4.210491,0.022945,1
1527007646527,4.231329,4.208584,0.022745,1
1527007646537,4.338093,4.316072,0.022020,0
1527007646547,4.310255,4.299116,0.011139,0
1527007646557,4.238663,4.216461,0.022202,0
1527007646567,4.236345,4.214716,0.021629,0
1527007646577,4.239836,4.217329,0.022507,0
1527007646587,4.236660,4.215021,0.021639,0
1527007646597,4.238596,4.216185,0.022411,0
1527007646608,4.236488,4.214907,0.021582,0
1527007646618,4.233532,4.211063,0.022469,0
1527007646628,4.233274,4.210863,0.022411,1
1527007646638,4.246578,4.222765,0.023813,1
1527007646648,4.289827,4.275608,0.014219,1
1527007646658,4.231901,4.210567,0.021334,1
1527007646668,4.229698,4.206333,0.023365,1
1527007646678,4.228802,4.206057,0.022745,1
1527007646688,4.230175,4.207153,0.023022,1
1527007646698,4.231758,4.208908,0.022850,1
1527007646708,4.236784,4.214869,0.021915,1
1527007646719,4.239597,4.217339,0.022259,1
1527007646729,4.273806,4.247169,0.026636,0
1527007646739,4.343939,4.324837,0.019102,0
1527007646749,4.290905,4.277239,0.013666,0
1527007646759,4.235296,4.214001,0.021296,0
1527007646769,4.238205,4.216175,0.022030,0
1527007646779,4.236679,4.215212,0.021467,0
1527007646789,4.231663,4.208660,0.023003,0
1527007646799,4.230213,4.207869,0.022345,0
1527007646809,4.231920,4.210052,0.021868,0
1527007646819,4.230289,4.207296,0.022993,0
1527007646830,4.230385,4.207611,0.022774,1
1527007646840,4.229650,4.208012,0.021639,1
1527007646850,4.233179,4.210711,0.022469,1
1527007646860,4.106398,4.078751,0.027647,1
1527007646870,4.339561,4.319954,0.019608,1
1527007646880,4.284058,4.270449,0.013609,1
1527007646890,4.235868,4.213619,0.022249,1
1527007646900,4.234715,4.213438,0.021276,1
1527007646910,4.234962,4.212322,0.022640,1
1527007646920,4.234400,4.212952,0.021448,1
1527007646930,4.239388,4.217196,0.022192,0
1527007646941,4.234428,4.213076,0.021353,0
1527007646951,4.233475,4.210749,0.022726,0
1527007646961,4.126301,4.093256,0.033045,0
1527007646971,4.287548,4.260864,0.026684,0
1527007646981,4.241562,4.223003,0.018559,0
1527007646991,4.235535,4.212122,0.023413,0
1527007647001,4.227219,4.205322,0.021896,0
1527007647011,4.371805,4.355335,0.016470,0
1527007647021,4.236441,4.213486,0.022955,0
1527007647031,4.362841,4.342728,0.020113,1
1527007647041,4.255371,4.239006,0.016365,1
1527007647052,4.241991,4.219589,0.022402,1
1527007647062,4.142838,4.109116,0.033722,1
1527007647072,4.240589,4.217873,0.022717,1
1527007647082,4.232054,4.211044,0.021009,1
1527007647092,4.239950,4.216833,0.023117,1
1527007647102,4.229565,4.207573,0.021992,1
1527007647112,4.234810,4.211054,0.023756,1
1527007647122,4.227047,4.204378,0.022669,1
1527007647132,4.291487,4.264193,0.027294,0
1527007647142,4.328709,4.310360,0.018349,0
1527007647152,4.280901,4.264765,0.016136,0
1527007647163,4.136353,4.119606,0.016747,0
1527007647173,4.237480,4.213743,0.023737,0
1527007647183,4.226894,4.203701,0.023193,0
1527007647193,4.234695,4.211884,0.022812,0
1527007647203,4.232025,4.210529,0.021496,0
1527007647213,4.241343,4.217892,0.023451,0
1527007647223,4.233551,4.211998,0.021553,0
1527007647233,4.240608,4.217997,0.022612,1
1527007647243,4.232759,4.211760,0.021000,1
1527007647253,4.253654,4.229174,0.024481,1
1527007647263,4.307852,4.286690,0.021162,1
1527007647274,4.308271,4.296141,0.012131,1
1527007647284,4.253035,4.235754,0.017281,1
1527007647294,4.233150,4.210052,0.023098,1
1527007647304,4.228992,4.205132,0.023861,1
1527007647314,4.234362,4.211416,0.022945,1
1527007647324,4.229956,4.206514,0.023441,1
1527007647334,4.229622,4.206295,0.023327,0
1527007647344,4.229078,4.205704,0.023375,0
1527007647354,4.234409,4.211245,0.023165,0
1527007647364,4.235735,4.213419,0.022316,0
1527007647374,4.254293,4.230118,0.024176,0
1527007647384,4.311152,4.285717,0.025434,0
1527007647394,4.238977,4.218493,0.020485,0
1527007647404,4.235878,4.213591,0.022287,0
1527007647414,4.237213,4.215336,0.021877,0
1527007647425,4.234800,4.212627,0.022173,0
1527007647435,4.239397,4.217396,0.022001,1
1527007647445,4.227123,4.204226,0.022898,1
1527007647455,4.233046,4.210749,0.022297,1
1527007647465,4.220438,4.196186,0.024252,1
1527007647475,4.237928,4.214096,0.023832,1
1527007647485,4.307222,4.283190,0.024033,1
1527007647495,4.315872,4.303722,0.012150,1
1527007647505,4.221754,4.197855,0.023899,1
1527007647515,4.350891,4.332409,0.018482,1
1527007647525,4.234400,4.210243,0.024157,1
1527007647536,4.318352,4.293995,0.024357,0
1527007647546,4.332094,4.318752,0.013342,0
1527007647556,4.269094,4.252148,0.016947,0
1527007647566,4.227419,4.206438,0.020981,0
1527007647576,4.234858,4.213247,0.021610,0
1527007647586,4.228621,4.207821,0.020800,0
1527007647596,4.239721,4.217625,0.022097,0
1527007647606,4.225216,4.203272,0.021944,0
1527007647616,4.234352,4.211769,0.022583,0
1527007647626,4.227514,4.205551,0.021963,0
1527007647636,4.244413,4.221029,0.023384,1
1527007647647,4.269371,4.243860,0.025511,1
1527007647657,4.346342,4.328661,0.017681,1
1527007647667,4.247856,4.230385,0.017471,1
1527007647677,4.231443,4.207659,0.023785,1
1527007647687,4.225397,4.203396,0.022001,1
1527007647697,4.238052,4.216204,0.021849,1
1527007647707,4.235735,4.214058,0.021677,1
1527007647717,4.236631,4.213772,0.022860,1
1527007647727,4.233599,4.212275,0.021324,1
1527007647737,4.239616,4.217396,0.022221,0
1527007647747,4.244242,4.221792,0.022449,0
1527007647757,4.317570,4.293070,0.024500,0
1527007647767,4.225311,4.203348,0.021963,0
1527007647777,4.232674,4.210234,0.022440,0
1527007647787,4.229736,4.206543,0.023193,0
1527007647798,4.228973,4.205551,0.023422,0
1527007647808,4.230890,4.206972,0.023918,0
1527007647818,4.230976,4.208775,0.022202,0
1527007647828,4.301004,4.276190,0.024815,0
1527007647838,4.225559,4.204283,0.021276,1
1527007647848,4.228840,4.206562,0.022278,1
1527007647858,4.236784,4.215069,0.021715,1
1527007647869,4.235315,4.213619,0.021696,1
1527007647879,4.235296,4.213667,0.021629,1
1527007647889,4.236393,4.215212,0.021181,1
1527007647899,4.236155,4.214563,0.021591,1
1527007647909,4.240952,4.218531,0.022421,1
1527007647919,4.327803,4.304838,0.022964,1
1527007647929,4.328003,4.315233,0.012770,1
1527007647939,4.231339,4.208641,0.022697,0
1527007647949,4.230614,4.207373,0.023241,0
1527007647959,4.229279,4.206095,0.023184,0
1527007647969,4.231110,4.208593,0.022516,0
1527007647980,4.230242,4.207420,0.022821,0
1527007647990,4.228888,4.205494,0.023394,0
1527007648000,4.166803,4.147263,0.019541,0
1527007648010,4.232569,4.210072,0.022497,0
1527007648020,4.249420,4.226227,0.023193,0
1527007648030,4.316044,4.292192,0.023851,0
1527007648040,4.333105,4.318962,0.014143,1
1527007648050,4.273825,4.256525,0.017300,1
1527007648060,4.227848,4.204741,0.023108,1
1527007648070,4.226952,4.203215,0.023737,1
1527007648080,4.228210,4.205484,0.022726,1
1527007648091,4.231958,4.209919,0.022039,1
1527007648101,4.219379,4.197550,0.021830,1
1527007648111,4.225464,4.202042,0.023422,1
1527007648121,4.218483,4.196796,0.021687,1
1527007648131,4.225979,4.202356,0.023623,0
1527007648141,4.224949,4.202604,0.022345,0
1527007648151,4.274683,4.247217,0.027466,0
1527007648161,4.344816,4.330931,0.013885,0
1527007648171,4.229755,4.207315,0.022440,0
1527007648181,4.226847,4.204092,0.022755,0
1527007648191,4.239712,4.216995,0.022717,0
1527007648202,4.232130,4.210625,0.021505,0
1527007648212,4.239655,4.217005,0.022650,0
1527007648222,4.228210,4.206181,0.022030,0
1527007648232,4.240923,4.218168,0.022755,1
1527007648242,4.234295,4.212112,0.022182,1
1527007648252,4.251566,4.227657,0.023909,1
1527007648262,4.225950,4.191799,0.034151,1
1527007648272,4.329720,4.313002,0.016718,1
1527007648282,4.226513,4.205008,0.021505,1
1527007648292,4.233332,4.210186,0.023146,1
1527007648302,4.220562,4.199915,0.020647,1
1527007648312,4.233618,4.210987,0.022631,1
1527007648322,4.225044,4.203243,0.021801,1
1527007648332,4.234047,4.211073,0.022974,0
1527007648342,4.220772,4.199839,0.020933,0
1527007648353,4.240589,4.217682,0.022907,0
1527007648363,4.132290,4.112797,0.019493,0
1527007648373,4.241066,4.218025,0.023041,0
1527007648383,4.241543,4.218960,0.022583,0
1527007648393,4.323044,4.309874,0.013170,0
1527007648403,4.259071,4.242878,0.016193,0
1527007648413,4.239550,4.216089,0.023460,0
1527007648423,4.234734,4.212646,0.022087,0
1527007648433,4.234581,4.210196,0.024385,1
1527007648443,4.223232,4.200487,0.022745,1
1527007648453,4.232979,4.208975,0.024004,1
1527007648464,4.210224,4.189224,0.021000,1
1527007648474,4.231634,4.209433,0.022202,1
1527007648484,4.228306,4.204273,0.024033,1
1527007648494,4.230270,4.207172,0.023098,1
1527007648504,4.239721,4.214954,0.024767,1
1527007648514,4.341345,4.318905,0.022440,1
1527007648524,4.306927,4.293938,0.012989,1
1527007648534,4.239779,4.215679,0.024099,0
1527007648544,4.232798,4.210300,0.022497,0
1527007648554,4.239063,4.216299,0.022764,0
1527007648564,4.208975,4.187365,0.021610,0
1527007648575,4.236164,4.212742,0.023422,0
1527007648585,4.223804,4.199543,0.024261,0
1527007648595,4.227219,4.203634,0.023584,0
1527007648605,4.216633,4.191504,0.025129,0
1527007648615,4.335041,4.313841,0.021200,0
1527007648625,4.287109,4.272985,0.014124,0
1527007648635,4.233761,4.211855,0.021906,1
1527007648645,4.223242,4.200182,0.023060,1
1527007648655,4.231415,4.208260,0.023155,1
1527007648665,4.208946,4.185333,0.023613,1
1527007648675,4.227057,4.203558,0.023499,1
1527007648685,4.214964,4.193068,0.021896,1
1527007648695,4.234171,4.210167,0.024004,1
1527007648705,4.224033,4.201126,0.022907,1
1527007648715,4.229612,4.206257,0.023355,1
1527007648725,4.311247,4.287243,0.024004,1
1527007648735,4.322948,4.308977,0.013971,0
1527007648745,4.248648,4.231968,0.016680,0
1527007648755,4.231415,4.209032,0.022383,0
1527007648765,4.214773,4.191170,0.023603,0
1527007648775,4.227715,4.204588,0.023127,0
1527007648785,4.211941,4.188766,0.023174,0
1527007648796,4.226055,4.204321,0.021734,0
1527007648806,4.217491,4.195366,0.022125,0
1527007648816,4.232416,4.210129,0.022287,0
1527007648826,4.225664,4.203663,0.022001,0
1527007648836,4.233561,4.211283,0.022278,1
1527007648846,4.238758,4.215860,0.022898,1
1527007648856,4.272594,4.246178,0.026417,1
1527007648866,4.332027,4.315157,0.016870,1
1527007648876,4.237118,4.215393,0.021725,1
1527007648886,4.223309,4.202166,0.021143,1
1527007648896,4.238367,4.216232,0.022135,1
1527007648906,4.231777,4.210958,0.020819,1
1527007648916,4.238586,4.216423,0.022163,1
1527007648926,4.219074,4.197264,0.021811,1
1527007648936,4.232893,4.210300,0.022593,0
1527007648947,4.235220,4.212561,0.022659,0
1527007648957,4.321108,4.298487,0.022621,0
1527007648967,4.287777,4.276075,0.011702,0
1527007648977,4.231758,4.209003,0.022755,0
1527007648987,4.226522,4.204493,0.022030,0
1527007648997,4.231377,4.208221,0.023155,0
1527007649007,4.227829,4.205465,0.022364,0
1527007649017,4.373112,4.356852,0.016260,0
1527007649027,4.369059,4.353800,0.015259,0
1527007649037,4.237909,4.216204,0.021706,1
1527007649047,4.234400,4.212437,0.021963,1
1527007649058,4.237585,4.215422,0.022163,1
1527007649068,4.233732,4.212303,0.021429,1
1527007649078,4.233837,4.211245,0.022593,1
1527007649088,4.236126,4.214287,0.021839,1
1527007649098,4.316483,4.293375,0.023108,1
1527007649108,4.317398,4.305553,0.011845,1
1527007649118,4.225578,4.203186,0.022392,1
1527007649128,4.229078,4.206429,0.022650,1
1527007649138,4.230747,4.208517,0.022230,0
1527007649148,4.227715,4.205236,0.022478,0
1527007649158,4.226866,4.204311,0.022554,0
1527007649169,4.229422,4.206934,0.022488,0
1527007649179,4.237452,4.215736,0.021715,0
1527007649189,4.248867,4.225731,0.023136,0
1527007649199,4.364634,4.348488,0.016146,0
1527007649209,4.237528,4.216013,0.021515,0
1527007649219,4.235773,4.214420,0.021353,0
1527007649229,4.236593,4.214201,0.022392,0
1527007649239,4.235001,4.213600,0.021400,1
1527007649249,4.235725,4.214010,0.021715,1
1527007649259,4.230185,4.207916,0.022268,1
1527007649269,4.230862,4.208336,0.022526,1
1527007649280,4.282961,4.257317,0.025644,1
1527007649290,4.336882,4.318466,0.018415,1
1527007649300,4.269581,4.254913,0.014668,1
1527007649310,4.227438,4.205770,0.021667,1
1527007649320,4.227982,4.205694,0.022287,1
1527007649330,4.230576,4.208193,0.022383,1
1527007649340,4.226656,4.204931,0.021725,0
1527007649350,4.234896,4.213009,0.021887,0
1527007649360,4.233847,4.212761,0.021086,0
1527007649370,4.236536,4.215021,0.021515,0
1527007649380,4.233999,4.212236,0.021763,0
1527007649391,4.235744,4.214230,0.021515,0
1527007649401,4.233046,4.211798,0.021248,0
1527007649411,4.237556,4.215155,0.022402,0
1527007649421,4.235516,4.212875,0.022640,0
1527007649431,4.326735,4.308033,0.018702,0
1527007649441,4.272423,4.257975,0.014448,1
1527007649451,4.233322,4.209957,0.023365,1
1527007649461,4.224472,4.203730,0.020742,1
1527007649471,4.228754,4.206457,0.022297,1
1527007649481,4.226437,4.204741,0.021696,1
1527007649491,4.231567,4.209585,0.021982,1
1527007649501,4.222469,4.200811,0.021658,1
1527007649511,4.235706,4.213905,0.021801,1
1527007649521,4.234333,4.213057,0.021276,1
1527007649531,4.296999,4.270735,0.026264,0
1527007649542,4.342575,4.328442,0.014133,0
1527007649552,4.248056,4.228821,0.019236,0
1527007649562,4.230709,4.210424,0.020285,0
1527007649572,4.238749,4.215965,0.022783,0
1527007649582,4.227371,4.206247,0.021124,0
1527007649592,4.232416,4.209576,0.022840,0
1527007649602,4.224052,4.202509,0.021544,0
1527007649612,4.232864,4.209785,0.023079,0
1527007649622,4.237852,4.214325,0.023527,0
1527007649632,4.342442,4.321165,0.021276,1
1527007649642,4.287853,4.275312,0.012541,1
1527007649653,4.235592,4.211483,0.024109,1
1527007649663,4.211044,4.184589,0.026455,1
1527007649673,4.233608,4.209595,0.024014,1
1527007649683,4.231739,4.209490,0.022249,1
1527007649693,4.239817,4.216681,0.023136,1
1527007649703,4.226637,4.203606,0.023031,1
1527007649713,4.240475,4.216728,0.023746,1
1527007649723,4.233007,4.210863,0.022144,1
1527007649733,4.340029,4.316511,0.023518,0
1527007649743,4.304304,4.293528,0.010777,0
1527007649753,4.264231,4.244261,0.019970,0
1527007649764,4.105759,4.074688,0.031071,0
1527007649774,4.227867,4.204063,0.023804,0
1527007649784,4.227343,4.203854,0.023489,0
1527007649794,4.231138,4.207592,0.023546,0
1527007649804,4.226294,4.203205,0.023088,0
1527007649814,4.228716,4.204578,0.024137,0
1527007649824,4.227619,4.203615,0.024004,0
1527007649834,4.232311,4.209213,0.023098,1
1527007649844,4.233084,4.210978,0.022106,1
1527007649854,4.239578,4.216261,0.023317,1
1527007649864,4.207621,4.186468,0.021152,1
1527007649875,4.348793,4.329538,0.019255,1
1527007649885,4.258862,4.241047,0.017815,1
1527007649895,4.235039,4.213886,0.021152,1
1527007649905,4.218254,4.194822,0.023432,1
1527007649915,4.235516,4.211988,0.023527,1
1527007649925,4.218950,4.194765,0.024185,1
1527007649935,4.232216,4.208813,0.023403,0
1527007649945,4.223833,4.201317,0.022516,0
1527007649955,4.231091,4.207907,0.023184,0
1527007649965,4.206791,4.183245,0.023546,0
1527007649975,4.236498,4.212112,0.024385,0
1527007649986,4.283199,4.259920,0.023279,0
1527007649996,4.330826,4.314194,0.016632,0
1527007650006,4.250011,4.233179,0.016832,0
1527007650016,4.241180,4.218922,0.022259,0
1527007650026,4.231596,4.209356,0.022240,0
1527007650036,4.238911,4.216537,0.022373,1
1527007650046,4.228230,4.205103,0.023127,1
1527007650056,4.238329,4.215860,0.022469,1
1527007650066,4.281340,4.257278,0.024061,1
1527007650076,4.325390,4.312592,0.012798,1
1527007650086,4.224415,4.202805,0.021610,1
1527007650097,4.231806,4.208908,0.022898,1
1527007650107,4.224968,4.202318,0.022650,1
1527007650117,4.230976,4.207211,0.023766,1
1527007650127,4.226274,4.202900,0.023375,1
1527007650137,4.231462,4.208183,0.023279,0
1527007650147,4.226532,4.203148,0.023384,0
1527007650157,4.230785,4.206572,0.024214,0
1527007650167,4.227047,4.203329,0.023718,0
1527007650177,4.332161,4.310722,0.021439,0
1527007650187,4.285364,4.271927,0.013437,0
1527007650197,4.241352,4.221344,0.020008,0
1527007650207,4.235430,4.213161,0.022268,0
1527007650217,4.237614,4.214859,0.022755,0
1527007650227,4.233084,4.210539,0.022545,0
1527007650237,4.236584,4.213562,0.023022,1
1527007650248,4.233570,4.211349,0.022221,1
1527007650258,4.230013,4.206219,0.023794,1
1527007650268,4.226828,4.203625,0.023203,1
1527007650278,4.225349,4.203176,0.022173,1
1527007650288,4.231453,4.208326,0.023127,1
1527007650298,4.267673,4.240608,0.027065,1
1527007650308,4.303827,4.282446,0.021381,1
1527007650318,4.313478,4.300642,0.012836,1
1527007650328,4.227905,4.205351,0.022554,1
1527007650338,4.230814,4.207802,0.023012,0
1527007650348,4.233561,4.211941,0.021620,0
1527007650359,4.233131,4.211788,0.021343,0
1527007650369,4.234781,4.212008,0.022774,0
1527007650379,4.234066,4.212513,0.021553,0
1527007650389,4.232826,4.210796,0.022030,0
1527007650399,4.233885,4.212351,0.021534,0
1527007650409,4.235029,4.213028,0.022001,0
1527007650419,4.237652,4.215488,0.022163,0
1527007650429,4.244757,4.220285,0.024471,0
1527007650439,4.275017,4.261627,0.013390,1
1527007650449,4.230499,4.208288,0.022211,1
1527007650459,4.228916,4.206762,0.022154,1
1527007650470,4.225206,4.202032,0.023174,1
1527007650480,4.227819,4.204769,0.023050,1
1527007650490,4.230061,4.206829,0.023232,1
1527007650500,4.227648,4.204578,0.023069,1
1527007650510,4.258289,4.233541,0.024748,1
1527007650520,4.358902,4.345093,0.013809,1
1527007650530,4.373016,4.357004,0.016012,1
1527007650540,4.234409,4.212637,0.021772,0
1527007650550,4.239311,4.216862,0.022449,0
1527007650560,4.322262,4.299126,0.023136,0
1527007650570,4.293728,4.281368,0.012360,0
1527007650581,4.233913,4.211493,0.022421,0
1527007650591,4.230862,4.207850,0.023012,0
1527007650601,4.226971,4.203682,0.023289,0
1527007650611,4.231682,4.208384,0.023298,0
1527007650621,4.227552,4.204397,0.023155,0
1527007650631,4.231129,4.207592,0.023537,0
1527007650641,4.227257,4.204140,0.023117,1
1527007650651,4.235926,4.212303,0.023623,1
1527007650661,4.339323,4.323568,0.015755,1
1527007650671,4.240456,4.221888,0.018568,1
1527007650681,4.231863,4.209871,0.021992,1
1527007650692,4.237881,4.214993,0.022888,1
1527007650702,4.227943,4.205523,0.022421,1
1527007650712,4.237633,4.214678,0.022955,1
1527007650722,4.231319,4.209127,0.022192,1
1527007650732,4.238329,4.215202,0.023127,1
1527007650742,4.228945,4.205990,0.022955,0
1527007650752,4.235573,4.212132,0.023441,0
1527007650762,4.238558,4.214563,0.023994,0
1527007650772,4.268799,4.252691,0.016108,0
1527007650782,4.221439,4.200144,0.021296,0
1527007650792,4.233494,4.210148,0.023346,0
1527007650802,4.223146,4.201555,0.021591,0
1527007650812,4.232063,4.208479,0.023584,0
1527007650822,4.220848,4.198303,0.022545,0
1527007650832,4.233189,4.209223,0.023966,1
1527007650842,4.232664,4.210320,0.022345,1
1527007650852,4.238415,4.215450,0.022964,1
1527007650862,4.226637,4.204330,0.022306,1
1527007650872,4.239054,4.216518,0.022535,1
1527007650882,4.297152,4.272223,0.024929,1
1527007650892,4.347162,4.331932,0.015230,1
1527007650902,4.250870,4.233618,0.017252,1
1527007650912,4.239254,4.216766,0.022488,1
1527007650922,4.224796,4.202518,0.022278,1
1527007650932,4.231987,4.208670,0.023317,1
1527007650942,4.218931,4.197092,0.021839,0
1527007650953,4.232597,4.209108,0.023489,0
1527007650963,4.222212,4.200621,0.021591,0
1527007650973,4.233055,4.209681,0.023375,0
1527007650983,4.224024,4.202156,0.021868,0
1527007650993,4.304352,4.278717,0.025635,0
1527007651003,4.329042,4.316473,0.012569,0
1527007651013,4.252768,4.233341,0.019426,0
1527007651023,4.232674,4.211283,0.021391,0
1527007651033,4.375505,4.359007,0.016499,1
1527007651043,4.152718,4.132309,0.020409,1
1527007651053,4.240026,4.216709,0.023317,1
1527007651064,4.239016,4.217329,0.021687,1
1527007651074,4.302435,4.277201,0.025234,1
1527007651084,4.321032,4.307137,0.013895,1
1527007651094,4.241600,4.223137,0.018463,1
1527007651104,4.217529,4.195404,0.022125,1
1527007651114,4.225988,4.201927,0.024061,1
1527007651124,4.219847,4.197092,0.022755,1
1527007651134,4.222450,4.198217,0.024233,0
1527007651144,4.218197,4.196186,0.022011,0
1527007651154,4.226427,4.202757,0.023670,0
1527007651164,4.201126,4.172153,0.028973,0
1527007651175,4.228287,4.204445,0.023842,0
1527007651185,4.235363,4.210205,0.025158,0
1527007651195,4.285831,4.258223,0.027609,0
1527007651205,4.236746,4.213934,0.022812,0
1527007651215,4.233475,4.209976,0.023499,0
1527007651225,4.224615,4.201126,0.023489,0
1527007651235,4.237251,4.215565,0.021687,1
1527007651245,4.218798,4.195690,0.023108,1
1527007651255,4.230404,4.206915,0.023489,1
1527007651265,4.095736,4.063644,0.032091,1
1527007651275,4.233732,4.209528,0.024204,1
1527007651286,4.269915,4.244747,0.025167,1
1527007651296,4.327087,4.308939,0.018148,1
1527007651306,4.256487,4.240217,0.016270,1
1527007651316,4.234076,4.210491,0.023584,1
1527007651326,4.214926,4.192505,0.022421,1
1527007651336,4.232140,4.209127,0.023012,0
1527007651346,4.231091,4.208345,0.022745,0
1527007651356,4.238205,4.215717,0.022488,0
1527007651366,4.154806,4.137888,0.016918,0
1527007651376,4.235792,4.214067,0.021725,0
1527007651386,4.229412,4.206791,0.022621,0
1527007651396,4.236870,4.214344,0.022526,0
1527007651406,4.252110,4.227400,0.024710,0
1527007651416,4.305382,4.282150,0.023232,0
1527007651426,4.323492,4.310493,0.012999,0
1527007651437,4.253941,4.235592,0.018349,1
1527007651447,4.226103,4.204521,0.021582,1
1527007651457,4.230957,4.207563,0.023394,1
1527007651467,4.224186,4.202070,0.022116,1
1527007651477,4.232264,4.208832,0.023432,1
1527007651487,4.223766,4.201832,0.021935,1
1527007651497,4.230986,4.207373,0.023613,1
1527007651507,4.232693,4.210539,0.022154,1
1527007651517,4.245071,4.221125,0.023947,1
1527007651527,4.314203,4.290075,0.024128,1
1527007651537,4.334097,4.318419,0.015678,0
1527007651548,4.262333,4.245996,0.016336,0
1527007651558,4.236040,4.212790,0.023251,0
1527007651568,4.232111,4.210167,0.021944,0
1527007651578,4.236231,4.214153,0.022078,0
1527007651588,4.226484,4.203949,0.022535,0
1527007651598,4.226456,4.202890,0.023565,0
1527007651608,4.227304,4.204264,0.023041,0
1527007651618,4.229450,4.205894,0.023556,0
1527007651628,4.229717,4.207077,0.022640,0
1527007651638,4.240150,4.215679,0.024471,1
1527007651648,4.301043,4.275942,0.025101,1
1527007651659,4.325027,4.310894,0.014133,1
1527007651669,4.234800,4.216461,0.018339,1
1527007651679,4.235764,4.212961,0.022802,1
1527007651689,4.234419,4.211912,0.022507,1
1527007651699,4.236193,4.213486,0.022707,1
1527007651709,4.234438,4.211807,0.022631,1
1527007651719,4.235172,4.213266,0.021906,1
1527007651729,4.233990,4.211807,0.022182,1
1527007651739,4.235649,4.213133,0.022516,0
1527007651749,4.233303,4.210186,0.023117,0
1527007651759,4.230194,4.206276,0.023918,0
1527007651770,4.230909,4.207811,0.023098,0
1527007651780,4.363346,4.347963,0.015383,0
1527007651790,4.362803,4.348736,0.014067,0
1527007651800,4.230280,4.208269,0.022011,0
1527007651810,4.230127,4.207001,0.023127,0
1527007651820,4.228678,4.205761,0.022917,0
1527007651830,4.225302,4.202614,0.022688,0
1527007651840,4.234953,4.213057,0.021896,1
1527007651850,4.323196,4.299526,0.023670,1
1527007651860,4.324007,4.312277,0.011730,1
1527007651870,4.233541,4.215393,0.018148,1
1527007651881,4.234457,4.213581,0.020876,1
1527007651891,4.235992,4.214144,0.021849,1
1527007651901,4.232988,4.211540,0.021448,1
1527007651911,4.237576,4.215584,0.021992,1
1527007651921,4.227190,4.204130,0.023060,1
1527007651931,4.230061,4.207201,0.022860,1
1527007651941,4.226646,4.203911,0.022736,0
1527007651951,4.231615,4.208670,0.022945,0
1527007651961,4.306898,4.282913,0.023985,0
1527007651971,4.316750,4.303913,0.012836,0
1527007651981,4.222860,4.202385,0.020475,0
1527007651992,4.231491,4.208803,0.022688,0
1527007652002,4.225025,4.203243,0.021782,0
1527007652012,4.237928,4.215879,0.022049,0
1527007652022,4.227457,4.206667,0.020790,0
1527007652032,4.236946,4.214773,0.022173,0
1527007652042,4.231567,4.210634,0.020933,1
1527007652052,4.237852,4.215946,0.021906,1
1527007652062,4.231138,4.209852,0.021286,1
1527007652072,4.343529,4.328775,0.014753,1
1527007652082,4.233437,4.215488,0.017948,1
1527007652092,4.231462,4.208422,0.023041,1
1527007652102,4.221325,4.200153,0.021172,1
1527007652112,4.231825,4.208813,0.023012,1
1527007652122,4.224777,4.202843,0.021935,1
1527007652132,4.231405,4.207735,0.023670,1
1527007652143,4.221630,4.200354,0.021276,0
1527007652153,4.233484,4.209604,0.023880,0
1527007652163,4.234695,4.211798,0.022898,0
1527007652173,4.310522,4.285316,0.025206,0
1527007652183,4.226103,4.206953,0.019150,0
1527007652193,4.237156,4.214754,0.022402,0
1527007652203,4.229956,4.208870,0.021086,0
1527007652213,4.236593,4.213247,0.023346,0
1527007652223,4.229307,4.207659,0.021648,0
1527007652233,4.238729,4.215755,0.022974,0
1527007652243,4.229412,4.208117,0.021296,1
1527007652254,4.230490,4.206934,0.023556,1
1527007652264,4.225712,4.203796,0.021915,1
1527007652274,4.256887,4.231100,0.025787,1
1527007652284,4.322071,4.302111,0.019960,1
1527007652294,4.232311,4.208326,0.023985,1
1527007652304,4.222441,4.201212,0.021229,1
1527007652314,4.231596,4.208565,0.023031,1
1527007652324,4.225292,4.202890,0.022402,1
1527007652334,4.229622,4.205484,0.024137,0
1527007652344,4.232464,4.211025,0.021439,0
1527007652354,4.256067,4.231701,0.024366,0
1527007652365,4.340553,4.319124,0.021429,0
1527007652375,4.265480,4.249430,0.016050,0
1527007652385,4.229670,4.207087,0.022583,0
1527007652395,4.223471,4.200449,0.023022,0
1527007652405,4.229813,4.207287,0.022526,0
1527007652415,4.228592,4.206076,0.022516,0
1527007652425,4.225655,4.202957,0.022697,0
1527007652435,4.231024,4.208632,0.022392,1
1527007652445,4.280405,4.254742,0.025663,1
1527007652455,4.344177,4.330187,0.013990,1
1527007652465,4.156141,4.123335,0.032806,1
1527007652475,4.213448,4.190683,0.022764,1
1527007652485,4.221487,4.198389,0.023098,1
1527007652495,4.217949,4.194069,0.023880,1
1527007652505,4.227571,4.204559,0.023012,1
1527007652516,4.226437,4.205608,0.020828,1
1527007652526,4.229774,4.207344,0.022430,1
1527007652536,4.371681,4.356852,0.014830,0
1527007652546,4.368277,4.353323,0.014954,0
1527007652556,4.238062,4.216280,0.021782,0
1527007652566,4.119968,4.098902,0.021067,0
1527007652576,4.235592,4.214087,0.021505,0
1527007652586,4.227266,4.204426,0.022840,0
1527007652596,4.338436,4.319344,0.019093,0
1527007652606,4.261665,4.246416,0.015249,0
1527007652616,4.231615,4.208889,0.022726,0
1527007652627,4.225531,4.202824,0.022707,0
1527007652637,4.233074,4.210415,0.022659,1
1527007652647,4.224806,4.202023,0.022783,1
1527007652657,4.232264,4.209137,0.023127,1
1527007652667,4.212818,4.192324,0.020494,1
1527007652677,4.239073,4.216928,0.022144,1
1527007652687,4.240732,4.218693,0.022039,1
1527007652697,4.311829,4.287510,0.024319,1
1527007652707,4.232063,4.212513,0.019550,1
1527007652717,4.236774,4.214573,0.022202,1
1527007652727,4.231606,4.209909,0.021696,1
1527007652738,4.237576,4.215355,0.022221,0
1527007652748,4.224892,4.202490,0.022402,0
1527007652758,4.230633,4.207954,0.022678,0
1527007652768,4.226732,4.204159,0.022573,0
1527007652778,4.232492,4.209938,0.022554,0
1527007652788,4.234495,4.211531,0.022964,0
1527007652798,4.269524,4.244652,0.024872,0
1527007652808,4.307394,4.286880,0.020514,0
1527007652818,4.231586,4.208021,0.023565,0
1527007652828,4.226570,4.204254,0.022316,0
1527007652838,4.236994,4.214811,0.022182,1
1527007652849,4.234276,4.212494,0.021782,1
1527007652859,4.236145,4.214363,0.021782,1
1527007652869,4.233704,4.212513,0.021191,1
1527007652879,4.236002,4.213972,0.022030,1
1527007652889,4.235716,4.213238,0.022478,1
1527007652899,4.243927,4.220457,0.023470,1
1527007652909,4.283342,4.258013,0.025330,1
1527007652919,4.320774,4.307203,0.013571,1
1527007652929,4.227676,4.205189,0.022488,1
1527007652939,4.230251,4.207125,0.023127,0
1527007652949,4.228144,4.204950,0.023193,0
1527007652960,4.229364,4.205751,0.023613,0
1527007652970,4.227505,4.205151,0.022354,0
1527007652980,4.228458,4.205732,0.022726,0
1527007652990,4.229603,4.207449,0.022154,0
1527007653000,4.365292,4.348497,0.016794,0
1527007653010,4.252939,4.235086,0.017853,0
1527007653020,4.234638,4.212980,0.021658,0
1527007653030,4.235516,4.214134,0.021381,0
1527007653040,4.130726,4.108067,0.022659,1
1527007653050,4.235067,4.213085,0.021982,1
1527007653060,4.235277,4.213877,0.021400,1
1527007653071,4.240513,4.218273,0.022240,1
1527007653081,4.342995,4.322824,0.020170,1
1527007653091,4.262629,4.246235,0.016394,1
1527007653101,4.219170,4.197903,0.021267,1
1527007653111,4.221268,4.199820,0.021448,1
1527007653121,4.220505,4.198675,0.021830,1
1527007653131,4.222441,4.200163,0.022278,1
1527007653141,4.218817,4.197721,0.021095,0
1527007653151,4.227352,4.204683,0.022669,0
1527007653161,4.297504,4.274178,0.023327,0
1527007653171,4.288921,4.277267,0.011654,0
1527007653182,4.223576,4.201584,0.021992,0
1527007653192,4.231768,4.209118,0.022650,0
1527007653202,4.232922,4.212074,0.020847,0
1527007653212,4.238110,4.215746,0.022364,0
1527007653222,4.233141,4.212008,0.021133,0
1527007653232,4.236784,4.214811,0.021973,0
1527007653242,4.226561,4.204378,0.022182,1
1527007653252,4.232368,4.209700,0.022669,1
1527007653262,4.255342,4.230728,0.024614,1
1527007653272,4.328527,4.310541,0.017986,1
1527007653282,4.223690,4.204817,0.018873,1
1527007653293,4.231730,4.209118,0.022612,1
1527007653303,4.224768,4.202881,0.021887,1
1527007653313,4.232731,4.210463,0.022268,1
1527007653323,4.224958,4.203053,0.021906,1
1527007653333,4.238377,4.215956,0.022421,1
1527007653343,4.231625,4.210377,0.021248,0
1527007653353,4.238768,4.216433,0.022335,0
1527007653363,4.232559,4.211740,0.020819,0
1527007653373,4.320183,4.298763,0.021420,0
1527007653383,4.257040,4.240503,0.016537,0
1527007653393,4.240675,4.217806,0.022869,0
1527007653403,4.231424,4.210062,0.021362,0
1527007653413,4.233046,4.210024,0.023022,0
1527007653423,4.224977,4.203100,0.021877,0
1527007653433,4.232817,4.209938,0.022879,0
1527007653444,4.223785,4.202747,0.021038,1
1527007653454,4.233131,4.210644,0.022488,1
1527007653464,4.222908,4.202080,0.020828,1
1527007653474,4.364243,4.348688,0.015554,1
1527007653484,4.222755,4.201221,0.021534,1
1527007653494,4.233141,4.210176,0.022964,1
1527007653504,4.230614,4.209356,0.021257,1
1527007653514,4.238634,4.214897,0.023737,1
1527007653524,4.230614,4.209518,0.021095,1
1527007653534,4.239931,4.217291,0.022640,1
1527007653544,4.231367,4.210157,0.021210,0
1527007653555,4.252577,4.228115,0.024462,0
1527007653565,4.325190,4.304457,0.020733,0
1527007653575,4.245024,4.226866,0.018158,0
1527007653585,4.224186,4.200687,0.023499,0
1527007653595,4.225721,4.202089,0.023632,0
1527007653605,4.220037,4.197369,0.022669,0
1527007653615,4.221277,4.197912,0.023365,0
1527007653625,4.227715,4.203815,0.023899,0
1527007653635,4.233789,4.210253,0.023537,1
1527007653645,4.227247,4.204216,0.023031,1
1527007653655,4.255199,4.230337,0.024862,1
1527007653666,4.331303,4.311399,0.019903,1
1527007653676,4.243631,4.227533,0.016098,1
1527007653686,4.230223,4.207668,0.022554,1
1527007653696,4.238071,4.215384,0.022688,1
1527007653706,4.225330,4.203920,0.021410,1
1527007653716,4.234953,4.213409,0.021544,1
1527007653726,4.228649,4.205866,0.022783,1
1527007653736,4.238253,4.215832,0.022421,0
1527007653746,4.222069,4.198751,0.023317,0
1527007653756,4.231348,4.207935,0.023413,0
1527007653766,4.318180,4.291372,0.026808,0
1527007653776,4.243221,4.225006,0.018215,0
1527007653786,4.223862,4.201126,0.022736,0
1527007653796,4.229736,4.206667,0.023069,0
1527007653806,4.225092,4.202328,0.022764,0
1527007653816,4.226027,4.203081,0.022945,0
1527007653826,4.225225,4.202023,0.023203,0
1527007653836,4.309158,4.283905,0.025253,1
1527007653846,4.309635,4.296618,0.013018,1
1527007653856,4.237947,4.215231,0.022717,1
1527007653866,4.232340,4.208078,0.024261,1
1527007653876,4.235477,4.213734,0.021744,1
1527007653886,4.231997,4.209414,0.022583,1
1527007653896,4.230690,4.209509,0.021181,1
1527007653906,4.233580,4.210949,0.022631,1
1527007653916,4.277306,4.250021,0.027285,1
1527007653927,4.324903,4.310818,0.014086,1
1527007653937,4.240160,4.220972,0.019188,0
1527007653947,4.226017,4.204102,0.021915,0
1527007653957,4.231882,4.208155,0.023727,0
1527007653967,4.125271,4.090996,0.034275,0
1527007653977,4.230890,4.207516,0.023375,0
1527007653987,4.224730,4.202023,0.022707,0
1527007653997,4.231997,4.208326,0.023670,0
1527007654007,4.235582,4.212294,0.023289,0
1527007654017,4.331636,4.308310,0.023327,0
1527007654027,4.284039,4.270172,0.013866,0
1527007654038,4.240541,4.217577,0.022964,1
1527007654048,4.231386,4.209871,0.021515,1
1527007654058,4.237680,4.215403,0.022278,1
1527007654068,4.226303,4.204388,0.021915,1
1527007654078,4.238157,4.215174,0.022984,1
1527007654088,4.224739,4.202623,0.022116,1
1527007654098,4.231558,4.208155,0.023403,1
1527007654108,4.254818,4.229364,0.025454,1
1527007654118,4.247637,4.227762,0.019875,1
1527007654128,4.228430,4.205952,0.022478,1
1527007654138,4.231920,4.208250,0.023670,0
1527007654149,4.226341,4.203615,0.022726,0
1527007654159,4.231539,4.207411,0.024128,0
1527007654169,4.226990,4.203091,0.023899,0
1527007654179,4.236774,4.214153,0.022621,0
1527007654189,4.233847,4.212093,0.021753,0
1527007654199,4.242754,4.219790,0.022964,0
1527007654209,4.315958,4.292307,0.023651,0
1527007654219,4.308634,4.296465,0.012169,0
1527007654229,4.233179,4.211845,0.021334,0
1527007654239,4.236870,4.214563,0.022306,1
1527007654249,4.233799,4.211636,0.022163,1
1527007654260,4.229689,4.206371,0.023317,1
1527007654270,4.228106,4.204302,0.023804,1
1527007654280,4.229517,4.205866,0.023651,1
1527007654290,4.228926,4.205961,0.022964,1
1527007654300,4.282961,4.257174,0.025787,1
1527007654310,4.321966,4.308977,0.012989,1
1527007654320,4.229498,4.206581,0.022917,1
1527007654330,4.229546,4.206696,0.022850,1
1527007654340,4.229441,4.206753,0.022688,0
1527007654350,4.234867,4.212866,0.022001,0
1527007654360,4.235811,4.213591,0.022221,0
1527007654371,4.234333,4.212379,0.021954,0
1527007654381,4.235401,4.213133,0.022268,0
1527007654391,4.246206,4.222984,0.023222,0
1527007654401,4.342308,4.322271,0.020037,0
1527007654411,4.236727,4.215384,0.021343,0
1527007654421,4.234285,4.212818,0.021467,0
1527007654431,4.230261,4.207640,0.022621,0
1527007654441,4.227924,4.205484,0.022440,1
1527007654451,4.228354,4.206200,0.022154,1
1527007654461,4.229040,4.205322,0.023718,1
1527007654471,4.246988,4.223070,0.023918,1
1527007654481,4.342089,4.327974,0.014114,1
1527007654491,4.228411,4.205456,0.022955,1
1527007654501,4.227314,4.204788,0.022526,1
1527007654511,4.235373,4.212999,0.022373,1
1527007654521,4.234934,4.212980,0.021954,1
1527007654531,4.236469,4.214630,0.021839,1
1527007654541,4.234848,4.213114,0.021734,0
1527007654551,4.237843,4.215097,0.022745,0
1527007654561,4.349165,4.335413,0.013752,0
1527007654571,4.232388,4.208431,0.023956,0
1527007654581,4.234982,4.212933,0.022049,0
1527007654591,4.229937,4.206562,0.023375,0
1527007654601,4.228468,4.205189,0.023279,0
1527007654611,4.228582,4.204769,0.023813,0
1527007654621,4.231625,4.207811,0.023813,0
1527007654632,4.304152,4.278669,0.025482,0
1527007654642,4.300394,4.287720,0.012674,1
1527007654652,4.232607,4.209394,0.023212,1
1527007654662,4.226074,4.202919,0.023155,1
1527007654672,4.236469,4.213963,0.022507,1
1527007654682,4.233694,4.211988,0.021706,1
1527007654692,4.236917,4.214077,0.022840,1
1527007654702,4.232464,4.210739,0.021725,1
1527007654712,4.255276,4.230947,0.024328,1
1527007654722,4.329138,4.309406,0.019732,1
1527007654732,4.273825,4.257498,0.016327,1
1527007654743,4.234400,4.213505,0.020895,0
1527007654753,4.231358,4.208412,0.022945,0
1527007654763,4.224672,4.202871,0.021801,0
1527007654773,4.231853,4.208994,0.022860,0
1527007654783,4.224491,4.202614,0.021877,0
1527007654793,4.231920,4.208755,0.023165,0
1527007654803,4.232073,4.209108,0.022964,0
1527007654813,4.301567,4.276581,0.024986,0
1527007654823,4.225769,4.204636,0.021133,0
1527007654833,4.237204,4.215002,0.022202,0
1527007654843,4.231501,4.210835,0.020666,1
1527007654854,4.238787,4.216700,0.022087,1
1527007654864,4.231358,4.209881,0.021477,1
1527007654874,4.238567,4.215822,0.022745,1
1527007654884,4.230528,4.208641,0.021887,1
1527007654894,4.237757,4.214821,0.022936,1
1527007654904,4.231424,4.209671,0.021753,1
1527007654914,4.254599,4.229031,0.025568,1
1527007654924,4.336443,4.319487,0.016956,1
1527007654934,4.231615,4.209452,0.022163,1
1527007654944,4.223471,4.202662,0.020809,0
1527007654954,4.233122,4.210062,0.023060,0
1527007654965,4.223299,4.201994,0.021305,0
1527007654975,4.217997,4.193420,0.024576,0
1527007654985,4.218082,4.196720,0.021362,0
1527007654995,4.222593,4.199667,0.022926,0
1527007655005,4.231567,4.209738,0.021830,0
1527007655015,4.333487,4.310646,0.022840,0
1527007655025,4.274197,4.260731,0.013466,0
1527007655035,4.230242,4.207497,0.022745,0
1527007655045,4.229269,4.208078,0.021191,1
1527007655055,4.367762,4.351025,0.016737,1
1527007655065,4.289217,4.264212,0.025005,1
1527007655076,4.294815,4.282761,0.012054,1
1527007655086,4.225035,4.202633,0.022402,1
1527007655096,4.228125,4.205704,0.022421,1
1527007655106,4.226704,4.203262,0.023441,1
1527007655116,4.222689,4.200201,0.022488,1
1527007655126,4.227409,4.204016,0.023394,1
1527007655136,4.232073,4.209642,0.022430,1
1527007655146,4.227190,4.204016,0.023174,0
1527007655156,4.250965,4.226542,0.024424,0
1527007655166,4.336643,4.315891,0.020752,0
1527007655176,4.246731,4.227638,0.019093,0
1527007655186,4.232922,4.210396,0.022526,0
1527007655196,4.229975,4.208431,0.021544,0
1527007655206,4.232759,4.210463,0.022297,0
1527007655216,4.235954,4.214039,0.021915,0
1527007655227,4.233484,4.211588,0.021896,0
1527007655237,4.369936,4.353857,0.016079,1
1527007655247,4.226265,4.203272,0.022993,1
1527007655257,4.232750,4.210348,0.022402,1
1527007655267,4.225655,4.202776,0.022879,1
1527007655277,4.231730,4.209442,0.022287,1
1527007655287,4.226856,4.204350,0.022507,1
1527007655297,4.249935,4.226379,0.023556,1
1527007655307,4.260292,4.243870,0.016422,1
1527007655317,4.231138,4.208393,0.022745,1
1527007655327,4.231215,4.209003,0.022211,1
1527007655338,4.238214,4.216366,0.021849,0
1527007655348,4.231749,4.210014,0.021734,0
1527007655358,4.237871,4.215508,0.022364,0
1527007655368,4.193058,4.162703,0.030355,0
1527007655378,4.268646,4.242439,0.026207,0
1527007655388,4.332438,4.314146,0.018291,0
1527007655398,4.258137,4.239779,0.018358,0
1527007655408,4.226370,4.204521,0.021849,0
1527007655418,4.230375,4.207134,0.023241,0
1527007655428,4.224215,4.202471,0.021744,0
1527007655438,4.232483,4.210024,0.022459,1
1527007655449,4.226751,4.204426,0.022326,1
1527007655459,4.231834,4.209518,0.022316,1
1527007655469,4.108191,4.083929,0.024261,1
1527007655479,4.269619,4.243650,0.025969,1
1527007655489,4.243317,4.226007,0.017309,1
1527007655499,4.236956,4.215231,0.021725,1
1527007655509,4.233675,4.211950,0.021725,1
1527007655519,4.236755,4.215050,0.021706,1
1527007655529,4.232359,4.211073,0.021286,1
1527007655539,4.237280,4.215288,0.021992,0
1527007655549,4.235010,4.212494,0.022516,0
1527007655560,4.240618,4.217539,0.023079,0
1527007655570,4.298735,4.278049,0.020685,0
1527007655580,4.264069,4.248524,0.015545,0
1527007655590,4.229889,4.206886,0.023003,0
1527007655600,4.230518,4.207621,0.022898,0
1527007655610,4.228239,4.205065,0.023174,0
1527007655620,4.230318,4.207087,0.023232,0
1527007655630,4.229097,4.205780,0.023317,0
1527007655640,4.231586,4.208784,0.022802,1
1527007655650,4.257145,4.232807,0.024338,1
1527007655660,4.351330,4.335032,0.016298,1
1527007655671,4.236679,4.219265,0.017414,1
1527007655681,4.235210,4.213991,0.021219,1
1527007655691,4.235268,4.213457,0.021811,1
1527007655701,4.234266,4.213104,0.021162,1
1527007655711,4.234600,4.213352,0.021248,1
1527007655721,4.235029,4.213667,0.021362,1
1527007655731,4.229174,4.206495,0.022678,1
1527007655741,4.228058,4.205189,0.022869,0
1527007655751,4.234390,4.210329,0.024061,0
1527007655761,4.287109,4.269762,0.017347,0
1527007655771,4.228373,4.206085,0.022287,0
1527007655781,4.228487,4.205666,0.022821,0
1527007655791,4.228325,4.205351,0.022974,0
1527007655801,4.228096,4.205437,0.022659,0
1527007655811,4.236307,4.214172,0.022135,0
1527007655821,4.314518,4.291067,0.023451,0
1527007655831,4.296789,4.283848,0.012941,0
1527007655841,4.239683,4.221525,0.018158,1
1527007655851,4.235268,4.213934,0.021334,1
1527007655861,4.235754,4.214659,0.021095,1
1527007655871,4.233055,4.211254,0.021801,1
1527007655881,4.234657,4.213238,0.021420,1
1527007655891,4.229155,4.206247,0.022907,1
1527007655901,4.228611,4.206295,0.022316,1
1527007655911,4.231682,4.209471,0.022211,1
1527007655921,4.288549,4.264488,0.024061,1
1527007655931,4.227381,4.206905,0.020475,1
1527007655941,4.229622,4.206991,0.022631,0
1527007655951,4.227562,4.205313,0.022249,0
1527007655961,4.227581,4.205637,0.021944,0
1527007655971,4.203968,4.183187,0.020781,0
1527007655981,4.235220,4.213457,0.021763,0
1527007655991,4.261885,4.238071,0.023813,0
1527007656001,4.343719,4.328022,0.015697,0
1527007656011,4.234133,4.213991,0.020142,0
1527007656021,4.211292,4.189053,0.022240,0
1527007656031,4.235506,4.214077,0.021429,0
1527007656042,4.234180,4.213276,0.020905,1
1527007656052,4.234819,4.213820,0.021000,1
1527007656062,4.227476,4.205408,0.022068,1
1527007656072,4.226322,4.204359,0.021963,1
1527007656082,4.364262,4.350739,0.013523,1
1527007656092,4.229536,4.207382,0.022154,1
1527007656102,4.227009,4.204683,0.022326,1
1527007656112,4.230595,4.207859,0.022736,1
1527007656122,4.207840,4.184990,0.022850,1
1527007656132,4.337969,4.316330,0.021639,1
1527007656142,4.273291,4.259262,0.014029,0
1527007656153,4.237375,4.215965,0.021410,0
1527007656163,4.231930,4.211540,0.020390,0
1527007656173,4.234467,4.212484,0.021982,0
1527007656183,4.231462,4.210482,0.020981,0
1527007656193,4.235744,4.213743,0.022001,0
1527007656203,4.232988,4.211845,0.021143,0
1527007656213,4.248190,4.225121,0.023069,0
1527007656223,4.307632,4.287663,0.019970,0
1527007656233,4.232702,4.210243,0.022459,0
1527007656243,4.225998,4.204206,0.021791,1
1527007656253,4.230852,4.208002,0.022850,1
1527007656264,4.224558,4.203186,0.021372,1
1527007656274,4.227619,4.205360,0.022259,1
1527007656284,4.222345,4.201145,0.021200,1
1527007656294,4.232197,4.209614,0.022583,1
1527007656304,4.225368,4.203138,0.022230,1
1527007656314,4.238214,4.216375,0.021839,1
1527007656324,4.236937,4.215050,0.021887,1
1527007656334,4.304695,4.281282,0.023413,1
1527007656344,4.232864,4.211435,0.021429,0
1527007656354,4.237232,4.215174,0.022058,0
1527007656364,4.229975,4.209385,0.020590,0
1527007656375,4.231186,4.206896,0.024290,0
1527007656385,4.224482,4.203110,0.021372,0
1527007656395,4.218664,4.194946,0.023718,0
1527007656405,4.214954,4.193840,0.021114,0
1527007656415,4.229021,4.204369,0.024652,0
1527007656425,4.208708,4.187365,0.021343,0
1527007656435,4.235249,4.212284,0.022964,0
1527007656445,4.251232,4.226999,0.024233,1
1527007656455,4.247665,4.230137,0.017529,1
1527007656465,4.221792,4.201174,0.020618,1
1527007656475,4.203482,4.180613,0.022869,1
1527007656486,4.221544,4.202023,0.019522,1
1527007656496,4.230623,4.209480,0.021143,1
1527007656506,4.229631,4.208288,0.021343,1
1527007656516,4.236135,4.215040,0.021095,1
1527007656526,4.211731,4.192238,0.019493,1
1527007656536,4.239817,4.217882,0.021935,1
1527007656546,4.265785,4.241047,0.024738,0
1527007656556,4.339943,4.326620,0.013323,0
1527007656566,4.221144,4.201002,0.020142,0
1527007656576,4.217491,4.196100,0.021391,0
1527007656586,4.341545,4.320755,0.020790,0
1527007656596,4.256058,4.239254,0.016804,0
1527007656606,4.219713,4.199514,0.020199,0
1527007656616,4.229441,4.207478,0.021963,0
1527007656626,4.206133,4.184322,0.021811,0
1527007656637,4.230003,4.208231,0.021772,0
1527007656647,4.232235,4.210930,0.021305,1
1527007656657,4.237165,4.216166,0.021000,1
1527007656667,4.231796,4.210300,0.021496,1
1527007656677,4.238720,4.216890,0.021830,1
1527007656687,4.312210,4.290438,0.021772,1
1527007656697,4.296675,4.283504,0.013170,1
1527007656707,4.233742,4.211397,0.022345,1
1527007656717,4.237309,4.215860,0.021448,1
1527007656727,4.205379,4.183235,0.022144,1
1527007656737,4.232168,4.209690,0.022478,1
1527007656748,4.225607,4.202757,0.022850,0
1527007656758,4.231739,4.209318,0.022421,0
1527007656768,4.222784,4.201212,0.021572,0
1527007656778,4.230747,4.207544,0.023203,0
1527007656788,4.240227,4.215784,0.024443,0
1527007656798,4.297838,4.274683,0.023155,0
1527007656808,4.294910,4.282007,0.012903,0
1527007656818,4.239082,4.216404,0.022678,0
1527007656828,4.209957,4.187508,0.022449,0
1527007656838,4.238491,4.215908,0.022583,1
1527007656848,4.231462,4.209518,0.021944,1
1527007656859,4.238176,4.215918,0.022259,1
1527007656869,4.230833,4.208708,0.022125,1
1527007656879,4.236679,4.214172,0.022507,1
1527007656889,4.226933,4.204130,0.022802,1
1527007656899,4.263554,4.246473,0.017080,1
1527007656909,4.224977,4.203072,0.021906,1
1527007656919,4.231262,4.207973,0.023289,1
1527007656929,4.220915,4.199343,0.021572,1
1527007656939,4.232922,4.209614,0.023308,0
1527007656949,4.228668,4.206562,0.022106,0
1527007656959,4.293242,4.266300,0.026941,0
1527007656970,4.250269,4.226942,0.023327,0
1527007656980,4.229870,4.205532,0.024338,0
1527007656990,4.233847,4.212084,0.021763,0
1527007657000,4.236631,4.214487,0.022144,0
1527007657010,4.233065,4.211130,0.021935,0
1527007657020,4.236450,4.214115,0.022335,0
1527007657030,4.226847,4.205351,0.021496,0
1527007657040,4.235945,4.214287,0.021658,1
1527007657050,4.243307,4.219551,0.023756,1
1527007657060,4.344988,4.326429,0.018559,1
1527007657070,4.148989,4.132738,0.016251,1
1527007657081,4.227190,4.204521,0.022669,1
1527007657091,4.227428,4.204445,0.022984,1
1527007657101,4.228401,4.205446,0.022955,1
1527007657111,4.227848,4.205179,0.022669,1
1527007657121,4.231224,4.207554,0.023670,1
1527007657131,4.236631,4.215078,0.021553,1
1527007657141,4.349642,4.331408,0.018234,0
1527007657151,4.262581,4.245987,0.016594,0
1527007657161,4.235897,4.214544,0.021353,0
1527007657171,4.220638,4.199762,0.020876,0
1527007657181,4.232197,4.210615,0.021582,0
1527007657192,4.234695,4.213114,0.021582,0
1527007657202,4.233494,4.212046,0.021448,0
1527007657212,4.228601,4.205694,0.022907,0
1527007657222,4.227600,4.205351,0.022249,0
1527007657232,4.217072,4.195194,0.021877,0
1527007657242,4.235706,4.212713,0.022993,1
1527007657252,4.306679,4.283695,0.022984,1
1527007657262,4.292736,4.279604,0.013132,1
1527007657272,4.225349,4.202890,0.022459,1
1527007657282,4.222841,4.201403,0.021439,1
1527007657292,4.229031,4.205532,0.023499,1
1527007657302,4.233036,4.211464,0.021572,1
1527007657312,4.234514,4.212942,0.021572,1
1527007657322,4.235439,4.213133,0.022306,1
1527007657332,4.221973,4.199810,0.022163,1
1527007657343,4.235058,4.212923,0.022135,0
1527007657353,4.283524,4.256754,0.026770,0
1527007657363,4.329500,4.312096,0.017405,0
1527007657373,4.245348,4.226828,0.018520,0
1527007657383,4.222612,4.200773,0.021839,0
1527007657393,4.229584,4.206743,0.022840,0
1527007657403,4.226360,4.203711,0.022650,0
1527007657413,4.230547,4.207439,0.023108,0
1527007657423,4.227228,4.204788,0.022440,0
1527007657433,4.214430,4.192276,0.022154,0
1527007657443,4.228754,4.206038,0.022717,1
1527007657454,4.263191,4.236889,0.026302,1
1527007657464,4.338045,4.321938,0.016108,1
1527007657474,4.242210,4.223652,0.018559,1
1527007657484,4.229851,4.208441,0.021410,1
1527007657494,4.236078,4.213972,0.022106,1
1527007657504,4.232140,4.210424,0.021715,1
1527007657514,4.237022,4.214582,0.022440,1
1527007657524,4.230995,4.209499,0.021496,1
1527007657534,4.220161,4.196901,0.023260,1
1527007657544,4.226837,4.204655,0.022182,0
1527007657554,4.233780,4.211197,0.022583,0
1527007657565,4.270935,4.245129,0.025806,0
1527007657575,4.311790,4.296446,0.015345,0
1527007657585,4.216700,4.194241,0.022459,0
1527007657595,4.215755,4.191685,0.024071,0
1527007657605,4.220266,4.198084,0.022182,0
1527007657615,4.223185,4.198418,0.024767,0
1527007657625,4.221430,4.200220,0.021210,0
1527007657635,4.234533,4.211693,0.022840,0
1527007657645,4.240294,4.218063,0.022230,1
1527007657655,4.311686,4.288120,0.023565,1
1527007657665,4.302769,4.291878,0.010891,1
1527007657676,4.212942,4.190874,0.022068,1
1527007657686,4.223309,4.202843,0.020466,1
1527007657696,4.235830,4.212952,0.022879,1
1527007657706,4.230003,4.207973,0.022030,1
1527007657716,4.224377,4.201593,0.022783,1
1527007657726,4.219894,4.198484,0.021410,1
1527007657736,4.228220,4.204769,0.023451,1
1527007657746,4.223976,4.202194,0.021782,0
1527007657756,4.230976,4.207335,0.023642,0
1527007657766,4.243069,4.219236,0.023832,0
1527007657776,4.298925,4.276590,0.022335,0
1527007657786,4.264603,4.250059,0.014544,0
1527007657796,4.224176,4.200182,0.023994,0
1527007657806,4.227676,4.205980,0.021696,0
1527007657816,4.237337,4.215059,0.022278,0
1527007657826,4.228392,4.206676,0.021715,0
1527007657836,4.214525,4.190769,0.023756,0
1527007657846,4.229527,4.207458,0.022068,1
1527007657856,4.242268,4.218798,0.023470,1
1527007657866,4.319353,4.303999,0.015354,1
1527007657876,4.234486,4.215841,0.018644,1
1527007657886,4.207067,4.185905,0.021162,1
1527007657896,4.231482,4.207916,0.023565,1
1527007657906,4.218225,4.197750,0.020475,1
1527007657916,4.220638,4.198112,0.022526,1
1527007657926,4.221992,4.201050,0.020943,1
1527007657937,4.208479,4.184008,0.024471,1
1527007657947,4.225101,4.202232,0.022869,0
1527007657957,4.233465,4.210777,0.022688,0
1527007657967,4.247456,4.223223,0.024233,0
1527007657977,4.250288,4.230604,0.019684,0
1527007657987,4.218407,4.195566,0.022840,0
1527007657997,4.237337,4.215479,0.021858,0
1527007658007,4.232988,4.210606,0.022383,0
1527007658017,4.238300,4.216223,0.022078,0
1527007658027,4.231005,4.209614,0.021391,0
1527007658037,4.219570,4.194918,0.024652,0
1527007658048,4.314184,4.290686,0.023499,1
1527007658058,4.285765,4.272051,0.013714,1
1527007658068,4.226818,4.204664,0.022154,1
1527007658078,4.123936,4.098053,0.025883,1
1527007658088,4.181147,4.156828,0.024319,1
1527007658098,4.230614,4.208250,0.022364,1
1527007658108,4.225492,4.202576,0.022917,1
1527007658118,4.233274,4.210186,0.023088,1
1527007658128,4.334736,4.315643,0.019093,1
1527007658138,4.242010,4.223375,0.018635,1
1527007658148,4.226332,4.204035,0.022297,0
1527007658159,4.231777,4.209375,0.022402,0
1527007658169,4.224186,4.201288,0.022898,0
1527007658179,4.231606,4.208574,0.023031,0
1527007658189,4.212694,4.190397,0.022297,0
1527007658199,4.231911,4.208126,0.023785,0
1527007658209,4.221306,4.198322,0.022984,0
1527007658219,4.272184,4.245090,0.027094,0
1527007658230,4.317017,4.299955,0.017061,0
1527007658240,4.227915,4.207840,0.020075,1
1527007658250,4.226551,4.203873,0.022678,1
1527007658260,4.230661,4.207220,0.023441,1
1527007658270,4.224033,4.201937,0.022097,1
1527007658280,4.231129,4.207964,0.023165,1
1527007658290,4.212170,4.189463,0.022707,1
1527007658300,4.236469,4.214773,0.021696,1
1527007658310,4.233046,4.211855,0.021191,1
1527007658320,4.264851,4.239292,0.025558,1
1527007658330,4.338064,4.321547,0.016518,1
1527007658340,4.232302,4.212656,0.019646,0
1527007658350,4.230824,4.208670,0.022154,0
1527007658360,4.237185,4.215269,0.021915,0
1527007658370,4.194136,4.163656,0.030479,0
1527007658380,4.231291,4.208746,0.022545,0
1527007658390,4.224281,4.202642,0.021639,0
1527007658400,4.232054,4.209642,0.022411,0
1527007658410,4.250574,4.226208,0.024366,0
1527007658420,4.255371,4.237003,0.018368,0
1527007658430,4.226837,4.206018,0.020819,0
1527007658440,4.228373,4.204769,0.023603,1
1527007658451,4.226570,4.203367,0.023203,1
1527007658461,4.229918,4.206638,0.023279,1
1527007658471,4.112873,4.088640,0.024233,1
1527007658481,4.236002,4.213352,0.022650,1
1527007658491,4.233055,4.210968,0.022087,1
1527007658501,4.296179,4.269819,0.026360,1
1527007658511,4.322271,4.308348,0.013924,1
1527007658521,4.246492,4.227953,0.018539,1
1527007658531,4.233160,4.211578,0.021582,1
1527007658541,4.235077,4.212742,0.022335,0
1527007658551,4.227571,4.204645,0.022926,0
1527007658561,4.229498,4.206553,0.022945,0
1527007658571,4.101620,4.073582,0.028038,0
1527007658581,4.312954,4.288225,0.024729,0
1527007658591,4.288702,4.275885,0.012817,0
1527007658601,4.230728,4.207191,0.023537,0
1527007658611,4.226904,4.204559,0.022345,0
1527007658621,4.229202,4.206057,0.023146,0
1527007658631,4.233904,4.212151,0.021753,0
1527007658641,4.237041,4.214716,0.022326,1
1527007658651,4.238424,4.216747,0.021677,1
1527007658661,4.294796,4.269314,0.025482,1
1527007658671,4.261980,4.254494,0.007486,1
1527007658681,4.236298,4.214411,0.021887,1
1527007658691,4.232817,4.211617,0.021200,1
1527007658701,4.236898,4.214449,0.022449,1
1527007658712,4.227638,4.204502,0.023136,1
1527007658722,4.200420,4.177313,0.023108,1
1527007658732,4.227057,4.204712,0.022345,1
1527007658742,4.230928,4.207993,0.022936,0
1527007658752,4.326773,4.309216,0.017557,0
1527007658762,4.238081,4.219713,0.018368,0
1527007658772,4.214497,4.191551,0.022945,0
1527007658782,4.221191,4.198704,0.022488,0
1527007658792,4.227743,4.204779,0.022964,0
1527007658802,4.229288,4.205866,0.023422,0
1527007658812,4.227867,4.204683,0.023184,0
1527007658823,4.229145,4.205666,0.023479,0
1527007658833,4.244041,4.219751,0.024290,0
1527007658843,4.346237,4.329901,0.016336,1
1527007658853,4.246893,4.229412,0.017481,1
1527007658863,4.234295,4.212666,0.021629,1
1527007658873,4.227657,4.204292,0.023365,1
1527007658883,4.227858,4.204636,0.023222,1
1527007658893,4.228973,4.205723,0.023251,1
1527007658903,4.228611,4.205618,0.022993,1
1527007658913,4.241047,4.217310,0.023737,1
1527007658923,4.321404,4.300089,0.021315,1
1527007658934,4.277496,4.262209,0.015287,1
1527007658944,4.226933,4.204216,0.022717,0
1527007658954,4.235077,4.212542,0.022535,0
1527007658964,4.231968,4.210606,0.021362,0
1527007658974,4.233656,4.211693,0.021963,0
1527007658984,4.233313,4.211626,0.021687,0
1527007658994,4.235897,4.214048,0.021849,0
1527007659004,4.232864,4.210739,0.022125,0
1527007659014,4.338455,4.316349,0.022106,0
1527007659024,4.275522,4.260654,0.014868,0
1527007659034,4.232693,4.210415,0.022278,0
1527007659045,4.225645,4.203367,0.022278,1
1527007659055,4.230280,4.206638,0.023642,1
1527007659065,4.218969,4.196272,0.022697,1
1527007659075,4.219809,4.195766,0.024042,1
1527007659085,4.219751,4.195385,0.024366,1
1527007659095,4.226723,4.203672,0.023050,1
1527007659105,4.239264,4.213762,0.025501,1
1527007659115,4.314232,4.292936,0.021296,1
1527007659125,4.229488,4.206581,0.022907,1
1527007659135,4.232283,4.209347,0.022936,1
1527007659145,4.229507,4.207535,0.021973,0
1527007659155,4.230003,4.207096,0.022907,0
1527007659165,4.232359,4.210167,0.022192,0
1527007659175,4.302826,4.276667,0.026159,0
1527007659185,4.269266,4.255714,0.013552,0
1527007659196,4.218092,4.195566,0.022526,0
1527007659206,4.219646,4.199257,0.020390,0
1527007659216,4.229040,4.205894,0.023146,0
1527007659226,4.221764,4.201069,0.020695,0
1527007659236,4.230680,4.207840,0.022840,0
1527007659246,4.222136,4.201574,0.020561,1
1527007659256,4.231491,4.208727,0.022764,1
1527007659266,4.222059,4.201794,0.020266,1
1527007659276,4.221058,4.199038,0.022020,1
1527007659286,4.248114,4.225521,0.022593,1
1527007659296,4.343748,4.326401,0.017347,1
1527007659307,4.254684,4.238205,0.016479,1
1527007659317,4.239311,4.217348,0.021963,1
1527007659327,4.228888,4.207506,0.021381,1
1527007659337,4.236698,4.214373,0.022326,1
1527007659347,4.228840,4.207640,0.021200,0
1527007659357,4.238482,4.216270,0.022211,0
1527007659367,4.222040,4.201326,0.020714,0
1527007659377,4.231405,4.208746,0.022659,0
1527007659387,4.242840,4.219646,0.023193,0
1527007659397,4.351721,4.337416,0.014305,0
1527007659407,4.225960,4.207029,0.018930,0
1527007659418,4.231567,4.209661,0.021906,0
1527007659428,4.224281,4.202652,0.021629,0
1527007659438,4.229746,4.208164,0.021582,0
1527007659448,4.226618,4.204168,0.022449,1
1527007659458,4.237633,4.216070,0.021563,1
1527007659468,4.231253,4.210463,0.020790,1
1527007659478,4.236822,4.215612,0.021210,1
1527007659488,4.244843,4.221516,0.023327,1
1527007659498,4.278488,4.263201,0.015287,1
1527007659508,4.233980,4.212332,0.021648,1
1527007659518,4.237127,4.215841,0.021286,1
1527007659529,4.232283,4.210310,0.021973,1
1527007659539,4.231014,4.209108,0.021906,1
1527007659549,4.225121,4.202633,0.022488,0
1527007659559,4.231520,4.209080,0.022440,0
1527007659569,4.233265,4.210100,0.023165,0
1527007659579,4.302330,4.278727,0.023603,0
1527007659589,4.292526,4.280224,0.012302,0
1527007659599,4.231796,4.211807,0.019989,0
1527007659609,4.226494,4.203644,0.022850,0
1527007659619,4.238577,4.216871,0.021706,0
1527007659629,4.232149,4.210606,0.021544,0
1527007659640,4.237795,4.215708,0.022087,0
1527007659650,4.230261,4.208927,0.021334,1
1527007659660,4.237499,4.214888,0.022612,1
1527007659670,4.230309,4.207420,0.022888,1
1527007659680,4.282789,4.257240,0.025549,1
1527007659690,4.321709,4.309187,0.012522,1
1527007659700,4.237614,4.219131,0.018482,1
1527007659710,4.224291,4.203100,0.021191,1
1527007659720,4.231157,4.207964,0.023193,1
1527007659730,4.223061,4.201641,0.021420,1
1527007659740,4.230680,4.207478,0.023203,1
1527007659751,4.223289,4.201498,0.021791,0
1527007659761,4.230423,4.207211,0.023212,0
1527007659771,4.223795,4.202137,0.021658,0
1527007659781,4.235601,4.213896,0.021706,0
1527007659791,4.234276,4.212713,0.021563,0
1527007659801,4.324341,4.301252,0.023088,0
1527007659811,4.295330,4.283438,0.011892,0
1527007659821,4.236250,4.213676,0.022573,0
1527007659831,4.230566,4.209309,0.021257,0
1527007659841,4.236345,4.214716,0.021629,1
1527007659851,4.231958,4.210167,0.021791,1
1527007659862,4.229536,4.206734,0.022802,1
1527007659872,4.226093,4.203367,0.022726,1
1527007659882,4.229078,4.205551,0.023527,1
1527007659892,4.226456,4.202976,0.023479,1
1527007659902,4.242792,4.219055,0.023737,1
1527007659912,4.311066,4.289074,0.021992,1
1527007659922,4.283066,4.269533,0.013533,1
1527007659932,4.227467,4.204407,0.023060,1
1527007659942,4.229622,4.205713,0.023909,0
1527007659952,4.232941,4.211178,0.021763,0
1527007659962,4.235229,4.213619,0.021610,0
1527007659972,4.151011,4.117689,0.033321,0
1527007659982,4.235868,4.213533,0.022335,0
1527007659992,4.233627,4.212198,0.021429,0
1527007660002,4.237423,4.215288,0.022135,0
1527007660012,4.340611,4.322195,0.018415,0
1527007660022,4.268417,4.252052,0.016365,0
1527007660032,4.226570,4.204330,0.022240,0
1527007660042,4.229879,4.207058,0.022821,1
1527007660052,4.226656,4.204025,0.022631,1
1527007660062,4.229755,4.206772,0.022984,1
1527007660072,4.308424,4.284143,0.024281,1
1527007660082,4.366121,4.350948,0.015173,1
1527007660092,4.226103,4.203615,0.022488,1
1527007660102,4.229708,4.207354,0.022354,1
1527007660112,4.234085,4.212828,0.021257,1
1527007660123,4.235706,4.213877,0.021830,1
1527007660133,4.234171,4.212561,0.021610,1
1527007660143,4.236441,4.214191,0.022249,0
1527007660153,4.256191,4.232187,0.024004,0
1527007660163,4.267282,4.250746,0.016537,0
1527007660173,4.123602,4.102077,0.021524,0
1527007660183,4.234991,4.213352,0.021639,0
1527007660193,4.227858,4.205332,0.022526,0
1527007660203,4.229784,4.207582,0.022202,0
1527007660213,4.227886,4.206104,0.021782,0
1527007660223,4.229336,4.206762,0.022573,0
1527007660234,4.228497,4.205999,0.022497,0
1527007660244,4.228497,4.206123,0.022373,1
1527007660254,4.233704,4.210968,0.022736,1
1527007660264,4.269056,4.243822,0.025234,1
1527007660274,4.203911,4.185619,0.018291,1
1527007660284,4.233418,4.212236,0.021181,1
1527007660294,4.234905,4.213018,0.021887,1
1527007660304,4.231691,4.209108,0.022583,1
1527007660314,4.234247,4.213123,0.021124,1
1527007660324,4.234934,4.213905,0.021029,1
1527007660334,4.254494,4.230614,0.023880,1
1527007660345,4.337339,4.319487,0.017853,0
1527007660355,4.254503,4.236164,0.018339,0
1527007660365,4.214134,4.191914,0.022221,0
1527007660375,4.211903,4.188957,0.022945,0
1527007660385,4.222517,4.199581,0.022936,0
1527007660395,4.217520,4.193802,0.023718,0
1527007660405,4.217472,4.195461,0.022011,0
1527007660415,4.218760,4.195642,0.023117,0
1527007660425,4.255829,4.231157,0.024672,0
1527007660435,4.344263,4.328709,0.015554,0
1527007660445,4.243784,4.227057,0.016727,1
1527007660456,4.235182,4.214191,0.020990,1
1527007660466,4.230719,4.210072,0.020647,1
1527007660476,4.230957,4.209023,0.021935,1
1527007660486,4.229965,4.209251,0.020714,1
1527007660496,4.223995,4.203510,0.020485,1
1527007660506,4.227457,4.206705,0.020752,1
1527007660516,4.229136,4.206753,0.022383,1
1527007660526,4.245939,4.221973,0.023966,1
1527007660536,4.254999,4.238033,0.016966,1
1527007660546,4.222937,4.202337,0.020599,0
1527007660556,4.229279,4.206562,0.022717,0
1527007660566,4.221935,4.201279,0.020657,0
1527007660576,4.218664,4.197874,0.020790,0
1527007660586,4.221725,4.201450,0.020275,0
1527007660596,4.228125,4.205723,0.022402,0
1527007660607,4.230890,4.209814,0.021076,0
1527007660617,4.246140,4.223242,0.022898,0
1527007660627,4.289484,4.267273,0.022211,0
1527007660637,4.321175,4.308624,0.012550,0
1527007660647,4.228897,4.208078,0.020819,1
1527007660657,4.237032,4.214735,0.022297,1
1527007660667,4.228067,4.206715,0.021353,1
1527007660677,4.236431,4.213991,0.022440,1
1527007660687,4.222174,4.200964,0.021210,1
1527007660697,4.231062,4.207573,0.023489,1
1527007660707,4.231453,4.208755,0.022697,1
1527007660718,4.325724,4.302959,0.022764,1
1527007660728,4.269209,4.256439,0.012770,1
1527007660738,4.233627,4.211006,0.022621,1
1527007660748,4.223547,4.202309,0.021238,0
1527007660758,4.231424,4.208765,0.022659,0
1527007660768,4.220934,4.200745,0.020189,0
1527007660778,4.238253,4.215851,0.022402,0
1527007660788,4.230127,4.208717,0.021410,0
1527007660798,4.275856,4.249115,0.026741,0
1527007660808,4.331493,4.319563,0.011930,0
1527007660818,4.237871,4.217482,0.020390,0
1527007660829,4.231033,4.210024,0.021009,0
1527007660839,4.235907,4.214973,0.020933,0
1527007660849,4.232655,4.210939,0.021715,1
1527007660859,4.231043,4.209166,0.021877,1
1527007660869,4.223881,4.201965,0.021915,1
1527007660879,4.235201,4.212599,0.022602,1
1527007660889,4.295263,4.269905,0.025358,1
1527007660899,4.312220,4.300451,0.011768,1
1527007660909,4.225683,4.202728,0.022955,1
1527007660919,4.230051,4.207668,0.022383,1
1527007660929,4.226980,4.203424,0.023556,1
1527007660940,4.237452,4.215746,0.021706,1
1527007660950,4.232635,4.209976,0.022659,0
1527007660960,4.238138,4.216213,0.021925,0
1527007660970,4.231806,4.210148,0.021658,0
1527007660980,4.246960,4.224167,0.022793,0
1527007660990,4.334288,4.314623,0.019665,0
1527007661000,4.275265,4.259329,0.015936,0
1527007661010,4.231310,4.210310,0.021000,0
1527007661020,4.232759,4.210711,0.022049,0
1527007661030,4.225416,4.203243,0.022173,0
1527007661040,4.231949,4.209204,0.022745,0
1527007661051,4.224005,4.202204,0.021801,1
1527007661061,4.231577,4.208908,0.022669,1
1527007661071,4.224987,4.203377,0.021610,1
1527007661081,4.254189,4.229631,0.024557,1
1527007661091,4.243603,4.226551,0.017052,1
1527007661101,4.232645,4.210911,0.021734,1
1527007661111,4.230051,4.209261,0.020790,1
1527007661121,4.236422,4.215021,0.021400,1
1527007661131,4.230156,4.208946,0.021210,1
1527007661141,4.237099,4.215479,0.021620,1
1527007661151,4.229536,4.208155,0.021381,0
1527007661162,4.236870,4.215050,0.021820,0
1527007661172,4.231186,4.209852,0.021334,0
1527007661182,4.234848,4.212160,0.022688,0
1527007661192,4.248285,4.224319,0.023966,0
1527007661202,4.255495,4.237919,0.017576,0
1527007661212,4.226427,4.205246,0.021181,0
1527007661222,4.229679,4.206429,0.023251,0
1527007661232,4.226522,4.204311,0.022211,0
1527007661242,4.230804,4.208412,0.022392,1
1527007661252,4.224939,4.203377,0.021563,1
1527007661262,4.229345,4.207611,0.021734,1
1527007661273,4.230928,4.210482,0.020447,1
1527007661283,4.235516,4.214087,0.021429,1
1527007661293,4.236794,4.215536,0.021257,1
1527007661303,4.260464,4.236851,0.023613,1
1527007661313,4.254513,4.238071,0.016441,1
1527007661323,4.235888,4.215240,0.020647,1
1527007661333,4.233274,4.212065,0.021210,1
1527007661343,4.235268,4.214230,0.021038,0
1527007661353,4.227180,4.205046,0.022135,0
1527007661363,4.228878,4.206533,0.022345,0
1527007661373,4.200211,4.171085,0.029125,0
1527007661383,4.229479,4.206161,0.023317,0
1527007661393,4.230013,4.207830,0.022182,0
1527007661403,4.249859,4.226408,0.023451,0
1527007661413,4.317284,4.297876,0.019407,0
1527007661423,4.227867,4.206219,0.021648,0
1527007661433,4.226227,4.204712,0.021515,0
1527007661443,4.234877,4.214096,0.020781,1
1527007661453,4.233437,4.212875,0.020561,1
1527007661463,4.235182,4.213991,0.021191,1
1527007661473,4.228048,4.201279,0.026770,1
1527007661483,4.315786,4.293118,0.022669,1
1527007661493,4.293070,4.280777,0.012293,1
1527007661503,4.235191,4.214067,0.021124,1
1527007661513,4.233074,4.212332,0.020742,1
1527007661523,4.228821,4.206276,0.022545,1
1527007661534,4.227839,4.205360,0.022478,1
1527007661544,4.229259,4.206095,0.023165,0
1527007661554,4.228582,4.206228,0.022354,0
1527007661564,4.231558,4.209566,0.021992,0
1527007661574,4.201517,4.176569,0.024948,0
1527007661584,4.366322,4.351902,0.014420,0
1527007661594,4.227791,4.204884,0.022907,0
1527007661604,4.234753,4.212828,0.021925,0
1527007661614,4.233646,4.212723,0.020924,0
1527007661624,4.234934,4.214115,0.020819,0
1527007661634,4.234648,4.213858,0.020790,0
1527007661645,4.235659,4.214373,0.021286,1
1527007661655,4.247370,4.224586,0.022783,1
1527007661665,4.319220,4.297829,0.021391,1
1527007661675,4.249105,4.234123,0.014982,1
1527007661685,4.225178,4.201546,0.023632,1
1527007661695,4.216814,4.192982,0.023832,1
1527007661705,4.219437,4.197044,0.022392,1
1527007661715,4.218349,4.195538,0.022812,1
1527007661725,4.222755,4.199972,0.022783,1
1527007661735,4.227762,4.204836,0.022926,1
1527007661745,4.226599,4.204206,0.022392,0
1527007661756,4.217567,4.194794,0.022774,0
1527007661766,4.273167,4.247913,0.025253,0
1527007661776,4.318056,4.306059,0.011997,0
1527007661786,4.228725,4.207878,0.020847,0
1527007661796,4.223804,4.203396,0.020409,0
1527007661806,4.229326,4.208078,0.021248,0
1527007661816,4.234562,4.212961,0.021601,0
1527007661826,4.231586,4.210730,0.020857,0
1527007661836,4.234610,4.213467,0.021143,0
1527007661846,4.225264,4.204130,0.021133,1
1527007661856,4.230089,4.207773,0.022316,1
1527007661867,4.228325,4.206772,0.021553,1
1527007661877,4.320593,4.297695,0.022898,1
1527007661887,4.269657,4.256649,0.013008,1
1527007661897,4.230604,4.207363,0.023241,1
1527007661907,4.221725,4.201145,0.020580,1
1527007661917,4.230261,4.207029,0.023232,1
1527007661927,4.222164,4.201612,0.020552,1
1527007661937,4.237270,4.215307,0.021963,1
1527007661947,4.231615,4.210920,0.020695,0
1527007661957,4.240046,4.217539,0.022507,0
1527007661967,4.317217,4.295759,0.021458,0
1527007661978,4.267330,4.251680,0.015650,0
1527007661988,4.230213,4.209309,0.020905,0
1527007661998,4.238176,4.215889,0.022287,0
1527007662008,4.229937,4.208612,0.021324,0
1527007662018,4.230871,4.207535,0.023336,0
1527007662028,4.222307,4.201145,0.021162,0
1527007662038,4.232502,4.209852,0.022650,0
1527007662048,4.223528,4.202414,0.021114,1
1527007662058,4.317827,4.295664,0.022163,1
1527007662068,4.279060,4.266825,0.012236,1
1527007662078,4.229183,4.206171,0.023012,1
1527007662089,4.222250,4.201221,0.021029,1
1527007662099,4.232578,4.209557,0.023022,1
1527007662109,4.230957,4.209461,0.021496,1
1527007662119,4.237804,4.215822,0.021982,1
1527007662129,4.229202,4.208164,0.021038,1
1527007662139,4.240093,4.217720,0.022373,1
1527007662149,4.243679,4.221525,0.022154,0
1527007662159,4.356422,4.340115,0.016308,0
1527007662169,4.229584,4.208927,0.020657,0
1527007662179,4.237404,4.215374,0.022030,0
1527007662189,4.224339,4.202242,0.022097,0
1527007662200,4.231100,4.209185,0.021915,0
1527007664799,4.242907,4.219847,0.023060,0
1527007664809,4.307165,4.296198,0.010967,0
1527007664819,4.237471,4.215469,0.022001,0
1527007664829,4.221983,4.201145,0.020838,0
1527007664840,4.231710,4.208536,0.023174,0
1527007664850,4.221983,4.201422,0.020561,1
1527007664860,4.232254,4.208984,0.023270,1
1527007664870,4.237509,4.214773,0.022736,1
1527007664880,4.254227,4.236679,0.017548,1
1527007664890,4.224186,4.203386,0.020800,1
1527007664900,4.232197,4.209061,0.023136,1
1527007664910,4.230804,4.208879,0.021925,1
1527007664920,4.239254,4.215803,0.023451,1
1527007664930,4.229002,4.207373,0.021629,1
1527007664940,4.238834,4.215994,0.022840,1
1527007664951,4.234409,4.211702,0.022707,0
1527007664961,4.255314,4.231138,0.024176,0
1527007664971,4.350882,4.337311,0.013571,0
1527007664981,4.236755,4.214153,0.022602,0
1527007664991,4.225006,4.202633,0.022373,0
1527007665001,4.230509,4.207983,0.022526,0
1527007665011,4.227076,4.203806,0.023270,0
1527007665021,4.231977,4.209509,0.022469,0
1527007665031,4.226980,4.204159,0.022821,0
1527007665041,4.242067,4.218597,0.023470,0
1527007665051,4.348888,4.329357,0.019531,1
1527007665062,4.247980,4.229355,0.018625,1
1527007665072,4.233465,4.211836,0.021629,1
1527007665082,4.238348,4.215946,0.022402,1
1527007665092,4.230576,4.208212,0.022364,1
1527007665102,4.371700,4.355469,0.016232,1
1527007665112,4.232378,4.210348,0.022030,1
1527007665122,4.243460,4.220972,0.022488,1
1527007665132,4.291611,4.267282,0.024328,1
1527007665142,4.237671,4.216471,0.021200,1
1527007665152,4.224653,4.202385,0.022268,0
1527007665162,4.231720,4.209728,0.021992,0
1527007665172,4.223728,4.201622,0.022106,0
1527007665182,4.231625,4.209490,0.022135,0
1527007665192,4.225178,4.202919,0.022259,0
1527007665202,4.232349,4.210005,0.022345,0
1527007665212,4.253502,4.228239,0.025263,0
1527007665222,4.309282,4.288731,0.020552,0
1527007665232,4.271755,4.257498,0.014257,0
1527007665242,4.239531,4.218197,0.021334,1
1527007665252,4.232140,4.210081,0.022058,1
1527007665262,4.238300,4.216547,0.021753,1
1527007665272,4.230738,4.209080,0.021658,1
1527007665282,4.237537,4.215479,0.022058,1
1527007665292,4.232283,4.210272,0.022011,1
1527007665302,4.241791,4.219494,0.022297,1
1527007665312,4.274750,4.248142,0.026608,1
1527007665323,4.324398,4.312611,0.011787,1
1527007665333,4.223623,4.201517,0.022106,1
1527007665343,4.230022,4.206820,0.023203,0
1527007665353,4.223957,4.202118,0.021839,0
1527007665363,4.231148,4.208555,0.022593,0
1527007665373,4.223032,4.201384,0.021648,0
1527007665383,4.230404,4.207048,0.023355,0
1527007665393,4.225531,4.202700,0.022831,0
1527007665403,4.338646,4.322662,0.015984,0
1527007665413,4.245348,4.228821,0.016527,0
1527007665423,4.239416,4.217348,0.022068,0
1527007665434,4.231396,4.209337,0.022058,0
1527007665444,4.235954,4.214020,0.021935,1
1527007665454,4.232950,4.211235,0.021715,1
1527007665464,4.236107,4.213619,0.022488,1
1527007665474,4.196215,4.165773,0.030441,1
1527007665484,4.230118,4.206686,0.023432,1
1527007665494,4.227934,4.204855,0.023079,1
1527007665504,4.251595,4.225721,0.025873,1
1527007665514,4.253016,4.235382,0.017633,1
1527007665524,4.230051,4.207621,0.022430,1
1527007665534,4.226036,4.203272,0.022764,1
1527007665545,4.228678,4.205227,0.023451,0
1527007665555,4.224901,4.202671,0.022230,0
1527007665565,4.227486,4.204063,0.023422,0
1527007665575,4.090528,4.064598,0.025930,0
1527007665585,4.230795,4.207754,0.023041,0
1527007665595,4.358282,4.341555,0.016727,0
1527007665605,4.229240,4.205952,0.023289,0
1527007665615,4.357595,4.341917,0.015678,0
1527007665625,4.232836,4.209976,0.022860,0
1527007665635,4.223623,4.201107,0.022516,0
1527007665645,4.234285,4.212303,0.021982,1
1527007665656,4.227133,4.204416,0.022717,1
1527007665666,4.253712,4.229593,0.024118,1
1527007665676,4.229822,4.206676,0.023146,1
1527007665686,4.223881,4.201689,0.022192,1
1527007665696,4.221296,4.199715,0.021582,1
1527007665706,4.222984,4.200497,0.022488,1
1527007665716,4.236937,4.213419,0.023518,1
1527007665726,4.303913,4.280548,0.023365,1
1527007665736,4.226255,4.203424,0.022831,1
1527007665746,4.231672,4.209890,0.021782,0
1527007668804,4.231005,4.207754,0.023251,0
1527007668814,4.224262,4.202204,0.022058,0
1527007668824,4.232149,4.210272,0.021877,0
1527007668834,4.224033,4.202213,0.021820,0
1527007668844,4.231644,4.209242,0.022402,0
1527007668854,4.303064,4.279814,0.023251,1
1527007668864,4.299412,4.286861,0.012550,1
1527007668874,4.223604,4.203548,0.020056,1
1527007668885,4.225569,4.200363,0.025206,1
1527007668895,4.225063,4.203577,0.021486,1
1527007668905,4.220629,4.198351,0.022278,1
1527007668915,4.221859,4.200592,0.021267,1
1527007668925,4.232321,4.210005,0.022316,1
1527007668935,4.229116,4.207726,0.021391,1
1527007668945,4.236879,4.214983,0.021896,1
1527007668955,4.251099,4.227762,0.023336,0
1527007668965,4.265757,4.248276,0.017481,0
1527007668975,4.218874,4.196968,0.021906,0
1527007668985,4.212770,4.189215,0.023556,0
1527007668996,4.217148,4.196014,0.021133,0
1527007669006,4.221849,4.199886,0.021963,0
1527007669016,4.224310,4.202099,0.022211,0
1527007669026,4.227686,4.204559,0.023127,0
1527007669036,4.223890,4.201889,0.022001,0
1527007669046,4.232740,4.209452,0.023289,0
1527007669056,4.314146,4.290276,0.023870,1
1527007669066,4.302454,4.290009,0.012445,1
1527007669076,4.230661,4.208460,0.022202,1
1527007669086,4.228554,4.207315,0.021238,1
1527007669096,4.231405,4.209890,0.021515,1
1527007669107,4.234056,4.211931,0.022125,1
1527007669117,4.232721,4.211445,0.021276,1
1527007669127,4.233761,4.211760,0.022001,1
1527007669137,4.226589,4.203396,0.023193,1
1527007669147,4.244843,4.220848,0.023994,0
1527007669157,4.308338,4.287081,0.021257,0
1527007669167,4.262190,4.245834,0.016356,0
1527007669177,4.227743,4.205008,0.022736,0
1527007669187,4.227371,4.204369,0.023003,0
1527007669197,4.225645,4.202967,0.022678,0
1527007669207,4.228554,4.204845,0.023708,0
1527007669218,4.227076,4.203548,0.023527,0
1527007669228,4.234085,4.212255,0.021830,0
1527007669238,4.234600,4.211884,0.022717,0
1527007669248,4.232922,4.211569,0.021353,1
1527007669258,4.274387,4.247971,0.026417,1
1527007669268,4.337358,4.323187,0.014172,1
1527007669278,4.169655,4.136419,0.033236,1
1527007669288,4.232349,4.210958,0.021391,1
1527007669298,4.232082,4.210186,0.021896,1
1527007669308,4.226551,4.203892,0.022659,1
1527007669318,4.227877,4.204779,0.023098,1
1527007669328,4.227543,4.204817,0.022726,1
1527007669338,4.327602,4.307461,0.020142,1
1527007669348,4.260454,4.245119,0.015335,0
1527007669358,4.227810,4.205399,0.022411,0
1527007669368,4.227810,4.204826,0.022984,0
1527007669378,4.180927,4.148722,0.032206,0
1527007669388,4.233437,4.212132,0.021305,0
1527007669398,4.234295,4.212580,0.021715,0
1527007669408,4.237394,4.215450,0.021944,0
1527007669418,4.302454,4.277859,0.024595,0
1527007669428,4.257841,4.238844,0.018997,0
1527007669438,4.234085,4.212170,0.021915,0
1527007669448,4.232874,4.210930,0.021944,1
1527007669458,4.233856,4.212809,0.021048,1
1527007669468,4.226208,4.204865,0.021343,1
1527007669479,4.082003,4.056740,0.025263,1
1527007669489,4.240627,4.217520,0.023108,1
1527007669499,4.309626,4.286804,0.022821,1
1527007669509,4.273815,4.261084,0.012732,1
1527007669519,4.226875,4.204645,0.022230,1
1527007669529,4.226503,4.204321,0.022182,1
1527007669539,4.229622,4.206934,0.022688,1
1527007669549,4.231625,4.210262,0.021362,0
1527007669559,4.234600,4.212255,0.022345,0
1527007669569,4.231625,4.210987,0.020638,0
1527007669579,4.203920,4.184475,0.019445,0
1527007669589,4.317036,4.304533,0.012503,0
1527007669599,4.231777,4.210167,0.021610,0
1527007669609,4.231720,4.211054,0.020666,0
1527007669619,4.235516,4.213810,0.021706,0
1527007669629,4.226818,4.204378,0.022440,0
1527007669639,4.228983,4.206457,0.022526,0
1527007669649,4.226112,4.204550,0.021563,1
1527007669660,4.229412,4.206657,0.022755,1
1527007669670,4.239902,4.216614,0.023289,1
1527007669680,4.299994,4.290867,0.009127,1
1527007669690,4.219828,4.198132,0.021696,1
1527007669700,4.229279,4.206476,0.022802,1
1527007669710,4.230547,4.209166,0.021381,1
1527007669720,4.235973,4.213438,0.022535,1
1527007669730,4.229937,4.208136,0.021801,1
1527007669740,4.237480,4.215240,0.022240,1
1527007669750,4.281626,4.256678,0.0249