currentTs;total_time;user_time;sys_time;virtual_size;in_octets;out_octets
1527365861599;0;0;0;1875968;327577;469990
1527365861699;10;7;1;29548544;327577;469990
1527365861799;20;14;2;29458432;329109;472544
1527365861899;30;22;3;29458432;330879;475526
1527365861999;40;31;3;29458432;332472;478211
1527365862099;50;38;4;29458432;334065;480894
1527365862199;60;47;4;29458432;335658;483579
1527365862299;70;56;4;29458432;337251;486262
1527365862399;80;65;4;29458432;338844;488947
1527365862499;90;73;4;29458432;340437;491634
1527365862599;100;82;4;29458432;342030;494321
1527365862699;110;91;4;29458432;343623;497007
1527365862800;121;99;4;29458432;345039;499392
1527365862900;131;107;4;29458432;346694;502047
1527365863000;141;115;4;29458432;348287;504733
1527365863100;151;124;4;29458432;349880;507419
1527365863200;161;133;4;29458432;351473;510103
1527365863300;171;141;4;29458432;352941;512788
1527365863400;181;150;4;29458432;354659;515476
1527365863500;191;158;4;29458432;356252;518163
1527365863600;201;167;4;29458432;357845;520846
1527365863700;211;175;5;29458432;359438;523531
1527365863800;221;184;5;29458432;361031;526219
1527365863900;231;193;5;29458432;362624;528905
1527365864001;241;201;5;29458432;364456;531806
1527365864101;251;210;5;29458432;366049;534491
1527365864201;261;219;5;29458432;367642;537176
1527365864301;271;227;5;29458432;369058;539561
1527365864401;281;236;5;29458432;370651;542245
1527365864501;291;243;6;29458432;372244;544928
1527365864601;301;252;6;29458432;373837;547613
1527365864701;311;261;6;29458432;375430;550299
1527365864801;321;269;6;29458432;377023;552986
1527365864901;331;277;7;29458432;378616;555669
1527365865001;341;285;7;29458432;380209;558356
1527365865102;351;294;7;29458432;382041;561262
1527365865202;361;303;7;29458432;383634;563952
1527365865302;371;310;7;29458432;384925;566342
1527365865402;381;319;7;29458432;386643;569028
1527365865502;391;327;8;29458432;388236;571713
1527365865602;401;336;8;29458432;389925;574401
1527365865702;411;344;8;29458432;391518;577088
1527365865802;421;353;8;29458432;393111;579774
1527365865902;431;362;8;29458432;394704;582459
1527365866002;441;370;8;29458432;396297;585143
1527365866102;451;379;8;29458432;397890;587829
1527365866203;461;386;9;29458432;399429;590320
1527365866303;471;394;9;29458432;401007;592873
1527365866403;481;403;9;29458432;402600;595559
1527365866503;491;412;9;29458432;404193;598543
1527365866603;501;421;9;29458432;405786;601233
1527365866703;511;429;10;29458432;407556;603919
1527365866803;521;437;10;29458432;408972;606307
1527365866903;531;446;10;29458432;410565;608993
1527365867003;541;455;10;29458432;412158;611679
1527365867103;551;463;10;29458432;413751;614366
1527365867203;561;472;10;29458432;415344;617351
1527365867303;571;481;10;29458432;416937;619737
1527365867403;581;490;10;29458432;418769;622690
1527365867503;591;498;11;29458432;420414;625676
1527365867603;601;506;11;29458432;422132;628363
1527365867703;611;514;12;29458432;423725;631050
1527365867804;621;523;12;29458432;425318;633738
1527365867904;631;532;12;29458432;426911;636421
1527365868004;641;541;12;29458432;428504;639107
1527365868104;651;550;12;29458432;430097;642092
1527365868204;661;559;12;29458432;431867;644781
1527365868304;671;567;12;29458432;433283;647168
1527365868404;681;576;12;29458432;434876;649856
1527365868504;691;583;13;29458432;436708;652756
1527365868604;701;592;13;29458432;438301;655441
1527365868704;711;601;13;29458432;439894;658126
1527365868805;721;609;13;29458432;441310;660513
1527365868905;731;617;13;29458432;442903;663200
1527365869005;741;625;14;29458432;444496;665884
1527365869105;751;634;14;29458432;446089;668569
1527365869205;761;643;14;29458432;447682;671256
1527365869305;771;651;14;29458432;449098;673642
1527365869405;781;659;14;29458432;450691;676329
1527365869505;791;668;14;29458432;452159;679015
1527365869605;801;676;14;29458432;453939;681670
1527365869705;811;685;14;29458432;455532;684355
1527365869805;821;694;14;29458432;457000;687040
1527365869906;831;702;14;29458432;458541;689425
1527365870006;841;711;14;29458432;460134;692110
1527365870106;851;719;15;29458432;461727;694796
1527365870206;861;727;15;29458432;463320;697484
1527365870306;871;735;15;29458432;464611;699872
1527365870406;881;741;17;29458432;466152;702257
1527365870506;891;750;17;29458432;467745;704943
1527365870606;901;759;17;29458432;469338;707625
1527365870706;911;768;17;29458432;470931;710308
1527365870806;921;777;17;29458432;472638;713258
1527365870906;931;784;17;29458432;474002;715345
1527365871006;941;792;17;29458432;475595;718028
1527365871107;951;801;17;29458432;477188;720711
1527365871207;961;810;17;29458432;478781;723397
1527365871307;971;819;17;29458432;480374;726079
1527365871407;981;827;17;29458432;481790;728464
1527365871507;991;836;17;29458432;483383;731147
1527365871607;1001;845;17;29458432;484976;733830
1527365871707;1011;853;17;29458432;486569;736514
1527365871807;1021;862;17;29458432;488162;739198
1527365871907;1031;870;17;29458432;489817;741851
1527365872007;1041;879;17;29458432;491410;744537
1527365872107;1051;888;17;29458432;493003;747219
1527365872207;1061;897;17;29458432;494471;749902
1527365872307;1071;905;17;29458432;496012;752290
1527365872408;1081;913;17;29458432;497605;754975
1527365872508;1091;921;18;29458432;499198;757660
1527365872608;1101;930;18;29458432;500791;760347
1527365872708;1111;938;19;29458432;502384;763033
1527365872808;1121;946;19;29458432;503800;765417
1527365872908;1131;955;19;29458432;505393;768101
1527365873008;1141;964;19;29458432;507109;770888
1527365873108;1151;972;19;29458432;508693;773734
1527365873208;1161;981;19;29458432;510286;776417
1527365873308;1171;990;19;29458432;511879;779101
1527365873408;1181;998;19;29458432;513420;781490
1527365873508;1191;1007;19;29458432;515013;784176
1527365873608;1201;1015;19;29458432;516429;786567
1527365873708;1211;1024;19;29458432;518022;789253
1527365873808;1221;1032;19;29458432;519615;791938
1527365873908;1231;1040;19;29458432;521031;794325
1527365874009;1241;1049;19;29458432;522624;797010
1527365874110;1252;1059;19;29458432;524217;799699
1527365874210;1262;1067;19;29458432;526049;802604
1527365874310;1272;1075;19;29458432;527340;804993
1527365874410;1282;1083;20;29458432;528933;807682
1527365874510;1292;1091;20;29458432;530474;810370
1527365874610;1302;1100;20;29458432;532067;812759
1527365874710;1312;1109;20;29458432;533712;815744
1527365874810;1322;1117;20;29458432;535253;818149
1527365874910;1332;1126;20;29458432;536846;820852
1527365875010;1342;1135;20;29458432;538439;823546
1527365875110;1352;1144;20;29458432;540032;826240
1527365875210;1362;1153;20;29458432;541625;828937
1527365875310;1372;1162;20;29458432;543280;831548
1527365875410;1382;1170;20;29458432;544873;834239
1527365875511;1392;1179;20;29458432;546466;836935
1527365875611;1402;1188;20;29458432;548059;839935
1527365875711;1412;1197;20;29458432;549652;842335
1527365875811;1422;1205;21;29458432;551245;845035
1527365875911;1432;1212;22;29458432;552838;847735
1527365876011;1442;1221;22;29458432;554431;850434
1527365876111;1452;1230;22;29458432;556024;853134
1527365876211;1462;1239;22;29458432;557617;855834
1527365876311;1472;1247;22;29458432;559085;858534
1527365876411;1482;1255;22;29458432;560626;860933
1527365876511;1492;1264;22;29458432;562281;863849
1527365876611;1502;1273;22;29458432;563874;866248
1527365876712;1512;1281;22;29458432;565467;868947
1527365876812;1522;1290;22;29458432;567060;871647
1527365876912;1532;1298;22;29458432;568476;874047
1527365877012;1542;1307;22;29458432;570069;876747
1527365877112;1552;1316;22;29458432;571662;879445
1527365877212;1562;1324;22;29458432;573255;882141
1527365877312;1572;1333;22;29458432;574848;884840
1527365877412;1582;1342;22;29458432;576316;887537
1527365877512;1592;1349;24;29458432;577909;890236
1527365877612;1602;1357;24;29458432;579689;892902
1527365877712;1612;1366;24;29458432;581282;895601
1527365877812;1622;1375;24;29458432;582875;898298
1527365877913;1632;1383;24;29458432;584343;900998
1527365878014;1642;1392;24;29458432;586061;903698
1527365878115;1652;1401;24;29458432;587654;906397
1527365878215;1662;1410;24;29458432;589247;909095
1527365878315;1672;1418;24;29458432;590715;911792
1527365878415;1682;1426;24;29458432;592256;914188
1527365878515;1692;1432;24;29458432;593318;915988
1527365878615;1702;1441;24;29458432;594911;918687
1527365878715;1712;1450;24;29458432;596504;921384
1527365878815;1722;1459;24;29458432;598336;924299
1527365878915;1732;1466;24;29458432;599575;926397
1527365879015;1742;1475;24;29458432;601168;929094
1527365879115;1752;1484;24;29458432;602761;931790
1527365879216;1762;1492;24;29458432;604354;934486
1527365879316;1772;1500;25;29458432;605947;937185
1527365879416;1782;1509;25;29458432;607540;939885
1527365879516;1792;1518;25;29458432;609133;942583
1527365879616;1802;1527;25;29458432;610601;945277
1527365879716;1812;1536;25;29458432;612194;947975
1527365879816;1822;1544;26;29458432;613787;950674
1527365879916;1832;1551;26;29458432;615390;952989
1527365880016;1842;1560;26;29458432;616983;955688
1527365880116;1852;1568;26;29458432;618576;958383
1527365880216;1862;1577;26;29458432;620169;961083
1527365880316;1872;1586;26;29458432;621762;963783
1527365880416;1882;1593;26;29458432;623001;965883
1527365880516;1892;1602;26;29458432;624644;968578
1527365880616;1902;1611;26;29458432;626283;971276
1527365880716;1912;1620;26;29458432;627876;973974
1527365880817;1922;1628;27;29458432;629469;976672
1527365880917;1932;1637;27;29458432;631062;979376
1527365881017;1942;1644;28;29458432;632778;982186
1527365881117;1952;1653;28;29458432;634487;985048
1527365881217;1962;1662;28;29458432;636080;987746
1527365881317;1972;1671;28;29458432;637719;990445
1527365881417;1982;1679;29;29458432;639312;993144
1527365881517;1992;1688;29;29458432;640905;995842
1527365881617;2002;1697;29;29458432;642498;998537
1527365881717;2012;1706;29;29458432;644091;1001235
1527365881817;2022;1714;29;29458432;645684;1003932
1527365881917;2032;1723;29;29458432;647152;1006630
1527365882017;2042;1732;29;29458432;648745;1009333
1527365882117;2052;1740;29;29458432;650286;1012031
1527365882217;2062;1749;29;29458432;652118;1014686
1527365882317;2072;1758;29;29458432;653711;1017373
1527365882418;2082;1766;29;29458432;655127;1019761
1527365882518;2092;1775;29;29458432;657108;1022448
1527365882618;2102;1784;29;29458432;658701;1025137
1527365882718;2112;1791;30;29458432;660294;1027824
1527365882818;2122;1800;30;29458432;661887;1030512
1527365882918;2132;1809;30;29458432;663480;1033201
1527365883018;2142;1818;30;29458432;664948;1035888
1527365883118;2152;1826;30;29458432;666489;1038574
1527365883218;2162;1835;30;29458432;668082;1040964
1527365883318;2172;1844;30;29458432;669914;1043866
1527365883418;2182;1852;31;29458432;671507;1046560
1527365883518;2192;1861;31;29458432;673100;1049253
1527365883619;2202;1869;31;29458432;674693;1051948
1527365883719;2213;1879;31;29458432;676286;1054642
1527365883819;2223;1888;31;29458432;677879;1057337
1527365883919;2233;1896;31;29458432;679472;1060035
1527365884019;2243;1905;31;29458432;681065;1062727
1527365884119;2253;1914;31;29458432;682658;1065422
1527365884219;2263;1923;31;29458432;684251;1068116
1527365884319;2273;1931;32;29458432;685844;1070812
1527365884419;2283;1939;32;29458432;687499;1073422
1527365884519;2293;1947;32;29458432;689092;1076119
1527365884619;2303;1956;32;29458432;690685;1078814
1527365884719;2313;1964;33;29458432;692278;1081510
1527365884819;2322;1973;33;29458432;693871;1084207
1527365884919;2333;1981;33;29458432;695162;1086603
1527365885019;2343;1990;33;29458432;696755;1089298
1527365885119;2353;1998;33;29458432;698296;1091694
1527365885219;2363;2007;33;29458432;699889;1094392
1527365885319;2373;2015;34;29458432;701482;1097088
1527365885419;2383;2022;35;29458432;703075;1099785
1527365885519;2393;2031;35;29458432;704668;1102479
1527365885619;2403;2040;35;29458432;706500;1105390
1527365885719;2413;2049;35;29458432;708093;1108082
1527365885819;2422;2058;35;29458432;709686;1110773
1527365885919;2432;2064;36;29458432;710925;1112869
1527365886019;2442;2072;37;29458432;712518;1115565
1527365886119;2452;2079;38;29458432;714111;1118263
1527365886219;2462;2087;39;29458432;715704;1120956
1527365886319;2472;2096;39;29458432;717297;1123645
1527365886419;2482;2104;39;29458432;718713;1126038
1527365886519;2492;2113;39;29458432;720306;1128732
1527365886619;2502;2122;39;29458432;721899;1131429
1527365886719;2512;2130;39;29458432;723554;1134035
1527365886819;2522;2139;39;29458432;725147;1136730
1527365886919;2532;2146;39;29458432;726563;1139121
1527365887019;2542;2155;39;29458432;728156;1141815
1527365887119;2552;2164;39;29458432;729749;1144501
1527365887219;2562;2173;39;29458432;731342;1147185
1527365887319;2572;2182;39;29458432;732935;1149870
1527365887419;2582;2190;39;29458432;734351;1152255
1527365887519;2592;2197;40;29458432;735767;1154944
1527365887619;2602;2206;40;29458432;737360;1157330
1527365887719;2612;2213;41;29458432;738953;1160015
1527365887819;2622;2221;42;29458432;740546;1162699
1527365887919;2632;2230;42;29458432;742378;1165600
1527365888019;2642;2239;42;29458432;743971;1168284
1527365888119;2652;2248;42;29458432;745564;1170971
1527365888219;2662;2257;42;29458432;747157;1173655
1527365888320;2673;2266;42;29458432;748750;1176340
1527365888420;2683;2274;42;29458432;750166;1178728
1527365888520;2693;2283;42;29458432;751759;1181417
1527365888620;2703;2292;42;29458432;753352;1184103
1527365888720;2713;2300;42;29458432;754945;1186787
1527365888820;2723;2309;42;29458432;756538;1189471
1527365888920;2733;2317;42;29458432;757777;1191558
1527365889020;2743;2325;42;29458432;759609;1194460
1527365889120;2753;2333;43;29458432;761202;1197147
1527365889221;2763;2342;43;29458432;762795;1199833
1527365889321;2773;2350;44;29458432;764388;1202519
1527365889421;2783;2358;44;29458432;765804;1204907
1527365889521;2793;2367;44;29458432;767397;1207590
1527365889621;2803;2376;44;29458432;768990;1210276
1527365889721;2813;2384;44;29458432;770583;1212960
1527365889821;2823;2393;44;29458432;772176;1215645
1527365889921;2833;2402;44;29458432;773769;1218331
1527365890021;2843;2411;44;29458432;775362;1221019
1527365890121;2853;2420;44;29458432;777069;1223919
1527365890221;2863;2429;44;29458432;778662;1226606
1527365890321;2873;2436;45;29458432;780255;1229292
