currentTs;total_time;user_time;sys_time;virtual_size;in_octets;out_octets
1527711635330;2;0;0;266240;21856401;32953009
1527711635430;12;0;2;29495296;21856401;32953009
1527711635530;22;0;3;29495296;21856401;32953009
1527711635630;32;1;5;65875968;21856401;32953009
1527711635730;42;4;5;201318400;21856401;32953009
1527711635831;52;6;7;201318400;21856401;32953009
1527711635931;62;10;8;201318400;21856401;32953009
1527711636031;72;14;10;202891264;21856401;32953009
1527711636131;82;19;12;205238272;21856401;32953009
1527711636231;92;25;13;205238272;21856401;32953009
1527711636331;102;30;14;205238272;21856401;32953009
1527711636432;112;36;15;205238272;21856401;32953009
1527711636532;122;41;17;206090240;21856401;32953009
1527711636632;132;46;19;208080896;21856401;32953009
1527711636733;142;50;20;208232448;21856401;32953009
1527711636833;152;58;21;207589376;21856401;32953009
1527711636933;162;62;21;207925248;21856401;32953009
1527711637033;172;66;22;210112512;21856401;32953009
1527711637133;182;72;24;210112512;21856401;32953009
1527711637233;192;78;26;210112512;21856401;32953009
1527711637333;202;85;27;210112512;21856401;32953009
1527711637433;212;92;27;210112512;21856401;32953009
1527711637533;222;97;29;210112512;21856401;32953009
1527711637633;232;104;29;210112512;21856401;32953009
1527711637734;242;111;30;210112512;21856401;32953009
1527711637834;252;120;30;210112512;21856401;32953009
1527711637934;262;128;31;210112512;21856401;32953009
1527711638035;272;134;32;210112512;21856401;32953009
1527711638135;282;141;32;210112512;21856401;32953009
1527711638235;292;145;33;210112512;21856401;32953009
1527711638336;302;149;35;210112512;21856401;32953009
1527711638436;312;156;35;210112512;21856401;32953009
1527711638536;322;163;35;210112512;21856401;32953009
1527711638637;332;170;36;210112512;21856401;32953009
1527711638737;342;179;36;210112512;21856401;32953009
1527711638837;352;187;37;210341888;21856401;32953009
1527711638938;362;192;39;210341888;21856609;32953617
1527711639038;372;199;40;210341888;21856609;32953617
1527711639138;382;207;41;210341888;21856609;32953617
1527711639238;392;214;41;210341888;21856609;32953617
1527711639339;402;220;41;210341888;21856609;32953617
1527711639439;412;226;42;210341888;21856609;32953617
1527711639539;422;234;43;210341888;21856609;32953617
1527711639639;432;240;44;210341888;21856609;32953617
1527711639739;442;246;46;210341888;21856609;32953617
1527711639839;452;254;46;210341888;21856609;32953617
1527711639940;463;260;47;239841280;21856609;32953617
1527711640040;473;268;47;239841280;21856609;32953617
1527711640140;483;274;49;239841280;21856609;32953617
1527711640241;493;278;50;241008640;21856609;32953617
1527711640344;503;284;51;241664000;21856609;32953617
1527711640445;513;292;52;242712576;21856609;32953617
1527711640545;523;296;54;242712576;21856609;32953617
1527711640645;533;302;54;242847744;21856609;32953617
1527711640745;543;310;56;242847744;21856609;32953617
1527711640845;553;319;56;242847744;21856609;32953617
1527711640945;563;328;56;242847744;21856609;32953617
1527711641045;573;338;56;242847744;21856609;32953617
1527711641145;583;345;57;242847744;21856609;32953617
1527711641245;593;352;58;242847744;21856609;32953617
1527711641346;603;356;59;242847744;21856777;32953830
1527711641446;613;364;60;242847744;21857014;32954015
1527711641546;623;372;60;242847744;21857406;32954153
1527711641646;633;380;60;242847744;21857406;32954153
1527711641746;643;385;61;243896320;21857406;32954153
1527711641846;653;391;62;243896320;21857406;32954153
1527711641946;663;397;64;243896320;21857406;32954153
1527711642046;673;404;65;243896320;21857406;32954153
1527711642147;683;410;66;243896320;21857406;32954153
1527711642247;693;416;67;243896320;21857406;32954153
1527711642347;703;425;67;244060160;21857406;32954153
1527711642448;713;434;68;244060160;21857406;32954153
1527711642549;723;442;68;244060160;21857452;32954205
1527711642649;733;450;69;244060160;21857452;32954205
1527711642749;743;460;69;244060160;21857452;32954205
1527711642849;753;468;70;245108736;21857452;32954205
1527711642949;763;476;70;245108736;21857452;32954205
1527711643049;773;484;71;245108736;21857452;32954205
1527711643152;784;493;72;245272576;21857502;32954205
1527711643253;794;499;74;245272576;21857548;32954205
1527711643353;804;506;74;245272576;21857548;32954205
1527711643453;814;513;76;245272576;21857548;32954205
1527711643553;824;520;77;245272576;21857594;32954257
1527711643654;834;529;78;245272576;21857594;32954257
1527711643754;844;538;78;245272576;21857594;32954257
1527711643854;854;548;79;245272576;21857594;32954257
1527711643954;864;555;80;245272576;21858110;32954511
1527711644055;874;562;81;245272576;21858110;32954511
1527711644155;884;568;82;245272576;21858110;32954511
1527711644255;894;575;82;246321152;21858110;32954511
1527711644355;904;581;84;246321152;21858110;32954511
1527711644455;914;585;86;246321152;21858110;32954511
1527711644555;924;591;86;247369728;21858110;32954511
1527711644656;934;594;89;247468032;21858110;32954511
1527711644756;944;601;90;247468032;21858110;32954511
1527711644856;954;608;91;247468032;21858110;32954511
1527711644956;964;616;92;247468032;21858156;32954563
1527711645056;974;624;93;247468032;21858156;32954563
1527711645156;984;634;93;247775232;21858156;32954563
1527711645256;994;640;94;247775232;21858156;32954563
1527711645356;1004;648;94;247775232;21858156;32954563
1527711645456;1014;654;95;247775232;21858156;32954563
1527711645556;1024;661;96;247775232;21858156;32954563
1527711645656;1034;669;97;247775232;21858156;32954563
1527711645756;1044;679;97;249151488;21858156;32954563
1527711645857;1054;687;97;249151488;21858156;32954563
1527711645957;1064;692;99;249151488;21858202;32954615
1527711646057;1074;697;101;249171968;21858202;32954615
1527711646157;1084;702;103;249303040;21858202;32954615
1527711646257;1094;710;103;249303040;21858202;32954615
1527711646357;1104;717;103;249303040;21858202;32954615
1527711646457;1114;724;104;249397248;21858202;32954615
1527711646558;1124;734;105;249524224;21858202;32954615
1527711646658;1134;740;106;249528320;21858202;32954615
1527711646758;1144;750;106;249528320;21858202;32954615
1527711646858;1154;758;106;249528320;21858202;32954615
1527711646958;1164;766;106;249528320;21858248;32954667
1527711647058;1174;775;107;249528320;21858248;32954667
1527711647158;1184;784;108;249528320;21858248;32954667
1527711647259;1194;792;109;250576896;21858372;32954783
1527711647359;1204;801;110;250576896;21858372;32954783
1527711647461;1215;809;110;250576896;21858372;32954783
1527711647562;1225;818;111;250576896;21858372;32954783
1527711647664;1235;827;112;250576896;21858488;32954895
1527711647764;1245;836;112;250576896;21858488;32954895
1527711647864;1255;846;112;250576896;21858488;32954895
1527711647964;1265;853;113;250576896;21858488;32954895
1527711648064;1275;862;113;250576896;21858552;32954955
1527711648164;1285;866;114;250576896;21858708;32955159
1527711648264;1295;866;114;250576896;21858754;32955211
1527711648365;1305;866;114;250576896;21858754;32955211
1527711648465;1315;866;114;250576896;21858754;32955211
1527711648565;1325;866;114;250576896;21858754;32955211
1527711648666;1335;866;114;250576896;21858754;32955211
1527711648766;1345;866;114;250576896;21858754;32955211
1527711648866;1355;875;114;250576896;21859052;32955263
1527711648966;1365;885;114;250576896;21859052;32955263
1527711649067;1375;894;114;250576896;21859350;32955315
1527711649167;1385;904;115;251625472;21859350;32955315
1527711649267;1395;913;115;251625472;21859396;32955367
1527711649367;1405;922;115;251625472;21859396;32955367
1527711649467;1415;931;116;251625472;21859448;32955466
1527711649567;1425;938;117;251625472;21859687;32955518
1527711649667;1435;946;118;251625472;21859687;32955518
1527711649768;1445;955;119;251625472;21859803;32955630
1527711649868;1455;964;120;251625472;21860153;32955758
1527711649969;1465;972;121;251625472;21860153;32955758
1527711650069;1475;982;122;251625472;21860251;32956134
1527711650169;1485;991;122;251625472;21860821;32957025
1527711650269;1495;1000;123;251625472;21860919;32957396
1527711650369;1505;1009;124;251625472;21861023;32958034
1527711650469;1515;1019;124;251625472;21861411;32958402
1527711650569;1525;1028;125;251625472;21861745;32958941
1527711650669;1535;1036;126;251625472;21862133;32959359
1527711650769;1545;1045;127;251625472;21862521;32959782
1527711650870;1556;1054;128;251625472;21862849;32960521
1527711650970;1566;1063;129;251625472;21863013;32960891
1527711651070;1576;1072;129;251625472;21863223;32961312
1527711651170;1586;1082;130;251625472;21863387;32961682
1527711651270;1596;1091;130;251625472;21863715;32962422
1527711651370;1606;1101;130;251625472;21863879;32962792
1527711651470;1616;1110;131;251625472;21864207;32963531
1527711651571;1626;1120;131;251625472;21864417;32963953
1527711651671;1636;1129;131;251625472;21864679;32964694
1527711651771;1646;1138;132;251625472;21864955;32965115
1527711651871;1656;1147;133;251772928;21865119;32965486
1527711651971;1666;1156;133;251772928;21865283;32965857
1527711652071;1676;1165;134;251772928;21865611;32966599
1527711652171;1686;1174;135;251772928;21865821;32967021
1527711652272;1696;1183;136;251772928;21865985;32967390
1527711652372;1706;1192;137;251772928;21866313;32968129
1527711652472;1716;1201;137;251772928;21866477;32968499
1527711652573;1726;1211;138;251772928;21866805;32969241
1527711652673;1736;1220;138;251772928;21867179;32969980
1527711652773;1746;1230;138;251772928;21867389;32970455
1527711652873;1756;1238;140;251772928;21867717;32971194
1527711652973;1766;1246;141;251772928;21867881;32971566
1527711653073;1776;1255;142;251772928;21868209;32972307
1527711653173;1786;1264;143;251772928;21868419;32972729
1527711653274;1796;1273;144;251772928;21868747;32973469
1527711653374;1806;1282;144;251772928;21869075;32974210
1527711653474;1816;1291;146;251772928;21869627;32974581
1527711653574;1826;1299;147;251772928;21869955;32975321
1527711653674;1836;1309;147;251772928;21870119;32975690
1527711653775;1846;1318;148;251772928;21870493;32976482
1527711653875;1856;1327;148;251772928;21870755;32977222
1527711653976;1866;1337;148;251772928;21871155;32977760
1527711654076;1876;1346;148;251772928;21871483;32978501
1527711654180;1887;1356;149;251772928;21871699;32979190
1527711654282;1897;1365;150;251772928;21872021;32979664
1527711654382;1907;1373;152;251772928;21872349;32980406
1527711654483;1917;1382;152;251772928;21872565;32981094
1527711654583;1927;1392;152;251772928;21872841;32981516
1527711654683;1937;1400;154;251772928;21873057;32982205
1527711654784;1947;1408;156;251772928;21873465;32982627
1527711654884;1957;1417;157;251772928;21873839;32983421
1527711654984;1967;1426;157;251772928;21874167;32984164
1527711655084;1977;1436;157;251772928;21874377;32984585
1527711655184;1987;1444;159;251772928;21874593;32985276
1527711655285;1997;1454;159;251772928;21875033;32986072
1527711655387;2007;1462;161;251772928;21875407;32986866
1527711655487;2017;1470;163;251772928;21875571;32987556
1527711655588;2027;1478;165;251772928;21875899;32987979
1527711655688;2037;1486;166;251772928;21876227;32988722
1527711655788;2047;1496;166;251772928;21876555;32989464
1527711655889;2057;1505;166;251772928;21876719;32989836
1527711655992;2068;1514;167;251772928;21877093;32990626
1527711656093;2078;1523;169;251772928;21877467;32991420
1527711656193;2088;1532;169;251772928;21877795;32992109
1527711656293;2098;1540;171;251772928;21878123;32992902
1527711656393;2108;1550;171;251772928;21878451;32993591
1527711656494;2118;1558;172;251772928;21878661;32994066
1527711656594;2128;1568;173;251772928;21878989;32994808
1527711656694;2138;1576;174;251772928;21879317;32995548
1527711656795;2148;1584;176;251772928;21879645;32996290
1527711656895;2158;1593;177;251772928;21879973;32997032
1527711656995;2168;1601;179;251772928;21880137;32997402
1527711657096;2178;1610;180;251772928;21880511;32998196
1527711657196;2188;1618;180;251772928;21880885;32998990
1527711657296;2198;1628;180;251772928;21881173;32999477
1527711657396;2208;1637;181;251772928;21881501;33000218
1527711657496;2218;1646;181;251772928;21881875;33001014
1527711657596;2228;1656;182;251772928;21882367;33002076
1527711657696;2238;1664;183;251772928;21882531;33002497
1527711657796;2248;1673;184;251772928;21883187;33003240
1527711657896;2258;1682;184;251772928;21883515;33003980
1527711658000;2269;1692;184;251772928;21883679;33004351
1527711658100;2279;1701;186;251772928;21884007;33005093
1527711658200;2289;1710;187;251772928;21884431;33005886
1527711658300;2299;1718;188;251772928;21884805;33006627
1527711658400;2309;1727;188;251772928;21885179;33007420
1527711658501;2319;1736;189;251772928;21885507;33008162
1527711658601;2329;1745;190;251772928;21885881;33008955
1527711658701;2339;1754;191;251772928;21886209;33009696
1527711658801;2349;1763;192;251772928;21886537;33010437
1527711658901;2359;1772;193;251772928;21886865;33011180
1527711659001;2369;1780;194;251772928;21887521;33011922
1527711659101;2379;1789;194;251772928;21888639;33012664
1527711659201;2389;1797;196;251772928;21888803;33013035
1527711659301;2399;1807;196;251772928;21889013;33013458
1527711659401;2409;1816;197;251772928;21889341;33014200
1527711659501;2419;1825;198;251772928;21889715;33014993
1527711659602;2429;1834;198;251772928;21890043;33015732
1527711659704;2439;1843;199;251772928;21890417;33016526
1527711659804;2449;1853;199;251772928;21890745;33017266
1527711659904;2459;1862;200;251772928;21891073;33018008
1527711660004;2469;1872;200;251772928;21891237;33018378
1527711660105;2479;1880;200;251772928;21891565;33019119
1527711660205;2489;1890;201;251772928;21891893;33019860
1527711660305;2499;1899;201;251772928;21892267;33020653
1527711660405;2509;1909;201;251772928;21892595;33021393
1527711660506;2519;1918;202;251772928;21893067;33022186
1527711660606;2529;1926;204;251772928;21893519;33023045
1527711660706;2539;1935;204;251772928;21893893;33023838
1527711660806;2549;1944;205;251772928;21894221;33024581
1527711660907;2559;1953;206;251772928;21894549;33025323
1527711661007;2569;1962;207;251772928;21894877;33026066
1527711661107;2579;1971;208;251772928;21895255;33026757
1527711661207;2589;1979;209;251772928;21895419;33027180
1527711661308;2599;1988;210;251916288;21895629;33027602
1527711661408;2609;1997;211;251916288;21895957;33028344
1527711661508;2619;2004;213;251916288;21896425;33029085
1527711661609;2629;2013;214;251916288;21896753;33029828
1527711661709;2639;2022;215;251916288;21897173;33030673
1527711661809;2649;2031;215;251916288;21897501;33031414
1527711661909;2659;2040;216;251916288;21897993;33032526
1527711662010;2670;2050;216;251916288;21898321;33033269
1527711662110;2680;2060;216;251916288;21898649;33034010
1527711662210;2690;2069;216;251916288;21898977;33034748
1527711662311;2700;2077;218;251916288;21899305;33035487
1527711662411;2710;2087;218;251916288;21899469;33035859
1527711662511;2720;2095;220;251916288;21899843;33036653
1527711662611;2730;2104;221;251916288;21900171;33037393
1527711662711;2740;2114;221;251916288;21900499;33038133
1527711662812;2750;2123;222;251916288;21900827;33038874
1527711662912;2760;2132;222;251916288;21901247;33039720
1527711663012;2770;2140;224;251916288;21901575;33040462
1527711663113;2780;2148;226;251916288;21901903;33041203
1527711663213;2790;2156;227;251916288;21902395;33042314
1527711663313;2800;2165;228;251916288;21903018;33043056
1527711663416;2810;2174;229;251916288;21903234;33043745
1527711663518;2820;2183;230;251916288;21903674;33044537
1527711663618;2830;2192;230;251916288;21903936;33045279
1527711663718;2840;2202;231;251916288;21904040;33045915
1527711663819;2850;2210;232;251916288;21904704;33046808
1527711663919;2860;2220;232;251916288;21905156;33047666
1527711664020;2871;2228;233;251916288;21905530;33048460
1527711664123;2881;2238;234;251916288;21905910;33049521
1527711664223;2891;2246;236;251916288;21906186;33049944
1527711664323;2901;2254;237;251916288;21906514;33050686
1527711664424;2911;2263;238;251916288;21906678;33051057
1527711664524;2921;2273;238;251916288;21906894;33051748
1527711664624;2931;2282;239;251916288;21907170;33052168
1527711664725;2941;2291;240;251916288;21907596;33053280
1527711664825;2951;2301;240;251916288;21908036;33054074
1527711664925;2961;2309;241;251916288;21908364;33054812
1527711665025;2971;2318;242;251916288;21908784;33055657
1527711665128;2981;2328;242;251916288;21909164;33056716
1527711665228;2991;2337;242;251916288;21909604;33057508
1527711665328;3001;2347;242;251916288;21909932;33058250
1527711665428;3011;2356;243;251916288;21910260;33058992
1527711665528;3021;2365;244;251916288;21910588;33059734
1527711665629;3031;2374;244;251916288;21910916;33060476
1527711665729;3041;2384;244;251916288;21911244;33061217
1527711665829;3051;2392;246;251916288;21911618;33062010
1527711665929;3061;2402;246;251916288;21911946;33062750
1527711666030;3072;2412;246;251916288;21912274;33063489
1527711666130;3082;2421;246;251916288;21912602;33064233
1527711666231;3092;2429;248;251916288;21913022;33065080
1527711666331;3102;2439;248;251916288;21913350;33065820
1527711666432;3112;2448;249;251916288;21913678;33066563
1527711666532;3122;2458;249;251916288;21914006;33067304
1527711666632;3132;2467;249;251916288;21914334;33068041
1527711666732;3142;2476;250;251916288;21914662;33068784
1527711666835;3152;2486;251;251916288;21914878;33069472
1527711666936;3162;2494;252;251916288;21915200;33069948
1527711667036;3172;2503;253;251916288;21915364;33070319
1527711667136;3182;2513;253;251916288;21915528;33070690
1527711667236;3192;2521;254;251916288;21915948;33071538
1527711667336;3202;2530;255;251916288;21916452;33072717
1527711667436;3212;2538;256;251916288;21916892;33073509
1527711667536;3222;2547;258;251916288;21917220;33074252
1527711667636;3232;2556;258;251916288;21917548;33074993
1527711667736;3242;2564;260;251916288;21917876;33075735
1527711667836;3252;2573;261;251916288;21918204;33076478
1527711667936;3262;2582;262;251916288;21918532;33077221
1527711668036;3272;2591;262;251916288;21918906;33078015
1527711668136;3282;2600;263;251916288;21919234;33078758
1527711668236;3292;2609;264;251916288;21919562;33079500
1527711668336;3302;2618;265;251916288;21919982;33080345
1527711668436;3312;2626;266;251916288;21920310;33081085
1527711668536;3322;2636;266;251916288;21920638;33081824
1527711668636;3332;2645;267;251916288;21920966;33082564
1527711668736;3342;2654;268;251916288;21921458;33083678
1527711668836;3352;2663;268;251916288;21921786;33084419
1527711668936;3362;2673;268;251916288;21922114;33085159
1527711669036;3372;2682;269;251916288;21922442;33085902
1527711669136;3382;2691;270;251916288;21922816;33086695
1527711669236;3392;2700;270;251916288;21923144;33087438
1527711669336;3402;2710;271;251916288;21923636;33088551
1527711669436;3412;2719;271;251916288;21924056;33089397
1527711669536;3422;2728;272;251916288;21924384;33090140
1527711669636;3432;2738;272;251916288;21924712;33090881
1527711669736;3442;2747;272;251916288;21925040;33091622
1527711669836;3452;2756;273;251916288;21925532;33092736
1527711669936;3462;2765;274;251916288;21925860;33093477
1527711670036;3472;2774;274;251916288;21926188;33094220
1527711670136;3482;2783;275;251916288;21926516;33094960
1527711670236;3492;2792;276;251916288;21926726;33095381
1527711670337;3502;2801;277;251916288;21926890;33095752
1527711670437;3512;2810;278;251916288;21927218;33096495
1527711670537;3522;2819;278;251916288;21927638;33097341
1527711670637;3532;2828;279;251916288;21928090;33098199
1527711670738;3542;2837;280;251916288;21928254;33098570
1527711670838;3552;2846;281;251916288;21928470;33099258
1527711670938;3562;2854;282;251916288;21928910;33100048
1527711671039;3572;2863;283;251916288;21929238;33100788
1527711671139;3582;2872;284;251916288;21929566;33101531
1527711671239;3593;2881;284;251916288;21929776;33101955
1527711671339;3602;2890;286;251916288;21930268;33103068
1527711671439;3613;2899;286;251916288;21930596;33103810
1527711671539;3622;2908;287;251916288;21930924;33104552
1527711671640;3633;2916;288;251916288;21931462;33105716
1527711671740;3643;2925;289;251916288;21931836;33106511
1527711671840;3653;2934;290;251916288;21932164;33107253
1527711671941;3663;2943;291;251916288;21932492;33107994
1527711672041;3673;2953;291;251916288;21932820;33108734
1527711672141;3683;2962;292;251916288;21933148;33109475
1527711672242;3693;2970;293;251916288;21933522;33110271
1527711672342;3703;2980;293;251916288;21933850;33111011
1527711672442;3713;2989;294;251916288;21934014;33111382
1527711672542;3723;2998;294;251916288;21934342;33112122
1527711672642;3733;3006;296;251916288;21934716;33112915
1527711672742;3743;3016;296;251916288;21935044;33113657
1527711672842;3753;3025;297;251916288;21935372;33114400
1527711672943;3763;3035;297;251916288;21935746;33115192
1527711673043;3773;3044;298;251916288;21936126;33116253
1527711673143;3783;3053;298;251916288;21936402;33116675
1527711673243;3793;3062;299;251916288;21936830;33117415
1527711673344;3803;3070;301;251916288;21937158;33118159
1527711673444;3813;3079;301;251916288;21937532;33118952
1527711673545;3823;3089;301;251916288;21938024;33120066
1527711673645;3833;3097;303;251916288;21938352;33120810
1527711673745;3843;3107;303;251916288;21938680;33121551
1527711673845;3853;3116;304;251916288;21939218;33122716
1527711673946;3863;3126;304;251916288;21939506;33123202
1527711674046;3873;3134;306;251916288;21939834;33123944
1527711674147;3883;3142;307;251916288;21940162;33124686
1527711674247;3893;3150;309;251916288;21940490;33125427
1527711674347;3903;3160;309;251916288;21940818;33126168
1527711674447;3913;3168;310;251916288;21941146;33126908
1527711674547;3923;3177;311;251916288;21941520;33127701
1527711674647;3933;3186;311;251916288;21941848;33128445
1527711674747;3943;3194;313;251916288;21942340;33129558
1527711674847;3953;3203;314;251916288;21942668;33130297
1527711674947;3963;3213;314;251916288;21943042;33131092
1527711675047;3973;3222;315;251916288;21943416;33131884
1527711675148;3983;3231;315;251916288;21943744;33132623
1527711675248;3993;3240;316;251916288;21944236;33133736
1527711675348;4003;3249;317;251916288;21944564;33134478
1527711675449;4013;3259;317;251916288;21944892;33135219
1527711675549;4023;3268;318;251916288;21945266;33136012
1527711675649;4033;3277;318;251916288;21945758;33137123
1527711675749;4043;3285;320;251916288;21946086;33137863
1527711675849;4053;3295;320;251916288;21946414;33138601
1527711675949;4063;3304;320;251916288;21946906;33139660
1527711676049;4073;3312;322;251916288;21947116;33140136
1527711676150;4084;3322;322;251916288;21947326;33140557
1527711676250;4094;3332;322;251916288;21947818;33141668
1527711676350;4104;3341;322;251916288;21948146;33142412
1527711676450;4114;3351;322;251916288;21948474;33143100
1527711676550;4124;3360;323;251916288;21948802;33143893
1527711676651;4134;3370;323;251916288;21949176;33144682
1527711676751;4144;3379;324;251916288;21949504;33145424
1527711676852;4154;3388;325;251916288;21949832;33146167
1527711676952;4164;3396;326;251916288;21949996;33146539
1527711677054;4174;3405;327;251916288;21950370;33147333
1527711677154;4184;3414;328;251916288;21950744;33148126
1527711677254;4194;3422;329;251916288;21951072;33148866
1527711677355;4204;3431;331;251916288;21951524;33149724
1527711677455;4214;3440;332;251916288;21951904;33150786
1527711677556;4224;3449;332;251916288;21952344;33151579
1527711677656;4234;3458;333;251916288;21952672;33152321
1527711677756;4244;3466;334;251916288;21953046;33153117
1527711677857;4254;3476;334;251916288;21953374;33153857
1527711677957;4264;3484;336;251916288;21953702;33154600
1527711678057;4274;3494;336;251916288;21954194;33155660
1527711678157;4284;3503;336;251916288;21954404;33156136
1527711678258;4294;3512;338;251916288;21954732;33156876
1527711678358;4304;3521;338;251916288;21954942;33157298
1527711678458;4314;3530;340;251916288;21955434;33158410
1527711678558;4324;3539;340;251916288;21955762;33159151
1527711678658;4334;3548;340;251916288;21956090;33159894
1527711678758;4344;3557;341;251916288;21956418;33160637
1527711678858;4354;3565;343;251916288;21956792;33161430
1527711678959;4364;3575;343;251916288;21956956;33161802
1527711679059;4374;3583;345;251916288;21957448;33162915
1527711679160;4385;3592;345;251916288;21957776;33163654
1527711679260;4395;3601;346;251916288;21957986;33164076
1527711679360;4405;3611;346;251916288;21958314;33164817
1527711679461;4415;3620;347;251916288;21958688;33165609
1527711679561;4425;3629;348;251916288;21959016;33166350
1527711679661;4435;3638;349;251916288;21959344;33167092
1527711679762;4445;3645;351;251916288;21959672;33167833
1527711679862;4455;3654;352;251916288;21960210;33168997
1527711679962;4465;3663;352;251916288;21960538;33169737
1527711680063;4475;3672;354;251916288;21960702;33170109
1527711680163;4485;3680;355;251916288;21961194;33171222
1527711680263;4495;3688;357;251916288;21961568;33172016
1527711680363;4505;3697;358;251916288;21961896;33172704
1527711680463;4515;3706;358;251916288;21962224;33173500
1527711680564;4525;3714;360;251916288;21962434;33173923
1527711680664;4535;3724;360;251916288;21962886;33174776
1527711680764;4545;3733;361;251916288;21963214;33175520
1527711680864;4555;3742;361;251916288;21963542;33176261
1527711680964;4565;3752;362;251916288;21963706;33176632
1527711681064;4575;3760;363;251916288;21964080;33177428
1527711681165;4585;3770;364;251916288;21964408;33178169
1527711681265;4595;3778;365;251916288;21964736;33178910
1527711681365;4605;3788;365;251916288;21965110;33179702
1527711681465;4615;3796;366;251916288;21965438;33180445
1527711681565;4625;3806;366;251916288;21965766;33181186
1527711681665;4635;3816;366;251916288;21966140;33181983
1527711681768;4645;3826;366;251916288;21966520;33183040
1527711681869;4655;3835;367;251916288;21966796;33183464
1527711681969;4665;3845;367;251916288;21967288;33184522
1527711682069;4675;3854;368;251916288;21967662;33185369
1527711682169;4685;3863;368;251916288;21967990;33186108
1527711682270;4696;3872;369;251916288;21968318;33186849
1527711682370;4706;3881;370;251916288;21968646;33187589
1527711682470;4716;3891;370;251916288;21968974;33188329
1527711682570;4726;3899;372;251916288;21969348;33189125
1527711682670;4736;3908;372;251916288;21969676;33189869
1527711682770;4746;3917;372;251916288;21970004;33190609
1527711682870;4756;3926;374;251916288;21970378;33191400
1527711682971;4766;3935;374;251916288;21970706;33192144
1527711683071;4776;3945;374;251916288;21971034;33192884
1527711683171;4786;3954;374;251916288;21971408;33193676
1527711683271;4796;3963;375;251916288;21971736;33194417
1527711683371;4806;3972;377;251916288;21972064;33195159
1527711683471;4816;3981;377;251916288;21972392;33195900
1527711683571;4826;3990;378;251916288;21973042;33196642
1527711683671;4836;4000;378;251916288;21973318;33197062
1527711683772;4846;4008;380;251916288;21973646;33197805
1527711683872;4856;4017;380;251916288;21974020;33198599
1527711683972;4866;4026;380;251916288;21974308;33199085
1527711684073;4876;4036;381;251916288;21974636;33199825
1527711684173;4886;4044;382;251916288;21975010;33200620
1527711684273;4896;4053;383;251916288;21975338;33201360
1527711684373;4906;4062;384;251916288;21975502;33201732
1527711684473;4916;4071;385;251916288;21975830;33202473
1527711684573;4926;4079;386;251916288;21976204;33203265
1527711684673;4936;4088;387;251916288;21976532;33204007
1527711684773;4946;4097;388;251916288;21976860;33204750
1527711684873;4956;4106;388;251916288;21977188;33205488
1527711684973;4966;4116;389;251916288;21977562;33206280
1527711685073;4976;4123;391;251916288;21977726;33206650
1527711685174;4986;4132;392;251916288;21978054;33207393
1527711685274;4996;4142;392;251916288;21978382;33208135
1527711685374;5006;4151;392;251916288;21978920;33209298
1527711685474;5016;4160;393;251916288;21979248;33210040
1527711685575;5026;4169;394;251916288;21979576;33210782
1527711685675;5036;4178;395;251916288;21979786;33211205
1527711685775;5046;4186;397;251916288;21980114;33211947
1527711685875;5056;4195;398;251916288;21980442;33212685
1527711685975;5066;4204;398;251916288;21980934;33213794
1527711686075;5076;4214;398;251916288;21981144;33214217
1527711686178;5086;4222;399;251916288;21981524;33215274
1527711686279;5096;4232;400;251916288;21981800;33215696
1527711686379;5106;4241;401;251916288;21982174;33216491
1527711686479;5116;4249;402;251916288;21982502;33217233
1527711686579;5126;4258;403;251916288;21982830;33217976
1527711686679;5136;4267;404;251916288;21983158;33218716
1527711686780;5147;4276;404;251916288;21983532;33219510
1527711686880;5157;4285;405;251916288;21983860;33220251
1527711686980;5167;4294;406;251916288;21984188;33220942
1527711687081;5177;4303;406;251916288;21984516;33221737
1527711687181;5187;4312;407;251916288;21984726;33222159
1527711687281;5197;4320;409;251916288;21985178;33223017
1527711687382;5207;4329;410;251916288;21985506;33223759
1527711687482;5217;4338;410;251916288;21985880;33224553
1527711687582;5227;4348;411;251916288;21986208;33225294
1527711687682;5237;4357;411;251916288;21986536;33226037
1527711687782;5247;4366;412;251916288;21986864;33226776
1527711687882;5257;4375;413;251916288;21987028;33227145
1527711687982;5267;4383;414;251916288;21987402;33227937
1527711688082;5277;4392;415;251916288;21987730;33228680
1527711688182;5287;4401;416;251916288;21988108;33229418
1527711688282;5297;4410;416;251916288;21988322;33229790
1527711688382;5307;4420;417;251916288;21988650;33230531
1527711688482;5317;4429;418;251916288;21989024;33231321
1527711688582;5327;4438;418;251916288;21989352;33232061
1527711688682;5337;4447;419;251916288;21989726;33232853
1527711688784;5347;4456;420;251916288;21990054;33233591
1527711688884;5357;4466;420;251916288;21990382;33234332
1527711688985;5367;4474;421;251916288;21990710;33235074
1527711689085;5377;4484;422;251916288;21991084;33235865
1527711689185;5387;4493;422;251916288;21991248;33236233
1527711689285;5397;4502;423;251916288;21991740;33237341
1527711689385;5407;4511;424;251916288;21992068;33238083
1527711689485;5417;4520;424;251916288;21992330;33238827
1527711689585;5427;4529;425;251916288;21992770;33239616
1527711689685;5437;4537;427;251916288;21993144;33240411
1527711689785;5447;4546;427;251916288;21993360;33241100
1527711689885;5457;4554;429;251916288;21993800;33241895
1527711689985;5467;4564;430;251916288;21994128;33242637
1527711690085;5477;4572;430;251916288;21994456;33243327
1527711690185;5487;4581;431;251916288;21994718;33244121
1527711690285;5497;4590;432;251916288;21994994;33244545
1527711690388;5507;4600;433;251916288;21995322;33245285
1527711690488;5517;4608;434;251916288;21995650;33246026
1527711690588;5527;4618;434;251916288;21996024;33246819
1527711690688;5537;4628;434;251916288;21996312;33247307
1527711690789;5547;4637;435;251916288;21996850;33248470
1527711690889;5557;4645;436;251916288;21997178;33249210
1527711690989;5567;4654;436;251916288;21997506;33249950
1527711691089;5577;4664;437;251916288;21997834;33250691
1527711691190;5588;4672;438;251916288;21998208;33251486
1527711691290;5598;4682;439;251916288;21998536;33252228
1527711691390;5608;4690;440;251916288;21998700;33252599
1527711691491;5618;4698;442;251916288;21999192;33253658
1527711691591;5628;4707;442;251916288;21999520;33254450
1527711691691;5638;4716;444;251916288;21999684;33254821
1527711691794;5648;4726;444;251916288;22000110;33255930
1527711691896;5658;4734;445;251916288;22000432;33256406
1527711691996;5668;4744;446;251916288;22000760;33257147
1527711692097;5678;4753;446;251916288;22001088;33257889
1527711692197;5688;4762;446;251916288;22001416;33258631
1527711692297;5698;4772;447;251916288;22001790;33259423
1527711692397;5708;4781;448;251916288;22002118;33260163
1527711692498;5718;4790;448;251916288;22002446;33260906
1527711692598;5728;4798;450;251916288;22002826;33261968
1527711692698;5738;4808;450;251916288;22003154;33262708
1527711692799;5748;4817;450;251916288;22003476;33263183
1527711692899;5758;4826;451;251916288;22003850;33263975
1527711692999;5768;4835;452;251916288;22004014;33264346
1527711693100;5779;4844;452;251916288;22004342;33265089
1527711693200;5789;4854;453;251916288;22004670;33265827
1527711693300;5799;4862;454;251916288;22005044;33266618
1527711693400;5809;4870;456;251916288;22005208;33266990
1527711693500;5819;4879;456;251916288;22005536;33267731
1527711693600;5829;4888;458;251916288;22005864;33268470
1527711693700;5839;4896;458;251916288;22006080;33269162
1527711693800;5849;4906;459;251916288;22006520;33269953
1527711693900;5859;4916;459;251916288;22006940;33270800
1527711694001;5869;4923;461;251916288;22007280;33271602
1527711694101;5879;4932;462;251916288;22007720;33272397
1527711694201;5889;4942;462;251916288;22008048;33273137
1527711694302;5899;4951;462;251916288;22008376;33273879
1527711694402;5909;4960;463;251916288;22008750;33274674
1527711694502;5919;4970;463;251916288;22009078;33275416
1527711694602;5929;4979;463;251916288;22009406;33276156
1527711694702;5939;4988;464;251916288;22009734;33276897
1527711694803;5949;4998;464;251916288;22010062;33277639
1527711694903;5959;5007;465;251916288;22010390;33278379
1527711695003;5969;5015;467;251916288;22010764;33279171
1527711695105;5979;5025;467;251916288;22011138;33279963
1527711695205;5989;5033;468;251916288;22011466;33280704
1527711695305;5999;5042;469;251916288;22011794;33281445
1527711695406;6009;5052;469;251916288;22012168;33282239
1527711695506;6019;5061;470;251916288;22012496;33282982
1527711695607;6029;5069;471;251916288;22012824;33283725
1527711695707;6039;5079;472;251916288;22013152;33284463
1527711695808;6049;5087;473;251916288;22013644;33285573
1527711695908;6059;5096;474;251916288;22013808;33285943
1527711696008;6069;5106;474;251916288;22014182;33286736
1527711696108;6079;5115;474;251916288;22014556;33287527
1527711696208;6089;5124;476;251916288;22015048;33288586
1527711696308;6099;5133;476;251916288;22015376;33289381
1527711696408;6109;5141;477;251916288;22015704;33290070
1527711696511;6120;5151;478;251916288;22016078;33290914
1527711696611;6130;5160;478;251916288;22016406;33291655
1527711696711;6140;5169;479;251916288;22016734;33292398
1527711696812;6150;5178;480;251916288;22017062;33293140
1527711696912;6160;5188;480;251916288;22017390;33293881
1527711697012;6170;5198;480;251916288;22017718;33294623
1527711697113;6180;5207;480;251916288;22018092;33295416
1527711697213;6190;5216;481;251916288;22018466;33296158
1527711697313;6200;5225;482;251916288;22018918;33297014
1527711697413;6210;5234;483;251916288;22019082;33297436
1527711697513;6220;5243;483;251916288;22019410;33298174
1527711697613;6230;5252;484;251916288;22019948;33299339
1527711697713;6240;5261;485;251916288;22020276;33300030
1527711697816;6250;5270;486;251916288;22020604;33300824
1527711697916;6260;5276;490;251916288;22020932;33301568
1527711698016;6270;5284;491;251916288;22021260;33302310
1527711698116;6280;5293;492;251916288;22021588;33303048
1527711698216;6290;5303;492;251916288;22021962;33303839
1527711698316;6300;5311;494;251916288;22022290;33304579
1527711698416;6310;5320;494;251916288;22022664;33305372
1527711698516;6320;5330;494;251916288;22022992;33306111
1527711698616;6330;5339;494;251916288;22023320;33306850
1527711698716;6340;5348;496;251916288;22023694;33307645
1527711698816;6350;5356;497;251916288;22024022;33308384
1527711698916;6360;5365;498;251916288;22024350;33309126
1527711699016;6370;5374;498;251916288;22024678;33309868
1527711699116;6380;5383;499;251916288;22025006;33310610
1527711699216;6390;5392;500;251916288;22025334;33311351
1527711699316;6400;5402;500;251916288;22025708;33312144
1527711699416;6410;5411;501;251916288;22026036;33312886
1527711699516;6420;5420;502;251916288;22026410;33313680
1527711699616;6430;5428;504;251916288;22026738;33314421
1527711699716;6440;5438;504;251916288;22027066;33315161
1527711699816;6450;5446;504;251916288;22027394;33315902
1527711699916;6460;5455;505;251916288;22027768;33316694
1527711700016;6470;5464;506;251916288;22028096;33317436
1527711700116;6480;5473;507;251916288;22028424;33318179
1527711700216;6490;5482;508;251916288;22028752;33318923
1527711700316;6500;5490;509;251916288;22028916;33319294
1527711700416;6510;5500;509;251916288;22029290;33320088
1527711700516;6520;5508;510;251916288;22029454;33320458
1527711700617;6530;5518;510;251916288;22029828;33321255
1527711700717;6540;5526;512;251916288;22030280;33322113
1527711700817;6550;5536;513;251916288;22030608;33322852
1527711700917;6560;5545;513;251916288;22030982;33323648
1527711701017;6570;5552;516;251916288;22031474;33324713
1527711701117;6580;5561;517;251916288;22031638;33325135
1527711701217;6590;5570;517;251916288;22031966;33325874
1527711701317;6600;5580;517;251916288;22032294;33326614
1527711701417;6610;5588;519;251916288;22032668;33327409
1527711701517;6620;5597;520;251916288;22032996;33328149
1527711701617;6630;5604;522;251916288;22033324;33328888
1527711701717;6640;5614;522;251916288;22033488;33329257
1527711701817;6650;5623;523;251916288;22033862;33330051
1527711701918;6660;5632;524;251916288;22034190;33330793
1527711702018;6670;5641;524;251916288;22034564;33331584
1527711702118;6680;5650;525;251916288;22034892;33332322
1527711702218;6690;5659;526;251916288;22035220;33333061
1527711702322;6701;5669;526;251916288;22035600;33334118
1527711702422;6711;5678;527;251916288;22036040;33334911
1527711702523;6721;5687;527;251916288;22036414;33335704
1527711702623;6731;5697;527;251916288;22036578;33336074
1527711702726;6741;5706;528;251916288;22036958;33337133
1527711702826;6751;5715;530;251916288;22037332;33337926
1527711702926;6761;5724;530;251916288;22037608;33338350
1527711703026;6771;5733;531;251916288;22037936;33339090
1527711703126;6781;5742;531;251916288;22038310;33339885
1527711703226;6791;5752;532;251916288;22038738;33340627
1527711703327;6801;5761;532;251916288;22039066;33341367
1527711703427;6811;5770;532;251916288;22039394;33342107
1527711703527;6821;5780;533;251916288;22039722;33342844
1527711703627;6831;5789;534;251916288;22040096;33343636
1527711703728;6841;5797;535;251916288;22040424;33344377
1527711703828;6851;5806;536;251916288;22040798;33345172
1527711703928;6861;5816;536;251916288;22040962;33345541
1527711704028;6871;5824;537;251916288;22041414;33346399
1527711704128;6881;5834;537;251916288;22041742;33347145
1527711704228;6891;5843;538;251916288;22042070;33347889
1527711704328;6901;5852;539;251916288;22042444;33348682
1527711704428;6911;5861;540;251916288;22042772;33349422
1527711704528;6921;5870;540;251916288;22042936;33349791
1527711704628;6931;5879;541;251916288;22043264;33350532
1527711704728;6941;5888;541;251916288;22043638;33351326
1527711704828;6951;5898;542;251916288;22043966;33352070
1527711704928;6961;5906;543;251916288;22044294;33352812
1527711705028;6971;5916;543;251916288;22044622;33353556
1527711705129;6981;5926;543;251916288;22044996;33354298
1527711705229;6991;5934;544;251916288;22045160;33354721
1527711705329;7001;5944;545;251916288;22045370;33355147
1527711705430;7012;5952;546;251916288;22045862;33356211
1527711705530;7022;5962;546;251916288;22045862;33356263
1527711705631;7032;5972;546;251916288;22045862;33356263
1527711705731;7042;5981;547;251916288;22046026;33356633
1527711705832;7052;5991;547;251916288;22046072;33356685
1527711705932;7062;5999;548;251916288;22046400;33357427
1527711706033;7072;6008;549;251916288;22046728;33358167
1527711706133;7082;6017;550;251916288;22047056;33358908
1527711706233;7092;6026;550;251916288;22047430;33359702
1527711706333;7102;6036;551;251916288;22047758;33360446
1527711706434;7112;6044;552;251916288;22048132;33361236
1527711706534;7122;6052;553;251916288;22048460;33361977
1527711706634;7132;6061;555;251916288;22048840;33363039
1527711706734;7142;6070;556;251916288;22049168;33363781
1527711706834;7152;6078;557;251916288;22049654;33364626
1527711706934;7162;6087;558;251916288;22049982;33365369
1527711707035;7172;6094;560;251916288;22050310;33366109
1527711707137;7182;6103;562;251916288;22050690;33367173
1527711707237;7192;6112;562;251916288;22051176;33367968
1527711707337;7202;6122;562;251916288;22051464;33368507
1527711707438;7212;6131;562;251916288;22051792;33369249
1527711707538;7222;6140;563;251916288;22052166;33370046
1527711707638;7232;6149;564;251916288;22052494;33370792
1527711707740;7243;6159;564;251916288;22052822;33371533
1527711707840;7253;6168;565;251916288;22053150;33372271
1527711707941;7263;6177;566;251916288;22053524;33373067
1527711708041;7273;6186;567;251916288;22053852;33373808
1527711708141;7283;6195;568;251916288;22054016;33374179
1527711708241;7293;6204;568;251916288;22054344;33374921
1527711708341;7303;6214;568;251916288;22054672;33375665
1527711708441;7313;6222;569;251916288;22055046;33376457
1527711708541;7323;6232;569;251916288;22055256;33376878
1527711708641;7333;6242;570;251916288;22055584;33377622
1527711708741;7343;6250;570;251916288;22055912;33378365
1527711708841;7353;6259;572;251916288;22056240;33379108
1527711708944;7363;6268;572;251916288;22056614;33379903
1527711709044;7373;6278;573;251916288;22056942;33380645
1527711709144;7383;6286;575;251916288;22057270;33381386
1527711709244;7393;6294;576;251916288;22057598;33382074
1527711709344;7403;6302;578;251916288;22057762;33382497
1527711709445;7413;6311;578;251916288;22058090;33383236
1527711709545;7423;6320;579;251916288;22058464;33384031
1527711709645;7433;6330;580;251916288;22058792;33384771
1527711709745;7443;6339;580;251916288;22059166;33385564
1527711709845;7453;6347;581;251916288;22059494;33386306
1527711709945;7463;6357;581;251916288;22059822;33387045
1527711710045;7473;6366;582;251916288;22060248;33388156
1527711710146;7483;6375;583;251916288;22060576;33388898
1527711710246;7493;6384;584;251916288;22061016;33389693
1527711710346;7503;6394;584;251916288;22061180;33390065
1527711710447;7513;6402;586;251916288;22061508;33390808
1527711710547;7523;6411;586;251916288;22061934;33391922
1527711710647;7533;6420;587;251916288;22062210;33392344
1527711710747;7543;6429;587;251916288;22062544;33392884
1527711710848;7553;6438;588;251916288;22062872;33393630
1527711710948;7563;6447;589;251916288;22063200;33394337
1527711711049;7573;6456;590;251916288;22063528;33395148
1527711711149;7583;6466;590;251916288;22063856;33395905
1527711711249;7593;6474;592;251916288;22064328;33396662
1527711711350;7604;6482;593;251916288;22064544;33397422
1527711711450;7614;6491;594;251916288;22064872;33398173
1527711711550;7624;6500;595;251916288;22065148;33398602
1527711711651;7634;6508;596;251916288;22065578;33399677
1527711711751;7644;6518;596;251916288;22066018;33400479
1527711711851;7654;6526;598;251916288;22066392;33401287
1527711711951;7664;6535;599;251916288;22066766;33402095
1527711712052;7674;6544;600;251916288;22067094;33402847
1527711712152;7684;6552;601;251916288;22067422;33403602
1527711712252;7694;6562;602;251916288;22067772;33404030
1527711712353;7704;6571;602;251916288;22068100;33404784
1527711712453;7714;6579;604;251916288;22068428;33405535
1527711712553;7724;6588;605;251916288;22068756;33406289
1527711712653;7734;6596;606;251916288;22069084;33407042
1527711712753;7744;6605;607;251916288;22069412;33407794
1527711712853;7754;6613;608;251916288;22069786;33408602
1527711712953;7764;6622;609;251916288;22070160;33409407
1527711713054;7774;6631;610;251916288;22070488;33410161
1527711713154;7784;6640;610;251916288;22070816;33410915
1527711713254;7794;6649;611;251916288;22071144;33411667
1527711713354;7804;6658;612;251916288;22071518;33412472
1527711713457;7814;6667;613;251916288;22071846;33413226
1527711713557;7824;6676;614;251916288;22072174;33413979
1527711713658;7834;6685;615;251916288;22072890;33414722
1527711713758;7844;6693;616;251916288;22073218;33415466
1527711713858;7854;6702;618;251916288;22073710;33416527
1527711713958;7864;6710;618;251916288;22074084;33417321
1527711714059;7874;6720;619;251916288;22074534;33417911
1527711714159;7884;6728;620;251916288;22074862;33418653
1527711714259;7894;6737;622;251916288;22075190;33419399
1527711714360;7905;6746;622;251916288;22075518;33420143
1527711714460;7915;6754;624;251916288;22075892;33420937
1527711714560;7925;6763;625;251916288;22076220;33421679
1527711714661;7935;6771;626;251916288;22076384;33422052
1527711714761;7945;6779;628;251916288;22076876;33423115
1527711714864;7955;6788;629;251916288;22077204;33423860
1527711714964;7965;6798;629;251916288;22077368;33424285
1527711715064;7975;6807;630;251916288;22077957;33425031
1527711715164;7985;6816;631;251916288;22078377;33425877
1527711715265;7995;6824;632;251916288;22078845;33426621
1527711715365;8005;6834;632;251916288;22079009;33426994
1527711715465;8015;6843;632;251916288;22079383;33427790
1527711715566;8025;6853;633;251916288;22079711;33428535
1527711715666;8035;6861;634;251916288;22080039;33429281
1527711715766;8045;6871;634;251916288;22080367;33430025
1527711715866;8055;6879;636;251916288;22080695;33430770
1527711715967;8065;6888;636;251916288;22081023;33431516
1527711716067;8075;6896;638;251916288;22081239;33432210
1527711716167;8085;6906;638;251916288;22081607;33432739
1527711716267;8095;6915;638;251916288;22081935;33433483
1527711716368;8105;6924;640;251916288;22082263;33434229
1527711716468;8115;6932;641;251916288;22082591;33434975
1527711716568;8125;6941;642;251916288;22082965;33435772
1527711716668;8135;6950;643;251916288;22083293;33436516
1527711716768;8145;6959;643;251916288;22083621;33437263
1527711716869;8155;6968;644;251916288;22083949;33438008
1527711716969;8165;6977;645;251916288;22084277;33438753
1527711717069;8175;6986;646;251916288;22084605;33439498
1527711717169;8185;6995;647;251916288;22084933;33440243
1527711717269;8195;7003;648;251916288;22085189;33440719
1527711717369;8205;7012;649;251916288;22085641;33441579
1527711717472;8216;7022;649;251916288;22085969;33442324
1527711717572;8226;7032;649;251916288;22086343;33443121
1527711717673;8236;7042;649;251916288;22086723;33444187
1527711717773;8246;7051;649;251916288;22086999;33444610
1527711717873;8256;7060;650;251916288;22087327;33445355
1527711717973;8266;7068;652;251916288;22087655;33446099
1527711718074;8276;7077;653;251916288;22087983;33446844
1527711718174;8286;7087;653;251916288;22088361;33447590
1527711718274;8296;7096;653;251916288;22088575;33447965
1527711718374;8306;7105;654;251916288;22088949;33448762
1527711718474;8316;7114;654;251916288;22089323;33449559
1527711718574;8326;7124;655;251916288;22089651;33450305
1527711718674;8336;7134;655;251916288;22089979;33451050
1527711718775;8346;7142;656;251916288;22090353;33451845
1527711718875;8356;7152;656;251916288;22090681;33452588
1527711718975;8366;7160;657;251916288;22091009;33453333
1527711719076;8376;7169;659;251916288;22091337;33454078
1527711719176;8386;7178;660;251916288;22091665;33454822
1527711719276;8396;7186;661;251916288;22091993;33455567
1527711719377;8406;7194;663;251916288;22092321;33456313
1527711719477;8416;7202;664;251916288;22092695;33457109
1527711719577;8426;7211;665;251916288;22093069;33457905
1527711719677;8436;7220;667;251916288;22093397;33458651
1527711719777;8446;7228;668;251916288;22093771;33459396
1527711719877;8456;7236;670;251916288;22093935;33459822
1527711719977;8466;7246;670;251916288;22094263;33460567
1527711720077;8476;7254;671;251916288;22094591;33461312
1527711720177;8486;7264;672;251916288;22094919;33462058
1527711720277;8496;7272;672;251916288;22095247;33462802
1527711720378;8506;7282;673;251916288;22095575;33463547
1527711720478;8516;7290;674;251916288;22095949;33464343
1527711720578;8526;7300;675;251916288;22096323;33465141
1527711720678;8536;7309;675;251916288;22096775;33465950
1527711720779;8546;7318;676;251916288;22097149;33466800
1527711720879;8556;7327;676;251916288;22097477;33467543
1527711720979;8566;7336;677;251916288;22097805;33468234
1527711721080;8577;7345;678;251916288;22098133;33468979
1527711721180;8587;7354;679;251916288;22098461;33469777
1527711721280;8597;7363;680;251916288;22098625;33470150
1527711721380;8607;7373;680;251916288;22098953;33470894
1527711721480;8617;7380;682;251916288;22099281;33471640
1527711721580;8627;7389;683;251916288;22099655;33472436
1527711721681;8637;7398;683;251916288;22099983;33473180
1527711721781;8647;7408;684;251916288;22100357;33473978
1527711721881;8657;7417;684;251916288;22100731;33474775
1527711721981;8667;7425;686;251916288;22101059;33475520
1527711722082;8677;7435;686;251916288;22101387;33476264
1527711722182;8687;7443;687;251916288;22101715;33477010
1527711722282;8697;7452;688;251916288;22102043;33477752
1527711722382;8707;7462;688;251916288;22102371;33478497
1527711722482;8717;7471;689;251916288;22102699;33479239
1527711722582;8727;7479;690;251916288;22103027;33479982
1527711722682;8737;7488;691;251916288;22103401;33480778
1527711722783;8747;7498;691;251916288;22103775;33481576
1527711722883;8757;7506;692;251916288;22104103;33482320
1527711722983;8767;7516;693;251916288;22104477;33483116
1527711723083;8777;7524;694;251916288;22104805;33483858
1527711723183;8787;7534;694;251916288;22105133;33484603
1527711723284;8797;7543;695;251916288;22105461;33485347
1527711723384;8807;7552;696;251916288;22105789;33486091
1527711723484;8817;7560;698;251916288;22106117;33486835
1527711723584;8827;7568;699;251916288;22106445;33487579
1527711723685;8837;7578;700;251916288;22106773;33488325
1527711723785;8847;7586;701;251916288;22107147;33489122
1527711723885;8857;7595;702;251916288;22107521;33489918
1527711723986;8867;7604;702;251916288;22107685;33490290
1527711724086;8877;7613;703;251916288;22108183;33491202
1527711724186;8887;7622;704;251916288;22108511;33491946
1527711724286;8897;7632;704;251916288;22108839;33492691
1527711724388;8907;7642;704;251916288;22109167;33493437
1527711724488;8917;7651;705;251916288;22109495;33494181
1527711724588;8927;7659;706;251916288;22109823;33494925
1527711724688;8937;7669;706;251916288;22110151;33495669
1527711724788;8947;7678;706;251916288;22110479;33496415
1527711724889;8957;7688;707;251916288;22110853;33497212
1527711724989;8967;7697;708;251916288;22111181;33497955
1527711725089;8977;7705;709;251916288;22111719;33499124
1527711725189;8987;7713;711;251916288;22111981;33499869
1527711725289;8997;7722;712;251916288;22112257;33500293
1527711725389;9007;7731;712;251916288;22112637;33501357
1527711725492;9018;7740;714;251916288;22113077;33502100
1527711725595;9028;7749;715;251916288;22113293;33502843
1527711725695;9038;7757;716;251916288;22113733;33503637
1527711725796;9048;7766;717;251916288;22114061;33504382
1527711725896;9058;7775;718;251916288;22114435;33505177
1527711725997;9068;7784;718;251916288;22114763;33505921
1527711726097;9078;7792;720;251916288;22115137;33506718
1527711726197;9088;7801;721;251916288;22115511;33507515
1527711726297;9098;7810;722;251916288;22115839;33508259
1527711726398;9108;7819;723;251916288;22116167;33509004
1527711726498;9118;7828;724;251916288;22116495;33509749
1527711726598;9128;7836;725;251916288;22116987;33510815
1527711726699;9138;7846;725;251916288;22117151;33511240
1527711726799;9148;7855;726;251916288;22117643;33512358
1527711726899;9158;7864;726;251916288;22117971;33513102
1527711726999;9168;7873;727;251916288;22118345;33513897
1527711727099;9179;7881;729;251916288;22118673;33514642
1527711727199;9188;7890;730;251916288;22119001;33515387
1527711727299;9198;7898;732;251916288;22119375;33516184
1527711727400;9209;7908;732;251916288;22119873;33517098
1527711727500;9219;7916;733;251916288;22120201;33517791
1527711727600;9229;7926;733;251916288;22120529;33518586
1527711727700;9239;7935;734;251916288;22120857;33519330
1527711727800;9249;7944;735;251916288;22121185;33520075
1527711727901;9259;7953;735;251916288;22121513;33520818
1527711728001;9269;7962;736;251916288;22121841;33521562
1527711728101;9279;7970;737;251916288;22122215;33522358
1527711728201;9289;7980;737;251916288;22122543;33523102
1527711728301;9299;7989;738;251916288;22122871;33523847
1527711728402;9309;7997;740;251916288;22123245;33524646
1527711728502;9319;8007;740;251916288;22123619;33525441
1527711728602;9329;8016;741;251916288;22123947;33526180
1527711728703;9339;8024;742;251916288;22124439;33527247
1527711728803;9349;8034;742;251916288;22124603;33527672
1527711728903;9359;8042;743;251916288;22124931;33528414
1527711729004;9369;8052;744;251916288;22125259;33529160
1527711729104;9379;8061;744;251916288;22125587;33529906
1527711729204;9389;8070;745;251916288;22125961;33530704
1527711729305;9399;8079;746;251916288;22126125;33531076
1527711729405;9409;8088;747;251916288;22126453;33531821
1527711729506;9419;8096;748;251916288;22126663;33532245
1527711729606;9429;8105;749;251916288;22127037;33533041
1527711729706;9439;8114;750;251916288;22127365;33533789
1527711729806;9449;8124;750;251916288;22127693;33534535
1527711729906;9459;8132;752;251916288;22128021;33535280
1527711730006;9469;8140;753;251916288;22128185;33535652
1527711730106;9479;8149;754;251916288;22128513;33536396
1527711730206;9489;8158;754;251916288;22128887;33537195
1527711730306;9499;8168;755;251916288;22129215;33537940
1527711730407;9509;8177;755;251916288;22129543;33538683
1527711730508;9519;8186;756;251916288;22129753;33539106
1527711730609;9529;8196;756;251916288;22130127;33539902
1527711730709;9539;8205;757;251916288;22130579;33540759
1527711730809;9549;8214;758;251916288;22130907;33541505
1527711730910;9560;8222;759;251916288;22131071;33541878
1527711731010;9570;8231;760;251916288;22131399;33542623
1527711731110;9580;8240;761;251916288;22131727;33543370
1527711731211;9590;8249;762;251916288;22132055;33544113
1527711731311;9600;8258;763;251916288;22132429;33544908
1527711731411;9610;8268;763;251916288;22132757;33545653
1527711731511;9620;8277;763;251916288;22133085;33546398
1527711731611;9630;8286;764;251916288;22133459;33547194
1527711731712;9640;8296;764;251916288;22133787;33547939
1527711731812;9650;8305;764;251916288;22134161;33548734
1527711731912;9660;8314;766;251916288;22134489;33549476
1527711732012;9670;8323;766;251916288;22134817;33550219
1527711732112;9680;8330;768;251916288;22135145;33550961
1527711732212;9690;8340;768;251916288;22135473;33551704
1527711732312;9700;8350;768;251916288;22135897;33552498
1527711732413;9710;8359;769;251916288;22136225;33553244
1527711732513;9720;8368;770;251916288;22136553;33553986
1527711732613;9730;8376;771;251916288;22136881;33554732
1527711732713;9740;8384;773;251916288;22137255;33555530
1527711732813;9750;8393;774;251916288;22137583;33556274
1527711732913;9760;8402;775;251916288;22137957;33557071
1527711733014;9770;8411;776;251916288;22138285;33557816
1527711733114;9780;8420;777;251916288;22138449;33558190
1527711733214;9790;8429;777;251916288;22138827;33558935
1527711733314;9800;8439;777;251916288;22139091;33559307
1527711733414;9810;8448;778;251916288;22139301;33559732
1527711733514;9820;8457;779;251916288;22139629;33560474
1527711733615;9830;8465;780;251916288;22139793;33560848
1527711733715;9840;8474;781;251916288;22140121;33561595
1527711733815;9850;8482;782;251916288;22140495;33562391
1527711733916;9860;8491;784;251916288;22140823;33563135
1527711734018;9870;8500;784;251916288;22141157;33563675
1527711734118;9880;8508;786;251916288;22141485;33564421
1527711734218;9890;8518;786;251916288;22141813;33565166
1527711734319;9900;8526;788;251916288;22142141;33565910
1527711734419;9910;8535;788;251916288;22142305;33566282
1527711734519;9920;8544;789;251916288;22142679;33567080
1527711734621;9931;8554;790;251916288;22143007;33567824
1527711734724;9941;8562;791;251916288;22143499;33568941
1527711734824;9951;8571;792;251916288;22143709;33569365
1527711734924;9961;8580;793;251916288;22144037;33570110
1527711735024;9971;8588;794;251916288;22144201;33570480
1527711735124;9981;8598;795;251916288;22144575;33571277
1527711735224;9991;8607;795;251916288;22144903;33572021
1527711735324;10001;8616;796;251916288;22145231;33572766
1527711735424;10011;8625;797;251916288;22145395;33573137
1527711735525;10021;8634;797;251916288;22145723;33573879
1527711735625;10031;8644;798;251916288;22145933;33574303
1527711735725;10041;8653;798;251916288;22146261;33575048
1527711735825;10051;8662;799;251916288;22146589;33575792
1527711735925;10061;8670;801;251916288;22146963;33576589
1527711736025;10071;8678;802;251916288;22147291;33577333
1527711736125;10081;8687;803;251916288;22147619;33578077
1527711736225;10091;8695;805;251916288;22147993;33578875
1527711736326;10101;8704;806;251916288;22148373;33579939
1527711736426;10111;8713;806;251916288;22148813;33580736
1527711736526;10121;8722;807;251916288;22149141;33581482
1527711736627;10131;8732;807;251916288;22149515;33582280
1527711736727;10141;8742;807;251916288;22149679;33582651
1527711736827;10151;8751;808;251916288;22150171;33583712
1527711736927;10161;8760;808;251916288;22150545;33584560
1527711737027;10171;8768;810;251916288;22150873;33585300
1527711737128;10181;8777;811;251916288;22151201;33586045
1527711737228;10191;8785;812;251916288;22151575;33586843
1527711737332;10202;8795;813;251916288;22151903;33587587
1527711737435;10212;8804;813;251916288;22152355;33588449
1527711737535;10222;8813;814;251916288;22152683;33589193
1527711737635;10232;8822;816;251916288;22153011;33589938
1527711737736;10242;8830;816;251916288;22153385;33590733
1527711737836;10252;8840;816;251916288;22153713;33591478
1527711737936;10262;8850;817;251916288;22154041;33592220
1527711738037;10272;8860;817;251916288;22154415;33593016
1527711738137;10282;8869;817;251916288;22154579;33593389
1527711738237;10292;8878;818;251916288;22154907;33594132
1527711738337;10302;8886;819;251916288;22155071;33594505
1527711738438;10312;8895;821;251916288;22155609;33595622
1527711738538;10322;8904;821;251916288;22155773;33596047
1527711738638;10332;8913;822;251916288;22156265;33597112
1527711738738;10342;8922;823;251916288;22156639;33597911
1527711738838;10352;8931;824;251916288;22156803;33598342
1527711738938;10362;8940;824;251916288;22156967;33598723
1527711739038;10372;8950;824;251916288;22157341;33599533
1527711739138;10382;8959;824;251916288;22157669;33600293
1527711739238;10392;8968;826;251916288;22157997;33601050
1527711739338;10402;8976;827;251916288;22158325;33601808
1527711739439;10412;8985;828;251916288;22158653;33602564
1527711739539;10422;8994;829;251916288;22159027;33603370
1527711739639;10432;9002;830;251916288;22159355;33604132
1527711739739;10442;9012;830;251916288;22159683;33604833
1527711739839;10452;9021;831;251916288;22160057;33605693
1527711739939;10462;9029;833;251916288;22160385;33606446
1527711740039;10472;9038;834;251916288;22160713;33607201
1527711740140;10483;9047;834;251916288;22160923;33607631
1527711740240;10493;9056;835;251916288;22161139;33608332
1527711740340;10503;9065;836;251916288;22161579;33609140
1527711740440;10513;9074;837;251916288;22161907;33609842
1527711740540;10523;9084;837;251916288;22162281;33610704
1527711740640;10533;9092;838;251916288;22162445;33611085
1527711740740;10543;9102;838;251916288;22162897;33611955
1527711740840;10553;9111;839;251916288;22163271;33612761
1527711740940;10563;9120;839;251916288;22163599;33613515
1527711741040;10573;9128;841;251916288;22163927;33614273
1527711741140;10583;9136;843;251916288;22164465;33615404
1527711741240;10593;9144;844;251916288;22164793;33616210
1527711741340;10603;9154;844;251916288;22165121;33616966
1527711741441;10613;9162;846;251916288;22165449;33617721
1527711741541;10623;9172;846;251916288;22165777;33618471
1527711741641;10633;9180;847;251916288;22166105;33619224
1527711741741;10643;9190;848;251916288;22166433;33619977
1527711741842;10653;9199;848;251916288;22166761;33620729
1527711741942;10663;9209;848;251916288;22167135;33621537
1527711742042;10673;9218;848;251916288;22167509;33622345
1527711742142;10683;9227;849;251916288;22167837;33623099
1527711742243;10693;9237;850;251916288;22168165;33623855
1527711742343;10703;9246;850;251916288;22168539;33624665
1527711742443;10713;9254;852;251916288;22168867;33625418
1527711742543;10723;9264;852;251916288;22169195;33626176
1527711742644;10733;9273;852;251916288;22169523;33626932
1527711742744;10743;9282;853;251916288;22169851;33627686
1527711742844;10753;9291;854;251916288;22170179;33628442
1527711742945;10763;9300;855;251916288;22170553;33629249
1527711743045;10773;9308;856;251916288;22170927;33630055
1527711743145;10783;9317;857;251916288;22171255;33630807
1527711743245;10793;9327;857;251916288;22171583;33631508
1527711743345;10803;9336;857;251916288;22171957;33632312
1527711743445;10813;9345;859;251916288;22172285;33633120
1527711743546;10823;9354;860;251916288;22172613;33633878
1527711743646;10833;9363;860;251916288;22172941;33634634
1527711743746;10843;9371;862;251916288;22173657;33635395
1527711743846;10853;9380;862;251916288;22173985;33636152
1527711743947;10863;9390;862;251916288;22174149;33636531
1527711744047;10873;9399;864;251916288;22174647;33637450
1527711744147;10883;9408;864;251916288;22175021;33638261
1527711744247;10893;9417;864;251916288;22175349;33639017
1527711744347;10903;9426;865;251916288;22175677;33639772
1527711744447;10913;9436;866;251916288;22176051;33640577
1527711744547;10923;9445;866;251916288;22176215;33640953
1527711744647;10933;9453;868;251916288;22176543;33641694
1527711744747;10943;9462;869;251916288;22176871;33642432
1527711744847;10953;9470;870;251916288;22177199;33643172
1527711744947;10963;9479;871;251916288;22177527;33643914
1527711745047;10973;9488;871;251916288;22177743;33644601
1527711745147;10983;9496;873;251916288;22178229;33645448
1527711745247;10993;9506;874;251916288;22178603;33646241
1527711745348;11003;9514;874;251916288;22178931;33646987
1527711745448;11013;9524;875;251916288;22179147;33647678
1527711745548;11023;9532;876;251916288;22179633;33648523
1527711745648;11033;9541;877;251916288;22179961;33649266
1527711745748;11043;9549;879;251916288;22180125;33649637
1527711745848;11053;9558;880;251916288;22180505;33650700
1527711745948;11063;9566;881;251916288;22180781;33651123
1527711746048;11073;9575;881;251916288;22181273;33652237
1527711746149;11083;9585;882;251916288;22181647;33653028
1527711746250;11094;9593;883;251916288;22182021;33653822
1527711746350;11104;9602;884;251916288;22182349;33654566
1527711746450;11114;9610;885;251916288;22182677;33655309
1527711746550;11124;9619;887;251916288;22183051;33656106
1527711746651;11134;9628;887;251916288;22183379;33656850
1527711746751;11144;9637;888;251916288;22183707;33657594
1527711746851;11154;9646;888;251916288;22183871;33657966
1527711746952;11164;9656;888;251916288;22184199;33658709
1527711747052;11174;9666;889;251916288;22184527;33659450
1527711747152;11184;9675;889;251916288;22184901;33660246
1527711747252;11194;9684;890;251916288;22185275;33661043
1527711747352;11204;9693;890;251916288;22185603;33661734
1527711747452;11214;9702;891;251916288;22185891;33662275
1527711747552;11224;9712;891;251916288;22186219;33663016
1527711747653;11234;9721;892;251916288;22186593;33663810
1527711747753;11244;9730;892;251916288;22187085;33664924
1527711747853;11254;9740;893;251916288;22187413;33665670
1527711747953;11264;9750;893;251916288;22187741;33666413
1527711748054;11274;9758;894;251916288;22188069;33667159
1527711748154;11284;9768;894;251916288;22188397;33667903
1527711748254;11294;9776;896;251916288;22188807;33668677
1527711748354;11304;9785;896;251916288;22189181;33669470
1527711748455;11314;9794;897;251916288;22189509;33670214
1527711748555;11324;9802;899;251916288;22189883;33671007
1527711748655;11334;9811;900;251916288;22190099;33671700
1527711748755;11344;9820;900;251916288;22190585;33672545
1527711748855;11354;9829;901;251916288;22190913;33673286
1527711748956;11364;9838;902;251916288;22191241;33674031
1527711749057;11374;9846;903;251916288;22191569;33674775
1527711749159;11384;9855;904;251916288;22191949;33675838
1527711749260;11395;9864;906;251916288;22192225;33676261
1527711749360;11405;9873;906;251916288;22192553;33677004
1527711749460;11415;9882;906;251916288;22192927;33677797
1527711749561;11425;9892;907;251916288;22193301;33678592
1527711749661;11435;9901;908;251916288;22193629;33679335
1527711749761;11445;9911;908;251916288;22193957;33680076
1527711749861;11455;9920;908;251916288;22194331;33680869
1527711749961;11465;9929;909;251916288;22194659;33681612
1527711750062;11475;9937;910;251916288;22194987;33682357
1527711750162;11485;9946;911;251916288;22195315;33683101
1527711750262;11495;9955;912;251916288;22195643;33683846
1527711750363;11505;9964;913;251916288;22195971;33684592
1527711750463;11515;9973;914;251916288;22196345;33685387
1527711750563;11525;9982;915;251916288;22196673;33686130
1527711750663;11535;9991;915;251916288;22197047;33686925
1527711750763;11545;10000;916;251916288;22197499;33687785
1527711750863;11555;10009;916;251916288;22197827;33688529
1527711750964;11565;10018;917;251916288;22198201;33689325
1527711751064;11575;10027;918;251916288;22198529;33690064
1527711751164;11585;10036;919;251916288;22198857;33690808
1527711751264;11595;10044;920;251916288;22199185;33691553
1527711751364;11605;10054;921;251916288;22199513;33692298
1527711751465;11615;10063;921;251916288;22199841;33693044
1527711751565;11625;10072;922;251916288;22200051;33693468
1527711751665;11635;10080;923;251916288;22200379;33694212
1527711751766;11645;10090;924;251916288;22200753;33695007
1527711751867;11655;10099;924;251916288;22201081;33695751
1527711751967;11665;10109;924;251916288;22201455;33696547
1527711752067;11675;10117;926;251916288;22201783;33697292
1527711752167;11685;10126;927;251916288;22202111;33698036
1527711752268;11695;10136;927;251916288;22202603;33699148
1527711752369;11705;10145;928;251916288;22202931;33699891
1527711752469;11715;10154;928;251916288;22203259;33700635
1527711752569;11725;10162;930;251916288;22203633;33701433
1527711752669;11735;10172;930;251916288;22203961;33702178
1527711752769;11745;10181;930;251916288;22204289;33702918
1527711752869;11755;10190;931;251916288;22204663;33703715
1527711752969;11765;10200;931;251916288;22204991;33704458
1527711753069;11776;10207;933;251916288;22205365;33705254
1527711753169;11785;10216;934;251916288;22205693;33705997
1527711753270;11796;10225;935;251916288;22206021;33706740
1527711753370;11806;10234;936;251916288;22206349;33707483
1527711753471;11816;10243;936;251916288;22206677;33708226
1527711753571;11826;10252;938;251916288;22207005;33708968
1527711753672;11836;10260;939;251916288;22207379;33709765
1527711753772;11846;10270;940;251916288;22207707;33710508
1527711753872;11856;10279;940;251916288;22208081;33711302
1527711753972;11866;10287;941;251916288;22208573;33712421
1527711754072;11876;10297;942;251916288;22209025;33713283
1527711754172;11886;10306;942;251916288;22209367;33713705
1527711754272;11896;10315;943;251916288;22209695;33714451
1527711754372;11906;10324;944;251916288;22210023;33715193
1527711754472;11916;10333;944;251916288;22210351;33715936
1527711754572;11926;10342;945;251916288;22210679;33716681
1527711754673;11936;10352;945;251916288;22211007;33717427
1527711754773;11946;10360;946;251916288;22211381;33718222
1527711754873;11956;10368;948;251916288;22211709;33718964
1527711754975;11966;10377;949;251916288;22211873;33719335
1527711755080;11977;10387;950;251916288;22212365;33720400
1527711755183;11987;10397;950;251916288;22212627;33721196
1527711755283;11997;10405;951;251916288;22213113;33722046
1527711755383;12007;10414;952;251916288;22213329;33722738
1527711755483;12017;10423;952;251916288;22213769;33723532
1527711755583;12027;10433;952;251916288;22213933;33723903
1527711755684;12037;10442;953;251916288;22214425;33724966
1527711755784;12047;10450;954;251916288;22214753;33725708
1527711755884;12057;10460;955;251916288;22215127;33726555
1527711755985;12067;10469;956;251916288;22215291;33726929
1527711756086;12077;10479;956;251916288;22215619;33727673
1527711756186;12087;10488;956;251916288;22215947;33728419
1527711756286;12097;10498;956;251916288;22216321;33729216
1527711756386;12107;10507;957;251916288;22216695;33730013
1527711756487;12117;10516;958;251916288;22217023;33730758
1527711756588;12127;10523;960;251916288;22217351;33731502
1527711756688;12137;10532;961;251916288;22217679;33732244
1527711756788;12147;10542;961;251916288;22218171;33733359
1527711756888;12157;10551;962;251916288;22218335;33733730
1527711756988;12167;10560;962;251916288;22218873;33734845
1527711757088;12177;10568;964;251916288;22219201;33735642
1527711757192;12188;10578;965;251916288;22219365;33736015
1527711757296;12198;10587;965;251916288;22219903;33737129
1527711757396;12208;10596;966;251916288;22220401;33738043
1527711757497;12218;10605;967;251916288;22220729;33738840
1527711757597;12228;10612;969;251916288;22221057;33739585
1527711757697;12238;10622;970;251916288;22221385;33740330
1527711757797;12248;10631;970;251916288;22221713;33741073
1527711757897;12258;10640;971;251916288;22222041;33741819
1527711757997;12268;10650;971;251916288;22222369;33742565
1527711758097;12278;10658;972;251916288;22222743;33743361
1527711758198;12288;10667;973;251916288;22223071;33744106
1527711758298;12298;10677;973;251916288;22223287;33744799
1527711758399;12308;10686;974;251916288;22223563;33745223
1527711758499;12318;10696;974;251916288;22223937;33746019
1527711758600;12329;10704;975;251916288;22224311;33746815
1527711758700;12339;10713;976;251916288;22224639;33747557
1527711758800;12349;10722;976;251916288;22224967;33748299
1527711758900;12359;10731;978;251916288;22225295;33749042
1527711759000;12369;10740;979;251916288;22225623;33749785
1527711759100;12379;10748;980;251916288;22225997;33750581
1527711759201;12389;10758;980;251916288;22226325;33751326
1527711759301;12399;10767;981;251916288;22226541;33752019
1527711759401;12409;10776;982;251916288;22226981;33752765
1527711759502;12419;10785;983;251916288;22227355;33753615
1527711759602;12429;10794;983;251916288;22227401;33753667
1527711759702;12439;10804;983;251916288;22227729;33754410
1527711759802;12449;10814;983;251916288;22227729;33754410
1527711759902;12459;10824;983;251916288;22227729;33754410
1527711760002;12469;10833;983;251916288;22227729;33754410
1527711760102;12479;10843;983;251916288;22227729;33754410
1527711760202;12489;10853;983;251916288;22227775;33754462
1527711760302;12499;10863;983;251916288;22227775;33754462
1527711760403;12509;10873;983;251916288;22227939;33754834
1527711760503;12519;10882;984;251916288;22227939;33754834
1527711760603;12529;10892;984;251916288;22227985;33754886
1527711760703;12539;10902;984;251916288;22228031;33754938
1527711760803;12549;10911;984;251916288;22228365;33755479
1527711760903;12559;10920;985;251916288;22228693;33756224
1527711761004;12569;10929;986;251916288;22228857;33756595
1527711761104;12579;10937;987;251916288;22229185;33757338
1527711761204;12589;10946;989;251916288;22229559;33758134
1527711761305;12599;10955;989;251916288;22229887;33758877
1527711761405;12609;10964;990;251916288;22230215;33759621
1527711761505;12619;10973;990;251916288;22230543;33760366
1527711761605;12629;10983;991;251916288;22230753;33760791
1527711761705;12639;10992;992;251916288;22231081;33761533
1527711761805;12649;11000;993;251916288;22231455;33762329
1527711761905;12659;11010;993;251916288;22231783;33763071
1527711762005;12669;11019;993;251916288;22231947;33763444
1527711762106;12679;11029;993;251916288;22232111;33763816
1527711762206;12689;11038;994;251916288;22232439;33764557
1527711762306;12699;11048;994;251916288;22232813;33765350
1527711762407;12709;11057;995;251916288;22233141;33766095
1527711762507;12719;11065;996;251916288;22233469;33766840
1527711762607;12729;11072;999;251916288;22233797;33767583
1527711762707;12739;11082;999;251916288;22234125;33768278
1527711762807;12749;11091;1000;251916288;22234335;33768754
1527711762907;12759;11101;1000;251916288;22234499;33769127
1527711763007;12769;11110;1000;251916288;22234873;33769923
1527711763107;12779;11120;1000;251916288;22235201;33770665
1527711763207;12789;11128;1002;251916288;22235579;33771407
1527711763308;12799;11137;1002;251916288;22235957;33772152
1527711763408;12809;11147;1002;251916288;22236331;33772948
1527711763508;12819;11156;1002;251916288;22236659;33773693
1527711763609;12829;11166;1003;251916288;22236987;33774440
1527711763709;12839;11176;1003;251916288;22237315;33775184
1527711763809;12849;11185;1004;251916288;22237689;33775982
1527711763909;12859;11193;1005;251916288;22237853;33776354
1527711764009;12869;11202;1006;251916288;22238227;33777148
1527711764109;12879;11211;1007;251916288;22238679;33778007
1527711764210;12890;11220;1007;251916288;22239007;33778752
1527711764312;12900;11230;1007;251916288;22239335;33779497
1527711764412;12910;11239;1008;251916288;22239663;33780242
1527711764514;12920;11248;1010;251916288;22240089;33781354
1527711764615;12930;11257;1010;251916288;22240365;33781778
1527711764717;12940;11266;1011;251916288;22240693;33782519
1527711764817;12950;11275;1011;251916288;22241021;33783261
1527711764917;12960;11284;1012;251916288;22241231;33783687
1527711765017;12970;11294;1012;251916288;22241723;33784804
1527711765118;12980;11303;1013;251916288;22242103;33785547
1527711765218;12990;11311;1014;251916288;22242529;33786344
1527711765318;13000;11321;1015;251916288;22242693;33786714
1527711765418;13010;11330;1015;251916288;22243021;33787458
1527711765518;13020;11339;1016;251916288;22243395;33788254
1527711765618;13030;11348;1016;251916288;22243723;33788997
1527711765718;13040;11357;1017;251916288;22244051;33789742
1527711765819;13050;11366;1018;251916288;22244379;33790487
1527711765919;13060;11376;1018;251916288;22244707;33791230
1527711766019;13070;11384;1019;251916288;22245081;33792027
1527711766119;13080;11394;1020;251916288;22245409;33792771
1527711766219;13090;11402;1022;251916288;22245737;33793514
1527711766319;13100;11411;1022;251916288;22246111;33794309
1527711766420;13111;11420;1022;251916288;22246275;33794680
1527711766520;13121;11430;1023;251916288;22246603;33795427
1527711766620;13131;11438;1024;251916288;22246977;33796223
1527711766721;13141;11447;1025;251916288;22247305;33796916
1527711766821;13151;11456;1026;251916288;22247469;33797340
1527711766921;13161;11465;1027;251916288;22247797;33798083
1527711767021;13171;11474;1028;251916288;22248125;33798827
1527711767121;13181;11482;1029;251916288;22248499;33799618
1527711767221;13191;11491;1030;251916288;22248827;33800359
1527711767321;13201;11500;1030;251916288;22249155;33801106
1527711767421;13211;11508;1032;251916288;22249653;33801962
1527711767521;13221;11517;1033;251916288;22249981;33802706
1527711767621;13231;11526;1034;251916288;22250309;33803450
1527711767722;13241;11535;1034;251916288;22250571;33804249
1527711767822;13251;11544;1035;251916288;22250847;33804672
1527711767922;13261;11553;1036;251916288;22251175;33805416
1527711768022;13271;11561;1038;251916288;22251503;33806161
1527711768122;13281;11570;1038;251916288;22251831;33806904
1527711768222;13291;11580;1038;251916288;22252093;33807643
1527711768322;13301;11590;1038;251916288;22252369;33808065
1527711768422;13311;11598;1040;251916288;22252861;33809126
1527711768522;13321;11607;1041;251916288;22253025;33809548
1527711768622;13331;11616;1042;251916288;22253563;33810661
1527711768722;13341;11625;1042;251916288;22253727;33811085
1527711768822;13351;11634;1042;251916288;22254101;33811879
1527711768922;13361;11644;1042;251916288;22254429;33812618
1527711769023;13371;11653;1043;251916288;22254757;33813360
1527711769124;13381;11663;1043;251916288;22255085;33814103
1527711769225;13391;11670;1046;251916288;22255459;33814899
1527711769325;13401;11679;1047;251916288;22255787;33815643
1527711769425;13411;11689;1047;251916288;22256115;33816385
1527711769525;13421;11697;1049;251916288;22256443;33817076
1527711769625;13431;11706;1050;251916288;22256817;33817923
1527711769725;13441;11714;1050;251916288;22257145;33818615
1527711769825;13451;11723;1052;251916288;22257519;33819467
1527711769925;13461;11732;1052;251916288;22257847;33820211
1527711770026;13471;11741;1053;251916288;22258175;33820955
1527711770126;13481;11751;1053;251916288;22258391;33821649
1527711770226;13491;11759;1054;251916288;22258831;33822443
1527711770326;13501;11769;1054;251916288;22259041;33822866
1527711770427;13511;11778;1056;251916288;22259369;33823610
1527711770527;13521;11786;1057;251916288;22259697;33824352
1527711770628;13531;11795;1058;251916288;22260025;33825098
1527711770728;13541;11804;1058;251916288;22260399;33825892
1527711770829;13551;11812;1060;251916288;22260851;33826751
1527711770929;13561;11822;1060;251916288;22261061;33827174
1527711771029;13571;11831;1061;251916288;22261441;33828235
1527711771129;13581;11841;1061;251916288;22261881;33828980
1527711771229;13591;11850;1062;251916288;22262209;33829778
1527711771329;13601;11859;1062;251916288;22262419;33830202
1527711771430;13612;11868;1063;251916288;22262747;33830948
1527711771530;13622;11877;1064;251916288;22263075;33831693
1527711771630;13632;11887;1064;251916288;22263403;33832435
1527711771730;13642;11897;1064;251916288;22263731;33833180
1527711771830;13652;11906;1064;251916288;22264059;33833928
1527711771930;13662;11914;1066;251916288;22264433;33834723
1527711772030;13672;11924;1066;251916288;22264807;33835517
1527711772131;13682;11933;1066;251916288;22265135;33836261
1527711772231;13692;11942;1067;251916288;22265463;33837006
1527711772331;13702;11951;1068;251916288;22265627;33837380
1527711772432;13712;11960;1069;251916288;22266001;33838176
1527711772532;13722;11968;1070;251916288;22266329;33838919
1527711772632;13732;11977;1072;251916288;22266657;33839665
1527711772732;13742;11985;1073;251916288;22266985;33840411
1527711772832;13752;11994;1074;251916288;22267149;33840783
1527711772933;13762;12003;1074;251916288;22267523;33841579
1527711773033;13772;12012;1075;251916288;22267897;33842376
1527711773133;13782;12022;1076;251916288;22268225;33843117
1527711773233;13792;12031;1076;251916288;22268553;33843863
1527711773334;13802;12040;1077;251916288;22268717;33844234
1527711773434;13812;12048;1078;251916288;22269045;33844973
1527711773534;13822;12056;1080;251916288;22269419;33845769
1527711773634;13832;12066;1080;251916288;22269583;33846144
1527711773734;13842;12075;1081;251916288;22270299;33846889
1527711773834;13852;12084;1081;251916288;22270627;33847636
1527711773934;13862;12093;1082;251916288;22270955;33848379
1527711774034;13872;12103;1082;251916288;22271329;33849176
1527711774134;13882;12112;1083;251916288;22271827;33850088
1527711774234;13892;12120;1084;251916288;22272155;33850834
1527711774336;13902;12129;1085;251916288;22272483;33851579
1527711774436;13912;12138;1086;251916288;22272811;33852323
1527711774537;13922;12148;1086;251916288;22272975;33852696
1527711774637;13932;12156;1088;251916288;22273349;33853494
1527711774737;13942;12166;1088;251916288;22273677;33854240
1527711774837;13952;12174;1089;251916288;22274005;33854985
1527711774938;13962;12183;1090;251916288;22274333;33855729
1527711775038;13972;12192;1091;251916288;22274549;33856420
1527711775138;13982;12202;1091;251916288;22274877;33857167
1527711775239;13992;12211;1092;251916288;22275245;33857696
1527711775339;14002;12219;1093;251916288;22275573;33858442
1527711775439;14012;12228;1094;251916288;22275901;33859187
1527711775539;14022;12237;1095;251916288;22276229;33859929
1527711775639;14033;12246;1095;251916288;22276557;33860670
1527711775739;14042;12254;1097;251916288;22276931;33861465
1527711775840;14053;12263;1098;251916288;22277095;33861835
1527711775940;14063;12272;1099;251916288;22277423;33862579
1527711776040;14073;12282;1099;251916288;22277751;33863324
1527711776141;14083;12290;1100;251916288;22277967;33864016
1527711776241;14093;12300;1100;251916288;22278243;33864442
1527711776341;14103;12309;1101;251916288;22278663;33865288
1527711776441;14113;12318;1102;251916288;22278991;33866028
1527711776541;14123;12327;1102;251916288;22279319;33866771
1527711776641;14133;12335;1104;251916288;22279647;33867515
1527711776741;14143;12344;1105;251916288;22279975;33868259
1527711776841;14153;12353;1106;251916288;22280349;33869054
1527711776941;14163;12362;1107;251916288;22280677;33869799
1527711777041;14173;12370;1108;251916288;22281005;33870543
1527711777142;14183;12380;1108;251916288;22281333;33871287
1527711777242;14193;12389;1109;251916288;22281497;33871660
1527711777342;14203;12398;1109;251916288;22281989;33872775
1527711777442;14213;12406;1112;251916288;22282369;33873366
1527711777543;14223;12415;1112;251916288;22282697;33874110
1527711777643;14233;12424;1113;251916288;22283025;33874853
1527711777743;14243;12432;1114;251916288;22283353;33875598
1527711777843;14253;12441;1115;251916288;22283681;33876343
1527711777943;14263;12450;1116;251916288;22284055;33877138
1527711778043;14273;12459;1117;251916288;22284383;33877883
1527711778143;14283;12468;1118;251916288;22284711;33878628
1527711778243;14293;12477;1118;251916288;22285135;33879374
1527711778344;14303;12485;1120;251916288;22285463;33880115
1527711778446;14313;12492;1122;251916288;22285791;33880859
1527711778546;14323;12501;1124;251916288;22286211;33881707
1527711778646;14333;12510;1125;251916288;22286539;33882451
1527711778749;14343;12520;1125;251916288;22286867;33883196
1527711778849;14353;12530;1125;251916288;22287083;33883888
1527711778949;14363;12539;1125;251916288;22287359;33884312
1527711779049;14373;12549;1125;251916288;22287733;33885110
1527711779150;14384;12558;1126;251916288;22288061;33885855
1527711779250;14394;12567;1126;251916288;22288389;33886600
1527711779350;14404;12576;1127;251916288;22288717;33887344
1527711779451;14414;12585;1128;251916288;22289045;33888089
1527711779551;14424;12594;1128;251916288;22289373;33888834
1527711779651;14434;12603;1129;251916288;22289793;33889678
1527711779751;14444;12612;1130;251916288;22290121;33890420
1527711779851;14454;12620;1132;251916288;22290449;33891164
1527711779952;14464;12630;1132;251916288;22290777;33891909
1527711780052;14474;12639;1133;251916288;22291105;33892650
1527711780152;14484;12648;1133;251916288;22291367;33893397
1527711780253;14494;12657;1134;251916288;22291643;33893821
1527711780353;14504;12666;1135;251916288;22291971;33894562
1527711780453;14514;12675;1136;251916288;22292299;33895306
1527711780556;14524;12685;1136;251916288;22292679;33896369
1527711780656;14534;12694;1136;251916288;22292955;33896793
1527711780760;14545;12703;1138;251916288;22293375;33897643
1527711780860;14555;12713;1138;251916288;22293827;33898505
1527711780961;14565;12721;1140;251916288;22294155;33899199
1527711781061;14575;12730;1140;251916288;22294319;33899623
1527711781161;14585;12738;1141;251916288;22294529;33900048
1527711781261;14595;12748;1141;251916288;22294857;33900790
1527711781361;14605;12757;1142;251916288;22295185;33901532
1527711781461;14615;12766;1143;251916288;22295513;33902278
1527711781562;14625;12775;1144;251916288;22295841;33903024
1527711781662;14635;12784;1144;251916288;22296169;33903770
1527711781762;14645;12794;1145;251916288;22296379;33904195
1527711781862;14655;12801;1147;251916288;22296753;33904996
1527711781962;14665;12811;1147;251916288;22297081;33905737
1527711782062;14675;12819;1148;251916288;22297409;33906480
1527711782162;14685;12827;1150;251916288;22297737;33907222
1527711782262;14695;12836;1151;251916288;22297947;33907645
1527711782362;14705;12845;1152;251916288;22298275;33908391
1527711782462;14715;12854;1152;251916288;22298491;33909083
1527711782563;14725;12863;1153;251916288;22298767;33909507
1527711782663;14735;12872;1154;251916288;22299095;33910249
1527711782763;14745;12880;1156;251916288;22299423;33910996
1527711782864;14755;12889;1157;251916288;22299797;33911790
1527711782964;14765;12898;1157;251916288;22300171;33912586
1527711783065;14775;12907;1158;251916288;22300499;33913330
1527711783165;14785;12916;1160;251916288;22300827;33914074
1527711783265;14795;12924;1161;251916288;22301201;33914873
1527711783365;14805;12934;1161;251916288;22301529;33915620
1527711783466;14815;12942;1162;251916288;22301981;33916480
1527711783566;14825;12952;1162;251916288;22302449;33916948
