currentTs;total_time;user_time;sys_time;virtual_size;in_octets;out_octets
1527712869645;0;0;0;1409024;25406260;38783649
1527712869745;10;6;3;201318400;25406400;38783649
1527712869845;20;15;3;202891264;25406400;38783649
1527712869945;30;24;4;205238272;25406400;38783649
1527712870046;40;33;5;205238272;25406400;38783649
1527712870146;50;42;6;206090240;25406400;38783649
1527712870246;60;51;7;208232448;25406400;38783649
1527712870346;70;59;8;210112512;25406400;38783649
1527712870447;80;69;8;210112512;25406400;38783649
1527712870547;90;78;9;210112512;25406400;38783649
1527712870647;100;87;10;210112512;25406400;38783649
1527712870748;110;96;11;210112512;25406400;38783649
1527712870848;120;105;12;210112512;25406400;38783649
1527712870948;130;114;13;210112512;25406400;38783649
1527712871049;140;123;13;210112512;25406400;38783649
1527712871149;150;133;13;210112512;25406400;38783649
1527712871249;160;142;14;210112512;25406400;38783649
1527712871349;170;152;14;210112512;25406400;38783649
1527712871449;180;161;15;210112512;25406400;38783649
1527712871549;190;170;15;210112512;25406400;38783649
1527712871649;200;180;16;210264064;25406400;38783649
1527712871749;210;188;17;210341888;25406608;38784257
1527712871849;220;197;18;210341888;25406608;38784257
1527712871949;230;206;19;210341888;25406608;38784257
1527712872049;240;214;20;210341888;25406608;38784257
1527712872149;250;224;20;210341888;25406608;38784257
1527712872249;260;233;21;210341888;25406608;38784257
1527712872349;270;242;22;210341888;25406608;38784257
1527712872449;280;251;22;239841280;25406608;38784257
1527712872549;291;260;24;239841280;25406608;38784257
1527712872649;300;268;25;241008640;25406608;38784257
1527712872749;310;278;26;242712576;25406608;38784257
1527712872849;320;286;26;242712576;25406608;38784257
1527712872950;331;296;27;242712576;25406608;38784257
1527712873050;341;305;27;242712576;25406608;38784257
1527712873151;351;314;28;242847744;25406658;38784257
1527712873251;361;324;29;242847744;25406704;38784257
1527712873352;371;333;29;242847744;25406704;38784257
1527712873452;381;343;29;242847744;25406820;38784369
1527712873553;391;345;29;242847744;25406872;38784470
1527712873653;401;354;29;242847744;25407109;38784655
1527712873753;411;362;30;242847744;25407501;38784793
1527712873853;421;372;30;243896320;25407501;38784793
1527712873954;431;381;31;243896320;25407501;38784793
1527712874054;441;390;32;243896320;25407501;38784793
1527712874154;451;400;32;243896320;25407501;38784793
1527712874254;461;409;32;243896320;25407501;38784793
1527712874355;471;418;33;243896320;25407501;38784793
1527712874455;481;428;34;243896320;25407501;38784793
1527712874555;491;437;34;243896320;25407501;38784793
1527712874655;501;446;35;243896320;25407501;38784793
1527712874756;511;456;35;244944896;25407547;38784845
1527712874857;521;465;36;244944896;25407547;38784845
1527712874957;531;474;36;245100544;25407547;38784845
1527712875057;541;484;37;245100544;25407547;38784845
1527712875157;551;493;37;245100544;25407547;38784845
1527712875258;561;503;37;245100544;25407547;38784845
1527712875358;571;512;38;245100544;25407547;38784845
1527712875458;581;522;38;245100544;25407547;38784845
1527712875559;591;532;38;245100544;25407547;38784845
1527712875664;602;540;40;245100544;25407939;38784983
1527712875764;612;549;41;246149120;25407939;38784983
1527712875865;622;558;41;246149120;25407939;38784983
1527712875965;632;568;42;247197696;25407939;38784983
1527712876065;642;577;42;247197696;25407939;38784983
1527712876165;652;587;42;247296000;25407939;38784983
1527712876266;662;596;43;247296000;25407939;38784983
1527712876366;672;605;44;247296000;25407939;38784983
1527712876466;682;614;45;247296000;25407939;38784983
1527712876567;692;624;45;247758848;25407939;38784983
1527712876667;702;632;46;247758848;25407939;38784983
1527712876767;712;642;46;247758848;25407939;38784983
1527712876868;722;651;47;247758848;25407939;38784983
1527712876968;732;660;48;247758848;25407939;38784983
1527712877068;742;670;48;249135104;25407939;38784983
1527712877169;752;679;48;249135104;25407985;38785035
1527712877269;762;688;49;249155584;25407985;38785035
1527712877369;772;698;49;249286656;25407985;38785035
1527712877470;783;707;50;249286656;25407985;38785035
1527712877570;793;715;51;249380864;25407985;38785035
1527712877670;803;724;51;249507840;25407985;38785035
1527712877771;813;734;51;249511936;25407985;38785035
1527712877871;823;743;52;249511936;25407985;38785035
1527712877971;833;753;52;249511936;25407985;38785035
1527712878072;843;761;54;249511936;25407985;38785035
1527712878172;853;770;54;249511936;25407985;38785035
1527712878272;863;780;55;250560512;25407985;38785035
1527712878373;873;789;56;250560512;25407985;38785035
1527712878473;883;798;56;250560512;25407985;38785035
1527712878573;893;807;58;250560512;25407985;38785035
1527712878673;903;816;58;250560512;25408147;38785199
1527712878774;913;825;59;250560512;25408147;38785199
1527712878874;923;834;59;250560512;25408147;38785199
1527712878974;933;844;60;250560512;25408147;38785199
1527712879074;943;853;60;250560512;25408737;38785555
1527712879175;953;863;60;250560512;25409087;38785683
1527712879275;963;872;61;250560512;25409087;38785683
1527712879376;973;882;61;250560512;25409087;38785683
1527712879476;983;892;61;250560512;25409087;38785683
1527712879576;993;901;62;250560512;25409087;38785683
1527712879677;1003;910;63;250560512;25409087;38785683
1527712879777;1013;918;64;250560512;25409378;38785834
1527712879877;1023;927;65;251609088;25409378;38785834
1527712879977;1033;936;66;251609088;25409378;38785834
1527712880078;1043;944;67;251609088;25409890;38786126
1527712880178;1053;954;68;251609088;25409936;38786178
1527712880278;1063;964;68;251609088;25409936;38786178
1527712880378;1073;973;68;251609088;25410566;38786794
1527712880478;1083;982;70;251609088;25410782;38787497
1527712880580;1094;992;70;251609088;25411058;38787920
1527712880680;1104;1000;70;251609088;25411386;38788662
1527712880780;1114;1010;71;251609088;25411596;38789082
1527712880880;1124;1019;72;251609088;25411924;38789819
1527712880980;1134;1028;73;251609088;25412088;38790190
1527712881080;1144;1037;73;251609088;25412252;38790559
1527712881180;1154;1046;74;251609088;25412514;38791299
1527712881280;1164;1055;75;251609088;25412836;38791772
1527712881380;1174;1064;75;251609088;25413000;38792142
1527712881480;1184;1074;76;251609088;25413328;38792830
1527712881580;1194;1083;76;251609088;25413492;38793252
1527712881680;1204;1093;76;251609088;25413656;38793622
1527712881781;1214;1102;76;251609088;25413872;38794309
1527712881881;1224;1112;77;251609088;25414194;38794784
1527712881981;1234;1121;77;251609088;25414358;38795154
1527712882081;1244;1131;78;251748352;25414686;38795842
1527712882182;1254;1140;78;251748352;25414896;38796317
1527712882282;1264;1150;78;251748352;25415106;38796740
1527712882382;1274;1159;79;251748352;25415394;38797227
1527712882482;1284;1169;79;251748352;25415722;38797966
1527712882583;1294;1178;80;251748352;25415886;38798335
1527712882683;1304;1186;81;251748352;25416050;38798705
1527712882783;1314;1196;81;251748352;25416378;38799446
1527712882883;1324;1205;82;251748352;25416542;38799817
1527712882984;1334;1214;83;251748352;25416804;38800556
1527712883084;1344;1222;84;251748352;25417244;38801297
1527712883185;1354;1232;84;251748352;25417408;38801718
1527712883285;1364;1240;86;251748352;25417736;38802460
1527712883385;1374;1250;86;251748352;25418156;38803305
1527712883486;1384;1260;86;251748352;25418484;38804045
1527712883586;1394;1269;86;251748352;25418648;38804416
1527712883686;1404;1278;87;251748352;25418976;38805157
1527712883787;1414;1287;89;251748352;25419140;38805527
1527712883887;1424;1296;89;251748352;25419468;38806266
1527712883987;1434;1305;90;251748352;25419632;38806637
1527712884088;1444;1314;91;251748352;25420006;38807427
1527712884188;1454;1322;92;251748352;25420334;38808116
1527712884288;1464;1332;93;251748352;25420498;38808538
1527712884389;1474;1340;94;251748352;25420826;38809280
1527712884489;1484;1350;94;251748352;25421246;38810124
1527712884589;1494;1360;94;251748352;25421574;38810866
1527712884689;1504;1368;96;251748352;25421738;38811237
1527712884789;1514;1377;96;251748352;25422066;38811924
1527712884892;1525;1387;97;251748352;25422230;38812347
1527712884993;1535;1396;98;251748352;25422558;38813087
1527712885093;1545;1404;99;251748352;25422932;38813881
1527712885193;1555;1413;100;251748352;25423260;38814624
1527712885293;1565;1422;100;251748352;25423424;38814993
1527712885393;1575;1431;102;251748352;25423752;38815736
1527712885493;1585;1441;102;251748352;25424080;38816480
1527712885593;1595;1450;102;251748352;25424888;38817326
1527712885693;1605;1458;104;251748352;25425176;38817813
1527712885793;1615;1468;104;251748352;25425504;38818555
1527712885893;1625;1477;105;251748352;25425832;38819298
1527712885994;1635;1485;107;251748352;25426160;38820040
1527712886094;1645;1494;108;251748352;25426324;38820412
1527712886194;1655;1503;108;251748352;25426698;38821202
1527712886295;1665;1510;111;251748352;25427026;38821944
1527712886395;1675;1519;112;251748352;25427354;38822685
1527712886495;1685;1529;112;251748352;25427682;38823426
1527712886596;1695;1538;113;251748352;25428056;38824167
1527712886696;1705;1548;113;251748352;25428220;38824590
1527712886796;1715;1557;113;251748352;25428594;38825384
1527712886896;1725;1566;114;251748352;25428922;38826124
1527712886996;1735;1575;114;251748352;25429250;38826866
1527712887097;1745;1584;116;251748352;25429578;38827608
1527712887197;1755;1593;116;251748352;25429742;38827978
1527712887297;1765;1602;117;251748352;25430116;38828772
1527712887397;1775;1612;117;251748352;25430444;38829514
1527712887500;1786;1622;117;251748352;25430660;38830203
1527712887601;1796;1630;119;251748352;25430988;38830947
1527712887701;1806;1639;120;251748352;25431362;38831741
1527712887801;1816;1648;121;251748352;25431802;38832484
1527712887902;1826;1657;122;251748352;25432176;38833276
1527712888002;1836;1666;122;251748352;25432340;38833700
1527712888102;1846;1676;122;251748352;25432668;38834440
1527712888202;1856;1684;124;251748352;25433046;38835182
1527712888303;1866;1693;125;251748352;25433420;38835924
1527712888403;1876;1701;126;251748352;25433794;38836715
1527712888503;1886;1711;126;251748352;25434122;38837457
1527712888603;1896;1720;127;251748352;25434450;38838199
1527712888703;1906;1729;128;251748352;25434778;38838940
1527712888803;1916;1738;128;251748352;25435152;38839734
1527712888903;1926;1748;129;251748352;25435480;38840474
1527712889007;1936;1757;130;251748352;25435854;38841267
1527712889107;1946;1765;131;251748352;25436306;38842127
1527712889207;1956;1774;132;251748352;25436634;38842869
1527712889307;1966;1784;132;251748352;25436798;38843240
1527712889408;1976;1793;133;251748352;25437008;38843663
1527712889508;1986;1803;133;251748352;25437336;38844405
1527712889608;1996;1813;133;251748352;25437664;38845147
1527712889709;2006;1822;133;251748352;25437992;38845887
1527712889809;2016;1831;134;251748352;25438366;38846679
1527712889909;2026;1840;135;251748352;25438694;38847419
1527712890009;2036;1849;136;251748352;25439022;38848161
1527712890110;2047;1858;137;251748352;25439396;38848954
1527712890210;2057;1868;137;251748352;25439724;38849695
1527712890310;2067;1877;138;251748352;25439888;38850013
1527712890410;2077;1886;138;251748352;25440104;38850755
1527712890510;2087;1895;139;251748352;25440590;38851599
1527712890612;2097;1904;140;251748352;25440918;38852340
1527712890713;2107;1914;140;251748352;25441246;38853082
1527712890813;2117;1922;142;251748352;25441620;38853876
1527712890913;2127;1931;143;251748352;25442000;38854937
1527712891015;2137;1940;143;251748352;25442276;38855359
1527712891115;2147;1948;146;251748352;25442702;38856474
1527712891215;2157;1957;146;251748352;25443142;38857269
1527712891316;2167;1966;146;251748352;25443306;38857640
1527712891416;2177;1975;148;251748352;25443634;38858381
1527712891516;2187;1984;148;251899904;25443844;38858804
1527712891617;2197;1994;148;251899904;25444172;38859545
1527712891717;2207;2004;148;251899904;25444500;38860288
1527712891817;2217;2012;150;251899904;25444828;38861029
1527712891917;2227;2021;151;251899904;25445320;38862141
1527712892017;2237;2030;152;251899904;25445694;38862934
1527712892117;2247;2039;152;251899904;25446022;38863677
1527712892217;2257;2047;154;251899904;25446350;38864418
1527712892317;2267;2056;154;251899904;25446724;38865208
1527712892417;2277;2065;156;251899904;25447176;38866063
1527712892517;2287;2075;156;251899904;25447504;38866753
1527712892618;2297;2084;157;251899904;25447878;38867599
1527712892720;2308;2092;158;251899904;25448094;38868287
1527712892821;2318;2101;159;251899904;25448370;38868709
1527712892921;2328;2111;160;251899904;25448698;38869450
1527712893021;2338;2119;161;251899904;25449072;38870244
1527712893121;2348;2128;162;251899904;25449400;38870986
1527712893224;2358;2138;162;251899904;25449780;38872045
1527712893325;2368;2146;164;251899904;25450220;38872786
1527712893425;2378;2155;164;251899904;25450594;38873632
1527712893525;2388;2164;165;251899904;25450922;38874373
1527712893625;2398;2174;166;251899904;25451296;38875165
1527712893726;2408;2183;166;251899904;25451624;38875907
1527712893826;2418;2191;168;251899904;25451952;38876647
1527712893926;2428;2198;170;251899904;25452280;38877384
1527712894027;2438;2208;170;251899904;25452654;38878178
1527712894129;2448;2218;171;251899904;25452982;38878920
1527712894229;2458;2227;172;251899904;25453474;38880033
1527712894329;2468;2236;173;251899904;25453638;38880404
1527712894430;2479;2245;173;251899904;25454012;38881198
1527712894530;2489;2255;173;251899904;25454340;38881941
1527712894630;2499;2264;174;251899904;25454550;38882364
1527712894731;2509;2273;175;251899904;25454878;38883102
1527712894831;2519;2282;176;251899904;25455206;38883844
1527712894931;2529;2291;176;251899904;25455698;38884956
1527712895032;2539;2300;177;251899904;25456026;38885694
1527712895132;2549;2308;179;251899904;25456400;38886487
1527712895236;2559;2317;180;251899904;25456728;38887228
1527712895336;2569;2326;181;251899904;25457108;38888184
1527712895439;2579;2336;182;251899904;25457436;38888976
1527712895539;2589;2345;182;251899904;25457922;38889824
1527712895639;2599;2354;182;251899904;25458250;38890565
1527712895739;2609;2363;184;251899904;25458748;38891476
1527712895840;2620;2372;184;251899904;25459076;38892216
1527712895940;2630;2382;184;251899904;25459404;38892956
1527712896040;2640;2392;184;251899904;25459732;38893697
1527712896141;2650;2401;185;251899904;25460106;38894488
1527712896241;2660;2409;187;251899904;25460434;38895233
1527712896341;2670;2418;188;251899904;25460762;38895974
1527712896441;2680;2427;188;251899904;25461090;38896715
1527712896541;2690;2436;190;251899904;25461418;38897458
1527712896641;2700;2445;190;251899904;25461746;38898197
1527712896741;2710;2454;191;251899904;25462074;38898936
1527712896842;2720;2464;191;251899904;25462494;38899781
1527712896942;2730;2472;192;251899904;25462822;38900524
1527712897042;2740;2482;192;251899904;25462986;38900895
1527712897142;2750;2492;192;251899904;25463314;38901638
1527712897243;2760;2501;193;251899904;25463688;38902434
1527712897343;2770;2509;195;251899904;25464016;38903177
1527712897443;2780;2516;197;251899904;25464344;38903917
1527712897546;2790;2526;198;251899904;25464672;38904660
1527712897646;2800;2535;199;251899904;25465164;38905772
1527712897747;2810;2544;199;251899904;25465492;38906514
1527712897847;2820;2553;200;251899904;25465820;38907257
1527712897947;2830;2561;202;251899904;25466404;38908475
1527712898048;2840;2570;202;251899904;25466732;38909218
1527712898148;2850;2580;203;251899904;25467060;38909960
1527712898248;2860;2590;203;251899904;25467388;38910701
1527712898349;2870;2598;204;251899904;25467762;38911493
1527712898449;2880;2608;204;251899904;25468090;38912232
1527712898549;2890;2617;205;251899904;25468582;38913343
1527712898649;2900;2626;206;251899904;25468910;38914086
1527712898749;2910;2635;207;251899904;25469238;38914827
1527712898849;2920;2644;207;251899904;25469566;38915567
1527712898949;2930;2654;208;251899904;25469986;38916414
1527712899050;2941;2662;209;251899904;25470438;38917271
1527712899150;2951;2671;210;251899904;25470766;38918014
1527712899250;2961;2680;210;251899904;25471094;38918754
1527712899350;2971;2690;211;251899904;25471632;38919921
1527712899451;2981;2699;212;251899904;25471848;38920612
1527712899554;2991;2708;212;251899904;25472176;38921353
1527712899654;3001;2717;214;251899904;25472616;38922146
1527712899754;3011;2726;214;251899904;25472944;38922890
1527712899854;3021;2735;215;251899904;25473272;38923631
1527712899954;3031;2745;215;251899904;25473652;38924692
1527712900054;3041;2754;215;251899904;25474138;38925536
1527712900154;3051;2762;217;251899904;25474512;38926328
1527712900254;3061;2771;218;251899904;25474676;38926700
1527712900354;3071;2780;218;251899904;25475004;38927442
1527712900455;3081;2790;218;251899904;25475430;38928555
1527712900555;3091;2798;220;251899904;25475706;38928978
1527712900656;3101;2807;221;251899904;25476034;38929718
1527712900756;3111;2815;223;251899904;25476198;38930087
1527712900859;3121;2824;224;251899904;25476578;38931144
1527712900959;3131;2833;225;251899904;25477018;38931939
1527712901060;3142;2842;226;251899904;25477392;38932733
1527712901160;3152;2852;226;251899904;25477720;38933476
1527712901260;3162;2860;227;251899904;25478094;38934270
1527712901360;3172;2869;228;251899904;25478422;38935012
1527712901460;3182;2877;230;251899904;25478914;38936124
1527712901560;3192;2886;231;251899904;25479288;38936919
1527712901660;3202;2895;232;251899904;25479504;38937609
1527712901760;3212;2902;234;251899904;25479944;38938402
1527712901860;3222;2912;234;251899904;25480272;38939142
1527712901963;3232;2921;235;251899904;25480600;38939883
1527712902063;3242;2930;236;251899904;25480928;38940627
1527712902164;3252;2938;237;251899904;25481256;38941367
1527712902267;3262;2949;237;251899904;25481682;38942478
1527712902367;3272;2956;240;251899904;25482246;38943387
1527712902467;3282;2964;241;251899904;25482574;38944129
1527712902568;3292;2974;241;251899904;25482902;38944872
1527712902668;3302;2984;241;251899904;25483230;38945612
1527712902768;3312;2993;242;251899904;25483604;38946406
1527712902868;3322;3002;242;251899904;25483932;38947147
1527712902968;3332;3011;243;251899904;25484260;38947887
1527712903068;3342;3021;244;251899904;25484588;38948631
1527712903168;3352;3028;246;251899904;25485130;38949692
1527712903268;3362;3037;246;251899904;25485550;38950538
1527712903368;3372;3046;247;251899904;25485878;38951282
1527712903468;3382;3054;249;251899904;25486252;38952075
1527712903568;3392;3064;249;251899904;25486580;38952815
1527712903671;3403;3074;250;251899904;25486796;38953506
1527712903771;3413;3083;250;251899904;25487118;38953981
1527712903872;3423;3092;251;251899904;25487446;38954722
1527712903972;3433;3100;252;251899904;25487938;38955835
1527712904072;3443;3108;254;251899904;25488266;38956524
1527712904173;3453;3118;254;251899904;25488594;38957316
1527712904273;3463;3127;255;251899904;25488922;38958057
1527712904373;3473;3136;256;251899904;25489296;38958853
1527712904473;3483;3146;256;251899904;25489624;38959595
1527712904574;3493;3154;257;251899904;25489998;38960389
1527712904674;3503;3164;258;251899904;25490326;38961129
1527712904774;3513;3174;258;251899904;25490654;38961871
1527712904875;3523;3183;258;251899904;25491192;38962979
1527712904975;3533;3193;258;251899904;25491520;38963773
1527712905075;3543;3201;260;251899904;25491848;38964514
1527712905176;3553;3210;260;251899904;25492176;38965256
1527712905276;3563;3219;261;251899904;25492504;38965997
1527712905376;3573;3228;262;251899904;25492832;38966739
1527712905477;3583;3238;262;251899904;25493042;38967161
1527712905577;3593;3248;262;251899904;25493416;38967952
1527712905677;3603;3256;264;251899904;25493908;38969061
1527712905777;3613;3265;264;251899904;25494360;38969917
1527712905877;3623;3273;266;251899904;25494688;38970660
1527712905977;3633;3282;266;251899904;25495062;38971452
1527712906080;3644;3292;267;251899904;25495390;38972192
1527712906180;3654;3302;267;251899904;25495718;38972936
1527712906281;3664;3311;268;251899904;25496046;38973676
1527712906381;3674;3319;269;251899904;25496426;38974734
1527712906481;3684;3329;269;251899904;25496702;38975154
1527712906581;3694;3337;270;251899904;25497076;38975948
1527712906681;3704;3347;271;251899904;25497404;38976691
1527712906781;3714;3356;271;251899904;25497732;38977434
1527712906882;3724;3365;272;251899904;25498106;38978226
1527712906982;3734;3374;273;251899904;25498480;38979019
1527712907082;3744;3384;273;251899904;25498972;38980132
1527712907183;3754;3392;275;251899904;25499300;38980875
1527712907283;3764;3400;277;251899904;25499628;38981617
1527712907383;3774;3410;277;251899904;25499956;38982358
1527712907483;3784;3418;278;251899904;25500284;38983100
1527712907586;3794;3428;278;251899904;25500822;38984213
1527712907687;3804;3437;279;251899904;25500986;38984636
1527712907787;3814;3446;280;251899904;25501314;38985379
1527712907887;3824;3455;280;251899904;25501688;38986172
1527712907987;3834;3464;281;251899904;25502062;38986965
1527712908087;3844;3474;282;251899904;25502390;38987706
1527712908187;3854;3482;282;251899904;25502718;38988446
1527712908288;3864;3492;283;251899904;25503046;38989190
1527712908388;3874;3502;283;251899904;25503374;38989930
1527712908489;3884;3509;285;251899904;25503754;38990993
1527712908589;3894;3518;286;251899904;25504240;38991838
1527712908689;3904;3528;286;251899904;25504404;38992210
1527712908789;3914;3536;288;251899904;25504732;38992952
1527712908889;3924;3544;289;251899904;25505060;38993693
1527712908989;3934;3552;291;251899904;25505434;38994484
1527712909089;3944;3562;292;251899904;25505768;38995022
1527712909189;3954;3571;292;251899904;25506096;38995762
1527712909289;3964;3580;293;251899904;25506424;38996505
1527712909389;3974;3589;294;251899904;25506752;38997245
1527712909489;3984;3599;294;251899904;25507080;38997988
1527712909589;3994;3607;295;251899904;25507408;38998728
1527712909689;4004;3616;296;251899904;25507782;38999521
1527712909789;4014;3626;296;251899904;25508110;39000261
1527712909890;4025;3635;297;251899904;25508438;39001003
1527712909990;4035;3644;298;251899904;25508930;39002116
1527712910090;4045;3652;299;251899904;25509350;39002961
1527712910190;4055;3662;299;251899904;25509678;39003703
1527712910291;4065;3671;300;251899904;25510170;39004814
1527712910391;4075;3680;301;251899904;25510498;39005504
1527712910491;4085;3689;302;251899904;25510826;39006299
1527712910591;4095;3697;304;251899904;25511154;39007040
1527712910692;4105;3705;306;251899904;25511528;39007836
1527712910792;4115;3714;307;251899904;25511856;39008577
1527712910892;4125;3723;307;251899904;25512184;39009318
1527712910992;4135;3732;308;251899904;25512512;39010058
1527712911092;4145;3740;310;251899904;25512728;39010749
1527712911192;4155;3749;311;251899904;25513096;39011277
1527712911292;4165;3758;312;251899904;25513424;39012018
1527712911392;4175;3767;312;251899904;25513752;39012760
1527712911496;4185;3777;312;251899904;25514080;39013500
1527712911596;4195;3786;313;251899904;25514408;39014242
1527712911696;4205;3796;313;251899904;25514572;39014613
1527712911796;4215;3805;314;251899904;25514946;39015406
1527712911897;4225;3814;314;251899904;25515274;39016147
1527712911997;4235;3824;314;251899904;25515602;39016886
1527712912097;4245;3832;316;251899904;25515930;39017627
1527712912197;4255;3842;316;251899904;25516350;39018470
1527712912297;4265;3851;316;251899904;25516678;39019212
1527712912398;4275;3859;318;251899904;25517130;39020071
1527712912498;4285;3868;320;251899904;25517458;39020815
1527712912598;4295;3877;320;251899904;25517786;39021555
1527712912698;4305;3886;322;251899904;25518114;39022296
1527712912799;4315;3895;322;251899904;25518488;39023090
1527712912899;4325;3904;323;251899904;25518816;39023830
1527712913000;4336;3912;324;251899904;25519144;39024571
1527712913100;4346;3920;326;251899904;25519472;39025313
1527712913200;4356;3930;326;251899904;25519800;39026052
1527712913301;4366;3939;327;251899904;25520174;39026846
1527712913401;4376;3949;327;251899904;25520502;39027586
1527712913502;4386;3958;328;251899904;25520876;39028381
1527712913602;4396;3968;328;251899904;25521204;39029123
1527712913702;4406;3977;328;251899904;25521532;39029863
1527712913802;4416;3986;329;251899904;25521860;39030604
1527712913902;4426;3995;330;251899904;25522234;39031397
1527712914002;4436;4004;331;251899904;25522562;39032088
1527712914102;4446;4013;332;251899904;25522726;39032511
1527712914202;4456;4022;332;251899904;25523054;39033250
1527712914302;4466;4032;332;251899904;25523382;39033992
1527712914402;4476;4040;334;251899904;25523756;39034786
1527712914503;4486;4050;334;251899904;25524084;39035528
1527712914604;4496;4060;334;251899904;25524294;39035948
1527712914704;4506;4069;335;251899904;25524622;39036688
1527712914804;4516;4078;335;251899904;25524786;39037058
1527712914904;4526;4088;336;251899904;25525278;39038172
1527712915004;4536;4096;336;251899904;25525488;39038595
1527712915105;4546;4106;337;251899904;25525816;39039336
1527712915205;4556;4115;338;251899904;25525980;39039706
1527712915305;4566;4125;338;251899904;25526196;39040396
1527712915405;4576;4134;338;251899904;25526682;39041190
1527712915506;4586;4143;339;251899904;25527010;39041985
1527712915606;4596;4152;340;251899904;25527726;39042726
1527712915706;4606;4162;340;251899904;25528100;39043517
1527712915806;4616;4172;340;251899904;25528552;39044318
1527712915906;4626;4180;341;251899904;25528880;39045111
1527712916006;4636;4189;342;251899904;25529208;39045850
1527712916106;4646;4198;343;251899904;25529470;39046591
1527712916206;4656;4206;344;251899904;25529910;39047334
1527712916306;4666;4215;345;251899904;25530074;39047757
1527712916407;4676;4225;346;251899904;25530402;39048500
1527712916507;4686;4234;346;251899904;25530776;39049292
1527712916607;4696;4243;347;251899904;25531104;39050034
1527712916707;4706;4252;348;251899904;25531432;39050775
1527712916810;4717;4262;348;251899904;25531806;39051570
1527712916911;4727;4271;349;251899904;25532134;39052313
1527712917011;4737;4281;349;251899904;25532462;39053055
1527712917111;4747;4290;350;251899904;25532836;39053850
1527712917211;4757;4299;350;251899904;25533164;39054591
1527712917312;4767;4308;351;251899904;25533492;39055332
1527712917412;4777;4317;352;251899904;25533820;39056022
1527712917512;4787;4327;352;251899904;25534030;39056497
1527712917613;4797;4335;353;251899904;25534358;39057236
1527712917713;4807;4343;356;251899904;25534686;39057976
1527712917813;4817;4352;356;251899904;25535014;39058715
1527712917914;4827;4362;356;251899904;25535388;39059509
1527712918014;4837;4370;358;251899904;25535716;39060250
1527712918114;4847;4378;359;251899904;25536044;39060991
1527712918214;4857;4386;361;251899904;25536304;39061414
1527712918315;4867;4396;362;251899904;25536678;39062151
1527712918415;4877;4405;362;251899904;25537170;39063261
1527712918515;4887;4414;363;251899904;25537334;39063630
1527712918616;4897;4423;364;251899904;25537708;39064422
1527712918716;4907;4433;364;251899904;25538036;39065162
1527712918816;4917;4442;364;251899904;25538364;39065904
1527712918917;4927;4451;366;251899904;25538738;39066693
1527712919017;4937;4460;366;251899904;25539066;39067431
1527712919117;4947;4470;366;251899904;25539518;39068287
1527712919217;4957;4479;367;251899904;25539892;39069083
1527712919317;4967;4488;368;251899904;25540220;39069823
1527712919418;4977;4497;368;251899904;25540548;39070564
1527712919518;4987;4506;369;251899904;25540876;39071306
1527712919618;4997;4516;369;251899904;25541250;39072098
1527712919719;5007;4524;371;251899904;25541578;39072841
1527712919819;5017;4534;371;251899904;25541742;39073213
1527712919919;5027;4542;372;251899904;25542070;39073955
1527712920019;5037;4552;372;251899904;25542398;39074697
1527712920120;5048;4561;373;251899904;25542726;39075438
1527712920220;5058;4570;374;251899904;25543152;39076550
1527712920321;5068;4579;374;251899904;25543474;39077025
1527712920421;5078;4588;376;251899904;25543966;39078137
1527712920521;5088;4597;376;251899904;25544294;39078826
1527712920621;5098;4606;378;251899904;25544622;39079618
1527712920721;5108;4613;380;251899904;25544996;39080410
1527712920821;5118;4622;380;251899904;25545160;39080780
1527712920921;5128;4631;381;251899904;25545488;39081525
1527712921021;5138;4640;383;251899904;25545816;39082267
1527712921121;5148;4649;383;251899904;25546144;39083007
1527712921221;5158;4656;386;251899904;25546472;39083747
1527712921321;5168;4665;387;251899904;25546846;39084540
1527712921421;5178;4674;387;251899904;25547272;39085651
1527712921521;5188;4683;388;251899904;25547548;39086071
1527712921621;5198;4693;388;251899904;25548040;39087184
1527712921721;5208;4702;390;251899904;25548368;39087926
1527712921821;5218;4710;391;251899904;25548742;39088718
1527712921921;5228;4718;393;251899904;25549070;39089460
1527712922021;5238;4726;394;251899904;25549398;39090201
1527712922121;5248;4736;395;251899904;25549726;39090942
1527712922221;5258;4744;396;251899904;25550054;39091685
1527712922321;5268;4753;397;251899904;25550428;39092480
1527712922421;5278;4762;398;251899904;25550926;39093336
1527712922521;5288;4772;398;251899904;25551090;39093707
1527712922621;5298;4780;399;251899904;25551418;39094499
1527712922721;5308;4790;399;251899904;25551634;39095191
1527712922821;5318;4800;399;251899904;25551956;39095665
1527712922921;5328;4808;401;251899904;25552284;39096403
1527712923021;5338;4816;402;251899904;25552612;39097142
1527712923121;5348;4826;402;251899904;25552940;39097885
1527712923221;5358;4834;404;251899904;25553268;39098627
1527712923322;5368;4844;404;251899904;25553596;39099367
1527712923422;5378;4854;404;251899904;25553760;39099738
1527712923522;5388;4863;405;251899904;25554180;39100581
1527712923622;5398;4872;406;251899904;25554344;39100954
1527712923723;5408;4881;406;251899904;25554836;39102062
1527712923823;5418;4890;407;251899904;25555164;39102805
1527712923923;5428;4899;408;251899904;25555374;39103227
1527712924024;5438;4908;408;251899904;25555702;39103967
1527712924124;5448;4917;410;251899904;25556030;39104710
1527712924224;5458;4927;410;251899904;25556358;39105454
1527712924324;5468;4935;411;251899904;25556686;39106194
1527712924424;5478;4944;412;251899904;25557014;39106934
1527712924524;5488;4954;412;251899904;25557434;39107780
1527712924628;5498;4962;414;251899904;25557762;39108520
1527712924728;5508;4972;414;251899904;25557926;39108891
1527712924830;5519;4982;414;251899904;25558418;39110001
1527712924930;5529;4990;416;251899904;25558792;39110793
1527712925031;5539;5000;416;251899904;25558956;39111164
1527712925131;5549;5009;416;251899904;25559284;39111905
1527712925231;5559;5017;418;251899904;25559612;39112647
1527712925332;5569;5026;419;251899904;25559940;39113390
1527712925432;5579;5035;420;251899904;25560268;39114133
1527712925532;5589;5044;420;251899904;25560596;39114871
1527712925633;5599;5054;420;251899904;25561016;39115716
1527712925733;5609;5063;421;251899904;25561344;39116455
1527712925834;5619;5072;422;251899904;25561684;39117260
1527712925935;5629;5080;424;251899904;25562124;39118051
1527712926035;5639;5089;425;251899904;25562334;39118473
1527712926135;5649;5098;425;251899904;25562826;39119584
1527712926236;5659;5108;426;251899904;25563154;39120327
1527712926336;5669;5116;427;251899904;25563370;39121015
1527712926440;5680;5126;428;251899904;25563698;39121757
1527712926540;5690;5136;428;251899904;25564138;39122551
1527712926640;5700;5145;428;251899904;25564466;39123240
1527712926741;5710;5154;429;251899904;25564676;39123716
1527712926841;5720;5162;431;251899904;25565050;39124509
1527712926941;5730;5172;431;251899904;25565378;39125251
1527712927041;5740;5181;432;251899904;25565706;39125992
1527712927142;5750;5190;432;251899904;25566080;39126786
1527712927242;5760;5199;433;251899904;25566408;39127526
1527712927342;5770;5208;434;251899904;25566736;39128265
1527712927442;5780;5218;434;251899904;25567064;39129005
1527712927542;5790;5227;435;251899904;25567392;39129747
1527712927642;5800;5237;435;251899904;25567720;39130490
1527712927742;5810;5246;435;251899904;25568094;39131284
1527712927842;5820;5256;435;251899904;25568468;39132080
1527712927942;5830;5264;437;251899904;25568796;39132822
1527712928042;5840;5274;437;251899904;25569124;39133560
1527712928142;5850;5283;438;251899904;25569498;39134351
1527712928243;5860;5292;438;251899904;25569826;39135091
1527712928343;5870;5301;439;251899904;25570154;39135832
1527712928443;5880;5311;439;251899904;25570482;39136571
1527712928544;5890;5320;440;251899904;25570810;39137310
1527712928644;5900;5328;441;251899904;25571190;39138372
1527712928744;5910;5338;442;251899904;25571466;39138792
1527712928845;5920;5347;442;251899904;25572004;39139957
1527712928945;5930;5356;443;251899904;25572378;39140751
1527712929046;5940;5365;444;251899904;25572706;39141492
1527712929146;5950;5374;445;251899904;25573158;39142350
1527712929246;5960;5383;446;251899904;25573532;39143144
1527712929346;5970;5391;447;251899904;25573860;39143885
1527712929447;5980;5400;449;251899904;25574188;39144627
1527712929547;5990;5408;450;251899904;25574516;39145369
1527712929647;6000;5418;450;251899904;25574844;39146108
1527712929748;6010;5427;451;251899904;25575172;39146848
1527712929848;6020;5436;452;251899904;25575664;39147908
1527712929949;6030;5445;452;251899904;25576038;39148755
1527712930049;6040;5454;454;251899904;25576366;39149499
1527712930149;6050;5463;454;251899904;25576576;39149922
1527712930249;6060;5472;455;251899904;25576950;39150716
1527712930350;6071;5480;456;251899904;25577330;39151779
1527712930450;6081;5490;457;251899904;25577606;39152203
1527712930552;6091;5498;459;251899904;25577822;39152891
1527712930653;6101;5508;459;251899904;25578150;39153633
1527712930753;6111;5516;460;251899904;25578590;39154431
1527712930853;6121;5525;461;251899904;25578918;39155173
1527712930953;6131;5534;462;251899904;25579246;39155913
1527712931056;6141;5543;463;251899904;25579620;39156703
1527712931156;6151;5553;463;251899904;25579948;39157394
1527712931257;6161;5562;464;251899904;25580158;39157869
1527712931360;6172;5572;464;251899904;25580584;39158978
1527712931460;6182;5581;464;251899904;25580860;39159400
1527712931560;6192;5590;465;251899904;25581188;39160139
1527712931660;6202;5600;465;251899904;25581680;39161201
1527712931760;6212;5609;466;251899904;25581844;39161622
1527712931860;6222;5618;467;251899904;25582172;39162361
1527712931961;6232;5628;467;251899904;25582500;39163100
1527712932061;6242;5635;469;251899904;25582828;39163836
1527712932161;6252;5644;470;251899904;25583202;39164630
1527712932262;6262;5654;470;251899904;25583418;39165319
1527712932362;6272;5663;471;251899904;25583904;39166164
1527712932462;6282;5672;472;251899904;25584402;39167072
1527712932562;6292;5680;474;251899904;25584730;39167813
1527712932663;6302;5689;474;251899904;25585058;39168554
1527712932763;6312;5699;474;251899904;25585386;39169243
1527712932863;6322;5708;475;251899904;25585550;39169666
1527712932963;6332;5717;476;251899904;25585930;39170728
1527712933063;6342;5726;477;251899904;25586206;39171151
1527712933163;6352;5735;478;251899904;25586630;39171943
1527712933264;6362;5744;479;251899904;25587122;39173052
1527712933364;6372;5751;481;251899904;25587496;39173791
1527712933464;6382;5760;482;251899904;25587916;39174636
1527712933565;6392;5768;484;251899904;25588244;39175376
1527712933668;6402;5777;485;251899904;25588460;39176065
1527712933768;6412;5786;486;251899904;25588900;39176807
1527712933869;6422;5795;486;251899904;25589116;39177553
1527712933969;6432;5805;487;251899904;25589556;39178297
1527712934070;6443;5814;488;251899904;25589772;39179038
1527712934170;6453;5823;488;251899904;25590100;39179778
1527712934270;6463;5831;490;251899904;25590474;39180571
1527712934370;6473;5840;490;251899904;25590914;39181363
1527712934471;6483;5850;491;251899904;25591242;39182105
1527712934571;6493;5859;491;251899904;25591662;39182954
1527712934671;6503;5868;492;251899904;25591990;39183695
1527712934776;6513;5878;492;251899904;25592318;39184438
1527712934880;6524;5888;493;251899904;25592646;39185181
1527712934980;6534;5896;494;251899904;25593138;39186247
1527712935080;6544;5905;495;251899904;25593466;39187041
1527712935180;6554;5914;496;251899904;25593794;39187783
1527712935281;6564;5923;496;251899904;25594122;39188523
1527712935381;6574;5932;497;251899904;25594286;39188894
1527712935481;6584;5942;498;251899904;25594548;39189636
1527712935582;6594;5951;498;251899904;25594988;39190431
1527712935682;6604;5960;499;251899904;25595408;39191275
1527712935782;6614;5970;499;251899904;25595860;39192132
1527712935882;6624;5978;500;251899904;25596188;39192874
1527712935983;6634;5988;501;251899904;25596516;39193615
1527712936083;6644;5996;502;251899904;25596844;39194357
1527712936183;6654;6004;504;251899904;25597172;39195098
1527712936284;6664;6013;505;251899904;25597500;39195841
1527712936384;6674;6022;506;251899904;25597828;39196581
1527712936485;6684;6031;507;251899904;25598202;39197376
1527712936585;6694;6039;508;251899904;25598530;39198120
1527712936685;6704;6048;509;251899904;25598740;39198544
1527712936785;6714;6058;510;251899904;25599114;39199339
1527712936886;6724;6066;511;251899904;25599442;39200081
1527712936986;6734;6075;512;251899904;25599770;39200827
1527712937086;6744;6084;513;251899904;25599986;39201516
1527712937186;6754;6093;513;251899904;25600262;39201941
1527712937287;6764;6103;513;251899904;25600590;39202679
1527712937387;6774;6112;514;251899904;25600918;39203423
1527712937487;6784;6121;515;251899904;25601410;39204535
1527712937587;6794;6130;515;251899904;25601784;39205329
1527712937688;6804;6140;516;251899904;25602112;39206073
1527712937788;6814;6149;516;251899904;25602486;39206865
1527712937888;6824;6157;518;251899904;25602696;39207286
1527712937989;6834;6166;518;251899904;25603188;39208401
1527712938089;6844;6176;519;251899904;25603516;39209144
1527712938189;6854;6185;519;251899904;25603844;39209887
1527712938289;6864;6195;519;251899904;25604172;39210629
1527712938389;6874;6204;520;251899904;25604500;39211372
1527712938489;6884;6213;521;251899904;25604828;39212111
1527712938589;6894;6222;522;251899904;25605156;39212853
1527712938689;6904;6232;522;251899904;25605530;39213644
1527712938790;6915;6241;522;251899904;25605858;39214387
1527712938890;6925;6251;522;251899904;25606232;39215179
1527712938990;6935;6260;523;251899904;25606606;39215972
1527712939091;6945;6270;523;251899904;25606894;39216460
1527712939191;6955;6278;525;251899904;25607222;39217199
1527712939291;6965;6288;525;251899904;25607386;39217569
1527712939392;6975;6296;526;251899904;25607714;39218309
1527712939492;6985;6306;527;251899904;25608042;39219051
1527712939593;6995;6315;527;251899904;25608370;39219793
1527712939693;7005;6324;528;251899904;25608908;39220961
1527712939793;7015;6334;528;251899904;25609072;39221332
1527712939893;7025;6342;529;251899904;25609498;39222446
1527712939993;7035;6352;530;251899904;25609938;39223240
1527712940093;7045;6360;531;251899904;25610266;39223934
1527712940193;7055;6370;532;251899904;25610640;39224797
1527712940293;7065;6379;532;251899904;25610968;39225504
1527712940393;7075;6388;533;251899904;25611296;39226313
1527712940494;7085;6397;534;251899904;25611624;39227070
1527712940594;7095;6406;535;251899904;25611952;39227830
1527712940694;7105;6414;536;251899904;25612280;39228581
1527712940794;7115;6423;537;251899904;25612490;39229010
1527712940895;7125;6433;537;251899904;25612870;39230085
1527712940995;7135;6442;538;251899904;25613192;39230564
1527712941095;7145;6452;538;251899904;25613520;39231316
1527712941195;7155;6460;540;251899904;25613848;39232074
1527712941296;7165;6469;540;251899904;25614222;39232878
1527712941396;7175;6478;541;251899904;25614602;39233958
1527712941496;7185;6487;542;251899904;25615042;39234763
1527712941597;7195;6496;542;251899904;25615370;39235515
1527712941697;7205;6505;543;251899904;25615534;39235891
1527712941797;7215;6515;543;251899904;25615908;39236697
1527712941897;7225;6523;545;251899904;25616236;39237450
1527712941997;7235;6532;546;251899904;25616610;39238254
1527712942097;7245;6541;547;251899904;25616938;39239010
1527712942197;7255;6550;547;251899904;25617266;39239763
1527712942298;7265;6559;548;251899904;25617804;39240945
1527712942398;7275;6568;549;251899904;25618132;39241701
1527712942500;7286;6577;550;251899904;25618584;39242567
1527712942600;7296;6587;550;251899904;25618962;39243321
1527712942700;7306;6596;550;251899904;25619126;39243698
1527712942800;7316;6605;551;251899904;25620218;39244451
1527712942900;7326;6614;552;251899904;25620592;39245246
1527712943001;7336;6624;552;251899904;25620920;39245938
1527712943101;7346;6633;552;251899904;25621130;39246414
1527712943201;7356;6642;553;251899904;25621622;39247526
1527712943301;7366;6652;553;251899904;25621786;39247897
1527712943401;7376;6660;554;251899904;25622114;39248637
1527712943501;7386;6670;555;251899904;25622278;39249009
1527712943601;7396;6679;555;251899904;25622488;39249434
1527712943701;7406;6688;556;251899904;25622816;39250179
1527712943801;7416;6696;558;251899904;25623651;39250551
1527712943901;7426;6705;558;251899904;25624025;39251345
1527712944001;7436;6714;559;251899904;25624353;39252087
1527712944101;7446;6723;560;251899904;25624563;39252512
1527712944204;7456;6733;560;251899904;25624891;39253256
1527712944305;7466;6742;561;251899904;25625219;39254000
1527712944405;7476;6752;561;251899904;25625547;39254745
1527712944505;7486;6761;562;251899904;25625875;39255491
1527712944605;7496;6770;563;251899904;25626203;39256233
1527712944705;7506;6779;563;251899904;25626577;39257029
1527712944805;7516;6789;563;251899904;25626905;39257774
1527712944905;7526;6798;564;251899904;25627233;39258518
1527712945005;7536;6808;564;251899904;25627607;39259316
1527712945105;7546;6816;565;251899904;25627935;39260061
1527712945205;7556;6825;566;251899904;25628309;39260857
1527712945306;7566;6835;566;251899904;25628637;39261603
1527712945406;7576;6844;567;251899904;25628965;39262349
1527712945506;7586;6854;567;251899904;25629293;39263095
1527712945606;7596;6863;568;251899904;25629621;39263839
1527712945706;7606;6872;568;251899904;25630337;39264585
1527712945806;7616;6881;569;251899904;25630835;39265499
1527712945906;7626;6890;570;251899904;25631163;39266244
1527712946007;7636;6900;570;251899904;25631491;39266988
1527712946107;7646;6909;570;251899904;25631865;39267787
1527712946207;7656;6919;571;251899904;25632193;39268532
1527712946307;7666;6928;572;251899904;25632567;39269329
1527712946407;7676;6937;572;251899904;25632895;39270074
1527712946508;7686;6947;572;251899904;25633223;39270819
1527712946608;7696;6956;573;251899904;25633439;39271510
1527712946708;7706;6965;574;251899904;25633879;39272308
1527712946809;7716;6974;574;251899904;25634924;39273052
1527712946909;7726;6984;574;251899904;25635140;39273797
1527712947009;7736;6993;574;251899904;25635416;39274222
1527712947110;7747;7002;576;251899904;25635790;39275018
1527712947210;7757;7012;576;251899904;25636118;39275763
1527712947311;7767;7020;577;251899904;25636446;39276507
1527712947411;7777;7030;577;251899904;25636820;39277304
1527712947511;7787;7039;578;251899904;25636984;39277677
1527712947612;7797;7047;580;251899904;25637312;39278425
1527712947712;7807;7056;580;251899904;25637692;39279490
1527712947813;7817;7065;581;251899904;25637968;39279915
1527712947913;7827;7075;581;251899904;25638460;39280981
1527712948013;7837;7084;582;251899904;25638834;39281831
1527712948113;7847;7092;583;251899904;25638998;39282201
1527712948213;7857;7102;584;251899904;25639428;39283265
1527712948315;7867;7110;585;251899904;25639848;39284061
1527712948416;7877;7120;585;251899904;25640288;39284858
1527712948516;7887;7130;585;251899904;25640662;39285654
1527712948617;7897;7140;586;251899904;25640990;39286401
1527712948717;7907;7149;586;251899904;25641318;39287144
1527712948817;7917;7158;587;251899904;25641646;39287836
1527712948918;7927;7167;588;251899904;25641974;39288634
1527712949018;7937;7176;588;251899904;25642302;39289379
1527712949118;7947;7184;591;251899904;25642636;39289920
1527712949218;7957;7193;591;251899904;25642964;39290667
1527712949319;7967;7201;593;251899904;25643338;39291463
1527712949420;7978;7210;594;251899904;25643666;39292209
1527712949520;7988;7218;596;251899904;25643994;39292954
1527712949620;7998;7227;596;251899904;25644368;39293750
1527712949720;8008;7236;596;251899904;25644696;39294495
1527712949820;8018;7246;597;251899904;25645024;39295240
1527712949920;8028;7255;598;251899904;25645352;39295986
1527712950020;8038;7264;598;251899904;25645680;39296731
1527712950120;8048;7273;599;251899904;25646008;39297476
1527712950220;8058;7282;600;251899904;25646172;39297847
1527712950320;8068;7292;600;251899904;25646546;39298642
1527712950420;8078;7302;600;251899904;25646920;39299439
1527712950520;8088;7311;601;251899904;25647248;39300185
1527712950621;8098;7320;601;251899904;25647622;39300981
1527712950721;8108;7329;602;251899904;25647950;39301726
1527712950821;8118;7338;603;251899904;25648278;39302472
1527712950921;8128;7348;603;251899904;25648606;39303217
1527712951021;8138;7356;604;251899904;25648934;39303961
1527712951121;8148;7366;604;251899904;25649262;39304707
1527712951222;8158;7376;605;251899904;25649590;39305452
1527712951322;8168;7384;606;251899904;25649964;39306249
1527712951422;8178;7393;607;251899904;25650292;39306993
1527712951522;8188;7402;608;251899904;25650666;39307788
1527712951622;8198;7412;608;251899904;25650994;39308533
1527712951722;8208;7421;608;251899904;25651368;39309328
1527712951822;8218;7430;609;251899904;25651696;39310070
1527712951923;8228;7439;610;251899904;25651912;39310761
1527712952023;8238;7449;610;251899904;25652188;39311186
1527712952123;8248;7458;611;251899904;25652516;39311932
1527712952224;8258;7467;611;251899904;25652844;39312676
1527712952324;8268;7476;612;251899904;25653172;39313420
1527712952424;8278;7485;613;251899904;25653546;39314214
1527712952524;8288;7494;614;251899904;25653998;39315075
1527712952624;8298;7504;614;251899904;25654372;39315871
1527712952724;8308;7514;614;251899904;25654700;39316615
1527712952824;8318;7521;616;251899904;25655074;39317411
1527712952924;8328;7530;617;251899904;25655402;39318155
1527712953024;8338;7539;618;251899904;25655730;39318901
1527712953124;8348;7547;620;251899904;25656058;39319646
1527712953224;8358;7556;621;251899904;25656274;39320338
1527712953324;8368;7564;622;251899904;25656682;39320762
1527712953425;8378;7572;624;251899904;25657010;39321506
1527712953525;8388;7582;624;251899904;25657548;39322623
1527712953625;8398;7591;624;251899904;25657922;39323473
1527712953725;8408;7601;625;251899904;25658250;39324218
1527712953826;8418;7610;626;251899904;25658624;39325012
1527712953926;8428;7618;627;251899904;25658952;39325758
1527712954026;8438;7628;627;251899904;25659280;39326502
1527712954126;8448;7636;628;251899904;25659608;39327247
1527712954227;8458;7646;628;251899904;25659936;39327991
1527712954327;8468;7655;630;251899904;25660152;39328684
1527712954427;8478;7664;630;251899904;25660592;39329480
1527712954527;8488;7673;631;251899904;25660920;39330225
1527712954628;8498;7682;632;251899904;25661294;39331021
1527712954728;8508;7691;633;251899904;25661668;39331817
1527712954828;8518;7700;633;251899904;25661996;39332560
1527712954929;8528;7710;634;251899904;25662370;39333355
1527712955029;8538;7718;635;251899904;25662698;39334097
1527712955129;8548;7728;635;251899904;25663026;39334842
1527712955229;8558;7737;636;251899904;25663354;39335585
1527712955329;8568;7746;637;251899904;25663682;39336329
1527712955429;8578;7755;638;251899904;25664010;39337074
1527712955529;8588;7764;639;251899904;25664338;39337819
1527712955630;8599;7774;639;251899904;25664502;39338191
1527712955730;8609;7782;640;251899904;25664922;39339040
1527712955830;8619;7792;640;251899904;25665881;39339528
1527712955930;8629;7801;641;251899904;25666255;39340325
1527712956031;8639;7810;641;251899904;25666583;39341071
1527712956131;8649;7818;643;251899904;25667075;39342188
1527712956231;8659;7828;644;251899904;25667403;39342934
1527712956331;8669;7837;644;251899904;25667731;39343678
1527712956433;8679;7846;645;251899904;25668059;39344421
1527712956533;8689;7855;646;251899904;25668387;39345166
1527712956633;8699;7865;646;251899904;25668715;39345911
1527712956733;8709;7874;646;251899904;25669043;39346656
1527712956834;8719;7883;647;251899904;25669417;39347454
1527712956934;8729;7892;648;251899904;25669791;39348251
1527712957036;8739;7901;649;251899904;25670165;39349046
1527712957136;8749;7910;649;251899904;25670493;39349790
1527712957236;8759;7918;651;251899904;25670821;39350535
1527712957336;8769;7927;652;251899904;25671149;39351278
1527712957437;8779;7936;653;251899904;25671477;39352022
1527712957537;8789;7945;654;251899904;25671805;39352766
1527712957640;8800;7954;654;251899904;25672185;39353831
1527712957740;8810;7962;656;251899904;25672625;39354629
1527712957841;8820;7971;658;251899904;25672953;39355373
1527712957941;8830;7981;658;251899904;25673327;39356166
1527712958041;8840;7988;660;251899904;25673537;39356588
1527712958141;8850;7998;660;251899904;25674075;39357759
1527712958242;8860;8006;661;251899904;25674403;39358504
1527712958342;8870;8016;662;251899904;25674731;39359247
1527712958442;8880;8024;663;251899904;25675059;39359993
1527712958543;8890;8034;664;251899904;25675223;39360366
1527712958646;8900;8043;664;251899904;25675603;39361432
1527712958746;8910;8052;666;251899904;25675879;39361857
1527712958846;8920;8061;666;251899904;25676207;39362601
1527712958947;8930;8070;666;251899904;25676699;39363719
1527712959047;8940;8079;668;251899904;25677073;39364518
1527712959147;8950;8088;668;251899904;25677571;39365432
1527712959248;8960;8098;668;251899904;25677945;39366228
1527712959348;8970;8107;669;251899904;25678273;39366972
1527712959448;8980;8116;670;251899904;25678601;39367719
1527712959549;8990;8126;670;251899904;25678929;39368464
1527712959649;9000;8135;671;251899904;25679257;39369207
1527712959749;9010;8144;672;251899904;25679585;39369949
1527712959849;9020;8153;672;251899904;25679913;39370694
1527712959949;9030;8161;674;251899904;25680077;39371063
1527712960049;9040;8170;674;251899904;25680405;39371809
1527712960149;9050;8180;675;251899904;25680779;39372606
1527712960250;9061;8188;676;251899904;25681153;39373405
1527712960350;9071;8198;677;251899904;25681527;39374201
1527712960450;9081;8207;678;251899904;25681855;39374893
1527712960551;9091;8215;679;251899904;25682071;39375637
1527712960651;9101;8224;680;251899904;25682347;39376061
1527712960751;9111;8234;680;251899904;25682675;39376806
1527712960852;9121;8242;681;251899904;25683003;39377550
1527712960952;9131;8252;681;251899904;25683331;39378295
1527712961052;9141;8262;682;251899904;25683659;39379038
1527712961152;9151;8270;683;251899904;25683987;39379780
1527712961252;9161;8279;684;251899904;25684197;39380203
1527712961353;9171;8288;685;251899904;25684571;39380999
1527712961453;9181;8297;686;251899904;25684945;39381741
1527712961556;9191;8306;686;251899904;25685109;39382164
1527712961656;9201;8316;687;251899904;25685437;39382906
1527712961756;9211;8324;688;251899904;25685765;39383652
1527712961856;9221;8334;688;251899904;25686093;39384394
1527712961956;9231;8343;689;251899904;25686473;39385461
1527712962056;9241;8351;690;251899904;25686749;39385886
1527712962156;9251;8360;691;251899904;25687077;39386630
1527712962256;9261;8370;692;251899904;25687451;39387427
1527712962356;9271;8378;693;251899904;25687661;39387851
1527712962456;9281;8387;694;251899904;25688159;39388766
1527712962556;9291;8396;695;251899904;25688487;39389511
1527712962656;9301;8404;696;251899904;25688979;39390628
1527712962756;9311;8414;697;251899904;25689143;39390998
1527712962856;9321;8422;698;251899904;25689471;39391745
1527712962956;9331;8430;700;251899904;25689799;39392492
1527712963056;9341;8439;701;251899904;25690127;39393236
1527712963158;9351;8447;702;251899904;25690619;39394352
1527712963259;9361;8457;702;251899904;25690997;39395047
1527712963359;9371;8465;704;251899904;25691417;39395893
1527712963459;9381;8474;705;251899904;25691745;39396638
1527712963560;9392;8483;706;251899904;25692119;39397436
1527712963660;9402;8491;708;251899904;25692493;39398232
1527712963761;9412;8501;708;251899904;25692821;39398976
1527712963861;9422;8510;709;251899904;25693313;39400093
1527712963961;9432;8519;709;251899904;25693641;39400836
1527712964062;9442;8528;710;251899904;25693805;39401208
1527712964162;9452;8538;710;251899904;25694133;39401953
1527712964262;9462;8547;710;251899904;25694461;39402698
1527712964362;9472;8556;711;251899904;25694835;39403493
1527712964462;9482;8565;712;251899904;25695163;39404235
1527712964562;9492;8574;714;251899904;25695537;39405031
1527712964662;9502;8582;715;251899904;25695911;39405828
1527712964763;9512;8592;715;251899904;25696075;39406200
1527712964863;9522;8600;716;251899904;25696403;39406945
1527712964963;9532;8610;717;251899904;25696731;39407689
1527712965063;9542;8618;718;251899904;25697059;39408381
1527712965163;9552;8628;718;251899904;25697387;39409179
1527712965263;9562;8636;719;251899904;25697551;39409550
1527712965363;9572;8646;720;251899904;25697879;39410295
1527712965463;9582;8655;720;251899904;25698089;39410719
1527712965563;9592;8663;722;251899904;25698469;39411786
1527712965663;9602;8672;723;251899904;25698745;39412211
1527712965764;9612;8681;724;251899904;25699119;39413007
1527712965864;9622;8690;724;251899904;25699617;39413918
1527712965964;9632;8700;724;251899904;25699781;39414288
1527712966065;9642;8709;725;251899904;25700109;39415032
1527712966165;9652;8719;725;251899904;25700437;39415720
1527712966265;9662;8728;725;251899904;25700601;39416144
1527712966365;9672;8737;726;251899904;25700929;39416891
1527712966465;9682;8746;727;251899904;25701257;39417634
1527712966565;9692;8756;727;251899904;25701631;39418433
1527712966666;9702;8765;728;251899904;25701795;39418805
1527712966766;9712;8774;728;251899904;25702169;39419601
1527712966866;9722;8783;729;251899904;25702543;39420398
1527712966966;9732;8792;730;251899904;25702871;39421141
1527712967067;9742;8801;731;251899904;25703199;39421886
1527712967167;9752;8810;732;251899904;25703527;39422628
1527712967267;9762;8820;732;251899904;25703855;39423372
1527712967367;9772;8828;734;251899904;25704183;39424118
1527712967467;9782;8838;734;251899904;25704511;39424861
1527712967568;9792;8848;734;251899904;25704885;39425659
1527712967668;9802;8856;735;251899904;25705213;39426403
1527712967768;9812;8866;736;251899904;25705541;39427147
1527712967871;9823;8874;738;251899904;25705967;39428267
1527712967971;9833;8883;738;251899904;25706453;39429131
1527712968071;9843;8891;740;251899904;25706781;39429889
1527712968173;9853;8899;742;251899904;25707109;39430649
1527712968274;9863;8908;742;251899904;25707273;39431028
1527712968374;9873;8918;743;251899904;25707601;39431786
1527712968474;9883;8927;743;251899904;25707929;39432542
1527712968574;9893;8936;744;251899904;25708257;39433297
1527712968674;9903;8945;745;251899904;25708631;39434107
1527712968774;9913;8954;746;251899904;25708959;39434865
1527712968874;9923;8964;746;251899904;25709287;39435619
1527712968975;9933;8973;746;251899904;25709707;39436477
1527712969075;9943;8982;747;251899904;25709871;39436854
1527712969175;9953;8992;747;251899904;25710323;39437725
1527712969276;9963;9002;747;251899904;25710651;39438479
1527712969376;9973;9011;747;251899904;25710979;39439232
1527712969476;9983;9020;748;251899904;25711307;39439989
1527712969576;9993;9029;749;251899904;25711635;39440745
1527712969676;10003;9038;750;251899904;25712061;39441881
1527712969776;10013;9047;751;251899904;25712501;39442635
1527712969876;10023;9056;752;251899904;25712829;39443442
1527712969976;10033;9065;752;251899904;25713157;39444200
1527712970076;10043;9075;752;251899904;25713531;39445008
1527712970176;10053;9084;753;251899904;25713859;39445760
1527712970276;10063;9093;754;251899904;25714069;39446190
1527712970376;10073;9102;754;251899904;25714561;39447270
1527712970476;10083;9112;755;251899904;25714889;39448025
1527712970576;10093;9121;755;251899904;25715217;39448775
1527712970676;10103;9130;756;251899904;25715381;39449204
1527712970776;10113;9140;756;251899904;25715807;39450333
1527712970876;10123;9148;757;251899904;25716247;39451137
1527712970976;10133;9158;757;251899904;25716411;39451515
1527712971076;10143;9166;759;251899904;25716837;39452649
1527712971177;10153;9175;760;251899904;25717277;39453455
1527712971277;10163;9184;760;251899904;25717651;39454263
1527712971377;10173;9194;761;251899904;25717815;39454643
1527712971479;10183;9202;762;251899904;25718143;39455397
1527712971579;10193;9212;763;251899904;25718471;39456154
1527712971680;10204;9220;764;251899904;25718635;39456532
1527712971781;10214;9230;765;251899904;25719009;39457340
1527712971881;10224;9238;766;251899904;25719501;39458471
1527712971981;10234;9248;766;251899904;25719665;39458850
1527712972082;10244;9256;767;251899904;25719993;39459605
1527712972182;10254;9266;768;251899904;25720367;39460411
1527712972282;10264;9274;769;251899904;25720859;39461539
1527712972382;10274;9284;769;251899904;25721233;39462294
1527712972482;10284;9294;769;251899904;25721521;39462836
1527712972582;10294;9302;771;251899904;25721849;39463592
1527712972682;10304;9312;771;251899904;25722013;39463970
1527712972782;10314;9321;771;251899904;25722505;39465106
1527712972882;10324;9329;773;251899904;25722879;39465919
1527712972983;10334;9338;774;251899904;25723207;39466624
1527712973083;10344;9347;774;251899904;25723535;39467431
1527712973183;10354;9357;774;251899904;25723863;39468187
1527712973284;10364;9367;775;251899904;25724191;39468943
1527712973384;10374;9375;776;251899904;25724565;39469749
1527712973484;10384;9384;777;251899904;25724893;39470453
1527712973585;10394;9394;777;251899904;25725103;39470933
1527712973685;10404;9403;778;251899904;25725431;39471682
1527712973785;10414;9412;779;251899904;25725811;39472736
1527712973886;10424;9421;779;251899904;25726251;39473528
1527712973986;10434;9431;780;251899904;25726579;39474270
1527712974086;10444;9440;780;251899904;25726953;39475061
1527712974187;10454;9450;780;251899904;25727117;39475432
1527712974287;10464;9460;780;251899904;25727445;39476174
1527712974387;10474;9468;781;251899904;25727983;39477343
1527712974488;10484;9478;781;251899904;25728311;39478086
1527712974588;10494;9488;782;251899904;25728685;39478879
1527712974688;10504;9497;782;251899904;25729013;39479622
1527712974789;10514;9506;784;251899904;25729341;39480364
1527712974892;10525;9515;784;251899904;25729669;39481108
1527712974992;10535;9524;785;251899904;25729997;39481850
1527712975092;10545;9532;787;251899904;25730371;39482645
1527712975192;10555;9541;788;251899904;25730699;39483384
1527712975292;10565;9550;788;251899904;25731027;39484126
1527712975392;10575;9559;789;251899904;25731401;39484922
1527712975492;10585;9568;790;251899904;25731729;39485665
1527712975593;10595;9576;792;251899904;25732103;39486462
1527712975693;10605;9585;793;251899904;25732431;39487206
1527712975793;10615;9594;793;251899904;25733147;39487950
1527712975894;10625;9604;794;251899904;25733599;39488808
1527712975994;10635;9613;794;251899904;25733927;39489552
1527712976094;10645;9622;795;251899904;25734255;39490293
1527712976194;10655;9631;796;251899904;25734629;39491091
1527712976295;10665;9640;797;251899904;25734957;39491835
1527712976395;10675;9648;798;251899904;25735285;39492579
1527712976495;10685;9658;799;251899904;25735613;39493320
1527712976595;10695;9667;799;251899904;25735987;39494114
1527712976696;10705;9676;800;251899904;25736315;39494857
1527712976796;10715;9685;801;251899904;25736643;39495601
1527712976896;10725;9694;801;251899904;25736807;39495974
1527712976997;10735;9702;803;251899904;25737181;39496769
1527712977097;10745;9711;804;251899904;25737509;39497515
1527712977197;10755;9720;805;251899904;25737883;39498311
1527712977298;10765;9729;806;251899904;25738211;39499053
1527712977398;10775;9737;807;251899904;25738539;39499794
1527712977498;10785;9746;808;251899904;25738867;39500538
1527712977598;10795;9756;809;251899904;25739195;39501279
1527712977698;10805;9765;809;251899904;25739405;39501704
1527712977798;10815;9775;809;251899904;25739733;39502445
1527712977898;10825;9784;809;251899904;25740061;39503188
1527712977999;10835;9793;811;251899904;25740435;39503982
1527712978099;10845;9802;812;251899904;25740763;39504726
1527712978199;10855;9811;812;251899904;25741023;39505151
1527712978299;10865;9820;813;251899904;25741351;39505895
1527712978399;10875;9829;813;251899904;25741725;39506637
1527712978500;10886;9839;813;251899904;25742053;39507380
1527712978604;10896;9849;813;251899904;25742269;39508069
1527712978704;10906;9858;814;251899904;25742755;39508864
1527712978808;10916;9868;814;251899904;25742971;39509607
1527712978908;10926;9877;815;251899904;25743299;39510348
1527712979011;10937;9886;816;251899904;25743627;39511089
1527712979111;10947;9895;817;251899904;25743903;39511511
1527712979211;10957;9902;820;251899904;25744565;39512745
1527712979312;10967;9911;821;251899904;25744729;39513168
1527712979416;10977;9920;822;251899904;25745267;39514286
1527712979516;10987;9930;822;251899904;25745431;39514711
1527712979617;10997;9939;823;251899904;25745759;39515456
1527712979717;11007;9947;824;251899904;25746087;39516199
1527712979817;11017;9957;825;251899904;25746461;39516995
1527712979917;11027;9966;825;251899904;25746789;39517738
1527712980017;11037;9975;826;251899904;25747117;39518482
1527712980117;11047;9984;826;251899904;25747445;39519225
1527712980218;11057;9993;828;251899904;25747773;39519970
1527712980318;11067;10002;828;251899904;25748147;39520761
1527712980418;11077;10011;829;251899904;25748521;39521558
1527712980518;11087;10020;830;251899904;25748849;39522302
1527712980619;11097;10030;830;251899904;25749177;39523048
1527712980719;11107;10040;830;251899904;25749393;39523740
1527712980820;11118;10050;830;251899904;25749669;39524163
1527712980920;11128;10060;830;251899904;25750043;39524959
1527712981020;11138;10069;830;251899904;25750371;39525703
1527712981121;11148;10078;831;251899904;25750699;39526446
1527712981221;11158;10088;831;251899904;25751027;39527140
1527712981321;11168;10096;833;251899904;25751355;39527937
1527712981422;11178;10105;834;251899904;25751565;39528360
1527712981524;11188;10114;834;251899904;25751991;39529472
1527712981625;11198;10124;835;251899904;25752431;39530267
1527712981725;11208;10133;836;251899904;25752759;39531011
1527712981825;11218;10142;836;251899904;25753087;39531757
1527712981925;11228;10151;837;251899904;25753461;39532554
1527712982026;11238;10160;838;251899904;25753789;39533294
1527712982126;11248;10168;839;251899904;25754117;39534039
1527712982226;11258;10178;840;251899904;25754445;39534782
1527712982326;11268;10187;840;251899904;25754609;39535154
1527712982426;11278;10196;841;251899904;25754773;39535526
1527712982526;11288;10204;842;251899904;25755271;39536437
1527712982626;11298;10214;843;251899904;25755645;39537232
1527712982727;11308;10223;844;251899904;25756025;39538296
1527712982827;11318;10233;844;251899904;25756353;39539038
1527712982928;11328;10242;844;251899904;25756629;39539460
1527712983028;11338;10252;844;251899904;25757003;39540257
1527712983128;11348;10261;845;251899904;25757331;39541000
1527712983228;11358;10269;846;251899904;25757659;39541742
1527712983328;11368;10278;848;251899904;25757987;39542488
1527712983429;11378;10287;848;251899904;25758315;39543234
1527712983529;11388;10295;850;251899904;25758689;39544029
1527712983629;11398;10304;851;251899904;25758899;39544454
1527712983729;11408;10313;852;251899904;25759227;39545199
1527712983830;11419;10322;853;251899904;25759555;39545941
1527712983930;11429;10330;854;251899904;25759883;39546683
1527712984030;11439;10340;854;251899904;25760047;39547057
1527712984132;11449;10349;855;251899904;25760421;39547855
1527712984232;11459;10358;856;251899904;25760913;39548970
1527712984332;11469;10368;856;251899904;25761241;39549711
1527712984432;11479;10377;857;251899904;25761405;39550085
1527712984533;11489;10387;857;251899904;25761733;39550828
1527712984633;11499;10396;858;251899904;25762107;39551624
1527712984733;11509;10404;859;251899904;25762481;39552422
1527712984833;11519;10412;861;251899904;25762809;39553166
1527712984934;11529;10421;862;251899904;25763137;39553908
1527712985036;11539;10430;863;251899904;25763465;39554649
1527712985136;11549;10439;864;251899904;25763793;39555394
1527712985236;11559;10449;864;251899904;25764167;39556188
1527712985336;11569;10457;865;251899904;25764495;39556931
1527712985436;11579;10466;866;251899904;25764823;39557676
1527712985536;11589;10475;867;251899904;25765151;39558422
1527712985636;11599;10484;868;251899904;25765479;39559168
1527712985736;11609;10494;868;251899904;25765899;39560016
1527712985836;11619;10503;868;251899904;25766351;39560877
1527712985936;11629;10512;869;251899904;25766679;39561620
1527712986037;11639;10521;870;251899904;25767007;39562366
1527712986137;11649;10529;872;251899904;25767499;39563478
1527712986237;11659;10539;872;251899904;25767709;39563903
1527712986337;11669;10548;872;251899904;25768089;39564965
1527712986437;11679;10557;873;251899904;25768529;39565710
1527712986537;11689;10566;874;251899904;25768693;39566134
1527712986637;11699;10575;875;251899904;25769021;39566880
1527712986738;11709;10583;876;251899904;25769349;39567621
1527712986838;11719;10592;877;251899904;25769887;39568791
1527712986938;11729;10602;877;251899904;25770261;39569588
1527712987040;11740;10611;878;251899904;25770425;39569961
1527712987140;11750;10620;879;251899904;25770917;39571079
1527712987240;11760;10629;880;251899904;25771245;39571822
1527712987340;11770;10638;880;251899904;25771455;39572247
1527712987441;11780;10648;881;251899904;25771783;39572993
1527712987541;11790;10657;882;251899904;25772111;39573737
1527712987641;11800;10666;882;251899904;25772439;39574482
1527712987741;11810;10675;883;251899904;25772767;39575227
1527712987842;11820;10684;884;251899904;25773141;39576024
1527712987942;11830;10693;884;251899904;25773469;39576768
1527712988042;11840;10702;885;251899904;25774007;39577881
1527712988142;11850;10712;886;251899904;25774335;39578623
1527712988242;11860;10720;887;251899904;25774499;39579047
1527712988342;11870;10729;888;251899904;25774827;39579789
1527712988442;11880;10738;888;251899904;25775201;39580585
1527712988542;11890;10747;889;251899904;25775529;39581330
1527712988642;11900;10756;890;251899904;25775857;39582075
1527712988743;11910;10766;890;251899904;25776185;39582820
1527712988843;11920;10775;891;251899904;25776513;39583565
1527712988943;11930;10784;891;251899904;25776887;39584363
1527712989043;11940;10794;892;251899904;25777215;39585106
1527712989143;11950;10803;892;251899904;25777589;39585903
1527712989244;11960;10811;894;251899904;25778041;39586763
1527712989344;11970;10820;895;251899904;25778369;39587506
1527712989444;11980;10829;896;251899904;25778579;39587930
1527712989544;11990;10838;896;251899904;25778907;39588674
1527712989644;12000;10847;898;251899904;25779235;39589418
1527712989744;12010;10856;898;251899904;25779563;39590161
1527712989844;12020;10865;899;251899904;25779891;39590907
1527712989944;12030;10874;900;251899904;25780265;39591701
1527712990044;12040;10883;901;251899904;25780481;39592393
1527712990145;12050;10892;902;251899904;25780757;39592817
1527712990245;12060;10901;902;251899904;25781131;39593612
1527712990345;12070;10909;904;251899904;25781459;39594354
1527712990445;12080;10917;906;251899904;25781833;39595147
1527712990545;12090;10926;907;251899904;25782161;39595891
1527712990645;12100;10936;907;251899904;25782489;39596634
1527712990745;12110;10946;907;251899904;25782817;39597379
1527712990845;12120;10955;907;251899904;25783145;39598125
1527712990946;12130;10964;908;251899904;25783519;39598922
1527712991046;12140;10973;908;251899904;25783847;39599667
1527712991148;12150;10983;909;251899904;25784011;39600039
1527712991248;12160;10990;911;251899904;25784385;39600833
1527712991348;12170;11000;912;251899904;25784713;39601575
1527712991448;12180;11009;912;251899904;25785041;39602320
1527712991548;12190;11018;912;251899904;25785251;39602743
1527712991648;12200;11027;914;251899904;25785579;39603490
1527712991748;12210;11035;915;251899904;25785907;39604235
1527712991848;12220;11044;916;251899904;25786235;39604979
1527712991948;12230;11053;917;251899904;25786563;39605725
1527712992048;12240;11062;918;251899904;25786891;39606470
1527712992148;12250;11071;919;251899904;25787265;39607264
1527712992248;12260;11080;919;251899904;25787593;39608007
1527712992348;12270;11089;920;251899904;25787967;39608804
1527712992448;12280;11098;921;251899904;25788183;39609497
1527712992549;12290;11108;921;251899904;25788583;39610039
1527712992649;12300;11117;921;251899904;25788957;39610833
1527712992749;12310;11127;921;251899904;25789285;39611574
1527712992850;12321;11137;922;251899904;25789613;39612318
1527712992950;12331;11145;923;251899904;25789941;39613057
1527712993050;12341;11154;924;251899904;25790433;39614123
1527712993150;12351;11164;924;251899904;25790857;39614972
1527712993250;12361;11174;924;251899904;25791237;39615715
1527712993350;12371;11183;924;251899904;25791617;39616460
1527712993451;12381;11192;925;251899904;25791991;39617202
1527712993551;12391;11202;925;251899904;25792155;39617574
1527712993651;12401;11211;926;251899904;25792529;39618370
1527712993751;12411;11220;926;251899904;25792739;39618794
1527712993851;12421;11230;926;251899904;25793067;39619540
1527712993951;12431;11240;926;251899904;25793395;39620282
1527712994052;12441;11248;928;251899904;25793559;39620655
1527712994152;12451;11258;928;251899904;25793887;39621398
1527712994252;12461;11267;928;251899904;25794261;39622195
1527712994352;12471;11276;930;251899904;25794589;39622939
1527712994452;12481;11285;930;251899904;25794917;39623682
1527712994553;12491;11294;931;251899904;25795081;39624053
1527712994653;12501;11303;932;251899904;25795573;39625171
1527712994753;12511;11313;932;251899904;25795783;39625595
1527712994853;12521;11321;933;251899904;25796157;39626391
1527712994954;12531;11331;934;251899904;25796485;39627136
1527712995054;12541;11340;934;251899904;25796813;39627880
1527712995154;12551;11349;935;251899904;25797141;39628624
1527712995254;12561;11358;936;251899904;25797515;39629417
1527712995354;12571;11368;936;251899904;25797843;39630156
1527712995454;12581;11378;936;251899904;25798171;39630900
1527712995554;12591;11387;936;251899904;25798499;39631647
1527712995655;12601;11396;937;251899904;25798988;39632387
1527712995755;12611;11404;938;251899904;25799362;39633181
1527712995855;12621;11414;939;251899904;25799860;39634095
1527712995956;12631;11422;940;251899904;25800352;39635160
1527712996056;12641;11431;941;251899904;25800516;39635584
1527712996157;12651;11440;942;251899904;25800844;39636329
1527712996257;12661;11449;943;251899904;25801172;39637072
1527712996357;12671;11459;943;251899904;25801500;39637811
1527712996457;12681;11468;943;251899904;25801874;39638604
1527712996558;12691;11477;944;251899904;25802252;39639346
1527712996658;12701;11486;945;251899904;25803135;39640088
1527712996758;12711;11495;946;251899904;25803463;39640829
1527712996858;12721;11505;946;251899904;25803791;39641572
1527712996959;12731;11513;948;251899904;25804211;39642417
1527712997059;12741;11522;948;251899904;25804427;39643104
1527712997159;12751;11530;950;251899904;25804867;39643899
1527712997260;12762;11539;951;251899904;25805195;39644642
1527712997360;12772;11548;952;251899904;25805523;39645386
1527712997461;12782;11557;952;251899904;25805733;39645811
1527712997561;12792;11566;953;251899904;25806113;39646873
1527712997661;12802;11575;954;251899904;25806441;39647616
1527712997761;12812;11584;955;251899904;25806881;39648358
1527712997862;12822;11593;956;251899904;25807209;39649158
1527712997962;12832;11603;956;251899904;25807793;39650379
1527712998062;12842;11612;957;251899904;25807957;39650751
1527712998162;12852;11621;957;251899904;25808285;39651496
1527712998263;12862;11628;960;251899904;25808613;39652240
1527712998363;12872;11638;960;251899904;25808941;39652982
1527712998464;12882;11647;961;251899904;25809269;39653726
1527712998564;12892;11656;961;251899904;25809643;39654468
1527712998665;12902;11665;962;251899904;25809807;39654894
1527712998765;12912;11674;963;251899904;25810135;39655637
1527712998865;12922;11684;963;251899904;25810463;39656380
1527712998965;12932;11693;964;251899904;25810791;39657122
1527712999065;12942;11702;965;251899904;25811211;39657970
1527712999165;12952;11711;966;251899904;25811539;39658713
1527712999265;12962;11720;967;251899904;25811991;39659572
1527712999366;12972;11729;968;251899904;25812319;39660318
1527712999466;12982;11738;968;251899904;25812647;39661064
1527712999568;12992;11748;968;251899904;25812975;39661809
1527712999668;13002;11757;969;251899904;25813349;39662603
1527712999768;13012;11765;971;251899904;25813677;39663348
1527712999868;13022;11775;971;251899904;25814005;39664096
1527712999968;13032;11783;972;251899904;25814333;39664839
1527713000068;13042;11793;972;251899904;25814779;39665581
1527713000168;13052;11801;974;251899904;25814989;39666005
1527713000268;13062;11810;974;251899904;25815363;39666801
1527713000368;13072;11819;976;251899904;25815691;39667548
1527713000468;13082;11828;976;251899904;25815855;39667921
1527713000569;13092;11838;976;251899904;25816183;39668664
1527713000669;13102;11846;978;251899904;25816511;39669408
1527713000769;13112;11855;978;251899904;25816823;39670155
1527713000869;13122;11864;980;251899904;25817263;39670899
1527713000970;13133;11873;980;251899904;25817591;39671695
1527713001070;13143;11882;981;251899904;25818130;39672440
1527713001170;13153;11891;982;251899904;25818458;39673181
1527713001270;13163;11900;983;251899904;25818878;39674031
1527713001370;13173;11909;984;251899904;25819206;39674772
1527713001470;13183;11919;984;251899904;25819534;39675513
1527713001571;13193;11928;984;251899904;25819862;39676260
1527713001671;13203;11938;984;251899904;25820190;39677005
1527713001771;13213;11946;986;251899904;25820564;39677804
1527713001872;13223;11954;988;251899904;25820892;39678547
1527713001972;13233;11963;988;251899904;25821220;39679292
1527713002072;13243;11972;989;251899904;25821548;39680036
1527713002173;13253;11981;990;251899904;25821876;39680782
1527713002273;13263;11990;991;251899904;25822250;39681579
1527713002373;13273;11999;992;251899904;25822788;39682748
1527713002474;13283;12008;992;251899904;25823116;39683494
1527713002574;13293;12017;993;251899904;25823568;39684356
1527713002674;13303;12026;995;251899904;25823896;39685101
1527713002774;13313;12035;995;251899904;25824112;39685793
1527713002874;13323;12044;996;251899904;25824598;39686640
1527713002974;13333;12053;996;251899904;25824926;39687335
1527713003074;13343;12063;996;251899904;25825090;39687760
1527713003174;13353;12071;998;251899904;25825418;39688506
1527713003274;13363;12080;999;251899904;25825634;39689199
1527713003374;13373;12089;1000;251899904;25825956;39689674
1527713003474;13383;12098;1000;251899904;25826448;39690786
1527713003574;13393;12108;1001;251899904;25826822;39691581
1527713003674;13403;12117;1002;251899904;25827150;39692324
1527713003775;13413;12127;1002;251899904;25827478;39693066
1527713003875;13423;12135;1003;251899904;25827852;39693863
1527713003975;13433;12145;1003;251899904;25828068;39694558
1527713004075;13443;12154;1004;251899904;25828344;39694981
1527713004175;13453;12163;1005;251899904;25828672;39695723
1527713004275;13463;12171;1006;251899904;25829000;39696463
1527713004376;13474;12180;1007;251899904;25829328;39697207
1527713004476;13483;12189;1008;251899904;25829702;39698002
1527713004577;13493;12199;1008;251899904;25830030;39698747
1527713004680;13504;12208;1008;251899904;25830404;39699543
1527713004780;13514;12217;1010;251899904;25830732;39700288
1527713004880;13524;12226;1010;251899904;25831060;39701030
1527713004980;13534;12235;1011;251899904;25831434;39701828
1527713005083;13544;12244;1012;251899904;25831814;39702891
1527713005183;13554;12253;1013;251899904;25832254;39703687
1527713005283;13564;12262;1014;251899904;25832470;39704379
1527713005384;13574;12271;1015;251899904;25832798;39705121
1527713005484;13584;12281;1015;251899904;25833445;39705972
1527713005584;13594;12290;1015;251899904;25833773;39706715
1527713005684;13604;12300;1016;251899904;25834085;39707459
1527713005784;13614;12308;1017;251899904;25834913;39708256
1527713005887;13624;12318;1017;251899904;25835253;39709064
1527713005988;13634;12326;1018;251899904;25835575;39709542
1527713006088;13644;12336;1019;251899904;25835903;39710283
1527713006188;13654;12345;1019;251899904;25836067;39710655
1527713006290;13665;12354;1020;251899904;25836559;39711771
1527713006390;13675;12364;1020;251899904;25836723;39712142
1527713006490;13685;12373;1021;251899904;25837606;39712886
1527713006590;13695;12382;1022;251899904;25837822;39713580
1527713006691;13705;12392;1022;251899904;25838144;39714056
1527713006791;13715;12401;1022;251899904;25838472;39714800
1527713006892;13725;12411;1022;251899904;25838800;39715547
1527713006992;13735;12419;1024;251899904;25839174;39716345
1527713007092;13745;12426;1026;251899904;25839548;39717140
1527713007193;13755;12435;1027;251899904;25839876;39717885
1527713007293;13765;12445;1027;251899904;25840204;39718629
1527713007393;13775;12454;1028;251899904;25840532;39719373
1527713007493;13785;12462;1030;251899904;25840860;39720114
1527713007593;13795;12472;1030;251899904;25841188;39720856
1527713007693;13805;12482;1030;251899904;25841562;39721653
1527713007793;13815;12491;1030;251899904;25841890;39722396
1527713007893;13825;12500;1031;251899904;25842218;39723140
1527713007993;13835;12509;1032;251899904;25842428;39723565
1527713008093;13845;12518;1033;251899904;25842802;39724359
1527713008193;13855;12527;1034;251899904;25843180;39725103
1527713008293;13865;12536;1034;251899904;25843508;39725845
1527713008393;13875;12545;1035;251899904;25843882;39726537
1527713008496;13885;12555;1035;251899904;25844098;39727283
1527713008596;13895;12563;1037;251899904;25844426;39728029
1527713008696;13905;12573;1037;251899904;25844752;39728453
1527713008796;13915;12582;1038;251899904;25845126;39729251
1527713008897;13925;12591;1039;251899904;25845618;39730316
1527713008997;13935;12599;1040;251899904;25845880;39731108
1527713009098;13945;12609;1040;251899904;25846320;39731906
1527713009198;13955;12618;1041;251899904;25846654;39732446
1527713009298;13965;12627;1042;251899904;25846982;39733192
1527713009400;13976;12636;1042;251899904;25847471;39733938
1527713009500;13986;12646;1042;251899904;25847799;39734685
1527713009601;13996;12655;1044;251899904;25848127;39735429
1527713009704;14006;12663;1046;251899904;25848455;39736172
1527713009804;14016;12672;1046;251899904;25848829;39736967
1527713009904;14026;12680;1048;251899904;25849207;39737709
1527713010004;14036;12690;1048;251899904;25849535;39738455
1527713010104;14046;12698;1049;251899904;25849863;39739199
1527713010204;14056;12708;1050;251899904;25850191;39739943
1527713010308;14066;12717;1050;251899904;25850611;39740790
1527713010408;14076;12726;1051;251899904;25851494;39741535
1527713010508;14086;12736;1051;251899904;25851822;39742278
1527713010608;14096;12745;1052;251899904;25851986;39742650
1527713010709;14106;12754;1052;251899904;25852366;39743713
1527713010809;14116;12764;1053;251899904;25852642;39744138
1527713010909;14126;12773;1053;251899904;25853016;39744937
1527713011009;14136;12782;1054;251899904;25853344;39745684
1527713011110;14147;12790;1056;251899904;25853724;39746492
1527713011210;14157;12799;1056;251899904;25854316;39747064
