1525168827443,4.268970,4.252806,0.016165,1
1525168827453,4.266062,4.249468,0.016594,1
1525168827463,4.264441,4.248285,0.016155,1
1525168827473,4.270048,4.254084,0.015965,1
1525168827483,4.269962,4.253931,0.016031,1
1525168827493,4.266634,4.249420,0.017214,1
1525168827503,4.273643,4.257584,0.016060,1
1525168827513,4.270439,4.253864,0.016575,1
1525168827523,4.270506,4.254065,0.016441,1
1525168827533,4.267740,4.252262,0.015478,1
1525168827543,4.267139,4.251661,0.015478,1
1525168827553,4.268980,4.253206,0.015774,1
1525168827563,4.272118,4.255781,0.016336,1
1525168827573,4.272995,4.256763,0.016232,1
1525168827583,4.271755,4.255209,0.016546,1
1525168827593,4.271908,4.255400,0.016508,1
1525168827603,4.273043,4.256668,0.016375,1
1525168827613,4.273615,4.257431,0.016184,1
1525168827623,4.275532,4.258881,0.016651,1
1525168827633,4.277344,4.261055,0.016289,1
1525168827643,4.277554,4.260912,0.016642,1
1525168827653,4.277678,4.261055,0.016623,1
1525168827663,4.278011,4.261408,0.016603,1
1525168827673,4.278736,4.262152,0.016584,1
1525168827683,4.280224,4.263687,0.016537,1
1525168827693,4.278641,4.262152,0.016489,1
1525168827703,4.279118,4.262981,0.016136,1
1525168827714,4.279556,4.263086,0.016470,1
1525168827724,4.280615,4.264250,0.016365,1
1525168827734,4.276876,4.260588,0.016289,1
1525168827744,4.278727,4.262810,0.015917,1
1525168827754,4.280863,4.264956,0.015907,1
1525168827764,4.279537,4.263506,0.016031,1
1525168827774,4.279413,4.263182,0.016232,1
1525168827784,4.279957,4.263077,0.016880,1
1525168827794,4.281149,4.264622,0.016527,1
1525168827804,4.280767,4.265051,0.015717,1
1525168827814,4.280710,4.264650,0.016060,1
1525168827824,4.281750,4.265833,0.015917,1
1525168827834,4.281893,4.266357,0.015535,1
1525168827844,4.282303,4.266386,0.015917,1
1525168827855,4.281654,4.265614,0.016041,1
1525168827865,4.282742,4.266357,0.016384,1
1525168827875,4.284296,4.268351,0.015945,1
1525168827885,4.279718,4.263430,0.016289,1
1525168827895,4.282799,4.266453,0.016346,1
1525168827905,4.282169,4.266233,0.015936,1
1525168827915,4.280481,4.264727,0.015755,1
1525168827926,4.279623,4.263344,0.016279,1
1525168827936,4.282837,4.267712,0.015125,1
1525168827946,4.282532,4.267120,0.015411,1
1525168827956,4.284153,4.268494,0.015659,1
1525168827966,4.280128,4.264030,0.016098,1
1525168827976,4.282818,4.267530,0.015287,1
1525168827986,4.283314,4.267750,0.015564,1
1525168827996,4.283676,4.267988,0.015688,1
1525168828006,4.279709,4.264660,0.015049,1
1525168828016,4.284658,4.269905,0.014753,1
1525168828026,4.284306,4.268990,0.015316,1
1525168828037,4.285898,4.270058,0.015841,1
1525168828047,4.285564,4.270449,0.015116,1
1525168828057,4.287224,4.271908,0.015316,1
1525168828068,4.286633,4.271250,0.015383,1
1525168828078,4.284811,4.268999,0.015812,1
1525168828088,4.286852,4.271240,0.015612,1
1525168828098,4.287987,4.271955,0.016031,1
1525168828108,4.287567,4.271641,0.015926,1
1525168828118,4.286556,4.269991,0.016565,1
1525168828128,4.286499,4.270325,0.016174,1
1525168828139,4.289684,4.273729,0.015955,1
1525168828149,4.287271,4.271727,0.015545,1
1525168828159,4.289618,4.274178,0.015440,1
1525168828169,4.287233,4.272022,0.015211,1
1525168828179,4.289198,4.273071,0.016127,1
1525168828189,4.286900,4.270687,0.016212,1
1525168828199,4.289675,4.273853,0.015821,1
1525168828209,4.288120,4.273033,0.015087,1
1525168828219,4.289341,4.273834,0.015507,1
1525168828229,4.286079,4.269857,0.016222,1
1525168828239,4.288034,4.273005,0.015030,1
1525168828249,4.288912,4.273376,0.015535,1
1525168828259,4.289675,4.273901,0.015774,1
1525168828269,4.285727,4.269743,0.015984,1
1525168828279,4.289284,4.273272,0.016012,1
1525168828289,4.289379,4.273653,0.015726,1
1525168828299,4.290628,4.274635,0.015993,1
1525168828309,4.289808,4.273605,0.016203,1
1525168828319,4.291162,4.275484,0.015678,1
1525168828329,4.289751,4.273176,0.016575,1
1525168828340,4.290333,4.274445,0.015888,1
1525168828350,4.284458,4.268618,0.015841,1
1525168828360,4.291430,4.275799,0.015631,1
1525168828370,4.294100,4.278059,0.016041,1
1525168828380,4.297314,4.281549,0.015764,1
1525168828390,4.292097,4.276180,0.015917,1
1525168828400,4.298067,4.282093,0.015974,1
1525168828410,4.293585,4.278240,0.015345,1
1525168828420,4.301243,4.285250,0.015993,1
1525168828430,4.298868,4.284077,0.014791,1
1525168828441,4.302702,4.286938,0.015764,1
1525168828451,4.301834,4.286661,0.015173,1
1525168828461,4.302731,4.287119,0.015612,1
1525168828471,4.303570,4.288015,0.015554,1
1525168828481,4.303722,4.288073,0.015650,1
1525168828491,4.303875,4.288940,0.014935,1
1525168828501,4.302464,4.286718,0.015745,1
1525168828511,4.301977,4.286900,0.015078,1
1525168828521,4.303989,4.288464,0.015526,1
1525168828531,4.303341,4.287663,0.015678,1
1525168828541,4.301767,4.285965,0.015802,1
1525168828551,4.301662,4.286833,0.014830,1
1525168828561,4.303112,4.287682,0.015430,1
1525168828571,4.302711,4.287558,0.015154,1
1525168828581,4.300890,4.285135,0.015755,1
1525168828591,4.302740,4.287214,0.015526,1
1525168828601,4.303846,4.288836,0.015011,1
1525168828611,4.302626,4.287357,0.015268,1
1525168828622,4.300394,4.285278,0.015116,1
1525168828632,4.303017,4.288321,0.014696,1
1525168828642,4.304218,4.288912,0.015306,1
1525168828652,4.302979,4.287491,0.015488,1
1525168828662,4.301033,4.285326,0.015707,1
1525168828672,4.303789,4.288292,0.015497,1
1525168828682,4.303932,4.288626,0.015306,1
1525168828692,4.304504,4.289007,0.015497,1
1525168828702,4.301729,4.285994,0.015736,1
1525168828712,4.305544,4.290323,0.015221,1
1525168828722,4.304237,4.288769,0.015469,1
1525168828732,4.303055,4.287300,0.015755,1
1525168828742,4.302998,4.287062,0.015936,1
1525168828752,4.304657,4.288597,0.016060,1
1525168828763,4.304638,4.288616,0.016022,1
1525168828773,4.304066,4.288349,0.015717,1
1525168828783,4.304714,4.289188,0.015526,1
1525168828793,4.303980,4.288311,0.015669,1
1525168828803,4.304028,4.288864,0.015163,1
1525168828813,4.302740,4.286776,0.015965,1
1525168828823,4.301167,4.285164,0.016003,1
1525168828833,4.303112,4.287186,0.015926,1
1525168828843,4.301834,4.286556,0.015278,1
1525168828853,4.300432,4.284439,0.015993,1
1525168828863,4.301910,4.286165,0.015745,1
1525168828873,4.302101,4.286880,0.015221,1
1525168828883,4.302149,4.286442,0.015707,1
1525168828893,4.299955,4.283628,0.016327,1
1525168828903,4.301939,4.285793,0.016146,1
1525168828913,4.303074,4.287357,0.015717,1
1525168828923,4.302664,4.286509,0.016155,1
1525168828933,4.301014,4.284697,0.016317,1
1525168828943,4.302969,4.287634,0.015335,1
1525168828953,4.302053,4.286795,0.015259,1
1525168828963,4.303198,4.287701,0.015497,1
1525168828974,4.300041,4.284697,0.015345,1
1525168828984,4.301758,4.286022,0.015736,1
1525168828994,4.301949,4.286680,0.015268,1
1525168829004,4.302788,4.287214,0.015574,1
1525168829014,4.300385,4.284658,0.015726,1
1525168829024,4.303942,4.287987,0.015955,1
1525168829034,4.302797,4.286909,0.015888,1
1525168829045,4.301605,4.285650,0.015955,1
1525168829055,4.302692,4.287024,0.015669,1
1525168829065,4.302006,4.286575,0.015430,1
1525168829075,4.302368,4.286795,0.015574,1
1525168829085,4.302807,4.286737,0.016069,1
1525168829095,4.303179,4.287252,0.015926,1
1525168829105,4.302778,4.286690,0.016088,1
1525168829115,4.302588,4.286575,0.016012,1
1525168829125,4.303017,4.286823,0.016193,1
1525168829135,4.301958,4.285727,0.016232,1
1525168829145,4.302845,4.286423,0.016422,1
1525168829156,4.302788,4.286642,0.016146,1
1525168829166,4.299908,4.283323,0.016584,1
1525168829176,4.303226,4.287386,0.015841,1
1525168829187,4.303370,4.287081,0.016289,1
1525168829197,4.302797,4.286470,0.016327,1
1525168829207,4.302597,4.286680,0.015917,1
1525168829217,4.302216,4.286051,0.016165,1
1525168829227,4.304552,4.288092,0.016460,1
1525168829237,4.303455,4.287291,0.016165,1
1525168829247,4.302483,4.286175,0.016308,1
1525168829257,4.302492,4.286385,0.016108,1
1525168829267,4.303274,4.287577,0.015697,1
1525168829277,4.303026,4.286623,0.016403,1
1525168829287,4.302235,4.286480,0.015755,1
1525168829297,4.302292,4.286652,0.015640,1
1525168829307,4.302330,4.286156,0.016174,1
1525168829317,4.301300,4.284916,0.016384,1
1525168829328,4.301071,4.284773,0.016298,1
1525168829338,4.302988,4.287004,0.015984,1
1525168829348,4.303703,4.287310,0.016394,1
1525168829358,4.302692,4.286804,0.015888,1
1525168829368,4.302521,4.286766,0.015755,1
1525168829378,4.302149,4.286404,0.015745,1
1525168829388,4.302320,4.286985,0.015335,1
1525168829398,4.300833,4.285450,0.015383,1
1525168829408,4.303427,4.287863,0.015564,1
1525168829418,4.302769,4.287224,0.015545,1
1525168829429,4.301291,4.285545,0.015745,1
1525168829439,4.303074,4.287376,0.015697,1
1525168829449,4.302006,4.286766,0.015240,1
1525168829459,4.303465,4.287252,0.016212,1
1525168829469,4.302292,4.286537,0.015755,1
1525168829479,4.302855,4.287367,0.015488,1
1525168829489,4.302397,4.286556,0.015841,1
1525168829499,4.304533,4.288750,0.015783,1
1525168829509,4.303055,4.287891,0.015163,1
1525168829519,4.303865,4.288445,0.015421,1
1525168829529,4.302616,4.287348,0.015268,1
1525168829539,4.303036,4.287586,0.015450,1
1525168829549,4.302616,4.286766,0.015850,1
1525168829559,4.303522,4.288111,0.015411,1
1525168829569,4.303160,4.287310,0.015850,1
1525168829579,4.304037,4.288521,0.015516,1
1525168829589,4.301243,4.285183,0.016060,1
1525168829599,4.303627,4.287567,0.016060,1
1525168829609,4.303265,4.287806,0.015459,1
1525168829619,4.303665,4.287872,0.015793,1
1525168829629,4.301023,4.285088,0.015936,1
1525168829640,4.305248,4.289608,0.015640,1
1525168829650,4.302797,4.287043,0.015755,1
1525168829660,4.304380,4.288826,0.015554,1
1525168829670,4.302425,4.286957,0.015469,1
1525168829680,4.304504,4.289322,0.015182,1
1525168829690,4.300003,4.284353,0.015650,1
1525168829700,4.303637,4.287777,0.015860,1
1525168829710,4.301090,4.285021,0.016069,1
1525168829720,4.306135,4.290161,0.015974,1
1525168829730,4.303923,4.287882,0.016041,1
1525168829740,4.304895,4.289074,0.015821,1
1525168829750,4.301033,4.284830,0.016203,1
1525168829760,4.305096,4.288578,0.016518,1
1525168829770,4.304419,4.288483,0.015936,1
1525168829780,4.305677,4.289465,0.016212,1
1525168829790,4.301720,4.285374,0.016346,1
1525168829800,4.304447,4.288216,0.016232,1
1525168829810,4.303265,4.287519,0.015745,1
1525168829820,4.305859,4.289865,0.015993,1
1525168829830,4.300785,4.284887,0.015898,1
1525168829840,4.305449,4.289742,0.015707,1
1525168829850,4.304914,4.288931,0.015984,1
1525168829860,4.306631,4.290285,0.016346,1
1525168829870,4.302015,4.285946,0.016069,1
1525168829880,4.305210,4.288807,0.016403,1
1525168829891,4.303341,4.287043,0.016298,1
1525168829901,4.304266,4.288406,0.015860,1
1525168829911,4.303312,4.287291,0.016022,1
1525168829921,4.306288,4.289989,0.016298,1
1525168829931,4.303789,4.288340,0.015450,1
1525168829941,4.305563,4.289188,0.016375,1
1525168829951,4.304495,4.288492,0.016003,1
1525168829962,4.305601,4.289150,0.016451,1
1525168829972,4.304504,4.288416,0.016088,1
1525168829982,4.304028,4.288177,0.015850,1
1525168829992,4.305449,4.290285,0.015163,1
1525168830002,4.306812,4.290934,0.015879,1
1525168830012,4.304104,4.288301,0.015802,1
1525168830022,4.303942,4.288883,0.015059,1
1525168830032,4.303360,4.287786,0.015574,1
1525168830042,4.305906,4.290142,0.015764,1
1525168830052,4.304762,4.288969,0.015793,1
1525168830062,4.306231,4.290514,0.015717,1
1525168830072,4.304781,4.288731,0.016050,1
1525168830082,4.306383,4.290552,0.015831,1
1525168830092,4.304991,4.289188,0.015802,1
1525168830103,4.304581,4.289026,0.015554,1
1525168830113,4.305344,4.289474,0.015869,1
1525168830123,4.305887,4.290066,0.015821,1
1525168830133,4.303875,4.287987,0.015888,1
1525168830143,4.306765,4.290876,0.015888,1
1525168830153,4.304390,4.289312,0.015078,1
1525168830163,4.306641,4.291210,0.015430,1
1525168830173,4.302320,4.286623,0.015697,1
1525168830183,4.305973,4.290781,0.015192,1
1525168830193,4.305067,4.289970,0.015097,1
1525168830203,4.304848,4.289789,0.015059,1
1525168830213,4.305849,4.290829,0.015020,1
1525168830223,4.303961,4.289265,0.014696,1
1525168830233,4.305086,4.290562,0.014524,1
1525168830244,4.305811,4.290695,0.015116,1
1525168830254,4.302559,4.287395,0.015163,1
1525168830264,4.306202,4.291162,0.015039,1
1525168830274,4.305248,4.290056,0.015192,1
1525168830285,4.305696,4.290552,0.015144,1
1525168830295,4.304295,4.289055,0.015240,1
1525168830305,4.306135,4.290934,0.015202,1
1525168830316,4.306736,4.291182,0.015554,1
1525168830326,4.304094,4.288530,0.015564,1
1525168830336,4.305925,4.290457,0.015469,1
1525168830347,4.305725,4.290581,0.015144,1
1525168830357,4.305658,4.290648,0.015011,1
1525168830367,4.305887,4.290285,0.015602,1
1525168830377,4.305515,4.290094,0.015421,1
1525168830387,4.305105,4.290066,0.015039,1
1525168830397,4.305592,4.290075,0.015516,1
1525168830407,4.305582,4.290123,0.015459,1
1525168830417,4.306755,4.290762,0.015993,1
1525168830427,4.306860,4.290714,0.016146,1
1525168830437,4.305201,4.288454,0.016747,1
1525168830447,4.306526,4.290752,0.015774,1
1525168830457,4.305773,4.289942,0.015831,1
1525168830467,4.307041,4.291687,0.015354,1
1525168830477,4.304619,4.288874,0.015745,1
1525168830487,4.305973,4.290152,0.015821,1
1525168830497,4.306812,4.291029,0.015783,1
1525168830507,4.306431,4.290895,0.015535,1
1525168830517,4.306021,4.290085,0.015936,1
1525168830528,4.307756,4.292240,0.015516,1
1525168830538,4.311314,4.296923,0.014391,1
1525168830548,4.310246,4.294891,0.015354,1
1525168830559,4.310713,4.295120,0.015593,1
1525168830569,4.310226,4.294558,0.015669,1
1525168830579,4.310122,4.293938,0.016184,1
1525168830589,4.308949,4.292603,0.016346,1
1525168830599,4.311304,4.295654,0.015650,1
1525168830609,4.311190,4.295473,0.015717,1
1525168830619,4.307365,4.290876,0.016489,1
1525168830629,4.304333,4.287863,0.016470,1
1525168830639,4.306488,4.290314,0.016174,1
1525168830649,4.307146,4.291296,0.015850,1
1525168830659,4.308186,4.292259,0.015926,1
1525168830669,4.307318,4.290695,0.016623,1
1525168830679,4.306431,4.290094,0.016336,1
1525168830689,4.307213,4.291000,0.016212,1
1525168830699,4.305754,4.289522,0.016232,1
1525168830709,4.305782,4.289312,0.016470,1
1525168830719,4.307079,4.290762,0.016317,1
1525168830729,4.306431,4.290648,0.015783,1
1525168830739,4.305735,4.290228,0.015507,1
1525168830749,4.306469,4.290800,0.015669,1
1525168830759,4.306974,4.291573,0.015402,1
1525168830769,4.306326,4.290934,0.015392,1
1525168830779,4.306383,4.290524,0.015860,1
1525168830789,4.306412,4.290180,0.016232,1
1525168830799,4.308071,4.291382,0.016689,1
1525168830809,4.307814,4.291658,0.016155,1
1525168830819,4.306126,4.290276,0.015850,1
1525168830829,4.303246,4.287472,0.015774,1
1525168830840,4.306698,4.290962,0.015736,1
1525168830850,4.306297,4.290438,0.015860,1
1525168830860,4.307537,4.290752,0.016785,1
1525168830870,4.305553,4.289246,0.016308,1
1525168830880,4.305573,4.289351,0.016222,1
1525168830890,4.306765,4.290686,0.016079,1
1525168830900,4.305744,4.289970,0.015774,1
1525168830910,4.306002,4.290161,0.015841,1
1525168830920,4.306078,4.290018,0.016060,1
1525168830930,4.306192,4.290171,0.016022,1
1525168830940,4.307556,4.291515,0.016041,1
1525168830950,4.303551,4.287300,0.016251,1
1525168830960,4.307013,4.290743,0.016270,1
1525168830970,4.305983,4.289827,0.016155,1
1525168830980,4.306850,4.290676,0.016174,1
1525168830990,4.302330,4.286184,0.016146,1
1525168831000,4.306841,4.290209,0.016632,1
1525168831010,4.306707,4.290037,0.016670,1
1525168831021,4.306803,4.290724,0.016079,1
1525168831031,4.305811,4.289141,0.016670,1
1525168831041,4.306526,4.289722,0.016804,1
1525168831051,4.304419,4.287987,0.016432,1
1525168831061,4.307194,4.290590,0.016603,1
1525168831071,4.304533,4.287844,0.016689,1
1525168831081,4.306965,4.290314,0.016651,1
1525168831091,4.305563,4.289141,0.016422,1
1525168831101,4.307098,4.290438,0.016661,1
1525168831111,4.305935,4.289608,0.016327,1
1525168831121,4.306545,4.290571,0.015974,1
1525168831131,4.305992,4.290247,0.015745,1
1525168831141,4.305735,4.289665,0.016069,1
1525168831151,4.306059,4.289560,0.016499,1
1525168831161,4.305248,4.288979,0.016270,1
1525168831171,4.305725,4.289446,0.016279,1
1525168831181,4.304600,4.288254,0.016346,1
1525168831191,4.306231,4.290152,0.016079,1
1525168831201,4.306870,4.291086,0.015783,1
1525168831211,4.306154,4.290304,0.015850,1
1525168831221,4.304829,4.288673,0.016155,1
1525168831232,4.304972,4.289055,0.015917,1
1525168831242,4.306726,4.290943,0.015783,1
1525168831252,4.304962,4.288998,0.015965,1
1525168831262,4.305639,4.289551,0.016088,1
1525168831272,4.305029,4.289532,0.015497,1
1525168831282,4.306688,4.290533,0.016155,1
1525168831292,4.305668,4.289465,0.016203,1
1525168831302,4.303761,4.287748,0.016012,1
1525168831312,4.305201,4.289284,0.015917,1
1525168831322,4.307041,4.291344,0.015697,1
1525168831332,4.305925,4.290457,0.015469,1
1525168831342,4.304476,4.288454,0.016022,1
1525168831352,4.305992,4.290085,0.015907,1
1525168831362,4.307623,4.291458,0.016165,1
1525168831372,4.305859,4.289646,0.016212,1
1525168831382,4.304714,4.288502,0.016212,1
1525168831392,4.306440,4.290552,0.015888,1
1525168831402,4.307985,4.291611,0.016375,1
1525168831412,4.306850,4.290638,0.016212,1
1525168831422,4.305563,4.290047,0.015516,1
1525168831432,4.306107,4.289846,0.016260,1
1525168831442,4.306250,4.290180,0.016069,1
1525168831452,4.305038,4.288607,0.016432,1
1525168831462,4.306145,4.289999,0.016146,1
1525168831473,4.309549,4.293633,0.015917,1
1525168831483,4.311666,4.296560,0.015106,1
1525168831493,4.309158,4.293709,0.015450,1
1525168831503,4.311819,4.297762,0.014057,1
1525168831513,4.308710,4.293432,0.015278,1
1525168831523,4.310522,4.295044,0.015478,1
1525168831533,4.309168,4.293146,0.016022,1
1525168831543,4.311628,4.296808,0.014820,1
1525168831553,4.306784,4.290600,0.016184,1
1525168831563,4.306574,4.290867,0.015707,1
1525168831573,4.304600,4.288750,0.015850,1
1525168831583,4.307613,4.291935,0.015678,1
1525168831593,4.305563,4.290543,0.015020,1
1525168831603,4.307241,4.291639,0.015602,1
1525168831613,4.304247,4.288187,0.016060,1
1525168831623,4.300213,4.284973,0.015240,1
1525168831633,4.306564,4.290447,0.016117,1
1525168831643,4.307528,4.292049,0.015478,1
1525168831654,4.304419,4.288778,0.015640,1
1525168831664,4.307594,4.291897,0.015697,1
1525168831674,4.300766,4.284487,0.016279,1
1525168831684,4.311132,4.296255,0.014877,1
1525168831694,4.309511,4.294500,0.015011,1
1525168831704,4.312563,4.297504,0.015059,1
1525168831714,4.311504,4.296246,0.015259,1
1525168831724,4.305763,4.290934,0.014830,1
1525168831734,4.308653,4.293413,0.015240,1
1525168831744,4.311790,4.297256,0.014534,1
1525168831754,4.307556,4.291639,0.015917,1
1525168831764,4.307547,4.291801,0.015745,1
1525168831774,4.303732,4.288015,0.015717,1
1525168831784,4.308414,4.292698,0.015717,1
1525168831795,4.298697,4.283457,0.015240,1
1525168831805,4.301081,4.285107,0.015974,1
1525168831815,4.305325,4.289618,0.015707,1
1525168831825,4.305954,4.289579,0.016375,1
1525168831835,4.306583,4.290113,0.016470,1
1525168831845,4.306030,4.288988,0.017042,1
1525168831855,4.307137,4.291124,0.016012,1
1525168831866,4.308147,4.292402,0.015745,1
1525168831876,4.307299,4.291172,0.016127,1
1525168831886,4.304972,4.289446,0.015526,1
1525168831896,4.305563,4.290028,0.015535,1
1525168831906,4.307022,4.291430,0.015593,1
1525168831916,4.307823,4.291487,0.016336,1
1525168831926,4.290037,4.274521,0.015516,1
1525168831937,4.274635,4.258080,0.016556,1
1525168831947,4.261417,4.245405,0.016012,1
1525168831957,4.272413,4.255638,0.016775,1
1525168831967,4.281397,4.264746,0.016651,1
1525168831977,4.305191,4.289255,0.015936,1
1525168831987,4.303827,4.287605,0.016222,1
1525168831997,4.301262,4.285679,0.015583,1
1525168832007,4.304428,4.288454,0.015974,1
1525168832017,4.305143,4.289656,0.015488,1
1525168832027,4.306049,4.289656,0.016394,1
1525168832037,4.304724,4.288502,0.016222,1
1525168832047,4.306631,4.290752,0.015879,1
1525168832057,4.306059,4.290409,0.015650,1
1525168832067,4.305639,4.290123,0.015516,1
1525168832077,4.305611,4.289913,0.015697,1
1525168832087,4.305887,4.290476,0.015411,1
1525168832097,4.305668,4.289780,0.015888,1
1525168832107,4.306631,4.290838,0.015793,1
1525168832117,4.307394,4.291334,0.016060,1
1525168832127,4.305534,4.289742,0.015793,1
1525168832137,4.307594,4.291697,0.015898,1
1525168832147,4.305983,4.289942,0.016041,1
1525168832157,4.305954,4.290037,0.015917,1
1525168832167,4.306450,4.290915,0.015535,1
1525168832178,4.306736,4.291220,0.015516,1
1525168832188,4.307098,4.291878,0.015221,1
1525168832198,4.307652,4.291964,0.015688,1
1525168832209,4.307680,4.291744,0.015936,1
1525168832219,4.308863,4.293137,0.015726,1
1525168832229,4.306068,4.290085,0.015984,1
1525168832239,4.240541,4.224606,0.015936,1
1525168832249,4.244366,4.228058,0.016308,1
1525168832259,4.265146,4.248352,0.016794,1
1525168832269,4.262238,4.246225,0.016012,1
1525168832280,4.238234,4.220724,0.017509,1
1525168832290,4.231157,4.215250,0.015907,1
1525168832300,4.333591,4.317818,0.015774,1
1525168832310,4.331465,4.316359,0.015106,1
1525168832320,4.334030,4.318581,0.015450,1
1525168832330,4.338865,4.323196,0.015669,1
1525168832340,4.333982,4.318571,0.015411,1
1525168832350,4.354849,4.339876,0.014973,1
1525168832360,4.359884,4.344931,0.014954,1
1525168832370,4.338207,4.322910,0.015297,1
1525168832380,4.333668,4.318705,0.014963,1
1525168832390,4.335222,4.319582,0.015640,1
1525168832400,4.349003,4.333239,0.015764,1
1525168832410,4.345837,4.329967,0.015869,1
1525168832420,4.348116,4.332495,0.015621,1
1525168832430,4.343500,4.328642,0.014858,1
1525168832440,4.348459,4.333897,0.014563,1
1525168832450,4.347725,4.333735,0.013990,1
1525168832460,4.347467,4.332476,0.014992,1
1525168832470,4.347467,4.332781,0.014687,1
1525168832480,4.349442,4.334497,0.014944,1
1525168832491,4.348583,4.334211,0.014372,1
1525168832501,4.347687,4.332705,0.014982,1
1525168832511,4.349318,4.334049,0.015268,1
1525168832521,4.351292,4.335432,0.015860,1
1525168832531,4.348173,4.332714,0.015459,1
1525168832541,4.328575,4.312553,0.016022,1
1525168832551,4.305429,4.289827,0.015602,1
1525168832562,4.271584,4.254875,0.016708,1
1525168832572,4.324083,4.308558,0.015526,1
1525168832582,4.257250,4.241743,0.015507,1
1525168832592,4.251766,4.235573,0.016193,1
1525168832602,4.186182,4.169159,0.017023,1
1525168832612,4.219484,4.203529,0.015955,1
1525168832622,4.161396,4.144392,0.017004,1
1525168832633,4.241238,4.224730,0.016508,1
1525168832643,4.260759,4.244318,0.016441,1
1525168832653,4.271908,4.255066,0.016842,1
1525168832663,4.278383,4.261570,0.016813,1
1525168832673,4.281054,4.263973,0.017080,1
1525168832683,4.286976,4.270639,0.016336,1
1525168832693,4.305506,4.290123,0.015383,1
1525168832704,4.320936,4.305344,0.015593,1
1525168832714,4.318562,4.301653,0.016909,1
1525168832724,4.249582,4.232283,0.017300,1
1525168832734,4.183245,4.167223,0.016022,1
1525168832744,4.138165,4.121017,0.017147,1
1525168832754,4.122515,4.107418,0.015097,1
1525168832764,4.275455,4.261551,0.013905,1
1525168832774,4.359064,4.343357,0.015707,1
1525168832784,4.342661,4.327374,0.015287,1
1525168832794,4.353199,4.338112,0.015087,1
1525168832804,4.358654,4.343252,0.015402,1
1525168832814,4.358244,4.342365,0.015879,1
1525168832824,4.368677,4.353313,0.015364,1
1525168832834,4.370832,4.355087,0.015745,1
1525168832845,4.375324,4.360104,0.015221,1
1525168832855,4.376392,4.361410,0.014982,1
1525168832865,4.376812,4.361906,0.014906,1
1525168832875,4.379349,4.363832,0.015516,1
1525168832885,4.380102,4.365129,0.014973,1
1525168832895,4.379835,4.364147,0.015688,1
1525168832905,4.381456,4.365969,0.015488,1
1525168832915,4.380445,4.364901,0.015545,1
1525168832925,4.375391,4.359446,0.015945,1
1525168832935,4.379568,4.364405,0.015163,1
1525168832945,4.379845,4.365377,0.014467,1
1525168832955,4.379873,4.364986,0.014887,1
1525168832965,4.378729,4.363775,0.014954,1
1525168832975,4.380732,4.365759,0.014973,1
1525168832986,4.380932,4.366074,0.014858,1
1525168832996,4.380188,4.365616,0.014572,1
1525168833006,4.380665,4.366159,0.014505,1
1525168833016,4.381428,4.366217,0.015211,1
1525168833026,4.380512,4.365301,0.015211,1
1525168833036,4.381838,4.366522,0.015316,1
1525168833046,4.379787,4.364853,0.014935,1
1525168833056,4.381037,4.365368,0.015669,1
1525168833066,4.381952,4.366369,0.015583,1
1525168833076,4.382238,4.366789,0.015450,1
1525168833086,4.381762,4.366589,0.015173,1
1525168833096,4.381371,4.366360,0.015011,1
1525168833106,4.381819,4.366713,0.015106,1
1525168833116,4.381237,4.365740,0.015497,1
1525168833126,4.382372,4.366999,0.015373,1
1525168833136,4.382219,4.366999,0.015221,1
1525168833146,4.382524,4.366875,0.015650,1
1525168833156,4.381905,4.366665,0.015240,1
1525168833166,4.380102,4.365368,0.014734,1
1525168833176,4.381542,4.366598,0.014944,1
1525168833186,4.382172,4.367094,0.015078,1
1525168833197,4.382496,4.367514,0.014982,1
1525168833207,4.382286,4.367733,0.014553,1
1525168833217,4.381914,4.367304,0.014610,1
1525168833228,4.380455,4.365692,0.014763,1
1525168833238,4.379416,4.364567,0.014849,1
1525168833248,4.381838,4.366789,0.015049,1
1525168833258,4.381943,4.367008,0.014935,1
1525168833268,4.383049,4.368134,0.014915,1
1525168833278,4.379349,4.364748,0.014601,1
1525168833288,4.381638,4.366636,0.015001,1
1525168833298,4.381514,4.366322,0.015192,1
1525168833308,4.381752,4.366608,0.015144,1
1525168833318,4.381189,4.366055,0.015135,1
1525168833329,4.383030,4.367723,0.015306,1
1525168833339,4.381409,4.365845,0.015564,1
1525168833349,4.380884,4.365053,0.015831,1
1525168833359,4.383144,4.367943,0.015202,1
1525168833369,4.381819,4.367332,0.014486,1
1525168833379,4.383373,4.367733,0.015640,1
1525168833389,4.380903,4.365320,0.015583,1
1525168833399,4.382372,4.366875,0.015497,1
1525168833409,4.382267,4.367180,0.015087,1
1525168833419,4.382114,4.366655,0.015459,1
1525168833429,4.379702,4.364328,0.015373,1
1525168833439,4.381924,4.367056,0.014868,1
1525168833449,4.381657,4.366636,0.015020,1
1525168833459,4.382639,4.367399,0.015240,1
1525168833470,4.380636,4.365139,0.015497,1
1525168833480,4.383392,4.368200,0.015192,1
1525168833490,4.382505,4.367294,0.015211,1
1525168833500,4.382725,4.367561,0.015163,1
1525168833510,4.380045,4.364529,0.015516,1
1525168833520,4.381943,4.366770,0.015173,1
1525168833530,4.380789,4.366636,0.014153,1
1525168833540,4.382353,4.367676,0.014677,1
1525168833550,4.379511,4.364843,0.014668,1
1525168833560,4.381285,4.366817,0.014467,1
1525168833570,4.382915,4.367781,0.015135,1
1525168833580,4.383411,4.367847,0.015564,1
1525168833590,4.379702,4.364977,0.014725,1
1525168833600,4.384727,4.371481,0.013247,1
1525168833611,4.384727,4.371424,0.013304,1
1525168833621,4.384604,4.370728,0.013876,1
1525168833631,4.384232,4.370766,0.013466,1
1525168833641,4.385605,4.371519,0.014086,1
1525168833651,4.385023,4.370947,0.014076,1
1525168833661,4.385080,4.370546,0.014534,1
1525168833671,4.383688,4.369164,0.014524,1
1525168833681,4.381943,4.366693,0.015249,1
1525168833691,4.381227,4.366207,0.015020,1
1525168833701,4.379320,4.364080,0.015240,1
1525168833711,4.380760,4.365692,0.015068,1
1525168833721,4.381390,4.366703,0.014687,1
1525168833731,4.380865,4.365473,0.015392,1
1525168833741,4.380226,4.364691,0.015535,1
1525168833751,4.381237,4.365797,0.015440,1
1525168833761,4.381723,4.366550,0.015173,1
1525168833771,4.380856,4.365559,0.015297,1
1525168833781,4.378223,4.363203,0.015020,1
1525168833792,4.381399,4.366188,0.015211,1
1525168833802,4.382448,4.366989,0.015459,1
1525168833812,4.385595,4.371042,0.014553,1
1525168833823,4.385490,4.370823,0.014668,1
1525168833833,4.383926,4.369287,0.014639,1
1525168833843,4.385576,4.371395,0.014181,1
1525168833854,4.382620,4.367456,0.015163,1
1525168833864,4.387798,4.373703,0.014095,1
1525168833874,4.384899,4.370680,0.014219,1
1525168833884,4.386120,4.372110,0.014009,1
1525168833894,4.379654,4.364958,0.014696,1
1525168833904,4.380312,4.363842,0.016470,1
1525168833914,4.376755,4.361362,0.015392,1
1525168833924,4.381056,4.366140,0.014915,1
1525168833934,4.380541,4.364843,0.015697,1
1525168833944,4.381132,4.365807,0.015326,1
1525168833954,4.378376,4.363251,0.015125,1
1525168833964,4.383354,4.368906,0.014448,1
1525168833974,4.379864,4.365559,0.014305,1
1525168833984,4.382505,4.367800,0.014706,1
1525168833995,4.381447,4.367037,0.014410,1
1525168834005,4.382439,4.367599,0.014839,1
1525168834015,4.381819,4.367046,0.014772,1
1525168834025,4.381905,4.367256,0.014648,1
1525168834035,4.381943,4.367676,0.014267,1
1525168834045,4.382229,4.367332,0.014896,1
1525168834055,4.382105,4.367237,0.014868,1
1525168834065,4.382439,4.367533,0.014906,1
1525168834075,4.381666,4.367437,0.014229,1
1525168834085,4.381676,4.366407,0.015268,1
1525168834095,4.381428,4.367247,0.014181,1
1525168834105,4.382219,4.368172,0.014048,1
1525168834115,4.380913,4.366798,0.014114,1
1525168834125,4.380894,4.366512,0.014381,1
1525168834135,4.381418,4.366560,0.014858,1
1525168834145,4.382524,4.368029,0.014496,1
1525168834155,4.384804,4.371586,0.013218,1
1525168834165,4.382210,4.368162,0.014048,1
1525168834175,4.378366,4.364319,0.014048,1
1525168834185,4.386444,4.372749,0.013695,1
1525168834195,4.384489,4.370375,0.014114,1
1525168834205,4.386415,4.372845,0.013571,1
1525168834215,4.384708,4.371424,0.013285,1
1525168834225,4.386663,4.372864,0.013800,1
1525168834235,4.382286,4.366808,0.015478,1
1525168834245,4.383316,4.368649,0.014668,1
1525168834255,4.381886,4.367704,0.014181,1
1525168834265,4.382830,4.368305,0.014524,1
1525168834276,4.381952,4.367704,0.014248,1
1525168834286,4.381285,4.366217,0.015068,1
1525168834296,4.381943,4.367447,0.014496,1
1525168834306,4.382734,4.368076,0.014658,1
1525168834316,4.381247,4.366970,0.014277,1
1525168834326,4.381695,4.367762,0.013933,1
1525168834336,4.382286,4.368105,0.014181,1
1525168834347,4.383230,4.368277,0.014954,1
1525168834357,4.382944,4.367733,0.015211,1
1525168834367,4.382591,4.368181,0.014410,1
1525168834377,4.383011,4.367990,0.015020,1
1525168834387,4.385567,4.371700,0.013866,1
1525168834397,4.385252,4.371452,0.013800,1
1525168834407,4.386206,4.372454,0.013752,1
1525168834417,4.386225,4.372797,0.013428,1
1525168834427,4.385996,4.372063,0.013933,1
1525168834437,4.383039,4.369392,0.013647,1
1525168834447,4.385576,4.372702,0.012875,1
1525168834457,4.385433,4.372597,0.012836,1
1525168834467,4.383202,4.368896,0.014305,1
1525168834477,4.380541,4.365902,0.014639,1
1525168834487,4.381418,4.366989,0.014429,1
1525168834497,4.382448,4.368992,0.013456,1
1525168834507,4.383030,4.368200,0.014830,1
1525168834517,4.380760,4.365835,0.014925,1
1525168834527,4.382496,4.367886,0.014610,1
1525168834537,4.382343,4.367561,0.014782,1
1525168834547,4.383345,4.369020,0.014324,1
1525168834557,4.381285,4.365959,0.015326,1
1525168834567,4.382706,4.368048,0.014658,1
1525168834577,4.383507,4.369249,0.014257,1
1525168834588,4.383411,4.368143,0.015268,1
1525168834598,4.380856,4.365406,0.015450,1
1525168834608,4.385357,4.371853,0.013504,1
1525168834618,4.385405,4.371824,0.013580,1
1525168834628,4.386683,4.373341,0.013342,1
1525168834638,4.383402,4.370003,0.013399,1
1525168834648,4.386187,4.372101,0.014086,1
1525168834658,4.384651,4.371243,0.013409,1
1525168834668,4.385815,4.372311,0.013504,1
1525168834678,4.383287,4.369373,0.013914,1
1525168834688,4.382315,4.367685,0.014629,1
1525168834698,4.380789,4.366608,0.014181,1
1525168834708,4.382286,4.367313,0.014973,1
1525168834718,4.381361,4.366379,0.014982,1
1525168834729,4.381695,4.367046,0.014648,1
1525168834739,4.381552,4.367094,0.014458,1
1525168834749,4.380150,4.365673,0.014477,1
1525168834759,4.382820,4.368610,0.014210,1
1525168834769,4.382658,4.368410,0.014248,1
1525168834779,4.383183,4.368534,0.014648,1
1525168834789,4.380455,4.365540,0.014915,1
1525168834799,4.381189,4.366589,0.014601,1
1525168834809,4.381514,4.367514,0.014000,1
1525168834819,4.381390,4.366894,0.014496,1
1525168834829,4.380236,4.365492,0.014744,1
1525168834839,4.381456,4.367113,0.014343,1
1525168834849,4.376049,4.361601,0.014448,1
1525168834859,4.382229,4.367609,0.014620,1
1525168834870,4.379635,4.364529,0.015106,1
1525168834880,4.381237,4.367666,0.013571,1
1525168834890,4.382181,4.367132,0.015049,1
1525168834900,4.381723,4.367008,0.014715,1
1525168834910,4.379797,4.364710,0.015087,1
1525168834920,4.381714,4.366646,0.015068,1
1525168834930,4.382124,4.367666,0.014458,1
1525168834940,4.382229,4.367762,0.014467,1
1525168834950,4.372320,4.359074,0.013247,1
1525168834960,4.382010,4.368048,0.013962,1
1525168834970,4.381447,4.367113,0.014334,1
1525168834980,4.382277,4.367695,0.014582,1
1525168834990,4.380913,4.366121,0.014791,1
1525168835000,4.380178,4.366074,0.014105,1
1525168835010,4.382610,4.368525,0.014086,1
1525168835020,4.382296,4.367962,0.014334,1
1525168835030,4.380703,4.366570,0.014133,1
1525168835040,4.381752,4.367809,0.013943,1
1525168835050,4.368315,4.353380,0.014935,1
1525168835060,4.382362,4.368429,0.013933,1
1525168835070,4.381752,4.368076,0.013676,1
1525168835081,4.381599,4.367619,0.013981,1
1525168835091,4.381723,4.367723,0.014000,1
1525168835101,4.378700,4.364042,0.014658,1
1525168835111,4.381733,4.367256,0.014477,1
1525168835121,4.382410,4.368229,0.014181,1
1525168835131,4.382381,4.368324,0.014057,1
1525168835141,4.379873,4.364996,0.014877,1
1525168835151,4.367599,4.353094,0.014505,1
1525168835161,4.382277,4.367714,0.014563,1
1525168835171,4.381313,4.367046,0.014267,1
1525168835181,4.380474,4.365778,0.014696,1
1525168835191,4.381237,4.366732,0.014505,1
1525168835201,4.374237,4.358616,0.015621,1
1525168835211,4.381323,4.367218,0.014105,1
1525168835221,4.381142,4.366570,0.014572,1
1525168835231,4.382019,4.367428,0.014591,1
1525168835241,4.382687,4.368324,0.014362,1
1525168835251,4.368134,4.353628,0.014505,1
1525168835261,4.382076,4.367838,0.014238,1
1525168835271,4.380407,4.366245,0.014162,1
1525168835281,4.380779,4.366760,0.014019,1
1525168835292,4.381571,4.367237,0.014334,1
1525168835302,4.371481,4.357033,0.014448,1
1525168835312,4.380054,4.365540,0.014515,1
1525168835322,4.378424,4.364204,0.014219,1
1525168835332,4.378452,4.361906,0.016546,1
1525168835342,4.374790,4.363461,0.011330,1
1525168835352,4.363222,4.348707,0.014515,1
1525168835362,4.377079,4.362402,0.014677,1
1525168835372,4.375238,4.360876,0.014362,1
1525168835382,4.374228,4.359894,0.014334,1
1525168835392,4.373913,4.360075,0.013838,1
1525168835402,4.369545,4.354696,0.014849,1
1525168835412,4.221306,4.206114,0.015192,1
1525168835422,4.167843,4.152756,0.015087,1
1525168835432,4.050722,4.033356,0.017366,1
1525168835442,4.065866,4.047623,0.018244,1
1525168835452,4.249964,4.235735,0.014229,1
1525168835462,3.956909,3.937244,0.019665,1
1525168835472,4.035883,4.018450,0.017433,1
1525168835482,4.056339,4.039707,0.016632,1
1525168835492,4.042969,4.026871,0.016098,1
1525168835503,4.051771,4.035559,0.016212,1
1525168835513,4.140844,4.125652,0.015192,1
1525168835523,4.192810,4.177570,0.015240,1
1525168835533,4.191704,4.176712,0.014992,1
1525168835544,4.163818,4.148083,0.015736,1
1525168835554,4.078560,4.061079,0.017481,1
1525168835564,4.119062,4.103661,0.015402,1
1525168835574,4.089794,4.072790,0.017004,1
1525168835584,4.084044,4.067097,0.016947,1
1525168835594,4.093132,4.077463,0.015669,1
1525168835604,4.084473,4.067602,0.016870,1
1525168835614,4.153423,4.138479,0.014944,1
1525168835624,4.173756,4.157915,0.015841,1
1525168835634,4.145622,4.129381,0.016241,1
1525168835644,4.125471,4.109249,0.016222,1
1525168835654,4.124899,4.108391,0.016508,1
1525168835664,4.193897,4.179564,0.014334,1
1525168835674,4.203119,4.187555,0.015564,1
1525168835685,4.211731,4.196053,0.015678,1
1525168835695,4.228497,4.213266,0.015230,1
1525168835705,4.189310,4.173841,0.015469,1
1525168835716,4.142876,4.126816,0.016060,1
1525168835726,4.179411,4.164486,0.014925,1
1525168835736,4.202919,4.188242,0.014677,1
1525168835746,4.222050,4.207506,0.014544,1
1525168835756,4.199219,4.183531,0.015688,1
1525168835766,4.189749,4.173918,0.015831,1
1525168835776,4.204578,4.188662,0.015917,1
1525168835786,4.225616,4.210176,0.015440,1
1525168835796,4.187393,4.171371,0.016022,1
1525168835806,4.249449,4.234495,0.014954,1
1525168835816,4.280357,4.264755,0.015602,1
1525168835827,4.206066,4.190521,0.015545,1
1525168835837,4.159775,4.143171,0.016603,1
1525168835847,4.225140,4.210501,0.014639,1
1525168835858,4.232426,4.217520,0.014906,1
1525168835868,4.240236,4.224434,0.015802,1
1525168835878,4.240808,4.225016,0.015793,1
1525168835888,4.244165,4.228506,0.015659,1
1525168835898,4.243917,4.228582,0.015335,1
1525168835908,4.221783,4.205828,0.015955,1
1525168835918,4.220648,4.205599,0.015049,1
1525168835928,4.234142,4.218931,0.015211,1
1525168835938,4.230423,4.215069,0.015354,1
1525168835948,4.241076,4.225769,0.015306,1
1525168835958,4.179678,4.164085,0.015593,1
1525168835968,4.173689,4.158373,0.015316,1
1525168835978,4.156246,4.140158,0.016088,1
1525168835988,4.258480,4.243584,0.014896,1
1525168835998,4.216948,4.201241,0.015707,1
1525168836008,4.209967,4.194231,0.015736,1
1525168836018,4.173498,4.156952,0.016546,1
1525168836029,4.197931,4.182377,0.015554,1
1525168836039,4.165487,4.149551,0.015936,1
1525168836049,4.131422,4.116430,0.014992,1
1525168836059,4.149942,4.135895,0.014048,1
1525168836069,4.127808,4.113216,0.014591,1
1525168836079,4.153385,4.137611,0.015774,1
1525168836089,4.188480,4.172411,0.016069,1
1525168836099,4.151535,4.135895,0.015640,1
1525168836109,4.290676,4.273710,0.016966,1
1525168836119,4.218712,4.203472,0.015240,1
1525168836129,4.163733,4.148312,0.015421,1
1525168836139,4.177618,4.162464,0.015154,1
1525168836149,4.209442,4.193201,0.016241,1
1525168836159,4.221258,4.205351,0.015907,1
1525168836170,4.283543,4.268522,0.015020,1
1525168836180,4.258051,4.242239,0.015812,1
1525168836190,4.259148,4.243231,0.015917,1
1525168836200,4.190702,4.174738,0.015965,1
1525168836210,4.135981,4.118099,0.017881,1
1525168836220,4.154024,4.137964,0.016060,1
1525168836231,4.202652,4.187212,0.015440,1
1525168836241,4.282207,4.266872,0.015335,1
1525168836251,4.281654,4.266167,0.015488,1
1525168836261,4.226751,4.211645,0.015106,1
1525168836271,4.258623,4.243441,0.015182,1
1525168836281,4.262886,4.247265,0.015621,1
1525168836291,4.248362,4.232244,0.016117,1
1525168836301,4.130135,4.114504,0.015631,1
1525168836311,4.178066,4.163094,0.014973,1
1525168836321,4.326220,4.310732,0.015488,1
1525168836331,4.352465,4.337330,0.015135,1
1525168836341,4.358673,4.343710,0.014963,1
1525168836351,4.364433,4.350719,0.013714,1
1525168836361,4.363308,4.349022,0.014286,1
1525168836372,4.374361,4.359932,0.014429,1
1525168836382,4.373636,4.358988,0.014648,1
1525168836392,4.371901,4.357004,0.014896,1
1525168836402,4.372950,4.357958,0.014992,1
1525168836412,4.371700,4.357300,0.014400,1
1525168836422,4.370651,4.356556,0.014095,1
1525168836432,4.368839,4.354534,0.014305,1
1525168836442,4.369946,4.355459,0.014486,1
1525168836452,4.370193,4.355650,0.014544,1
1525168836462,4.359007,4.345284,0.013723,1
1525168836472,4.367886,4.352579,0.015306,1
1525168836482,4.369993,4.355307,0.014687,1
1525168836492,4.369593,4.354887,0.014706,1
1525168836502,4.368658,4.354086,0.014572,1
1525168836513,4.365721,4.352083,0.013638,1
1525168836523,4.364185,4.350796,0.013390,1
1525168836533,4.362078,4.347649,0.014429,1
1525168836543,4.364939,4.350710,0.014229,1
1525168836553,4.364986,4.351130,0.013857,1
1525168836563,4.358511,4.343824,0.014687,1
1525168836573,4.363041,4.348602,0.014439,1
1525168836583,4.366674,4.352074,0.014601,1
1525168836593,4.365835,4.351616,0.014219,1
1525168836603,4.366598,4.351969,0.014629,1
1525168836613,4.361572,4.347963,0.013609,1
1525168836623,4.365072,4.351807,0.013266,1
1525168836633,4.367332,4.352789,0.014544,1
1525168836643,4.366093,4.352856,0.013237,1
1525168836653,4.363976,4.350414,0.013561,1
1525168836663,4.353237,4.337597,0.015640,1
1525168836673,4.366655,4.352903,0.013752,1
1525168836683,4.368010,4.353924,0.014086,1
1525168836694,4.364223,4.350119,0.014105,1
1525168836704,4.367361,4.353256,0.014105,1
1525168836714,4.364643,4.351549,0.013094,1
1525168836725,4.367838,4.354029,0.013809,1
1525168836735,4.366283,4.352713,0.013571,1
1525168836745,4.368067,4.354153,0.013914,1
1525168836755,4.366980,4.353275,0.013704,1
1525168836765,4.362516,4.348831,0.013685,1
1525168836775,4.366713,4.353065,0.013647,1
1525168836785,4.368420,4.354048,0.014372,1
1525168836795,4.361897,4.347315,0.014582,1
1525168836805,4.353695,4.338932,0.014763,1
1525168836815,4.354601,4.340563,0.014038,1
1525168836825,4.358463,4.343872,0.014591,1
1525168836836,4.357405,4.342375,0.015030,1
1525168836846,4.357052,4.342041,0.015011,1
1525168836856,4.359121,4.344521,0.014601,1
1525168836866,4.358692,4.343452,0.015240,1
1525168836876,4.357300,4.342260,0.015039,1
1525168836886,4.356098,4.341116,0.014982,1
1525168836896,4.356709,4.341488,0.015221,1
1525168836907,4.358006,4.342804,0.015202,1
1525168836917,4.354458,4.339132,0.015326,1
1525168836927,4.355049,4.340143,0.014906,1
1525168836937,4.352884,4.337473,0.015411,1
1525168836947,4.352388,4.337177,0.015211,1
1525168836957,4.345350,4.330006,0.015345,1
1525168836968,4.347563,4.332018,0.015545,1
1525168836978,4.345322,4.330482,0.014839,1
1525168836988,4.344902,4.329510,0.015392,1
1525168836998,4.341993,4.326944,0.015049,1
1525168837008,4.341917,4.326973,0.014944,1
1525168837018,4.339743,4.324389,0.015354,1
1525168837028,4.340172,4.325247,0.014925,1
1525168837038,4.338427,4.322758,0.015669,1
1525168837048,4.337807,4.322472,0.015335,1
1525168837058,4.334002,4.318495,0.015507,1
1525168837068,4.327517,4.311543,0.015974,1
1525168837078,4.324350,4.308586,0.015764,1
1525168837088,4.328604,4.312963,0.015640,1
1525168837098,4.326525,4.311476,0.015049,1
1525168837108,4.327173,4.312572,0.014601,1
1525168837118,4.324913,4.309816,0.015097,1
1525168837128,4.327021,4.311590,0.015430,1
1525168837138,4.325600,4.310589,0.015011,1
1525168837148,4.326925,4.311752,0.015173,1
1525168837158,4.325323,4.310808,0.014515,1
1525168837168,4.326115,4.311590,0.014524,1
1525168837178,4.327288,4.312029,0.015259,1
1525168837188,4.327745,4.313145,0.014601,1
1525168837198,4.327602,4.313049,0.014553,1
1525168837208,4.329033,4.313831,0.015202,1
1525168837218,4.323196,4.308624,0.014572,1
1525168837228,4.327259,4.312487,0.014772,1
1525168837239,4.326620,4.311295,0.015326,1
1525168837249,4.327393,4.311876,0.015516,1
1525168837259,4.326963,4.311857,0.015106,1
1525168837269,4.323368,4.308224,0.015144,1
1525168837279,4.325981,4.310904,0.015078,1
1525168837289,4.326839,4.311600,0.015240,1
1525168837299,4.327526,4.312763,0.014763,1
1525168837309,4.324884,4.310074,0.014811,1
1525168837319,4.322205,4.307508,0.014696,1
1525168837329,4.328022,4.312754,0.015268,1
1525168837339,4.328651,4.313183,0.015469,1
1525168837349,4.327698,4.312344,0.015354,1
1525168837359,4.327469,4.311934,0.015535,1
1525168837369,4.313660,4.298553,0.015106,1
1525168837380,4.326897,4.311657,0.015240,1
1525168837390,4.325132,4.310408,0.014725,1
1525168837400,4.328804,4.313440,0.015364,1
1525168837410,4.327841,4.312563,0.015278,1
1525168837420,4.323111,4.308672,0.014439,1
1525168837430,4.325800,4.310951,0.014849,1
1525168837440,4.327564,4.312782,0.014782,1
1525168837450,4.329319,4.314308,0.015011,1
1525168837460,4.328966,4.313545,0.015421,1
1525168837470,4.315653,4.300699,0.014954,1
1525168837480,4.328814,4.313278,0.015535,1
1525168837490,4.328279,4.313183,0.015097,1
1525168837500,4.329309,4.313889,0.015421,1
1525168837510,4.327497,4.312267,0.015230,1
1525168837520,4.323797,4.309368,0.014429,1
1525168837530,4.329395,4.313993,0.015402,1
1525168837540,4.328899,4.313660,0.015240,1
1525168837550,4.328423,4.312925,0.015497,1
1525168837561,4.328461,4.312954,0.015507,1
1525168837571,4.317064,4.301786,0.015278,1
1525168837581,4.326515,4.310713,0.015802,1
1525168837591,4.328318,4.313049,0.015268,1
1525168837601,4.328794,4.313822,0.014973,1
1525168837611,4.328051,4.313068,0.014982,1
1525168837621,4.322720,4.308052,0.014668,1
1525168837631,4.327316,4.312067,0.015249,1
1525168837641,4.327173,4.312143,0.015030,1
1525168837651,4.327812,4.313002,0.014811,1
1525168837661,4.325552,4.310427,0.015125,1
1525168837671,4.314547,4.298401,0.016146,1
1525168837681,4.327679,4.312267,0.015411,1
1525168837691,4.327955,4.312782,0.015173,1
1525168837702,4.325380,4.310026,0.015354,1
1525168837712,4.328289,4.313860,0.014429,1
1525168837722,4.325428,4.311485,0.013943,1
1525168837732,4.328699,4.313488,0.015211,1
1525168837742,4.325981,4.310274,0.015707,1
1525168837752,4.327621,4.312944,0.014677,1
1525168837762,4.327879,4.313107,0.014772,1
1525168837772,4.312830,4.297247,0.015583,1
1525168837782,4.326763,4.311771,0.014992,1
1525168837792,4.328804,4.313421,0.015383,1
1525168837802,4.328241,4.313173,0.015068,1
1525168837812,4.327965,4.312773,0.015192,1
1525168837822,4.318924,4.303522,0.015402,1
1525168837832,4.328814,4.313908,0.014906,1
1525168837843,4.328814,4.313822,0.014992,1
1525168837853,4.327612,4.312239,0.015373,1
1525168837863,4.329548,4.314499,0.015049,1
1525168837873,4.319553,4.304962,0.014591,1
1525168837883,4.329576,4.313908,0.015669,1
1525168837893,4.327993,4.312840,0.015154,1
1525168837903,4.328966,4.313612,0.015354,1
1525168837914,4.328880,4.313469,0.015411,1
1525168837924,4.324617,4.309587,0.015030,1
1525168837934,4.333525,4.318285,0.015240,1
1525168837944,4.332504,4.318285,0.014219,1
1525168837954,4.333115,4.318075,0.015039,1
1525168837964,4.332361,4.317598,0.014763,1
1525168837974,4.324512,4.310255,0.014257,1
1525168837984,4.333296,4.318924,0.014372,1
1525168837994,4.334040,4.318991,0.015049,1
1525168838004,4.333229,4.318552,0.014677,1
1525168838015,4.328451,4.313612,0.014839,1
1525168838025,4.327984,4.312696,0.015287,1
1525168838035,4.327583,4.312963,0.014620,1
1525168838045,4.326410,4.311228,0.015182,1
1525168838055,4.329481,4.313974,0.015507,1
1525168838065,4.330387,4.314232,0.016155,1
1525168838075,4.321108,4.306345,0.014763,1
1525168838085,4.326296,4.311047,0.015249,1
1525168838095,4.328079,4.312801,0.015278,1
1525168838105,4.332132,4.317017,0.015116,1
1525168838115,4.332142,4.317226,0.014915,1
1525168838125,4.321499,4.306145,0.015354,1
1525168838135,4.330091,4.315386,0.014706,1
1525168838145,4.332895,4.317818,0.015078,1
1525168838155,4.331331,4.316702,0.014629,1
1525168838165,4.331036,4.316072,0.014963,1
1525168838175,4.314842,4.299831,0.015011,1
1525168838186,4.328604,4.313040,0.015564,1
1525168838196,4.327641,4.312496,0.015144,1
1525168838206,4.327106,4.311152,0.015955,1
1525168838216,4.328327,4.313164,0.015163,1
1525168838226,4.319468,4.304619,0.014849,1
1525168838236,4.326973,4.311867,0.015106,1
1525168838246,4.327450,4.312067,0.015383,1
1525168838256,4.326324,4.310417,0.015907,1
1525168838266,4.327526,4.312010,0.015516,1
1525168838276,4.310541,4.295082,0.015459,1
1525168838286,4.327173,4.311810,0.015364,1
1525168838296,4.326143,4.311266,0.014877,1
1525168838306,4.329071,4.313431,0.015640,1
1525168838316,4.327240,4.311609,0.015631,1
1525168838327,4.318752,4.303989,0.014763,1
1525168838337,4.326019,4.310732,0.015287,1
1525168838347,4.327993,4.312592,0.015402,1
1525168838358,4.325180,4.310026,0.015154,1
1525168838368,4.327793,4.312620,0.015173,1
1525168838378,4.326382,4.310818,0.015564,1
1525168838388,4.328709,4.313269,0.015440,1
1525168838398,4.324741,4.309826,0.014915,1
1525168838408,4.328852,4.314117,0.014734,1
1525168838418,4.327030,4.312382,0.014648,1
1525168838428,4.328041,4.312687,0.015354,1
1525168838438,4.325161,4.309874,0.015287,1
1525168838448,4.328108,4.313049,0.015059,1
1525168838458,4.327536,4.312735,0.014801,1
1525168838468,4.328480,4.313536,0.014944,1
1525168838478,4.311914,4.297037,0.014877,1
1525168838488,4.329033,4.314318,0.014715,1
1525168838498,4.326992,4.311962,0.015030,1
1525168838508,4.328604,4.313354,0.015249,1
1525168838518,4.328175,4.313574,0.014601,1
1525168838528,4.322166,4.307518,0.014648,1
1525168838538,4.327374,4.312220,0.015154,1
1525168838548,4.328032,4.313040,0.014992,1
1525168838558,4.327669,4.312515,0.015154,1
1525168838569,4.328489,4.312935,0.015554,1
1525168838579,4.314613,4.298801,0.015812,1
1525168838589,4.327059,4.311562,0.015497,1
1525168838599,4.328575,4.313316,0.015259,1
1525168838609,4.329348,4.313707,0.015640,1
1525168838619,4.329805,4.314480,0.015326,1
1525168838629,4.321947,4.306335,0.015612,1
1525168838639,4.329948,4.314251,0.015697,1
1525168838649,4.327574,4.311600,0.015974,1
1525168838659,4.329596,4.314070,0.015526,1
1525168838669,4.326782,4.311085,0.015697,1
1525168838679,4.318781,4.301519,0.017262,1
1525168838689,4.328833,4.313164,0.015669,1
1525168838699,4.328918,4.313240,0.015678,1
1525168838710,4.327478,4.311590,0.015888,1
1525168838720,4.327431,4.312105,0.015326,1
1525168838730,4.323397,4.308434,0.014963,1
1525168838740,4.328642,4.313097,0.015545,1
1525168838750,4.326620,4.310932,0.015688,1
1525168838760,4.329901,4.314318,0.015583,1
1525168838770,4.329319,4.313650,0.015669,1
1525168838781,4.315224,4.299917,0.015306,1
1525168838791,4.329643,4.314795,0.014849,1
1525168838801,4.329672,4.314251,0.015421,1
1525168838811,4.330320,4.313936,0.016384,1
1525168838821,4.329100,4.312811,0.016289,1
1525168838831,4.323549,4.309101,0.014448,1
1525168838841,4.327612,4.312391,0.015221,1
1525168838851,4.330587,4.314146,0.016441,1
1525168838861,4.327536,4.312220,0.015316,1
1525168838871,4.329023,4.313889,0.015135,1
1525168838881,4.316874,4.301872,0.015001,1
1525168838891,4.328365,4.313736,0.014629,1
1525168838901,4.327602,4.311886,0.015717,1
1525168838911,4.328089,4.312525,0.015564,1
1525168838922,4.327984,4.312515,0.015469,1
1525168838932,4.322681,4.307880,0.014801,1
1525168838942,4.328356,4.312916,0.015440,1
1525168838952,4.328279,4.313822,0.014458,1
1525168838962,4.330215,4.314756,0.015459,1
1525168838972,4.328842,4.313593,0.015249,1
1525168838982,4.320965,4.306269,0.014696,1
1525168838992,4.331150,4.315720,0.015430,1
1525168839002,4.328566,4.313593,0.014973,1
1525168839012,4.329529,4.314260,0.015268,1
1525168839022,4.327087,4.311495,0.015593,1
1525168839032,4.319248,4.303589,0.015659,1
1525168839042,4.329491,4.313755,0.015736,1
1525168839052,4.327869,4.313107,0.014763,1
1525168839062,4.326897,4.311037,0.015860,1
1525168839072,4.329987,4.313698,0.016289,1
1525168839082,4.314728,4.298267,0.016460,1
1525168839093,4.329338,4.314175,0.015163,1
1525168839103,4.329033,4.314022,0.015011,1
1525168839113,4.329109,4.314156,0.014954,1
1525168839124,4.330711,4.315472,0.015240,1
1525168839134,4.326372,4.310999,0.015373,1
1525168839144,4.330101,4.314537,0.015564,1
1525168839154,4.329681,4.313955,0.015726,1
1525168839164,4.330273,4.315205,0.015068,1
1525168839174,4.323387,4.307175,0.016212,1
1525168839184,4.321032,4.306259,0.014772,1
1525168839194,4.329634,4.313908,0.015726,1
1525168839204,4.328032,4.312267,0.015764,1
1525168839214,4.328327,4.312677,0.015650,1
1525168839224,4.330187,4.314137,0.016050,1
1525168839234,4.319239,4.303570,0.015669,1
1525168839244,4.330626,4.315138,0.015488,1
1525168839254,4.328794,4.313221,0.015574,1
1525168839264,4.331064,4.315443,0.015621,1
1525168839274,4.330902,4.314919,0.015984,1
1525168839284,4.316511,4.300003,0.016508,1
1525168839294,4.329882,4.314318,0.015564,1
1525168839305,4.328756,4.313478,0.015278,1
1525168839315,4.329767,4.314289,0.015478,1
1525168839325,4.327440,4.311790,0.015650,1
1525168839335,4.327908,4.312811,0.015097,1
1525168839345,4.330597,4.314880,0.015717,1
1525168839355,4.306707,4.293652,0.013056,1
1525168839365,4.325790,4.309425,0.016365,1
1525168839375,4.329853,4.312716,0.017138,1
1525168839385,4.315987,4.299946,0.016041,1
1525168839395,4.330120,4.314699,0.015421,1
1525168839405,4.327736,4.311924,0.015812,1
1525168839415,4.328480,4.312792,0.015688,1
1525168839425,4.326801,4.311543,0.015259,1
1525168839435,4.316244,4.299736,0.016508,1
1525168839446,4.259949,4.241982,0.017967,1
1525168839456,4.251776,4.235907,0.015869,1
1525168839466,4.209766,4.196033,0.013733,1
1525168839477,4.158087,4.144011,0.014076,1
1525168839487,4.227428,4.212694,0.014734,1
1525168839497,3.964024,3.945055,0.018969,1
1525168839507,4.170313,4.153347,0.016966,1
1525168839517,4.232330,4.216013,0.016317,1
1525168839527,4.242239,4.226046,0.016193,1
1525168839537,4.237432,4.221382,0.016050,1
1525168839547,4.231033,4.214315,0.016718,1
1525168839557,4.219446,4.202852,0.016594,1
1525168839567,4.222431,4.204769,0.017662,1
1525168839577,4.213657,4.196835,0.016823,1
1525168839588,4.210424,4.193611,0.016813,1
1525168839598,4.200659,4.184456,0.016203,1
1525168839608,4.241791,4.225502,0.016289,1
1525168839619,4.240685,4.223623,0.017061,1
1525168839629,4.241066,4.223127,0.017939,1
1525168839639,4.249697,4.232721,0.016975,1
1525168839649,4.200125,4.183254,0.016870,1
1525168839659,4.233866,4.216948,0.016918,1
1525168839669,4.270153,4.253607,0.016546,1
1525168839679,4.266796,4.250965,0.015831,1
1525168839689,4.257832,4.241762,0.016069,1
1525168839699,4.225025,4.208498,0.016527,1
1525168839709,4.242687,4.225702,0.016985,1
1525168839719,4.253273,4.236460,0.016813,1
1525168839729,4.265156,4.248533,0.016623,1
1525168839739,4.250050,4.233732,0.016317,1
1525168839749,4.243002,4.227476,0.015526,1
1525168839760,4.248075,4.231958,0.016117,1
1525168839770,4.258575,4.241800,0.016775,1
1525168839780,4.253511,4.237213,0.016298,1
1525168839790,4.228048,4.211597,0.016451,1
1525168839800,4.196815,4.180603,0.016212,1
1525168839810,4.187098,4.170189,0.016909,1
1525168839820,4.225454,4.208641,0.016813,1
1525168839830,4.255209,4.239569,0.015640,1
1525168839840,4.261122,4.245720,0.015402,1
1525168839850,4.277201,4.262276,0.014925,1
1525168839860,4.264965,4.249239,0.015726,1
1525168839870,4.264240,4.247942,0.016298,1
1525168839880,4.241905,4.226599,0.015306,1
1525168839890,4.206829,4.191771,0.015059,1
1525168839900,4.195576,4.180193,0.015383,1
1525168839910,4.186754,4.170084,0.016670,1
1525168839920,4.186640,4.170599,0.016041,1
1525168839930,4.173231,4.156990,0.016241,1
1525168839940,4.165745,4.149809,0.015936,1
1525168839950,4.185762,4.170380,0.015383,1
1525168839960,4.186678,4.170847,0.015831,1
1525168839970,4.186230,4.170427,0.015802,1
1525168839980,4.181995,4.166241,0.015755,1
1525168839990,4.164553,4.148741,0.015812,1
1525168840000,4.179239,4.163074,0.016165,1
1525168840010,4.177141,4.161205,0.015936,1
1525168840020,4.178629,4.162931,0.015697,1
1525168840030,4.182034,4.166822,0.015211,1
1525168840040,4.174452,4.158430,0.016022,1
1525168840050,4.185820,4.170494,0.015326,1
1525168840060,4.193640,4.179182,0.014458,1
1525168840070,4.190960,4.175348,0.015612,1
1525168840081,4.200544,4.184103,0.016441,1
1525168840091,4.178629,4.161501,0.017128,1
1525168840101,4.197474,4.181404,0.016069,1
1525168840112,4.190130,4.174032,0.016098,1
1525168840122,4.190006,4.174490,0.015516,1
1525168840132,4.182138,4.166193,0.015945,1
1525168840142,4.184275,4.168835,0.015440,1
1525168840152,4.187460,4.171667,0.015793,1
1525168840162,4.186621,4.170799,0.015821,1
1525168840172,4.187679,4.171925,0.015755,1
1525168840182,4.184713,4.168777,0.015936,1
1525168840192,4.160128,4.143105,0.017023,1
1525168840202,4.181719,4.165411,0.016308,1
1525168840212,4.181690,4.165926,0.015764,1
1525168840223,4.182482,4.166479,0.016003,1
1525168840233,4.183550,4.167738,0.015812,1
1525168840243,4.182882,4.167519,0.015364,1
1525168840253,4.183140,4.167395,0.015745,1
1525168840263,4.185057,4.169874,0.015182,1
1525168840273,4.183073,4.167461,0.015612,1
1525168840283,4.185982,4.170275,0.015707,1
1525168840293,4.163790,4.147520,0.016270,1
1525168840303,4.187565,4.171867,0.015697,1
1525168840313,4.185705,4.169712,0.015993,1
1525168840323,4.183865,4.168310,0.015554,1
1525168840333,4.181795,4.166126,0.015669,1
1525168840343,4.167585,4.152155,0.015430,1
1525168840353,4.182281,4.166031,0.016251,1
1525168840363,4.181156,4.165440,0.015717,1
1525168840373,4.180412,4.164038,0.016375,1
1525168840383,4.180946,4.165182,0.015764,1
1525168840393,4.155512,4.138775,0.016737,1
1525168840403,4.178801,4.162912,0.015888,1
1525168840413,4.174776,4.158859,0.015917,1
1525168840423,4.176807,4.160461,0.016346,1
1525168840434,4.173841,4.158688,0.015154,1
1525168840444,4.160986,4.145737,0.015249,1
1525168840454,4.180765,4.164762,0.016003,1
1525168840464,4.177446,4.161959,0.015488,1
1525168840474,4.181118,4.165812,0.015306,1
1525168840484,4.176331,4.161119,0.015211,1
1525168840494,4.156704,4.140320,0.016384,1
1525168840504,4.179878,4.165173,0.014706,1
1525168840514,4.186897,4.171143,0.015755,1
1525168840524,4.186010,4.170389,0.015621,1
1525168840534,4.183578,4.168806,0.014772,1
1525168840544,4.183865,4.168053,0.015812,1
1525168840554,4.191446,4.177332,0.014114,1
1525168840564,4.197884,4.183197,0.014687,1
1525168840574,4.187927,4.172478,0.015450,1
1525168840584,4.189739,4.174080,0.015659,1
1525168840594,4.182978,4.166260,0.016718,1
1525168840604,4.198484,4.183207,0.015278,1
1525168840614,4.196301,4.181175,0.015125,1
1525168840624,4.207401,4.191284,0.016117,1
1525168840634,4.195175,4.180031,0.015144,1
1525168840645,4.194746,4.177246,0.017500,1
1525168840655,4.195929,4.180565,0.015364,1
1525168840665,4.186096,4.170609,0.015488,1
1525168840675,4.219732,4.203625,0.016108,1
1525168840685,4.228983,4.212770,0.016212,1
1525168840695,4.212437,4.194784,0.017653,1
1525168840705,4.225836,4.210386,0.015450,1
1525168840716,4.229250,4.213018,0.016232,1
1525168840726,4.224548,4.209261,0.015287,1
1525168840736,4.220476,4.205246,0.015230,1
1525168840747,4.212494,4.196587,0.015907,1
1525168840757,4.216919,4.200182,0.016737,1
1525168840767,4.181213,4.165230,0.015984,1
1525168840777,4.182673,4.166775,0.015898,1
1525168840787,4.191418,4.175482,0.015936,1
1525168840797,4.169912,4.153900,0.016012,1
1525168840807,4.199228,4.182873,0.016356,1
1525168840817,4.198179,4.181366,0.016813,1
1525168840827,4.201260,4.185276,0.015984,1
1525168840837,4.198303,4.181623,0.016680,1
1525168840847,4.188852,4.172764,0.016088,1
1525168840857,4.184170,4.168091,0.016079,1
1525168840867,4.195576,4.180508,0.015068,1
1525168840877,4.202623,4.186459,0.016165,1
1525168840887,4.197102,4.179668,0.017433,1
1525168840897,4.164686,4.145346,0.019341,1
1525168840907,4.206839,4.189739,0.017099,1
1525168840918,4.199476,4.182596,0.016880,1
1525168840928,4.204445,4.188213,0.016232,1
1525168840938,4.205227,4.189653,0.015574,1
1525168840948,4.209185,4.193048,0.016136,1
1525168840958,4.219809,4.202738,0.017071,1
1525168840968,4.231567,4.215431,0.016136,1
1525168840978,4.218063,4.201517,0.016546,1
1525168840989,4.240732,4.225149,0.015583,1
1525168840999,4.295311,4.279928,0.015383,1
1525168841009,4.338703,4.322853,0.015850,1
1525168841019,4.347668,4.332237,0.015430,1
1525168841029,4.353170,4.336967,0.016203,1
1525168841039,4.352207,4.336967,0.015240,1
1525168841049,4.351940,4.337263,0.014677,1
1525168841059,4.352646,4.337225,0.015421,1
1525168841069,4.355288,4.339705,0.015583,1
1525168841079,4.355345,4.340658,0.014687,1
1525168841089,4.354582,4.339733,0.014849,1
1525168841099,4.336681,4.320669,0.016012,1
1525168841109,4.349842,4.334993,0.014849,1
1525168841119,4.351139,4.336615,0.014524,1
1525168841129,4.350977,4.336138,0.014839,1
1525168841139,4.345903,4.331989,0.013914,1
1525168841149,4.334278,4.319019,0.015259,1
1525168841160,4.343929,4.329109,0.014820,1
1525168841170,4.343739,4.329672,0.014067,1
1525168841180,4.346695,4.332218,0.014477,1
1525168841190,4.347925,4.332428,0.015497,1
1525168841200,4.332218,4.316158,0.016060,1
1525168841210,4.347143,4.332037,0.015106,1
1525168841220,4.348660,4.333410,0.015249,1
1525168841230,4.349146,4.333925,0.015221,1
1525168841240,4.348106,4.332638,0.015469,1
1525168841250,4.340506,4.324503,0.016003,1
1525168841260,4.352007,4.337206,0.014801,1
1525168841270,4.353743,4.338408,0.015335,1
1525168841280,4.354839,4.339657,0.015182,1
1525168841290,4.356050,4.341040,0.015011,1
1525168841300,4.340334,4.324703,0.015631,1
1525168841310,4.353113,4.338245,0.014868,1
1525168841320,4.354649,4.340143,0.014505,1
1525168841330,4.355898,4.341316,0.014582,1
1525168841341,4.354839,4.339886,0.014954,1
1525168841351,4.346972,4.331846,0.015125,1
1525168841361,4.355679,4.341326,0.014353,1
1525168841372,4.355001,4.340935,0.014067,1
1525168841382,4.352465,4.338217,0.014248,1
1525168841392,4.354897,4.340239,0.014658,1
1525168841402,4.348831,4.334497,0.014334,1
1525168841412,4.355602,4.340706,0.014896,1
1525168841422,4.352589,4.338274,0.014315,1
1525168841432,4.354477,4.339886,0.014591,1
1525168841442,4.355335,4.340649,0.014687,1
1525168841452,4.345312,4.330845,0.014467,1
1525168841462,4.353228,4.338846,0.014381,1
1525168841472,4.354725,4.340191,0.014534,1
1525168841483,4.358168,4.343891,0.014277,1
1525168841493,4.356918,4.342546,0.014372,1
1525168841503,4.353065,4.339304,0.013762,1
1525168841513,4.357758,4.343319,0.014439,1
1525168841523,4.359159,4.344082,0.015078,1
1525168841533,4.357548,4.341955,0.015593,1
1525168841543,4.358711,4.343462,0.015249,1
1525168841554,4.354420,4.339399,0.015020,1
1525168841564,4.356022,4.340448,0.015574,1
1525168841574,4.355326,4.340725,0.014601,1
1525168841584,4.356327,4.341030,0.015297,1
1525168841594,4.356823,4.341307,0.015516,1
1525168841604,4.352293,4.338322,0.013971,1
1525168841614,4.355602,4.341059,0.014544,1
1525168841624,4.356842,4.341974,0.014868,1
1525168841634,4.356613,4.342012,0.014601,1
1525168841644,4.356823,4.342451,0.014372,1
1525168841654,4.356947,4.342041,0.014906,1
1525168841664,4.357347,4.342012,0.015335,1
1525168841674,4.353380,4.337654,0.015726,1
1525168841684,4.360514,4.345427,0.015087,1
1525168841694,4.360628,4.345875,0.014753,1
1525168841704,4.348030,4.332056,0.015974,1
1525168841714,4.361238,4.346266,0.014973,1
1525168841724,4.361544,4.347343,0.014200,1
1525168841734,4.360447,4.345694,0.014753,1
1525168841744,4.361572,4.346972,0.014601,1
1525168841754,4.354601,4.339504,0.015097,1
1525168841765,4.358902,4.343805,0.015097,1
1525168841775,4.359074,4.343958,0.015116,1
1525168841785,4.358931,4.344292,0.014639,1
1525168841795,4.359465,4.344683,0.014782,1
1525168841805,4.345884,4.329185,0.016699,1
1525168841815,4.360132,4.344854,0.015278,1
1525168841825,4.360533,4.345512,0.015020,1
1525168841835,4.360981,4.345617,0.015364,1
1525168841845,4.359741,4.344530,0.015211,1
1525168841855,4.352903,4.337006,0.015898,1
1525168841865,4.361982,4.347239,0.014744,1
1525168841875,4.360800,4.345903,0.014896,1
1525168841885,4.359188,4.344072,0.015116,1
1525168841895,4.361115,4.346180,0.014935,1
1525168841905,4.356461,4.340563,0.015898,1
1525168841915,4.361181,4.346657,0.014524,1
1525168841925,4.359007,4.344044,0.014963,1
1525168841935,4.361496,4.347162,0.014334,1
1525168841945,4.362068,4.347534,0.014534,1
1525168841955,4.361153,4.345818,0.015335,1
1525168841965,4.360323,4.344969,0.015354,1
1525168841976,4.362602,4.348326,0.014277,1
1525168841986,4.363127,4.348898,0.014229,1
1525168841996,4.362154,4.346371,0.015783,1
1525168842007,4.348373,4.332371,0.016003,1
1525168842017,4.363117,4.348774,0.014343,1
1525168842027,4.363508,4.348536,0.014973,1
1525168842037,4.360828,4.345503,0.015326,1
1525168842047,4.363985,4.349365,0.014620,1
1525168842057,4.354401,4.338770,0.015631,1
1525168842067,4.363413,4.348907,0.014505,1
1525168842077,4.361362,4.345245,0.016117,1
1525168842087,4.362431,4.346724,0.015707,1
1525168842097,4.362392,4.346361,0.016031,1
1525168842107,4.349689,4.332924,0.016766,1
1525168842117,4.362984,4.348087,0.014896,1
1525168842127,4.363384,4.349213,0.014172,1
1525168842137,4.362297,4.347839,0.014458,1
1525168842147,4.364290,4.349689,0.014601,1
1525168842157,4.359713,4.343586,0.016127,1
1525168842167,4.364243,4.350128,0.014114,1
1525168842177,4.362659,4.348078,0.014582,1
1525168842187,4.363079,4.348679,0.014400,1
1525168842197,4.362631,4.347925,0.014706,1
1525168842207,4.356785,4.341230,0.015554,1
1525168842217,4.363546,4.349337,0.014210,1
1525168842227,4.363346,4.349232,0.014114,1
1525168842237,4.362049,4.347353,0.014696,1
1525168842247,4.364433,4.350624,0.013809,1
1525168842257,4.362946,4.348955,0.013990,1
1525168842267,4.365139,4.350758,0.014381,1
1525168842277,4.361277,4.346085,0.015192,1
1525168842287,4.363947,4.349394,0.014553,1
1525168842297,4.363327,4.349251,0.014076,1
1525168842307,4.363194,4.348841,0.014353,1
1525168842317,4.360695,4.346094,0.014601,1
1525168842328,4.364290,4.349852,0.014439,1
1525168842338,4.362383,4.348497,0.013885,1
1525168842348,4.363441,4.349670,0.013771,1
1525168842358,4.361181,4.345789,0.015392,1
1525168842368,4.362879,4.348564,0.014315,1
1525168842378,4.363041,4.349432,0.013609,1
1525168842388,4.363880,4.350319,0.013561,1
1525168842398,4.361067,4.346838,0.014229,1
1525168842408,4.363956,4.349785,0.014172,1
1525168842418,4.361744,4.347076,0.014668,1
1525168842428,4.364262,4.349632,0.014629,1
1525168842438,4.360361,4.345579,0.014782,1
1525168842448,4.363165,4.348478,0.014687,1
1525168842458,4.361715,4.347076,0.014639,1
1525168842469,4.362631,4.348402,0.014229,1
1525168842479,4.362679,4.348764,0.013914,1
1525168842489,4.361887,4.347343,0.014544,1
1525168842500,4.362936,4.348783,0.014153,1
1525168842510,4.353104,4.336529,0.016575,1
1525168842520,4.363489,4.349689,0.013800,1
1525168842530,4.363642,4.350414,0.013227,1
1525168842540,4.362040,4.347782,0.014257,1
1525168842550,4.363108,4.350128,0.012980,1
1525168842560,4.360609,4.345875,0.014734,1
1525168842570,4.363079,4.349165,0.013914,1
1525168842580,4.363222,4.348888,0.014334,1
1525168842590,4.363928,4.350195,0.013733,1
1525168842600,4.363451,4.349775,0.013676,1
1525168842610,4.364214,4.350262,0.013952,1
1525168842620,4.363394,4.349880,0.013514,1
1525168842630,4.363031,4.348974,0.014057,1
1525168842640,4.362230,4.348183,0.014048,1
1525168842650,4.363670,4.349689,0.013981,1
1525168842660,4.363680,4.349346,0.014334,1
1525168842670,4.364519,4.350376,0.014143,1
1525168842680,4.362574,4.348478,0.014095,1
1525168842690,4.365187,4.351263,0.013924,1
1525168842700,4.363155,4.348822,0.014334,1
1525168842710,4.364729,4.350986,0.013742,1
1525168842720,4.363241,4.349775,0.013466,1
1525168842730,4.364624,4.350338,0.014286,1
1525168842740,4.361887,4.347038,0.014849,1
1525168842750,4.362354,4.347782,0.014572,1
1525168842760,4.363804,4.349422,0.014381,1
1525168842770,4.365158,4.351368,0.013790,1
1525168842781,4.363232,4.349117,0.014114,1
1525168842791,4.362469,4.348087,0.014381,1
1525168842801,4.363317,4.350271,0.013046,1
1525168842812,4.363327,4.349375,0.013952,1
1525168842822,4.361105,4.346886,0.014219,1
1525168842832,4.362335,4.348249,0.014086,1
1525168842842,4.362450,4.348469,0.013981,1
1525168842852,4.362593,4.348640,0.013952,1
