1525169057984,3.100367,3.109198,-0.008831,1
1525169057994,3.100691,3.109579,-0.008888,1
1525169058004,3.100414,3.109303,-0.008888,1
1525169058014,3.099995,3.109140,-0.009146,1
1525169058024,3.100357,3.109636,-0.009279,1
1525169058034,3.100014,3.109512,-0.009499,1
1525169058044,3.099976,3.109436,-0.009460,1
1525169058054,3.100128,3.109245,-0.009117,1
1525169058064,3.100042,3.108940,-0.008898,1
1525169058074,3.099861,3.109303,-0.009441,1
1525169058084,3.100348,3.109446,-0.009098,1
1525169058095,3.100357,3.109264,-0.008907,1
1525169058105,3.100052,3.109484,-0.009432,1
1525169058115,3.099918,3.109188,-0.009270,1
1525169058126,3.100491,3.109407,-0.008917,1
1525169058136,3.100538,3.109312,-0.008774,1
1525169058146,3.100729,3.109770,-0.009041,1
1525169058156,3.100061,3.109303,-0.009241,1
1525169058166,3.100300,3.109198,-0.008898,1
1525169058176,3.100204,3.109102,-0.008898,1
1525169058186,3.100395,3.109245,-0.008850,1
1525169058196,3.099909,3.109102,-0.009193,1
1525169058206,3.100681,3.109446,-0.008764,1
1525169058216,3.100462,3.109226,-0.008764,1
1525169058226,3.100367,3.109274,-0.008907,1
1525169058236,3.100748,3.109159,-0.008411,1
1525169058246,3.100691,3.109074,-0.008383,1
1525169058256,3.100138,3.109055,-0.008917,1
1525169058267,3.100624,3.109007,-0.008383,1
1525169058277,3.099804,3.108692,-0.008888,1
1525169058287,3.101168,3.109465,-0.008297,1
1525169058297,3.099709,3.108644,-0.008936,1
1525169058307,3.101006,3.109293,-0.008287,1
1525169058317,3.100243,3.108816,-0.008574,1
1525169058327,3.100500,3.109169,-0.008669,1
1525169058337,3.100262,3.108358,-0.008097,1
1525169058347,3.100367,3.109293,-0.008926,1
1525169058357,3.099566,3.108349,-0.008783,1
1525169058367,3.100901,3.109121,-0.008221,1
1525169058377,3.100653,3.108721,-0.008068,1
1525169058387,3.100901,3.108873,-0.007973,1
1525169058397,3.099852,3.108635,-0.008783,1
1525169058407,3.101292,3.109722,-0.008430,1
1525169058417,3.100443,3.108540,-0.008097,1
1525169058427,3.101425,3.108873,-0.007448,1
1525169058437,3.100815,3.108501,-0.007687,1
1525169058447,3.100719,3.108635,-0.007915,1
1525169058457,3.100367,3.108540,-0.008173,1
1525169058467,3.100901,3.109341,-0.008440,1
1525169058477,3.100395,3.108807,-0.008411,1
1525169058487,3.101158,3.109322,-0.008163,1
1525169058497,3.100471,3.108711,-0.008240,1
1525169058507,3.100910,3.109770,-0.008860,1
1525169058517,3.100224,3.108921,-0.008698,1
1525169058527,3.100853,3.109407,-0.008554,1
1525169058537,3.100042,3.108854,-0.008812,1
1525169058547,3.101110,3.109694,-0.008583,1
1525169058557,3.100176,3.109102,-0.008926,1
1525169058567,3.100662,3.109589,-0.008926,1
1525169058577,3.099556,3.108311,-0.008755,1
1525169058588,3.100863,3.109713,-0.008850,1
1525169058598,3.099737,3.108292,-0.008554,1
1525169058608,3.101149,3.109617,-0.008469,1
1525169058618,3.099842,3.108625,-0.008783,1
1525169058628,3.101292,3.109827,-0.008535,1
1525169058638,3.099747,3.108692,-0.008945,1
1525169058648,3.100882,3.109837,-0.008955,1
1525169058658,3.099737,3.108683,-0.008945,1
1525169058668,3.100233,3.109388,-0.009155,1
1525169058678,3.099213,3.108587,-0.009375,1
1525169058688,3.100719,3.110056,-0.009336,1
1525169058698,3.099556,3.108530,-0.008974,1
1525169058708,3.100700,3.109808,-0.009108,1
1525169058718,3.099566,3.108482,-0.008917,1
1525169058729,3.100481,3.109570,-0.009089,1
1525169058739,3.099394,3.108397,-0.009003,1
1525169058749,3.100939,3.109922,-0.008984,1
1525169058760,3.099623,3.109045,-0.009422,1
1525169058770,3.100128,3.109484,-0.009356,1
1525169058780,3.099918,3.109035,-0.009117,1
1525169058790,3.100796,3.109875,-0.009079,1
1525169058800,3.099499,3.108912,-0.009413,1
1525169058810,3.100910,3.109655,-0.008745,1
1525169058820,3.099556,3.108482,-0.008926,1
1525169058830,3.100281,3.109083,-0.008802,1
1525169058840,3.099298,3.108759,-0.009460,1
1525169058850,3.100586,3.109913,-0.009327,1
1525169058860,3.099518,3.108835,-0.009317,1
1525169058871,3.100319,3.109379,-0.009060,1
1525169058881,3.099928,3.109064,-0.009136,1
1525169058891,3.100319,3.109226,-0.008907,1
1525169058901,3.100166,3.109150,-0.008984,1
1525169058911,3.100758,3.109322,-0.008564,1
1525169058921,3.101053,3.109150,-0.008097,1
1525169058931,3.100395,3.109398,-0.009003,1
1525169058941,3.099823,3.108912,-0.009089,1
1525169058951,3.100681,3.109207,-0.008526,1
1525169058961,3.100224,3.109322,-0.009098,1
1525169058972,3.100824,3.109350,-0.008526,1
1525169058982,3.100157,3.109121,-0.008965,1
1525169058992,3.101091,3.108969,-0.007877,1
1525169059002,3.100357,3.108931,-0.008574,1
1525169059012,3.100414,3.109417,-0.009003,1
1525169059022,3.100319,3.109255,-0.008936,1
1525169059032,3.100548,3.109484,-0.008936,1
1525169059042,3.099833,3.109064,-0.009232,1
1525169059052,3.100424,3.109388,-0.008965,1
1525169059062,3.099861,3.109169,-0.009308,1
1525169059072,3.099737,3.108997,-0.009260,1
1525169059082,3.100138,3.108768,-0.008631,1
1525169059092,3.099976,3.109112,-0.009136,1
1525169059102,3.100195,3.109102,-0.008907,1
1525169059112,3.100176,3.108978,-0.008802,1
1525169059122,3.099613,3.108730,-0.009117,1
1525169059132,3.100061,3.109055,-0.008993,1
1525169059142,3.100233,3.108921,-0.008688,1
1525169059152,3.100090,3.108816,-0.008726,1
1525169059162,3.100014,3.108454,-0.008440,1
1525169059172,3.100147,3.108759,-0.008612,1
1525169059183,3.100481,3.108940,-0.008459,1
1525169059193,3.100128,3.108807,-0.008678,1
1525169059203,3.100004,3.108912,-0.008907,1
1525169059213,3.099976,3.108721,-0.008745,1
1525169059223,3.100252,3.108997,-0.008745,1
1525169059233,3.100061,3.108854,-0.008793,1
1525169059243,3.100109,3.109331,-0.009222,1
1525169059254,3.100042,3.108883,-0.008841,1
1525169059264,3.100595,3.109131,-0.008535,1
1525169059274,3.100204,3.109217,-0.009012,1
1525169059284,3.100309,3.109007,-0.008698,1
1525169059294,3.100491,3.109074,-0.008583,1
1525169059304,3.100348,3.109512,-0.009165,1
1525169059314,3.099852,3.109703,-0.009851,1
1525169059325,3.100452,3.109350,-0.008898,1
1525169059335,3.100100,3.109074,-0.008974,1
1525169059345,3.100529,3.109140,-0.008612,1
1525169059355,3.100109,3.109255,-0.009146,1
1525169059365,3.100519,3.109255,-0.008736,1
1525169059375,3.100491,3.108807,-0.008316,1
1525169059385,3.100843,3.109674,-0.008831,1
1525169059396,3.100567,3.109541,-0.008974,1
1525169059406,3.100595,3.109426,-0.008831,1
1525169059416,3.100519,3.109121,-0.008602,1
1525169059426,3.100700,3.109388,-0.008688,1
1525169059436,3.100185,3.108644,-0.008459,1
1525169059446,3.100605,3.109407,-0.008802,1
1525169059456,3.100471,3.109751,-0.009279,1
1525169059467,3.100510,3.109331,-0.008821,1
1525169059477,3.099585,3.108845,-0.009260,1
1525169059487,3.100700,3.109369,-0.008669,1
1525169059497,3.099632,3.108673,-0.009041,1
1525169059507,3.100052,3.109426,-0.009375,1
1525169059517,3.100243,3.108749,-0.008507,1
1525169059527,3.100796,3.109808,-0.009012,1
1525169059537,3.099737,3.108797,-0.009060,1
1525169059547,3.100348,3.109360,-0.009012,1
1525169059557,3.099756,3.108253,-0.008497,1
1525169059567,3.100872,3.109465,-0.008593,1
1525169059577,3.100243,3.108492,-0.008249,1
1525169059587,3.100491,3.109102,-0.008612,1
1525169059597,3.100100,3.108234,-0.008135,1
1525169059608,3.100872,3.109207,-0.008335,1
1525169059618,3.099422,3.108339,-0.008917,1
1525169059628,3.100672,3.109484,-0.008812,1
1525169059638,3.099833,3.108397,-0.008564,1
1525169059648,3.100958,3.109941,-0.008984,1
1525169059658,3.099794,3.108044,-0.008249,1
1525169059669,3.101339,3.109503,-0.008163,1
1525169059679,3.100443,3.108349,-0.007906,1
1525169059689,3.101072,3.109503,-0.008430,1
1525169059699,3.099871,3.108377,-0.008507,1
1525169059709,3.101139,3.109455,-0.008316,1
1525169059719,3.100071,3.108110,-0.008039,1
1525169059729,3.100700,3.109016,-0.008316,1
1525169059739,3.100014,3.108053,-0.008039,1
1525169059749,3.101177,3.109245,-0.008068,1
1525169059759,3.099966,3.108139,-0.008173,1
1525169059769,3.100634,3.109503,-0.008869,1
1525169059779,3.099861,3.108234,-0.008373,1
1525169059789,3.101139,3.109417,-0.008278,1
1525169059799,3.099575,3.108358,-0.008783,1
1525169059810,3.100700,3.109703,-0.009003,1
1525169059820,3.099928,3.108463,-0.008535,1
1525169059830,3.100662,3.109646,-0.008984,1
1525169059840,3.100061,3.108578,-0.008516,1
1525169059850,3.100767,3.109274,-0.008507,1
1525169059860,3.099842,3.108377,-0.008535,1
1525169059870,3.100681,3.109674,-0.008993,1
1525169059880,3.099766,3.108177,-0.008411,1
1525169059890,3.100901,3.109064,-0.008163,1
1525169059900,3.100157,3.108616,-0.008459,1
1525169059910,3.100901,3.109722,-0.008821,1
1525169059920,3.099527,3.109140,-0.009613,1
1525169059930,3.100863,3.109875,-0.009012,1
1525169059940,3.099566,3.108931,-0.009365,1
1525169059950,3.100491,3.109970,-0.009480,1
1525169059960,3.099661,3.108826,-0.009165,1
1525169059970,3.100910,3.110046,-0.009136,1
1525169059980,3.099775,3.108835,-0.009060,1
1525169059990,3.100843,3.110037,-0.009193,1
1525169060000,3.100071,3.108835,-0.008764,1
1525169060011,3.100634,3.109245,-0.008612,1
1525169060021,3.100224,3.108788,-0.008564,1
1525169060031,3.100100,3.109312,-0.009212,1
1525169060041,3.100052,3.108702,-0.008650,1
1525169060051,3.101015,3.109159,-0.008144,1
1525169060061,3.100176,3.108912,-0.008736,1
1525169060071,3.099995,3.109102,-0.009108,1
1525169060081,3.099928,3.109226,-0.009298,1
1525169060091,3.100929,3.109789,-0.008860,1
1525169060101,3.100061,3.109331,-0.009270,1
1525169060111,3.100204,3.109369,-0.009165,1
1525169060121,3.099289,3.108845,-0.009556,1
1525169060131,3.100138,3.108921,-0.008783,1
1525169060141,3.099604,3.109093,-0.009489,1
1525169060152,3.100357,3.109398,-0.009041,1
1525169060162,3.099976,3.108883,-0.008907,1
1525169060172,3.100309,3.109713,-0.009403,1
1525169060182,3.100662,3.110085,-0.009422,1
1525169060192,3.100138,3.109512,-0.009375,1
1525169060202,3.099985,3.109207,-0.009222,1
1525169060212,3.100567,3.109274,-0.008707,1
1525169060223,3.100195,3.109426,-0.009232,1
1525169060233,3.100128,3.109350,-0.009222,1
1525169060243,3.100204,3.109064,-0.008860,1
1525169060253,3.100128,3.109360,-0.009232,1
1525169060263,3.100004,3.109035,-0.009031,1
1525169060273,3.100224,3.109541,-0.009317,1
1525169060283,3.100042,3.109713,-0.009670,1
1525169060293,3.100510,3.109493,-0.008984,1
1525169060303,3.100090,3.109283,-0.009193,1
1525169060313,3.099871,3.109236,-0.009365,1
1525169060323,3.100128,3.109035,-0.008907,1
1525169060333,3.100100,3.109102,-0.009003,1
1525169060343,3.100214,3.109264,-0.009050,1
1525169060353,3.100195,3.109636,-0.009441,1
1525169060364,3.100338,3.109589,-0.009251,1
1525169060374,3.099928,3.109245,-0.009317,1
1525169060384,3.099852,3.109341,-0.009489,1
1525169060394,3.099899,3.109064,-0.009165,1
1525169060404,3.100243,3.109331,-0.009089,1
1525169060414,3.100386,3.109207,-0.008821,1
1525169060425,3.100500,3.109541,-0.009041,1
1525169060435,3.099737,3.109045,-0.009308,1
1525169060445,3.100033,3.109627,-0.009594,1
1525169060455,3.100061,3.109550,-0.009489,1
1525169060465,3.100367,3.109827,-0.009460,1
1525169060475,3.099995,3.110104,-0.010109,1
1525169060485,3.100443,3.109894,-0.009451,1
1525169060496,3.100195,3.109837,-0.009642,1
1525169060506,3.100634,3.109598,-0.008965,1
1525169060516,3.100653,3.109331,-0.008678,1
1525169060526,3.100681,3.109560,-0.008879,1
1525169060536,3.100920,3.109541,-0.008621,1
1525169060546,3.100624,3.110113,-0.009489,1
1525169060556,3.100147,3.109627,-0.009480,1
1525169060566,3.100195,3.110065,-0.009871,1
1525169060576,3.100538,3.109236,-0.008698,1
1525169060586,3.100367,3.109932,-0.009565,1
1525169060596,3.099766,3.109598,-0.009832,1
1525169060606,3.100634,3.109808,-0.009174,1
1525169060616,3.100357,3.109579,-0.009222,1
1525169060626,3.100471,3.109827,-0.009356,1
1525169060637,3.100109,3.108978,-0.008869,1
1525169060647,3.100395,3.109331,-0.008936,1
1525169060657,3.100042,3.109131,-0.009089,1
1525169060667,3.100452,3.109512,-0.009060,1
1525169060677,3.100166,3.108873,-0.008707,1
1525169060687,3.100338,3.109694,-0.009356,1
1525169060697,3.099766,3.108749,-0.008984,1
1525169060707,3.100128,3.109064,-0.008936,1
1525169060717,3.099813,3.108492,-0.008678,1
1525169060727,3.100948,3.109398,-0.008450,1
1525169060737,3.099470,3.109198,-0.009727,1
1525169060747,3.100300,3.108988,-0.008688,1
1525169060757,3.100119,3.108969,-0.008850,1
1525169060767,3.100061,3.109550,-0.009489,1
1525169060777,3.099566,3.108311,-0.008745,1
1525169060787,3.100243,3.109417,-0.009174,1
1525169060797,3.099680,3.108864,-0.009184,1
1525169060807,3.099890,3.109283,-0.009394,1
1525169060817,3.099766,3.108873,-0.009108,1
1525169060827,3.100290,3.109360,-0.009069,1
1525169060837,3.099298,3.108368,-0.009069,1
1525169060847,3.099937,3.109484,-0.009546,1
1525169060857,3.099527,3.108997,-0.009470,1
1525169060867,3.100281,3.109522,-0.009241,1
1525169060878,3.099556,3.108749,-0.009193,1
1525169060888,3.100748,3.109064,-0.008316,1
1525169060898,3.099651,3.108444,-0.008793,1
1525169060908,3.100796,3.109303,-0.008507,1
1525169060918,3.099251,3.108406,-0.009155,1
1525169060928,3.100319,3.109646,-0.009327,1
1525169060938,3.099642,3.108473,-0.008831,1
1525169060948,3.100395,3.109922,-0.009527,1
1525169060958,3.099442,3.108244,-0.008802,1
1525169060968,3.100376,3.109913,-0.009537,1
1525169060979,3.098745,3.108902,-0.010157,1
1525169060989,3.100252,3.109751,-0.009499,1
1525169060999,3.099213,3.108673,-0.009460,1
1525169061009,3.100739,3.109951,-0.009212,1
1525169061019,3.099613,3.108683,-0.009069,1
1525169061029,3.100529,3.110046,-0.009518,1
1525169061039,3.099356,3.108835,-0.009480,1
1525169061050,3.100510,3.109684,-0.009174,1
1525169061060,3.098860,3.108578,-0.009718,1
1525169061070,3.099909,3.109446,-0.009537,1
1525169061080,3.099670,3.108788,-0.009117,1
1525169061090,3.100376,3.109751,-0.009375,1
1525169061100,3.099470,3.108435,-0.008965,1
1525169061110,3.100567,3.109455,-0.008888,1
1525169061121,3.099623,3.108969,-0.009346,1
1525169061131,3.100204,3.109589,-0.009384,1
1525169061141,3.099804,3.109255,-0.009451,1
1525169061151,3.100061,3.109627,-0.009565,1
1525169061161,3.099241,3.108788,-0.009546,1
1525169061171,3.099985,3.109503,-0.009518,1
1525169061181,3.099909,3.109264,-0.009356,1
1525169061191,3.100548,3.109865,-0.009317,1
1525169061201,3.099880,3.109169,-0.009289,1
1525169061211,3.100519,3.109674,-0.009155,1
1525169061221,3.099766,3.109550,-0.009785,1
1525169061231,3.100824,3.109789,-0.008965,1
1525169061241,3.099642,3.108864,-0.009222,1
1525169061251,3.100414,3.109465,-0.009050,1
1525169061262,3.100243,3.109007,-0.008764,1
1525169061272,3.100567,3.109455,-0.008888,1
1525169061282,3.100195,3.109560,-0.009365,1
1525169061292,3.100672,3.109913,-0.009241,1
1525169061302,3.100157,3.109684,-0.009527,1
1525169061312,3.100023,3.110180,-0.010157,1
1525169061322,3.099937,3.109713,-0.009775,1
1525169061332,3.100300,3.110123,-0.009823,1
1525169061342,3.099957,3.109798,-0.009842,1
1525169061352,3.100853,3.109703,-0.008850,1
1525169061362,3.099899,3.109121,-0.009222,1
1525169061372,3.100576,3.109732,-0.009155,1
1525169061382,3.100710,3.109493,-0.008783,1
1525169061392,3.100834,3.109665,-0.008831,1
1525169061402,3.100147,3.109293,-0.009146,1
1525169061412,3.100214,3.109350,-0.009136,1
1525169061422,3.100300,3.108997,-0.008698,1
1525169061432,3.100471,3.109684,-0.009212,1
1525169061442,3.100338,3.109722,-0.009384,1
1525169061452,3.100815,3.109818,-0.009003,1
1525169061462,3.100405,3.109465,-0.009060,1
1525169061473,3.100557,3.109789,-0.009232,1
1525169061483,3.100748,3.109684,-0.008936,1
1525169061493,3.100443,3.109913,-0.009470,1
1525169061503,3.100243,3.109579,-0.009336,1
1525169061513,3.100185,3.109493,-0.009308,1
1525169061523,3.100185,3.109531,-0.009346,1
1525169061533,3.100348,3.108931,-0.008583,1
1525169061543,3.100624,3.109446,-0.008821,1
1525169061553,3.100567,3.109808,-0.009241,1
1525169061563,3.100052,3.109474,-0.009422,1
1525169061573,3.100786,3.110008,-0.009222,1
1525169061583,3.100319,3.109493,-0.009174,1
1525169061593,3.100452,3.109503,-0.009050,1
1525169061603,3.100510,3.109989,-0.009480,1
1525169061614,3.100796,3.110027,-0.009232,1
1525169061624,3.100510,3.109484,-0.008974,1
1525169061634,3.100748,3.109560,-0.008812,1
1525169061644,3.101110,3.109465,-0.008354,1
1525169061654,3.100529,3.109779,-0.009251,1
1525169061664,3.100948,3.109922,-0.008974,1
1525169061674,3.100700,3.109388,-0.008688,1
1525169061684,3.100691,3.109970,-0.009279,1
1525169061694,3.100662,3.109922,-0.009260,1
1525169061704,3.100653,3.109856,-0.009203,1
1525169061715,3.100863,3.109655,-0.008793,1
1525169061725,3.100929,3.109999,-0.009069,1
1525169061735,3.100643,3.109426,-0.008783,1
1525169061745,3.100710,3.109741,-0.009031,1
1525169061755,3.100185,3.109713,-0.009527,1
1525169061765,3.100929,3.109760,-0.008831,1
1525169061775,3.100643,3.109589,-0.008945,1
1525169061786,3.100824,3.109369,-0.008545,1
1525169061796,3.100033,3.109350,-0.009317,1
1525169061806,3.101120,3.109789,-0.008669,1
1525169061816,3.100739,3.109236,-0.008497,1
1525169061826,3.100910,3.109560,-0.008650,1
1525169061836,3.100500,3.109541,-0.009041,1
1525169061846,3.100882,3.109550,-0.008669,1
1525169061856,3.100281,3.109684,-0.009403,1
1525169061866,3.100357,3.109770,-0.009413,1
1525169061876,3.100281,3.109217,-0.008936,1
1525169061886,3.100834,3.109970,-0.009136,1
1525169061896,3.100548,3.109150,-0.008602,1
1525169061906,3.100233,3.109264,-0.009031,1
1525169061916,3.100376,3.109369,-0.008993,1
1525169061926,3.100204,3.110323,-0.010118,1
1525169061936,3.100414,3.109474,-0.009060,1
1525169061946,3.100386,3.109760,-0.009375,1
1525169061956,3.100166,3.109064,-0.008898,1
1525169061966,3.099985,3.109741,-0.009756,1
1525169061976,3.099890,3.109379,-0.009489,1
1525169061986,3.100376,3.109808,-0.009432,1
1525169061996,3.099966,3.109112,-0.009146,1
1525169062006,3.100843,3.109932,-0.009089,1
1525169062016,3.100004,3.109522,-0.009518,1
1525169062027,3.100243,3.109589,-0.009346,1
1525169062037,3.099909,3.109140,-0.009232,1
1525169062047,3.100681,3.110008,-0.009327,1
1525169062057,3.099709,3.109102,-0.009394,1
1525169062067,3.100548,3.109741,-0.009193,1
1525169062077,3.099957,3.109636,-0.009680,1
1525169062087,3.100767,3.110104,-0.009336,1
1525169062097,3.099976,3.109636,-0.009661,1
1525169062107,3.100176,3.109541,-0.009365,1
1525169062117,3.100052,3.108969,-0.008917,1
1525169062128,3.100691,3.110037,-0.009346,1
1525169062138,3.099546,3.108673,-0.009127,1
1525169062148,3.100786,3.109398,-0.008612,1
1525169062158,3.099470,3.108835,-0.009365,1
1525169062168,3.100719,3.110104,-0.009384,1
1525169062178,3.099556,3.109274,-0.009718,1
1525169062188,3.100662,3.110018,-0.009356,1
1525169062199,3.099213,3.108330,-0.009117,1
1525169062209,3.101044,3.110437,-0.009394,1
1525169062219,3.099394,3.108616,-0.009222,1
1525169062229,3.100538,3.110247,-0.009708,1
1525169062239,3.099346,3.108826,-0.009480,1
1525169062249,3.100662,3.109760,-0.009098,1
1525169062259,3.099680,3.108768,-0.009089,1
1525169062269,3.100595,3.109531,-0.008936,1
1525169062279,3.099146,3.108110,-0.008965,1
1525169062289,3.100510,3.109560,-0.009050,1
1525169062299,3.099403,3.108358,-0.008955,1
1525169062310,3.100653,3.109512,-0.008860,1
1525169062320,3.099689,3.108482,-0.008793,1
1525169062330,3.101044,3.109808,-0.008764,1
1525169062341,3.100042,3.109388,-0.009346,1
1525169062351,3.100700,3.109655,-0.008955,1
1525169062361,3.099890,3.109264,-0.009375,1
1525169062371,3.100195,3.109646,-0.009451,1
1525169062381,3.099422,3.109083,-0.009661,1
1525169062391,3.099890,3.109436,-0.009546,1
1525169062401,3.099785,3.109159,-0.009375,1
1525169062411,3.100176,3.109465,-0.009289,1
1525169062421,3.099613,3.108749,-0.009136,1
1525169062431,3.100176,3.109188,-0.009012,1
1525169062441,3.100061,3.109121,-0.009060,1
1525169062452,3.100615,3.109398,-0.008783,1
1525169062462,3.099661,3.109093,-0.009432,1
1525169062472,3.099957,3.109016,-0.009060,1
1525169062482,3.100786,3.109598,-0.008812,1
1525169062492,3.100309,3.109655,-0.009346,1
1525169062502,3.100319,3.109684,-0.009365,1
1525169062512,3.100376,3.109789,-0.009413,1
1525169062522,3.099766,3.109169,-0.009403,1
1525169062532,3.100100,3.109646,-0.009546,1
1525169062542,3.099775,3.109379,-0.009604,1
1525169062552,3.099966,3.109741,-0.009775,1
1525169062562,3.099556,3.109283,-0.009727,1
1525169062572,3.099346,3.109674,-0.010328,1
1525169062582,3.099718,3.108759,-0.009041,1
1525169062592,3.100348,3.109283,-0.008936,1
1525169062602,3.099899,3.108988,-0.009089,1
1525169062612,3.100319,3.109226,-0.008907,1
1525169062622,3.100004,3.109398,-0.009394,1
1525169062632,3.099871,3.109303,-0.009432,1
1525169062642,3.099289,3.108854,-0.009565,1
1525169062652,3.099508,3.109083,-0.009575,1
1525169062663,3.099604,3.109140,-0.009537,1
1525169062673,3.099833,3.108978,-0.009146,1
1525169062683,3.099604,3.108845,-0.009241,1
1525169062693,3.100357,3.109083,-0.008726,1
1525169062703,3.100166,3.109112,-0.008945,1
1525169062713,3.099785,3.109255,-0.009470,1
1525169062723,3.100395,3.109388,-0.008993,1
1525169062733,3.100395,3.109407,-0.009012,1
1525169062743,3.099642,3.108387,-0.008745,1
1525169062753,3.099823,3.108969,-0.009146,1
1525169062764,3.100014,3.108873,-0.008860,1
1525169062774,3.100376,3.109207,-0.008831,1
1525169062784,3.100014,3.109140,-0.009127,1
1525169062794,3.099957,3.109236,-0.009279,1
1525169062804,3.100281,3.108988,-0.008707,1
1525169062814,3.099546,3.108912,-0.009365,1
1525169062824,3.099709,3.108835,-0.009127,1
1525169062834,3.099537,3.108721,-0.009184,1
1525169062844,3.099728,3.108635,-0.008907,1
1525169062854,3.100014,3.108597,-0.008583,1
1525169062864,3.100004,3.108530,-0.008526,1
1525169062874,3.100052,3.108730,-0.008678,1
1525169062884,3.099651,3.109293,-0.009642,1
1525169062894,3.099613,3.108616,-0.009003,1
1525169062905,3.099718,3.108702,-0.008984,1
1525169062915,3.099794,3.108501,-0.008707,1
1525169062925,3.099976,3.108654,-0.008678,1
1525169062935,3.099585,3.108530,-0.008945,1
1525169062945,3.099747,3.108587,-0.008841,1
1525169062955,3.100109,3.108683,-0.008574,1
1525169062965,3.100243,3.109303,-0.009060,1
1525169062975,3.100233,3.109007,-0.008774,1
1525169062985,3.100510,3.109083,-0.008574,1
1525169062995,3.099995,3.108635,-0.008640,1
1525169063005,3.099823,3.108511,-0.008688,1
1525169063015,3.099890,3.108807,-0.008917,1
1525169063025,3.100147,3.109236,-0.009089,1
1525169063035,3.100176,3.108807,-0.008631,1
1525169063046,3.100424,3.108788,-0.008364,1
1525169063056,3.100300,3.109131,-0.008831,1
1525169063066,3.100519,3.109388,-0.008869,1
1525169063076,3.100109,3.108644,-0.008535,1
1525169063086,3.100328,3.109074,-0.008745,1
1525169063096,3.100157,3.108778,-0.008621,1
1525169063106,3.100128,3.108978,-0.008850,1
1525169063116,3.099737,3.108463,-0.008726,1
1525169063126,3.100233,3.109035,-0.008802,1
1525169063136,3.099957,3.108854,-0.008898,1
1525169063146,3.100481,3.109150,-0.008669,1
1525169063156,3.100023,3.108664,-0.008640,1
1525169063166,3.099918,3.108635,-0.008717,1
1525169063176,3.099804,3.108654,-0.008850,1
1525169063187,3.100414,3.109331,-0.008917,1
1525169063197,3.099937,3.109179,-0.009241,1
1525169063207,3.100595,3.109865,-0.009270,1
1525169063217,3.100204,3.109455,-0.009251,1
1525169063227,3.100777,3.109665,-0.008888,1
1525169063237,3.100405,3.109493,-0.009089,1
1525169063247,3.100815,3.109722,-0.008907,1
1525169063257,3.100157,3.109207,-0.009050,1
1525169063267,3.100262,3.109426,-0.009165,1
1525169063277,3.100100,3.108749,-0.008650,1
1525169063287,3.100824,3.109388,-0.008564,1
1525169063297,3.100014,3.108654,-0.008640,1
1525169063307,3.100700,3.108587,-0.007887,1
1525169063317,3.100014,3.108273,-0.008259,1
1525169063328,3.100691,3.109293,-0.008602,1
1525169063338,3.100052,3.108530,-0.008478,1
1525169063348,3.100786,3.109560,-0.008774,1
1525169063359,3.099556,3.108253,-0.008698,1
1525169063369,3.100462,3.109665,-0.009203,1
1525169063379,3.099575,3.108130,-0.008554,1
1525169063389,3.100595,3.109646,-0.009050,1
1525169063399,3.099270,3.107958,-0.008688,1
1525169063409,3.100424,3.109474,-0.009050,1
1525169063419,3.099775,3.108463,-0.008688,1
1525169063429,3.100586,3.110046,-0.009460,1
1525169063439,3.098936,3.108902,-0.009966,1
1525169063449,3.100452,3.109770,-0.009317,1
1525169063459,3.098984,3.108788,-0.009804,1
1525169063470,3.100691,3.110247,-0.009556,1
1525169063480,3.098488,3.108521,-0.010033,1
1525169063490,3.099966,3.109674,-0.009708,1
1525169063500,3.099461,3.108730,-0.009270,1
1525169063510,3.100548,3.109884,-0.009336,1
1525169063520,3.099480,3.108873,-0.009394,1
1525169063530,3.100681,3.110428,-0.009747,1
1525169063540,3.098812,3.108730,-0.009918,1
1525169063550,3.099995,3.109913,-0.009918,1
1525169063560,3.099155,3.108091,-0.008936,1
1525169063570,3.099613,3.109894,-0.010281,1
1525169063580,3.098860,3.108950,-0.010090,1
1525169063590,3.100290,3.109331,-0.009041,1
1525169063600,3.099108,3.108540,-0.009432,1
1525169063611,3.100481,3.109598,-0.009117,1
1525169063621,3.099632,3.109188,-0.009556,1
1525169063631,3.099718,3.110046,-0.010328,1
1525169063641,3.098621,3.108635,-0.010014,1
1525169063651,3.100176,3.109789,-0.009613,1
1525169063661,3.099670,3.109188,-0.009518,1
1525169063671,3.099947,3.108816,-0.008869,1
1525169063681,3.099251,3.108587,-0.009336,1
1525169063691,3.100796,3.110027,-0.009232,1
1525169063701,3.099871,3.109112,-0.009241,1
1525169063711,3.100071,3.109550,-0.009480,1
1525169063721,3.099747,3.108759,-0.009012,1
1525169063731,3.100023,3.109798,-0.009775,1
1525169063742,3.100052,3.109531,-0.009480,1
1525169063752,3.100176,3.109779,-0.009604,1
1525169063762,3.099861,3.109045,-0.009184,1
1525169063773,3.099861,3.109093,-0.009232,1
1525169063783,3.099880,3.109121,-0.009241,1
1525169063793,3.099613,3.109350,-0.009737,1
1525169063803,3.100176,3.109655,-0.009480,1
1525169063813,3.100586,3.109579,-0.008993,1
1525169063823,3.100119,3.109179,-0.009060,1
1525169063833,3.100615,3.109713,-0.009098,1
1525169063843,3.100319,3.109293,-0.008974,1
1525169063853,3.100977,3.109694,-0.008717,1
1525169063863,3.100176,3.109570,-0.009394,1
1525169063873,3.100262,3.109703,-0.009441,1
1525169063883,3.100119,3.109188,-0.009069,1
1525169063893,3.100309,3.109207,-0.008898,1
1525169063903,3.100395,3.109417,-0.009022,1
1525169063914,3.100100,3.109531,-0.009432,1
1525169063924,3.100214,3.109188,-0.008974,1
1525169063934,3.100185,3.109236,-0.009050,1
1525169063944,3.099813,3.109274,-0.009460,1
1525169063954,3.100080,3.109436,-0.009356,1
1525169063964,3.100481,3.109293,-0.008812,1
1525169063974,3.100119,3.109493,-0.009375,1
1525169063985,3.099966,3.108912,-0.008945,1
1525169063995,3.099985,3.109245,-0.009260,1
1525169064005,3.100176,3.109264,-0.009089,1
1525169064015,3.099623,3.109198,-0.009575,1
1525169064025,3.100033,3.109207,-0.009174,1
1525169064035,3.100166,3.108616,-0.008450,1
1525169064045,3.100519,3.109493,-0.008974,1
1525169064056,3.100090,3.108740,-0.008650,1
1525169064066,3.100491,3.109188,-0.008698,1
1525169064076,3.100119,3.109303,-0.009184,1
1525169064086,3.100080,3.109474,-0.009394,1
1525169064096,3.099661,3.109188,-0.009527,1
1525169064106,3.099995,3.109913,-0.009918,1
1525169064116,3.099709,3.108864,-0.009155,1
1525169064127,3.100147,3.109446,-0.009298,1
1525169064137,3.099909,3.109169,-0.009260,1
1525169064147,3.100433,3.109903,-0.009470,1
1525169064157,3.099785,3.109188,-0.009403,1
1525169064167,3.101015,3.109598,-0.008583,1
1525169064177,3.100262,3.109217,-0.008955,1
1525169064188,3.100576,3.109484,-0.008907,1
1525169064198,3.099937,3.109140,-0.009203,1
1525169064208,3.100758,3.109674,-0.008917,1
1525169064218,3.099899,3.109055,-0.009155,1
1525169064228,3.100691,3.109388,-0.008698,1
1525169064238,3.099642,3.109608,-0.009966,1
1525169064248,3.100662,3.110027,-0.009365,1
1525169064259,3.099794,3.109274,-0.009480,1
1525169064269,3.100824,3.110189,-0.009365,1
1525169064279,3.099222,3.108177,-0.008955,1
1525169064289,3.100863,3.109722,-0.008860,1
1525169064299,3.099709,3.108683,-0.008974,1
1525169064309,3.100872,3.109436,-0.008564,1
1525169064319,3.099480,3.108940,-0.009460,1
1525169064329,3.100901,3.109646,-0.008745,1
1525169064339,3.099852,3.108730,-0.008879,1
1525169064349,3.100929,3.109884,-0.008955,1
1525169064359,3.099995,3.108740,-0.008745,1
1525169064369,3.101358,3.109932,-0.008574,1
1525169064379,3.100042,3.108883,-0.008841,1
1525169064389,3.101282,3.110504,-0.009222,1
1525169064399,3.099566,3.109169,-0.009604,1
1525169064409,3.101377,3.110561,-0.009184,1
1525169064419,3.099823,3.108740,-0.008917,1
1525169064429,3.101454,3.110247,-0.008793,1
1525169064439,3.099642,3.109283,-0.009642,1
1525169064449,3.101025,3.110495,-0.009470,1
1525169064459,3.099880,3.108788,-0.008907,1
1525169064470,3.101282,3.109980,-0.008698,1
1525169064480,3.100080,3.109131,-0.009050,1
1525169064490,3.101206,3.109961,-0.008755,1
1525169064500,3.099899,3.109283,-0.009384,1
1525169064510,3.100653,3.110466,-0.009813,1
1525169064520,3.099928,3.108978,-0.009050,1
1525169064530,3.100996,3.109865,-0.008869,1
1525169064540,3.099728,3.108616,-0.008888,1
1525169064550,3.101454,3.109961,-0.008507,1
1525169064560,3.099546,3.108988,-0.009441,1
1525169064570,3.101482,3.110466,-0.008984,1
1525169064580,3.099709,3.109112,-0.009403,1
1525169064590,3.101349,3.110180,-0.008831,1
1525169064600,3.100224,3.109140,-0.008917,1
1525169064610,3.101597,3.110342,-0.008745,1
1525169064620,3.099585,3.109093,-0.009508,1
1525169064630,3.100986,3.109999,-0.009012,1
1525169064640,3.099785,3.108511,-0.008726,1
1525169064650,3.101015,3.109646,-0.008631,1
1525169064660,3.099804,3.109207,-0.009403,1
1525169064670,3.100481,3.110189,-0.009708,1
1525169064680,3.099356,3.108740,-0.009384,1
1525169064690,3.100910,3.109617,-0.008707,1
1525169064700,3.099966,3.108873,-0.008907,1
1525169064711,3.100729,3.109665,-0.008936,1
1525169064721,3.099995,3.108044,-0.008049,1
1525169064731,3.100538,3.109007,-0.008469,1
1525169064741,3.099670,3.108931,-0.009260,1
1525169064751,3.100767,3.109608,-0.008841,1
1525169064761,3.099918,3.108807,-0.008888,1
1525169064771,3.100624,3.109293,-0.008669,1
1525169064781,3.099728,3.108683,-0.008955,1
1525169064791,3.100166,3.109541,-0.009375,1
1525169064801,3.100033,3.109045,-0.009012,1
1525169064811,3.100586,3.109312,-0.008726,1
1525169064821,3.099880,3.108473,-0.008593,1
1525169064831,3.100805,3.109550,-0.008745,1
1525169064841,3.099709,3.108778,-0.009069,1
1525169064852,3.100109,3.109322,-0.009212,1
1525169064862,3.100309,3.109159,-0.008850,1
1525169064872,3.100567,3.108978,-0.008411,1
1525169064882,3.100319,3.109188,-0.008869,1
1525169064892,3.100691,3.109312,-0.008621,1
1525169064902,3.100090,3.109055,-0.008965,1
1525169064912,3.100691,3.109093,-0.008402,1
1525169064922,3.099909,3.108559,-0.008650,1
1525169064932,3.100414,3.108978,-0.008564,1
1525169064942,3.100605,3.109026,-0.008421,1
1525169064952,3.101120,3.109369,-0.008249,1
1525169064962,3.100624,3.108988,-0.008364,1
1525169064972,3.101082,3.109531,-0.008450,1
1525169064982,3.100348,3.108988,-0.008640,1
1525169064993,3.100939,3.109417,-0.008478,1
1525169065003,3.100605,3.109045,-0.008440,1
1525169065013,3.100414,3.109312,-0.008898,1
1525169065023,3.100557,3.108702,-0.008144,1
1525169065033,3.100853,3.109379,-0.008526,1
1525169065043,3.100519,3.109045,-0.008526,1
1525169065053,3.100824,3.109217,-0.008392,1
1525169065063,3.100681,3.109140,-0.008459,1
1525169065073,3.100977,3.109398,-0.008421,1
1525169065083,3.100872,3.109064,-0.008192,1
1525169065093,3.101110,3.109303,-0.008192,1
1525169065103,3.100519,3.109159,-0.008640,1
1525169065113,3.100729,3.109312,-0.008583,1
1525169065123,3.100529,3.109331,-0.008802,1
1525169065134,3.100481,3.109236,-0.008755,1
1525169065144,3.100262,3.109550,-0.009289,1
1525169065154,3.100290,3.109255,-0.008965,1
1525169065164,3.100519,3.109236,-0.008717,1
1525169065174,3.100595,3.109016,-0.008421,1
1525169065184,3.100939,3.109169,-0.008230,1
1525169065194,3.100863,3.109045,-0.008183,1
1525169065204,3.101034,3.109226,-0.008192,1
1525169065214,3.100815,3.109083,-0.008268,1
1525169065224,3.100719,3.109159,-0.008440,1
1525169065234,3.100357,3.109350,-0.008993,1
1525169065244,3.099852,3.109131,-0.009279,1
1525169065254,3.100557,3.109179,-0.008621,1
1525169065264,3.100471,3.109455,-0.008984,1
1525169065275,3.100033,3.109226,-0.009193,1
1525169065285,3.100481,3.109446,-0.008965,1
1525169065295,3.100100,3.109322,-0.009222,1
1525169065306,3.100405,3.109140,-0.008736,1
1525169065316,3.100119,3.109102,-0.008984,1
1525169065326,3.100643,3.109169,-0.008526,1
1525169065336,3.100061,3.109217,-0.009155,1
1525169065346,3.100529,3.109617,-0.009089,1
1525169065356,3.100271,3.109541,-0.009270,1
1525169065366,3.100863,3.110037,-0.009174,1
1525169065376,3.100405,3.109493,-0.009089,1
1525169065386,3.100147,3.109493,-0.009346,1
1525169065396,3.099985,3.109217,-0.009232,1
1525169065406,3.100672,3.110056,-0.009384,1
1525169065416,3.100739,3.109522,-0.008783,1
1525169065426,3.100815,3.109856,-0.009041,1
1525169065436,3.100224,3.109503,-0.009279,1
1525169065446,3.100042,3.109417,-0.009375,1
1525169065456,3.100271,3.109274,-0.009003,1
1525169065466,3.100328,3.109369,-0.009041,1
1525169065476,3.099957,3.109293,-0.009336,1
1525169065486,3.100290,3.109674,-0.009384,1
1525169065496,3.099756,3.109379,-0.009623,1
1525169065506,3.100357,3.110170,-0.009813,1
1525169065516,3.100109,3.109264,-0.009155,1
1525169065526,3.100462,3.109636,-0.009174,1
1525169065536,3.100014,3.109474,-0.009460,1
1525169065546,3.100061,3.109550,-0.009489,1
1525169065556,3.099937,3.109236,-0.009298,1
1525169065566,3.099871,3.109255,-0.009384,1
1525169065576,3.100214,3.109322,-0.009108,1
1525169065586,3.100138,3.109684,-0.009546,1
1525169065596,3.099833,3.109035,-0.009203,1
1525169065606,3.099947,3.109245,-0.009298,1
1525169065617,3.100004,3.108931,-0.008926,1
1525169065627,3.100576,3.109388,-0.008812,1
1525169065637,3.100090,3.109083,-0.008993,1
1525169065647,3.100739,3.109531,-0.008793,1
1525169065657,3.100252,3.109045,-0.008793,1
1525169065667,3.100758,3.109455,-0.008698,1
1525169065677,3.100214,3.109341,-0.009127,1
1525169065687,3.100681,3.109913,-0.009232,1
1525169065697,3.100090,3.109055,-0.008965,1
1525169065707,3.100910,3.109856,-0.008945,1
1525169065717,3.100033,3.108730,-0.008698,1
1525169065727,3.100605,3.109598,-0.008993,1
1525169065737,3.100243,3.109550,-0.009308,1
1525169065747,3.100290,3.109722,-0.009432,1
1525169065758,3.099575,3.108892,-0.009317,1
1525169065768,3.100195,3.109388,-0.009193,1
1525169065778,3.099842,3.109121,-0.009279,1
1525169065789,3.100424,3.109808,-0.009384,1
1525169065799,3.099480,3.108845,-0.009365,1
1525169065809,3.100920,3.109808,-0.008888,1
1525169065819,3.099842,3.108854,-0.009012,1
1525169065829,3.100691,3.109837,-0.009146,1
1525169065839,3.099680,3.108521,-0.008841,1
1525169065849,3.100624,3.110342,-0.009718,1
1525169065859,3.099604,3.109064,-0.009460,1
1525169065869,3.100405,3.110466,-0.010061,1
1525169065879,3.099461,3.108978,-0.009518,1
1525169065889,3.100109,3.109941,-0.009832,1
1525169065900,3.099375,3.109074,-0.009699,1
1525169065910,3.100634,3.110237,-0.009604,1
1525169065920,3.099031,3.108654,-0.009623,1
1525169065931,3.100386,3.110256,-0.009871,1
1525169065941,3.099756,3.109531,-0.009775,1
1525169065951,3.099928,3.109903,-0.009975,1
1525169065961,3.100042,3.109446,-0.009403,1
1525169065971,3.100739,3.110228,-0.009489,1
1525169065981,3.099661,3.109627,-0.009966,1
1525169065991,3.100719,3.110342,-0.009623,1
1525169066001,3.099775,3.109798,-0.010023,1
1525169066011,3.100233,3.110180,-0.009947,1
1525169066021,3.099871,3.109207,-0.009336,1
1525169066031,3.100309,3.109446,-0.009136,1
1525169066041,3.099833,3.109875,-0.010042,1
1525169066051,3.100634,3.110094,-0.009460,1
1525169066061,3.100033,3.109627,-0.009594,1
1525169066072,3.100691,3.109922,-0.009232,1
1525169066082,3.100395,3.109865,-0.009470,1
1525169066092,3.100290,3.109703,-0.009413,1
1525169066102,3.099928,3.110266,-0.010338,1
1525169066112,3.100319,3.109751,-0.009432,1
1525169066122,3.100119,3.109722,-0.009604,1
1525169066132,3.100672,3.109798,-0.009127,1
1525169066142,3.100233,3.109798,-0.009565,1
1525169066152,3.100510,3.109779,-0.009270,1
1525169066162,3.100166,3.109531,-0.009365,1
1525169066172,3.100624,3.109684,-0.009060,1
1525169066182,3.100405,3.109598,-0.009193,1
1525169066192,3.100815,3.110285,-0.009470,1
1525169066202,3.100739,3.109741,-0.009003,1
1525169066213,3.100777,3.109798,-0.009022,1
1525169066223,3.100424,3.109493,-0.009069,1
1525169066233,3.100033,3.109646,-0.009613,1
1525169066243,3.100452,3.109550,-0.009098,1
1525169066253,3.100967,3.109856,-0.008888,1
1525169066263,3.100786,3.109884,-0.009098,1
1525169066273,3.100357,3.109579,-0.009222,1
1525169066283,3.100376,3.109455,-0.009079,1
1525169066293,3.100805,3.109989,-0.009184,1
1525169066303,3.100386,3.109760,-0.009375,1
1525169066313,3.100739,3.109999,-0.009260,1
1525169066323,3.100700,3.109579,-0.008879,1
1525169066333,3.100567,3.110046,-0.009480,1
1525169066343,3.100386,3.109684,-0.009298,1
1525169066354,3.100777,3.109913,-0.009136,1
1525169066364,3.100491,3.109751,-0.009260,1
1525169066374,3.100538,3.109713,-0.009174,1
1525169066384,3.100529,3.109694,-0.009165,1
1525169066394,3.100395,3.109646,-0.009251,1
1525169066404,3.100929,3.109703,-0.008774,1
1525169066414,3.100748,3.109617,-0.008869,1
1525169066425,3.100929,3.109760,-0.008831,1
1525169066435,3.100500,3.109703,-0.009203,1
1525169066445,3.100557,3.109922,-0.009365,1
1525169066455,3.100491,3.110056,-0.009565,1
1525169066465,3.100357,3.110123,-0.009766,1
1525169066475,3.100204,3.110094,-0.009890,1
1525169066485,3.100700,3.110294,-0.009594,1
1525169066495,3.100576,3.109646,-0.009069,1
1525169066505,3.100863,3.109980,-0.009117,1
1525169066515,3.100443,3.109598,-0.009155,1
1525169066525,3.100901,3.109798,-0.008898,1
1525169066535,3.100243,3.109913,-0.009670,1
1525169066545,3.100367,3.109856,-0.009489,1
1525169066555,3.100328,3.109665,-0.009336,1
1525169066565,3.100700,3.109503,-0.008802,1
1525169066575,3.100119,3.109655,-0.009537,1
1525169066585,3.100548,3.109465,-0.008917,1
1525169066596,3.100300,3.109703,-0.009403,1
1525169066606,3.100481,3.109751,-0.009270,1
1525169066616,3.099947,3.109903,-0.009956,1
1525169066626,3.100739,3.109617,-0.008879,1
1525169066636,3.099966,3.109207,-0.009241,1
1525169066646,3.100433,3.109636,-0.009203,1
1525169066656,3.100309,3.109159,-0.008850,1
1525169066667,3.100481,3.109341,-0.008860,1
1525169066677,3.100224,3.109236,-0.009012,1
1525169066687,3.100548,3.109541,-0.008993,1
1525169066697,3.099661,3.109121,-0.009460,1
1525169066707,3.100557,3.109808,-0.009251,1
1525169066717,3.100414,3.109264,-0.008850,1
1525169066727,3.100595,3.109779,-0.009184,1
1525169066738,3.099909,3.109198,-0.009289,1
1525169066748,3.100634,3.109694,-0.009060,1
1525169066758,3.099375,3.108768,-0.009394,1
1525169066768,3.100824,3.110094,-0.009270,1
1525169066778,3.099804,3.109360,-0.009556,1
1525169066788,3.100281,3.110008,-0.009727,1
1525169066798,3.099833,3.108768,-0.008936,1
1525169066809,3.100872,3.109961,-0.009089,1
1525169066819,3.099394,3.108606,-0.009212,1
1525169066829,3.100939,3.110209,-0.009270,1
1525169066839,3.099508,3.108587,-0.009079,1
1525169066849,3.100996,3.110018,-0.009022,1
1525169066859,3.099442,3.108101,-0.008659,1
1525169066869,3.100977,3.109674,-0.008698,1
1525169066880,3.099670,3.108740,-0.009069,1
1525169066890,3.100853,3.110161,-0.009308,1
1525169066900,3.099737,3.109140,-0.009403,1
1525169066910,3.101492,3.110256,-0.008764,1
1525169066920,3.099365,3.108473,-0.009108,1
1525169066930,3.100986,3.110170,-0.009184,1
1525169066940,3.099566,3.109121,-0.009556,1
1525169066951,3.100739,3.109875,-0.009136,1
1525169066961,3.099785,3.108788,-0.009003,1
1525169066971,3.100739,3.109732,-0.008993,1
1525169066981,3.100119,3.109207,-0.009089,1
1525169066991,3.100719,3.109818,-0.009098,1
1525169067001,3.099766,3.108644,-0.008879,1
1525169067011,3.100567,3.109264,-0.008698,1
1525169067021,3.099861,3.108950,-0.009089,1
1525169067031,3.100319,3.109894,-0.009575,1
1525169067041,3.099909,3.108959,-0.009050,1
1525169067051,3.100519,3.109369,-0.008850,1
1525169067061,3.099775,3.108578,-0.008802,1
1525169067071,3.100405,3.109550,-0.009146,1
1525169067081,3.099976,3.109026,-0.009050,1
1525169067092,3.100662,3.109865,-0.009203,1
1525169067102,3.100433,3.109045,-0.008612,1
1525169067112,3.100300,3.109837,-0.009537,1
1525169067122,3.099709,3.108892,-0.009184,1
1525169067132,3.100376,3.109293,-0.008917,1
1525169067142,3.099546,3.109188,-0.009642,1
1525169067152,3.100471,3.109207,-0.008736,1
1525169067162,3.099575,3.109102,-0.009527,1
1525169067172,3.100147,3.109617,-0.009470,1
1525169067182,3.099566,3.109074,-0.009508,1
1525169067192,3.100471,3.109512,-0.009041,1
1525169067202,3.099527,3.108788,-0.009260,1
1525169067212,3.100576,3.109102,-0.008526,1
1525169067222,3.100004,3.109055,-0.009050,1
1525169067233,3.100491,3.109579,-0.009089,1
1525169067243,3.100424,3.109636,-0.009212,1
1525169067253,3.099976,3.109751,-0.009775,1
1525169067263,3.100481,3.109379,-0.008898,1
1525169067273,3.100252,3.109465,-0.009212,1
1525169067283,3.100071,3.109369,-0.009298,1
1525169067293,3.100233,3.109236,-0.009003,1
1525169067303,3.100691,3.109522,-0.008831,1
1525169067313,3.100719,3.109541,-0.008821,1
1525169067323,3.099833,3.109350,-0.009518,1
1525169067333,3.100157,3.109140,-0.008984,1
1525169067343,3.100080,3.109026,-0.008945,1
1525169067353,3.100262,3.108997,-0.008736,1
1525169067363,3.099794,3.109779,-0.009985,1
1525169067373,3.100319,3.109627,-0.009308,1
1525169067383,3.099976,3.109007,-0.009031,1
1525169067393,3.100405,3.109579,-0.009174,1
1525169067403,3.100338,3.109617,-0.009279,1
1525169067413,3.100271,3.109798,-0.009527,1
1525169067423,3.100109,3.109236,-0.009127,1
1525169067433,3.100300,3.110046,-0.009747,1
1525169067443,3.100548,3.109617,-0.009069,1
1525169067453,3.100748,3.109388,-0.008640,1
1525169067463,3.100748,3.109550,-0.008802,1
1525169067473,3.100376,3.109703,-0.009327,1
1525169067483,3.100405,3.109989,-0.009584,1
1525169067493,3.100519,3.109865,-0.009346,1
1525169067503,3.100100,3.109379,-0.009279,1
1525169067513,3.100672,3.109446,-0.008774,1
1525169067523,3.100519,3.109465,-0.008945,1
1525169067533,3.099957,3.109846,-0.009890,1
1525169067544,3.099861,3.109140,-0.009279,1
1525169067554,3.100405,3.109398,-0.008993,1
1525169067564,3.100023,3.109560,-0.009537,1
1525169067574,3.100042,3.110037,-0.009995,1
1525169067584,3.100023,3.109531,-0.009508,1
1525169067594,3.100271,3.109503,-0.009232,1
1525169067605,3.100309,3.108978,-0.008669,1
1525169067615,3.100309,3.109941,-0.009632,1
1525169067625,3.100023,3.109446,-0.009422,1
1525169067636,3.100481,3.108902,-0.008421,1
1525169067646,3.100691,3.109932,-0.009241,1
1525169067656,3.100424,3.109455,-0.009031,1
1525169067666,3.100529,3.110056,-0.009527,1
1525169067676,3.100424,3.109550,-0.009127,1
1525169067686,3.100557,3.109722,-0.009165,1
1525169067696,3.100271,3.109398,-0.009127,1
1525169067707,3.100147,3.109446,-0.009298,1
1525169067717,3.100233,3.109331,-0.009098,1
1525169067727,3.100233,3.109570,-0.009336,1
1525169067737,3.099384,3.108644,-0.009260,1
1525169067747,3.100224,3.109322,-0.009098,1
1525169067757,3.099718,3.108759,-0.009041,1
1525169067767,3.100357,3.109064,-0.008707,1
1525169067778,3.099670,3.109093,-0.009422,1
1525169067788,3.100176,3.109426,-0.009251,1
1525169067798,3.099251,3.108559,-0.009308,1
1525169067808,3.100557,3.109446,-0.008888,1
1525169067818,3.099804,3.109035,-0.009232,1
1525169067828,3.100185,3.109703,-0.009518,1
1525169067838,3.099508,3.108835,-0.009327,1
1525169067848,3.100252,3.109694,-0.009441,1
1525169067858,3.099337,3.108215,-0.008879,1
1525169067868,3.100080,3.109493,-0.009413,1
1525169067878,3.099298,3.108521,-0.009222,1
1525169067888,3.100815,3.109627,-0.008812,1
1525169067898,3.099375,3.109102,-0.009727,1
1525169067908,3.100748,3.109951,-0.009203,1
1525169067919,3.099918,3.108883,-0.008965,1
1525169067929,3.101130,3.109922,-0.008793,1
1525169067939,3.099909,3.108397,-0.008488,1
1525169067949,3.101072,3.110256,-0.009184,1
1525169067959,3.099585,3.108606,-0.009022,1
1525169067969,3.100843,3.110018,-0.009174,1
1525169067979,3.099985,3.108625,-0.008640,1
1525169067989,3.101339,3.109856,-0.008516,1
1525169067999,3.099785,3.108358,-0.008574,1
1525169068009,3.100767,3.109798,-0.009031,1
1525169068019,3.099518,3.108463,-0.008945,1
1525169068029,3.101101,3.109903,-0.008802,1
1525169068039,3.100138,3.108540,-0.008402,1
1525169068049,3.101330,3.109713,-0.008383,1
1525169068060,3.099585,3.108397,-0.008812,1
1525169068070,3.100939,3.110180,-0.009241,1
1525169068080,3.099403,3.108444,-0.009041,1
1525169068090,3.100920,3.109503,-0.008583,1
1525169068100,3.099575,3.108168,-0.008593,1
1525169068110,3.100700,3.109455,-0.008755,1
1525169068120,3.099461,3.108454,-0.008993,1
1525169068130,3.101158,3.109770,-0.008612,1
1525169068140,3.099670,3.108597,-0.008926,1
1525169068150,3.100920,3.109665,-0.008745,1
1525169068160,3.099604,3.108864,-0.009260,1
1525169068170,3.100595,3.109570,-0.008974,1
1525169068180,3.098917,3.108702,-0.009785,1
1525169068190,3.100634,3.109703,-0.009069,1
1525169068200,3.098822,3.108473,-0.009651,1
1525169068210,3.100719,3.109627,-0.008907,1
1525169068220,3.099403,3.108406,-0.009003,1
1525169068230,3.100710,3.109379,-0.008669,1
1525169068240,3.099289,3.108768,-0.009480,1
1525169068250,3.100471,3.109779,-0.009308,1
1525169068260,3.099527,3.108835,-0.009308,1
1525169068271,3.100452,3.109608,-0.009155,1
1525169068281,3.099842,3.108540,-0.008698,1
1525169068291,3.100767,3.109760,-0.008993,1
1525169068301,3.099642,3.109217,-0.009575,1
1525169068311,3.100529,3.109732,-0.009203,1
1525169068321,3.099604,3.109102,-0.009499,1
1525169068331,3.100748,3.109989,-0.009241,1
1525169068341,3.099823,3.109150,-0.009327,1
1525169068351,3.101015,3.109827,-0.008812,1
1525169068361,3.100157,3.109436,-0.009279,1
1525169068372,3.100767,3.109150,-0.008383,1
1525169068382,3.100367,3.109045,-0.008678,1
1525169068392,3.100176,3.109426,-0.009251,1
1525169068402,3.100157,3.109035,-0.008879,1
1525169068412,3.100634,3.109741,-0.009108,1
1525169068422,3.100090,3.109550,-0.009460,1
1525169068432,3.100691,3.109484,-0.008793,1
1525169068442,3.100519,3.108873,-0.008354,1
1525169068452,3.101149,3.109303,-0.008154,1
1525169068462,3.100357,3.108711,-0.008354,1
1525169068472,3.100300,3.109446,-0.009146,1
1525169068482,3.100090,3.108978,-0.008888,1
1525169068492,3.100834,3.109608,-0.008774,1
1525169068502,3.100376,3.109283,-0.008907,1
1525169068512,3.100424,3.109226,-0.008802,1
1525169068522,3.099689,3.108912,-0.009222,1
1525169068532,3.100529,3.109579,-0.009050,1
1525169068542,3.099728,3.109350,-0.009623,1
1525169068553,3.099346,3.109245,-0.009899,1
1525169068563,3.099928,3.109169,-0.009241,1
1525169068573,3.099823,3.109188,-0.009365,1
1525169068583,3.099813,3.108950,-0.009136,1
1525169068593,3.100367,3.108978,-0.008612,1
1525169068603,3.100119,3.108969,-0.008850,1
1525169068613,3.100424,3.109226,-0.008802,1
1525169068623,3.099976,3.108873,-0.008898,1
1525169068633,3.100033,3.109503,-0.009470,1
1525169068643,3.099861,3.108540,-0.008678,1
1525169068653,3.100166,3.108921,-0.008755,1
1525169068663,3.100119,3.108940,-0.008821,1
1525169068673,3.100176,3.109150,-0.008974,1
1525169068683,3.100166,3.108997,-0.008831,1
1525169068694,3.099976,3.109179,-0.009203,1
1525169068704,3.100004,3.109312,-0.009308,1
1525169068714,3.100157,3.108711,-0.008554,1
1525169068724,3.100195,3.109303,-0.009108,1
1525169068734,3.099966,3.109131,-0.009165,1
1525169068744,3.099861,3.109055,-0.009193,1
1525169068754,3.099995,3.109236,-0.009241,1
1525169068764,3.100080,3.109417,-0.009336,1
1525169068774,3.100300,3.109388,-0.009089,1
1525169068784,3.100710,3.109293,-0.008583,1
1525169068794,3.100595,3.109236,-0.008640,1
1525169068804,3.100185,3.109455,-0.009270,1
1525169068814,3.100576,3.109360,-0.008783,1
1525169068824,3.099995,3.109303,-0.009308,1
1525169068835,3.100548,3.109636,-0.009089,1
1525169068845,3.100491,3.109674,-0.009184,1
1525169068855,3.100004,3.109274,-0.009270,1
1525169068866,3.100204,3.109417,-0.009212,1
1525169068876,3.099775,3.109226,-0.009451,1
1525169068886,3.100166,3.109436,-0.009270,1
1525169068896,3.099966,3.109007,-0.009041,1
1525169068906,3.100023,3.108959,-0.008936,1
1525169068916,3.099871,3.109055,-0.009184,1
1525169068926,3.099728,3.109322,-0.009594,1
1525169068936,3.100138,3.109093,-0.008955,1
1525169068946,3.099785,3.109112,-0.009327,1
1525169068956,3.099880,3.108692,-0.008812,1
1525169068966,3.100615,3.109188,-0.008574,1
1525169068977,3.100128,3.109159,-0.009031,1
1525169068987,3.100281,3.109531,-0.009251,1
1525169068997,3.100042,3.109083,-0.009041,1
1525169069008,3.100767,3.109436,-0.008669,1
1525169069018,3.099823,3.108664,-0.008841,1
1525169069028,3.100481,3.109455,-0.008974,1
1525169069038,3.100195,3.108912,-0.008717,1
1525169069048,3.100805,3.109941,-0.009136,1
1525169069058,3.099957,3.108883,-0.008926,1
1525169069068,3.100777,3.109417,-0.008640,1
1525169069078,3.099680,3.108692,-0.009012,1
1525169069088,3.100567,3.109426,-0.008860,1
1525169069098,3.099766,3.108644,-0.008879,1
1525169069108,3.100901,3.109779,-0.008879,1
1525169069118,3.100080,3.109226,-0.009146,1
1525169069128,3.100805,3.109894,-0.009089,1
1525169069138,3.099461,3.108883,-0.009422,1
1525169069148,3.100233,3.110151,-0.009918,1
1525169069158,3.099957,3.109035,-0.009079,1
1525169069168,3.100548,3.109655,-0.009108,1
1525169069178,3.099194,3.108406,-0.009212,1
1525169069188,3.100529,3.109655,-0.009127,1
1525169069198,3.099594,3.108931,-0.009336,1
1525169069208,3.100672,3.109264,-0.008593,1
1525169069218,3.099794,3.108597,-0.008802,1
1525169069228,3.100634,3.109245,-0.008612,1
1525169069238,3.099680,3.108892,-0.009212,1
1525169069248,3.100529,3.109627,-0.009098,1
1525169069258,3.099747,3.108759,-0.009012,1
1525169069268,3.100729,3.109398,-0.008669,1
1525169069279,3.099566,3.108501,-0.008936,1
1525169069289,3.101063,3.109341,-0.008278,1
1525169069299,3.099117,3.108482,-0.009365,1
1525169069309,3.100386,3.109589,-0.009203,1
1525169069319,3.099537,3.108187,-0.008650,1
1525169069329,3.100824,3.109989,-0.009165,1
1525169069339,3.099318,3.108559,-0.009241,1
1525169069349,3.101149,3.109999,-0.008850,1
1525169069359,3.099384,3.108807,-0.009422,1
1525169069369,3.100920,3.109703,-0.008783,1
1525169069379,3.099623,3.108978,-0.009356,1
1525169069389,3.100777,3.110065,-0.009289,1
1525169069399,3.099518,3.109093,-0.009575,1
1525169069409,3.101091,3.110008,-0.008917,1
1525169069420,3.099499,3.108683,-0.009184,1
1525169069430,3.100634,3.110209,-0.009575,1
1525169069440,3.099327,3.108711,-0.009384,1
1525169069450,3.100481,3.110037,-0.009556,1
1525169069460,3.099251,3.108835,-0.009584,1
1525169069470,3.100691,3.109884,-0.009193,1
1525169069480,3.099909,3.109083,-0.009174,1
1525169069490,3.100719,3.110189,-0.009470,1
1525169069500,3.099489,3.108311,-0.008821,1
1525169069510,3.100786,3.109369,-0.008583,1
1525169069520,3.099480,3.108883,-0.009403,1
1525169069530,3.100672,3.109865,-0.009193,1
1525169069540,3.098984,3.108540,-0.009556,1
1525169069550,3.100452,3.109617,-0.009165,1
1525169069560,3.099852,3.108854,-0.009003,1
1525169069570,3.100147,3.109798,-0.009651,1
1525169069580,3.099194,3.108301,-0.009108,1
1525169069590,3.100328,3.109932,-0.009604,1
1525169069601,3.099260,3.108454,-0.009193,1
1525169069611,3.100100,3.109732,-0.009632,1
1525169069621,3.099356,3.108883,-0.009527,1
1525169069631,3.100367,3.109560,-0.009193,1
1525169069641,3.099518,3.108559,-0.009041,1
1525169069651,3.100557,3.109608,-0.009050,1
1525169069661,3.100052,3.109026,-0.008974,1
1525169069672,3.100319,3.109140,-0.008821,1
1525169069682,3.100157,3.108835,-0.008678,1
1525169069692,3.100653,3.109503,-0.008850,1
1525169069702,3.099747,3.108797,-0.009050,1
1525169069712,3.100309,3.109913,-0.009604,1
1525169069722,3.099966,3.109598,-0.009632,1
1525169069732,3.100185,3.109665,-0.009480,1
1525169069743,3.099880,3.109360,-0.009480,1
1525169069753,3.100214,3.109512,-0.009298,1
1525169069763,3.099861,3.109350,-0.009489,1
1525169069774,3.100090,3.109350,-0.009260,1
1525169069784,3.099985,3.109646,-0.009661,1
1525169069794,3.100224,3.109350,-0.009127,1
1525169069804,3.100195,3.109388,-0.009193,1
1525169069814,3.100328,3.109426,-0.009098,1
1525169069824,3.100204,3.108959,-0.008755,1
1525169069834,3.100500,3.109083,-0.008583,1
1525169069844,3.100643,3.109474,-0.008831,1
1525169069854,3.100719,3.109722,-0.009003,1
1525169069864,3.100462,3.109579,-0.009117,1
1525169069874,3.100834,3.109646,-0.008812,1
1525169069885,3.100710,3.109188,-0.008478,1
1525169069895,3.100328,3.109236,-0.008907,1
1525169069905,3.099947,3.109140,-0.009193,1
1525169069916,3.099918,3.109360,-0.009441,1
1525169069926,3.100805,3.109655,-0.008850,1
1525169069936,3.100777,3.109255,-0.008478,1
1525169069946,3.101091,3.109703,-0.008612,1
1525169069957,3.100386,3.109150,-0.008764,1
1525169069967,3.100929,3.109083,-0.008154,1
1525169069977,3.100681,3.109093,-0.008411,1
1525169069987,3.100548,3.108625,-0.008078,1
1525169069997,3.100157,3.109140,-0.008984,1
1525169070007,3.100405,3.109188,-0.008783,1
1525169070017,3.100233,3.109074,-0.008841,1
1525169070027,3.100290,3.108921,-0.008631,1
1525169070037,3.100033,3.109016,-0.008984,1
1525169070047,3.100300,3.109055,-0.008755,1
1525169070057,3.100147,3.108587,-0.008440,1
1525169070067,3.100538,3.109140,-0.008602,1
1525169070077,3.099680,3.108997,-0.009317,1
1525169070087,3.100214,3.109131,-0.008917,1
1525169070098,3.099661,3.108816,-0.009155,1
1525169070108,3.100138,3.109322,-0.009184,1
1525169070118,3.099518,3.108664,-0.009146,1
1525169070128,3.100348,3.109436,-0.009089,1
1525169070138,3.100080,3.109255,-0.009174,1
1525169070148,3.100557,3.109627,-0.009069,1
1525169070158,3.099728,3.108644,-0.008917,1
1525169070168,3.100300,3.109055,-0.008755,1
1525169070178,3.099890,3.108721,-0.008831,1
1525169070188,3.100567,3.109503,-0.008936,1
1525169070198,3.100033,3.108912,-0.008879,1
1525169070208,3.100376,3.109636,-0.009260,1
1525169070218,3.099518,3.109417,-0.009899,1
1525169070228,3.100586,3.109541,-0.008955,1
1525169070238,3.099461,3.109369,-0.009909,1
1525169070248,3.100090,3.109808,-0.009718,1
1525169070258,3.099394,3.108559,-0.009165,1
1525169070268,3.100405,3.109741,-0.009336,1
1525169070278,3.099957,3.108683,-0.008726,1
1525169070288,3.100786,3.109655,-0.008869,1
1525169070298,3.100071,3.109131,-0.009060,1
1525169070308,3.100595,3.109913,-0.009317,1
1525169070318,3.099899,3.108406,-0.008507,1
1525169070328,3.100910,3.109798,-0.008888,1
1525169070338,3.099928,3.109064,-0.009136,1
1525169070348,3.100529,3.109398,-0.008869,1
1525169070358,3.099689,3.108644,-0.008955,1
1525169070369,3.100395,3.109665,-0.009270,1
1525169070379,3.099518,3.108759,-0.009241,1
1525169070389,3.100910,3.109741,-0.008831,1
1525169070399,3.098993,3.108940,-0.009947,1
1525169070409,3.100748,3.109694,-0.008945,1
1525169070419,3.099546,3.109055,-0.009508,1
1525169070429,3.100653,3.109961,-0.009308,1
1525169070440,3.099079,3.108311,-0.009232,1
1525169070450,3.100243,3.110056,-0.009813,1
1525169070460,3.099451,3.108912,-0.009460,1
1525169070470,3.100891,3.110037,-0.009146,1
1525169070480,3.099594,3.108902,-0.009308,1
1525169070490,3.100958,3.110085,-0.009127,1
1525169070500,3.099632,3.108664,-0.009031,1
1525169070510,3.101025,3.109655,-0.008631,1
1525169070520,3.099604,3.108253,-0.008650,1
1525169070530,3.101397,3.109694,-0.008297,1
1525169070540,3.100300,3.108692,-0.008392,1
1525169070550,3.101301,3.109694,-0.008392,1
1525169070560,3.099833,3.107977,-0.008144,1
1525169070570,3.100643,3.109465,-0.008821,1
1525169070581,3.100109,3.108749,-0.008640,1
1525169070591,3.101377,3.109446,-0.008068,1
1525169070601,3.100300,3.108644,-0.008345,1
1525169070611,3.100681,3.108988,-0.008307,1
1525169070621,3.100119,3.108749,-0.008631,1
1525169070631,3.100948,3.109217,-0.008268,1
1525169070641,3.099689,3.108358,-0.008669,1
1525169070652,3.100796,3.109579,-0.008783,1
1525169070662,3.100080,3.108311,-0.008230,1
1525169070672,3.101015,3.108959,-0.007944,1
1525169070682,3.100290,3.108988,-0.008698,1
1525169070692,3.101044,3.109369,-0.008326,1
1525169070702,3.100367,3.108845,-0.008478,1
1525169070712,3.101101,3.109322,-0.008221,1
1525169070723,3.100510,3.108730,-0.008221,1
1525169070733,3.100719,3.109436,-0.008717,1
1525169070743,3.100080,3.109188,-0.009108,1
1525169070753,3.100414,3.108969,-0.008554,1
1525169070763,3.100519,3.109007,-0.008488,1
1525169070773,3.100758,3.108835,-0.008078,1
1525169070783,3.100767,3.109388,-0.008621,1
1525169070794,3.101072,3.109684,-0.008612,1
1525169070804,3.100376,3.109303,-0.008926,1
1525169070814,3.100138,3.108940,-0.008802,1
1525169070824,3.100586,3.109026,-0.008440,1
1525169070834,3.100996,3.109589,-0.008593,1
1525169070844,3.100748,3.109493,-0.008745,1
1525169070854,3.100271,3.109417,-0.009146,1
1525169070864,3.100300,3.109226,-0.008926,1
1525169070874,3.100605,3.109598,-0.008993,1
1525169070884,3.100290,3.109350,-0.009060,1
1525169070894,3.100529,3.108807,-0.008278,1
1525169070904,3.100014,3.108721,-0.008707,1
1525169070914,3.100395,3.108959,-0.008564,1
1525169070924,3.100300,3.109140,-0.008841,1
1525169070935,3.100071,3.108969,-0.008898,1
1525169070945,3.100309,3.108940,-0.008631,1
1525169070955,3.100214,3.108931,-0.008717,1
1525169070965,3.100262,3.108711,-0.008450,1
1525169070975,3.100443,3.108587,-0.008144,1
1525169070985,3.100338,3.109150,-0.008812,1
1525169070995,3.100471,3.108940,-0.008469,1
1525169071005,3.100290,3.109074,-0.008783,1
1525169071015,3.099766,3.109207,-0.009441,1
1525169071025,3.100109,3.108969,-0.008860,1
1525169071035,3.100185,3.109255,-0.009069,1
1525169071045,3.099880,3.109093,-0.009212,1
1525169071055,3.100176,3.109159,-0.008984,1
1525169071065,3.100138,3.109102,-0.008965,1
1525169071076,3.100119,3.109093,-0.008974,1
1525169071086,3.100166,3.108873,-0.008707,1
1525169071096,3.100405,3.108625,-0.008221,1
1525169071106,3.100357,3.109570,-0.009212,1
1525169071116,3.099976,3.109713,-0.009737,1
1525169071126,3.100405,3.109550,-0.009146,1
1525169071136,3.099823,3.109159,-0.009336,1
1525169071146,3.100195,3.109331,-0.009136,1
1525169071156,3.100548,3.109198,-0.008650,1
1525169071166,3.100662,3.109283,-0.008621,1
1525169071176,3.100023,3.109140,-0.009117,1
1525169071186,3.100595,3.109283,-0.008688,1
1525169071196,3.099880,3.109426,-0.009546,1
1525169071206,3.100405,3.109140,-0.008736,1
1525169071216,3.100376,3.109150,-0.008774,1
1525169071226,3.100004,3.109064,-0.009060,1
1525169071236,3.099680,3.108778,-0.009098,1
1525169071246,3.100004,3.108931,-0.008926,1
1525169071256,3.100204,3.109217,-0.009012,1
1525169071266,3.100166,3.108711,-0.008545,1
1525169071276,3.100424,3.109112,-0.008688,1
1525169071286,3.100100,3.109150,-0.009050,1
1525169071296,3.099585,3.108873,-0.009289,1
1525169071306,3.100195,3.109083,-0.008888,1
1525169071317,3.100386,3.109436,-0.009050,1
1525169071327,3.100491,3.109217,-0.008726,1
1525169071337,3.099852,3.108816,-0.008965,1
1525169071347,3.100290,3.109121,-0.008831,1
1525169071357,3.099909,3.108702,-0.008793,1
1525169071367,3.100443,3.108759,-0.008316,1
1525169071377,3.099890,3.108730,-0.008841,1
1525169071387,3.100052,3.108959,-0.008907,1
1525169071397,3.099775,3.108940,-0.009165,1
1525169071407,3.100080,3.109407,-0.009327,1
1525169071417,3.100443,3.109169,-0.008726,1
1525169071427,3.100338,3.109207,-0.008869,1
1525169071437,3.099823,3.108854,-0.009031,1
1525169071447,3.100386,3.108969,-0.008583,1
1525169071458,3.099556,3.108740,-0.009184,1
1525169071468,3.099966,3.109198,-0.009232,1
1525169071478,3.099852,3.108845,-0.008993,1
1525169071488,3.100452,3.109550,-0.009098,1
1525169071498,3.100100,3.108730,-0.008631,1
1525169071508,3.100214,3.109608,-0.009394,1
1525169071518,3.099508,3.108788,-0.009279,1
1525169071529,3.100796,3.109798,-0.009003,1
1525169071539,3.100262,3.108559,-0.008297,1
1525169071549,3.101072,3.109417,-0.008345,1
1525169071560,3.099842,3.108501,-0.008659,1
1525169071570,3.101139,3.109627,-0.008488,1
1525169071580,3.099508,3.108006,-0.008497,1
1525169071590,3.101139,3.109093,-0.007954,1
1525169071600,3.099909,3.108768,-0.008860,1
1525169071610,3.101206,3.110199,-0.008993,1
1525169071620,3.099909,3.108625,-0.008717,1
1525169071630,3.101120,3.110275,-0.009155,1
1525169071640,3.099852,3.108435,-0.008583,1
1525169071650,3.100719,3.110180,-0.009460,1
1525169071660,3.099594,3.109026,-0.009432,1
1525169071671,3.100958,3.109608,-0.008650,1
1525169071681,3.099775,3.108625,-0.008850,1
1525169071691,3.100681,3.109255,-0.008574,1
1525169071701,3.099585,3.109188,-0.009604,1
1525169071711,3.100920,3.109989,-0.009069,1
1525169071721,3.099680,3.108778,-0.009098,1
1525169071731,3.100729,3.109617,-0.008888,1
1525169071741,3.099556,3.108225,-0.008669,1
1525169071751,3.100739,3.109493,-0.008755,1
1525169071761,3.100128,3.108892,-0.008764,1
1525169071771,3.100939,3.109617,-0.008678,1
1525169071781,3.099871,3.108416,-0.008545,1
1525169071791,3.101254,3.109398,-0.008144,1
1525169071801,3.099947,3.108559,-0.008612,1
1525169071811,3.101025,3.109732,-0.008707,1
1525169071821,3.099756,3.108568,-0.008812,1
1525169071831,3.100576,3.109522,-0.008945,1
1525169071841,3.099871,3.108654,-0.008783,1
1525169071851,3.100863,3.109493,-0.008631,1
1525169071861,3.099718,3.108501,-0.008783,1
1525169071871,3.100948,3.109350,-0.008402,1
1525169071882,3.100128,3.108540,-0.008411,1
1525169071892,3.100462,3.109131,-0.008669,1
1525169071902,3.100147,3.108444,-0.008297,1
1525169071912,3.100271,3.108912,-0.008640,1
1525169071922,3.099165,3.108454,-0.009289,1
1525169071932,3.099890,3.109236,-0.009346,1
1525169071942,3.099661,3.108730,-0.009069,1
1525169071953,3.099852,3.109093,-0.009241,1
1525169071963,3.099728,3.108864,-0.009136,1
1525169071973,3.100100,3.109236,-0.009136,1
1525169071983,3.099880,3.108902,-0.009022,1
1525169071993,3.100481,3.109159,-0.008678,1
1525169072003,3.100252,3.108864,-0.008612,1
1525169072013,3.100681,3.109436,-0.008755,1
1525169072023,3.100395,3.109207,-0.008812,1
1525169072033,3.100309,3.108969,-0.008659,1
1525169072043,3.099976,3.108597,-0.008621,1
1525169072053,3.100348,3.108997,-0.008650,1
1525169072063,3.099775,3.109074,-0.009298,1
1525169072073,3.100653,3.109198,-0.008545,1
1525169072083,3.100166,3.109570,-0.009403,1
1525169072093,3.100271,3.109159,-0.008888,1
1525169072103,3.099785,3.108921,-0.009136,1
1525169072113,3.100510,3.108950,-0.008440,1
1525169072123,3.099957,3.108511,-0.008554,1
1525169072133,3.100147,3.108549,-0.008402,1
1525169072143,3.099651,3.108358,-0.008707,1
1525169072153,3.100033,3.108940,-0.008907,1
1525169072163,3.099966,3.108778,-0.008812,1
1525169072173,3.100090,3.108501,-0.008411,1
1525169072183,3.099947,3.108921,-0.008974,1
1525169072194,3.100243,3.109016,-0.008774,1
1525169072204,3.100138,3.108892,-0.008755,1
1525169072214,3.099861,3.109045,-0.009184,1
1525169072224,3.099718,3.108797,-0.009079,1
1525169072234,3.100290,3.108454,-0.008163,1
1525169072244,3.099661,3.108664,-0.009003,1
1525169072254,3.099909,3.109026,-0.009117,1
1525169072264,3.099957,3.108492,-0.008535,1
1525169072274,3.099957,3.108883,-0.008926,1
1525169072284,3.099890,3.108654,-0.008764,1
1525169072294,3.100004,3.108568,-0.008564,1
1525169072304,3.099422,3.108740,-0.009317,1
1525169072314,3.099747,3.108711,-0.008965,1
1525169072324,3.099747,3.108740,-0.008993,1
1525169072334,3.099823,3.109140,-0.009317,1
1525169072344,3.099804,3.108692,-0.008888,1
1525169072354,3.100433,3.108950,-0.008516,1
1525169072364,3.099680,3.108950,-0.009270,1
1525169072374,3.100071,3.108673,-0.008602,1
1525169072384,3.100157,3.108673,-0.008516,1
1525169072394,3.100300,3.108797,-0.008497,1
1525169072404,3.100433,3.108406,-0.007973,1
1525169072414,3.099918,3.108721,-0.008802,1
1525169072424,3.100348,3.108587,-0.008240,1
1525169072435,3.100119,3.108444,-0.008326,1
1525169072445,3.100319,3.108940,-0.008621,1
1525169072455,3.100195,3.108978,-0.008783,1
1525169072465,3.100643,3.108997,-0.008354,1
1525169072475,3.100080,3.108778,-0.008698,1
1525169072485,3.100224,3.109083,-0.008860,1
1525169072495,3.100147,3.108826,-0.008678,1
1525169072506,3.100367,3.108788,-0.008421,1
1525169072516,3.100538,3.109055,-0.008516,1
1525169072526,3.099775,3.109503,-0.009727,1
1525169072536,3.100328,3.109140,-0.008812,1
1525169072546,3.100414,3.109789,-0.009375,1
1525169072556,3.100090,3.108940,-0.008850,1
1525169072566,3.100863,3.109322,-0.008459,1
1525169072576,3.100653,3.109226,-0.008574,1
1525169072586,3.100290,3.109064,-0.008774,1
1525169072596,3.099871,3.109102,-0.009232,1
1525169072606,3.100252,3.109550,-0.009298,1
1525169072616,3.099928,3.108902,-0.008974,1
1525169072626,3.100157,3.108578,-0.008421,1
1525169072636,3.100719,3.108940,-0.008221,1
1525169072647,3.100138,3.108778,-0.008640,1
1525169072657,3.100405,3.109083,-0.008678,1
1525169072667,3.100739,3.109798,-0.009060,1
1525169072677,3.100147,3.109226,-0.009079,1
1525169072687,3.100338,3.109627,-0.009289,1
1525169072697,3.100367,3.109169,-0.008802,1
1525169072707,3.100777,3.109522,-0.008745,1
1525169072717,3.100662,3.109169,-0.008507,1
1525169072727,3.100538,3.109074,-0.008535,1
1525169072737,3.100815,3.108931,-0.008116,1
1525169072747,3.100910,3.109531,-0.008621,1
1525169072757,3.100691,3.108854,-0.008163,1
1525169072767,3.100595,3.109293,-0.008698,1
1525169072777,3.100262,3.109360,-0.009098,1
1525169072788,3.100863,3.109217,-0.008354,1
1525169072798,3.100767,3.108883,-0.008116,1
1525169072808,3.100815,3.109550,-0.008736,1
1525169072819,3.100195,3.109074,-0.008879,1
1525169072829,3.101044,3.109207,-0.008163,1
1525169072839,3.100338,3.108578,-0.008240,1
1525169072849,3.101425,3.109274,-0.007849,1
1525169072859,3.100443,3.108215,-0.007772,1
1525169072869,3.100967,3.109121,-0.008154,1
1525169072879,3.100176,3.108549,-0.008373,1
1525169072889,3.101616,3.109102,-0.007486,1
1525169072899,3.100243,3.107948,-0.007706,1
1525169072909,3.101273,3.109150,-0.007877,1
1525169072919,3.099842,3.108416,-0.008574,1
1525169072930,3.100758,3.109303,-0.008545,1
1525169072940,3.099728,3.108044,-0.008316,1
1525169072950,3.100986,3.109446,-0.008459,1
1525169072961,3.099718,3.108215,-0.008497,1
1525169072971,3.100700,3.109531,-0.008831,1
1525169072981,3.099575,3.108425,-0.008850,1
1525169072991,3.100681,3.109274,-0.008593,1
1525169073001,3.099756,3.108187,-0.008430,1
1525169073011,3.100872,3.109417,-0.008545,1
1525169073021,3.099670,3.108435,-0.008764,1
1525169073032,3.100624,3.109264,-0.008640,1
1525169073042,3.100300,3.108778,-0.008478,1
1525169073052,3.100681,3.109283,-0.008602,1
1525169073062,3.100119,3.108473,-0.008354,1
1525169073072,3.101110,3.109398,-0.008287,1
1525169073082,3.100452,3.108740,-0.008287,1
1525169073092,3.101158,3.108931,-0.007772,1
1525169073102,3.100023,3.108053,-0.008030,1
1525169073112,3.100748,3.109016,-0.008268,1
1525169073122,3.099670,3.108339,-0.008669,1
1525169073132,3.100271,3.109121,-0.008850,1
1525169073142,3.099909,3.108206,-0.008297,1
1525169073152,3.100767,3.109207,-0.008440,1
1525169073162,3.099604,3.108530,-0.008926,1
1525169073173,3.100204,3.109217,-0.009012,1
1525169073183,3.100128,3.109026,-0.008898,1
1525169073193,3.100519,3.108988,-0.008469,1
1525169073203,3.100033,3.108892,-0.008860,1
1525169073213,3.100595,3.109713,-0.009117,1
1525169073223,3.100758,3.109140,-0.008383,1
1525169073233,3.100672,3.109045,-0.008373,1
1525169073243,3.100424,3.109293,-0.008869,1
1525169073253,3.100996,3.109360,-0.008364,1
1525169073263,3.100100,3.108931,-0.008831,1
1525169073273,3.100128,3.109150,-0.009022,1
1525169073283,3.099937,3.108807,-0.008869,1
1525169073293,3.100395,3.109236,-0.008841,1
1525169073303,3.100071,3.108854,-0.008783,1
1525169073313,3.100395,3.109169,-0.008774,1
1525169073323,3.100071,3.109074,-0.009003,1
1525169073333,3.100719,3.109159,-0.008440,1
1525169073343,3.100624,3.108950,-0.008326,1
1525169073353,3.100481,3.109188,-0.008707,1
1525169073363,3.100214,3.108826,-0.008612,1
1525169073373,3.100538,3.109131,-0.008593,1
1525169073383,3.100214,3.109045,-0.008831,1
1525169073393,3.100901,3.109322,-0.008421,1
1525169073403,3.100224,3.109045,-0.008821,1
1525169073413,3.100939,3.109312,-0.008373,1
1525169073423,3.100243,3.108788,-0.008545,1
1525169073433,3.100348,3.109560,-0.009212,1
1525169073443,3.100281,3.109055,-0.008774,1
1525169073454,3.100615,3.108749,-0.008135,1
1525169073464,3.100243,3.108664,-0.008421,1
1525169073474,3.100557,3.108845,-0.008287,1
1525169073484,3.100462,3.109093,-0.008631,1
1525169073494,3.100624,3.109264,-0.008640,1
1525169073504,3.100090,3.108702,-0.008612,1
1525169073514,3.100386,3.109236,-0.008850,1
1525169073525,3.100452,3.109035,-0.008583,1
1525169073535,3.100634,3.109007,-0.008373,1
1525169073545,3.100367,3.109188,-0.008821,1
1525169073555,3.100624,3.109121,-0.008497,1
1525169073565,3.100548,3.108997,-0.008450,1
1525169073575,3.100729,3.109341,-0.008612,1
1525169073585,3.100586,3.109074,-0.008488,1
1525169073596,3.100739,3.108921,-0.008183,1
1525169073606,3.100748,3.109388,-0.008640,1
1525169073616,3.100214,3.109198,-0.008984,1
1525169073626,3.100615,3.109283,-0.008669,1
1525169073636,3.100748,3.109341,-0.008593,1
1525169073646,3.100357,3.109512,-0.009155,1
1525169073656,3.100824,3.109283,-0.008459,1
1525169073666,3.100948,3.109493,-0.008545,1
1525169073676,3.100996,3.109560,-0.008564,1
1525169073686,3.100863,3.109617,-0.008755,1
1525169073696,3.100719,3.109102,-0.008383,1
1525169073706,3.100901,3.109570,-0.008669,1
1525169073716,3.100805,3.109436,-0.008631,1
1525169073726,3.100805,3.109560,-0.008755,1
1525169073736,3.100662,3.109455,-0.008793,1
1525169073746,3.100119,3.109560,-0.009441,1
1525169073756,3.100433,3.109150,-0.008717,1
1525169073766,3.100719,3.109522,-0.008802,1
1525169073776,3.100719,3.109398,-0.008678,1
1525169073786,3.100538,3.109188,-0.008650,1
1525169073796,3.100262,3.109360,-0.009098,1
1525169073807,3.100538,3.109751,-0.009212,1
1525169073817,3.100624,3.109140,-0.008516,1
1525169073827,3.100510,3.109636,-0.009127,1
1525169073837,3.100271,3.109655,-0.009384,1
1525169073847,3.100290,3.109732,-0.009441,1
1525169073857,3.100185,3.109369,-0.009184,1
1525169073867,3.100595,3.109684,-0.009089,1
1525169073877,3.100281,3.109550,-0.009270,1
1525169073887,3.100300,3.109837,-0.009537,1
1525169073897,3.100433,3.109293,-0.008860,1
1525169073908,3.100634,3.109694,-0.009060,1
1525169073918,3.099670,3.109169,-0.009499,1
1525169073928,3.100119,3.109245,-0.009127,1
1525169073938,3.099899,3.109074,-0.009174,1
1525169073948,3.100128,3.109875,-0.009747,1
1525169073958,3.100128,3.109360,-0.009232,1
1525169073968,3.100309,3.109875,-0.009565,1
1525169073978,3.100319,3.109465,-0.009146,1
1525169073988,3.100548,3.109322,-0.008774,1
1525169073998,3.099575,3.109198,-0.009623,1
1525169074008,3.100481,3.109627,-0.009146,1
1525169074018,3.099880,3.109169,-0.009289,1
1525169074028,3.100224,3.108873,-0.008650,1
1525169074038,3.099413,3.109112,-0.009699,1
1525169074048,3.100204,3.109503,-0.009298,1
1525169074058,3.099766,3.108978,-0.009212,1
1525169074068,3.100672,3.109636,-0.008965,1
1525169074079,3.100071,3.108549,-0.008478,1
1525169074089,3.100843,3.109970,-0.009127,1
1525169074099,3.100328,3.109627,-0.009298,1
1525169074110,3.100967,3.110170,-0.009203,1
1525169074120,3.100014,3.108664,-0.008650,1
1525169074130,3.101187,3.110294,-0.009108,1
1525169074140,3.099833,3.108625,-0.008793,1
1525169074150,3.100805,3.110495,-0.009689,1
1525169074160,3.099661,3.109035,-0.009375,1
1525169074170,3.101521,3.110266,-0.008745,1
1525169074180,3.099489,3.109016,-0.009527,1
1525169074190,3.100939,3.110189,-0.009251,1
1525169074200,3.099165,3.108664,-0.009499,1
1525169074210,3.100901,3.110456,-0.009556,1
1525169074221,3.099937,3.109188,-0.009251,1
1525169074231,3.101330,3.110428,-0.009098,1
1525169074241,3.100157,3.109322,-0.009165,1
1525169074252,3.100939,3.109913,-0.008974,1
1525169074262,3.099394,3.109255,-0.009861,1
1525169074272,3.100224,3.109741,-0.009518,1
1525169074282,3.100424,3.109646,-0.009222,1
1525169074292,3.100777,3.110228,-0.009451,1
1525169074302,3.099775,3.109550,-0.009775,1
1525169074312,3.100796,3.109760,-0.008965,1
1525169074322,3.100615,3.109636,-0.009022,1
1525169074332,3.100939,3.109674,-0.008736,1
1525169074342,3.100023,3.108959,-0.008936,1
1525169074352,3.100491,3.109188,-0.008698,1
1525169074362,3.099728,3.108835,-0.009108,1
1525169074372,3.100243,3.109159,-0.008917,1
1525169074382,3.100166,3.108873,-0.008707,1
1525169074393,3.100243,3.109379,-0.009136,1
1525169074403,3.100100,3.109379,-0.009279,1
1525169074413,3.100281,3.109312,-0.009031,1
1525169074423,3.099318,3.108807,-0.009489,1
1525169074433,3.100052,3.109570,-0.009518,1
1525169074443,3.099203,3.109035,-0.009832,1
1525169074453,3.099604,3.109207,-0.009604,1
1525169074463,3.099728,3.109407,-0.009680,1
1525169074473,3.100452,3.109884,-0.009432,1
1525169074483,3.099880,3.109846,-0.009966,1
1525169074493,3.100252,3.109751,-0.009499,1
1525169074503,3.099718,3.109417,-0.009699,1
1525169074513,3.100443,3.109465,-0.009022,1
1525169074523,3.099852,3.109751,-0.009899,1
1525169074534,3.100281,3.109455,-0.009174,1
1525169074544,3.100176,3.109426,-0.009251,1
1525169074554,3.100214,3.109255,-0.009041,1
1525169074564,3.099651,3.109455,-0.009804,1
1525169074575,3.100405,3.109150,-0.008745,1
1525169074585,3.100147,3.108969,-0.008821,1
1525169074595,3.100386,3.109694,-0.009308,1
1525169074605,3.099947,3.109436,-0.009489,1
1525169074615,3.100481,3.109102,-0.008621,1
1525169074625,3.100004,3.109226,-0.009222,1
1525169074635,3.100309,3.109179,-0.008869,1
1525169074645,3.099651,3.109226,-0.009575,1
1525169074655,3.099651,3.109226,-0.009575,1
1525169074665,3.100042,3.109407,-0.009365,1
1525169074676,3.099566,3.108902,-0.009336,1
1525169074686,3.100119,3.109531,-0.009413,1
1525169074696,3.099909,3.109236,-0.009327,1
1525169074706,3.099985,3.109627,-0.009642,1
1525169074716,3.100176,3.109398,-0.009222,1
1525169074726,3.099728,3.109074,-0.009346,1
1525169074736,3.099604,3.109398,-0.009794,1
1525169074747,3.100071,3.109503,-0.009432,1
1525169074757,3.099957,3.109283,-0.009327,1
1525169074767,3.100042,3.109608,-0.009565,1
1525169074777,3.099871,3.109150,-0.009279,1
1525169074787,3.100004,3.109636,-0.009632,1
1525169074797,3.100061,3.109217,-0.009155,1
1525169074807,3.100433,3.109560,-0.009127,1
1525169074818,3.100033,3.109474,-0.009441,1
1525169074828,3.100014,3.109884,-0.009871,1
1525169074838,3.099394,3.109331,-0.009937,1
1525169074848,3.100300,3.109646,-0.009346,1
1525169074858,3.099928,3.109169,-0.009241,1
1525169074868,3.099852,3.109732,-0.009880,1
1525169074878,3.099556,3.109426,-0.009871,1
1525169074888,3.099794,3.109970,-0.010176,1
1525169074898,3.099566,3.109589,-0.010023,1
1525169074908,3.099937,3.109989,-0.010052,1
1525169074919,3.099871,3.109360,-0.009489,1
1525169074929,3.100271,3.110123,-0.009851,1
1525169074939,3.099270,3.108950,-0.009680,1
1525169074949,3.100624,3.110018,-0.009394,1
1525169074959,3.099842,3.109407,-0.009565,1
1525169074969,3.100405,3.110018,-0.009613,1
1525169074979,3.099613,3.108978,-0.009365,1
1525169074990,3.100805,3.110380,-0.009575,1
1525169075000,3.099689,3.109121,-0.009432,1
1525169075010,3.100786,3.110094,-0.009308,1
1525169075021,3.099174,3.108358,-0.009184,1
1525169075031,3.100424,3.110189,-0.009766,1
1525169075041,3.099051,3.109283,-0.010233,1
1525169075051,3.100281,3.110285,-0.010004,1
1525169075061,3.099537,3.108978,-0.009441,1
1525169075071,3.100767,3.109989,-0.009222,1
1525169075081,3.099422,3.108931,-0.009508,1
1525169075091,3.100548,3.109446,-0.008898,1
1525169075101,3.099804,3.108826,-0.009022,1
1525169075111,3.100748,3.110180,-0.009432,1
1525169075121,3.099566,3.109083,-0.009518,1
1525169075131,3.101463,3.109751,-0.008287,1
1525169075141,3.099995,3.108845,-0.008850,1
1525169075151,3.100758,3.109846,-0.009089,1
1525169075161,3.100500,3.109140,-0.008640,1
1525169075171,3.100843,3.110342,-0.009499,1
1525169075181,3.099527,3.108940,-0.009413,1
1525169075191,3.101091,3.110352,-0.009260,1
1525169075202,3.100052,3.109493,-0.009441,1
1525169075212,3.100748,3.109941,-0.009193,1
1525169075222,3.100348,3.109083,-0.008736,1
1525169075232,3.100653,3.109188,-0.008535,1
1525169075242,3.099718,3.108721,-0.009003,1
1525169075252,3.100882,3.109617,-0.008736,1
1525169075262,3.099995,3.109350,-0.009356,1
1525169075272,3.101187,3.109941,-0.008755,1
1525169075282,3.100100,3.109074,-0.008974,1
1525169075292,3.100529,3.110132,-0.009604,1
1525169075302,3.099670,3.109322,-0.009651,1
1525169075312,3.100357,3.109999,-0.009642,1
1525169075322,3.099594,3.108521,-0.008926,1
1525169075332,3.100405,3.109875,-0.009470,1
1525169075343,3.100510,3.109207,-0.008698,1
1525169075353,3.100586,3.109121,-0.008535,1
1525169075363,3.099966,3.109217,-0.009251,1
1525169075373,3.100147,3.109655,-0.009508,1
1525169075383,3.100061,3.108959,-0.008898,1
1525169075393,3.100405,3.109789,-0.009384,1
1525169075403,3.099995,3.108845,-0.008850,1
1525169075413,3.100309,3.109398,-0.009089,1
1525169075423,3.099947,3.109293,-0.009346,1
1525169075433,3.100357,3.109589,-0.009232,1
1525169075444,3.100224,3.109293,-0.009069,1
1525169075454,3.100653,3.109522,-0.008869,1
1525169075464,3.100433,3.109531,-0.009098,1
1525169075474,3.100672,3.109264,-0.008593,1
1525169075484,3.100595,3.109188,-0.008593,1
1525169075494,3.100920,3.109579,-0.008659,1
1525169075504,3.100586,3.109617,-0.009031,1
1525169075515,3.100748,3.109341,-0.008593,1
1525169075525,3.101044,3.109188,-0.008144,1
1525169075535,3.100471,3.109179,-0.008707,1
1525169075545,3.100700,3.109455,-0.008755,1
1525169075555,3.100214,3.109035,-0.008821,1
1525169075565,3.100271,3.109522,-0.009251,1
1525169075575,3.100691,3.109159,-0.008469,1
1525169075585,3.100443,3.109512,-0.009069,1
1525169075595,3.100719,3.109369,-0.008650,1
1525169075605,3.100557,3.109474,-0.008917,1
1525169075615,3.100624,3.109932,-0.009308,1
1525169075625,3.100262,3.109055,-0.008793,1
1525169075635,3.100166,3.109617,-0.009451,1
1525169075645,3.100576,3.109446,-0.008869,1
1525169075656,3.100195,3.109398,-0.009203,1
1525169075666,3.100357,3.109388,-0.009031,1
1525169075676,3.100328,3.109179,-0.008850,1
1525169075686,3.099861,3.109694,-0.009832,1
1525169075696,3.099756,3.109455,-0.009699,1
1525169075706,3.099976,3.109570,-0.009594,1
1525169075716,3.099794,3.109446,-0.009651,1
1525169075726,3.100634,3.109884,-0.009251,1
1525169075736,3.100214,3.109407,-0.009193,1
1525169075746,3.100014,3.109493,-0.009480,1
1525169075756,3.100348,3.109331,-0.008984,1
1525169075766,3.100605,3.109617,-0.009012,1
1525169075776,3.100367,3.109369,-0.009003,1
1525169075786,3.100719,3.109589,-0.008869,1
1525169075797,3.100891,3.109999,-0.009108,1
1525169075807,3.100786,3.110142,-0.009356,1
1525169075817,3.100386,3.109894,-0.009508,1
1525169075828,3.100662,3.110199,-0.009537,1
1525169075838,3.100147,3.109665,-0.009518,1
1525169075848,3.100605,3.109913,-0.009308,1
1525169075858,3.100080,3.109121,-0.009041,1
1525169075868,3.100300,3.109589,-0.009289,1
1525169075878,3.100395,3.109903,-0.009508,1
1525169075888,3.100290,3.109102,-0.008812,1
1525169075899,3.100233,3.109312,-0.009079,1
1525169075909,3.100729,3.110228,-0.009499,1
1525169075919,3.099594,3.108730,-0.009136,1
1525169075929,3.100691,3.109684,-0.008993,1
1525169075939,3.099918,3.109379,-0.009460,1
1525169075949,3.100729,3.109913,-0.009184,1
1525169075959,3.099747,3.109207,-0.009460,1
1525169075969,3.100967,3.109980,-0.009012,1
1525169075979,3.099871,3.109035,-0.009165,1
1525169075989,3.100939,3.109999,-0.009060,1
1525169075999,3.099995,3.109226,-0.009232,1
1525169076009,3.100357,3.109665,-0.009308,1
1525169076019,3.099699,3.109970,-0.010271,1
1525169076029,3.100691,3.110256,-0.009565,1
1525169076039,3.100157,3.109722,-0.009565,1
1525169076049,3.100863,3.110142,-0.009279,1
1525169076059,3.099918,3.109188,-0.009270,1
1525169076069,3.100786,3.110132,-0.009346,1
1525169076079,3.100176,3.109159,-0.008984,1
1525169076089,3.100557,3.110123,-0.009565,1
1525169076099,3.099794,3.109426,-0.009632,1
1525169076109,3.100510,3.110104,-0.009594,1
1525169076119,3.100071,3.108969,-0.008898,1
1525169076129,3.100710,3.109722,-0.009012,1
1525169076139,3.099861,3.109112,-0.009251,1
1525169076149,3.100872,3.109674,-0.008802,1
1525169076159,3.100100,3.109350,-0.009251,1
1525169076169,3.100939,3.110113,-0.009174,1
1525169076180,3.099699,3.109236,-0.009537,1
1525169076190,3.101120,3.110428,-0.009308,1
1525169076200,3.099976,3.109140,-0.009165,1
1525169076210,3.101101,3.110209,-0.009108,1
1525169076220,3.100052,3.108950,-0.008898,1
1525169076230,3.101273,3.110371,-0.009098,1
1525169076240,3.100119,3.109503,-0.009384,1
1525169076250,3.100882,3.110294,-0.009413,1
1525169076260,3.099718,3.109350,-0.009632,1
1525169076270,3.100834,3.110523,-0.009689,1
1525169076281,3.099871,3.109341,-0.009470,1
1525169076291,3.101368,3.110199,-0.008831,1
1525169076301,3.100071,3.109293,-0.009222,1
1525169076311,3.101025,3.109932,-0.008907,1
1525169076321,3.099718,3.108854,-0.009136,1
1525169076331,3.100777,3.109884,-0.009108,1
1525169076341,3.100071,3.108644,-0.008574,1
1525169076351,3.100681,3.109694,-0.009012,1
1525169076361,3.099766,3.108368,-0.008602,1
1525169076371,3.100920,3.110142,-0.009222,1
1525169076381,3.099356,3.108778,-0.009422,1
1525169076392,3.100834,3.109884,-0.009050,1
1525169076402,3.099947,3.109102,-0.009155,1
1525169076412,3.100595,3.109732,-0.009136,1
1525169076423,3.099995,3.108931,-0.008936,1
1525169076433,3.100500,3.109798,-0.009298,1
1525169076443,3.100357,3.109159,-0.008802,1
1525169076453,3.100481,3.109751,-0.009270,1
1525169076463,3.100080,3.109140,-0.009060,1
1525169076473,3.100643,3.109474,-0.008831,1
1525169076483,3.099957,3.109360,-0.009403,1
1525169076493,3.100386,3.109713,-0.009327,1
1525169076503,3.099203,3.109341,-0.010138,1
1525169076513,3.099823,3.109636,-0.009813,1
1525169076523,3.099585,3.109217,-0.009632,1
1525169076533,3.100624,3.110046,-0.009422,1
1525169076543,3.099823,3.109350,-0.009527,1
1525169076553,3.100176,3.109846,-0.009670,1
1525169076564,3.099804,3.109455,-0.009651,1
1525169076574,3.100042,3.109484,-0.009441,1
1525169076584,3.100119,3.109684,-0.009565,1
1525169076594,3.100281,3.109474,-0.009193,1
1525169076604,3.100147,3.109331,-0.009184,1
1525169076614,3.100052,3.109818,-0.009766,1
1525169076624,3.099689,3.109512,-0.009823,1
1525169076634,3.100033,3.109341,-0.009308,1
1525169076644,3.099403,3.109398,-0.009995,1
1525169076654,3.100119,3.109322,-0.009203,1
1525169076664,3.100138,3.109913,-0.009775,1
1525169076674,3.099909,3.110075,-0.010166,1
1525169076684,3.099451,3.109264,-0.009813,1
1525169076694,3.100119,3.109608,-0.009489,1
1525169076704,3.099470,3.109598,-0.010128,1
1525169076714,3.099556,3.109589,-0.010033,1
1525169076724,3.099136,3.108883,-0.009747,1
1525169076734,3.099995,3.109770,-0.009775,1
1525169076744,3.099308,3.109398,-0.010090,1
1525169076754,3.100080,3.109255,-0.009174,1
1525169076764,3.099623,3.109274,-0.009651,1
1525169076774,3.099928,3.109503,-0.009575,1
1525169076784,3.099728,3.109455,-0.009727,1
1525169076794,3.099880,3.109465,-0.009584,1
1525169076804,3.099642,3.109179,-0.009537,1
1525169076814,3.099613,3.109503,-0.009890,1
1525169076824,3.099632,3.108892,-0.009260,1
1525169076834,3.099852,3.109369,-0.009518,1
1525169076844,3.099728,3.109312,-0.009584,1
1525169076854,3.100300,3.109999,-0.009699,1
1525169076864,3.099480,3.109922,-0.010443,1
1525169076875,3.099794,3.109465,-0.009670,1
1525169076885,3.099728,3.109512,-0.009785,1
1525169076895,3.099566,3.109198,-0.009632,1
1525169076905,3.099804,3.109550,-0.009747,1
1525169076915,3.100147,3.109255,-0.009108,1
1525169076925,3.100090,3.109722,-0.009632,1
1525169076935,3.099537,3.109350,-0.009813,1
1525169076945,3.099403,3.109245,-0.009842,1
1525169076955,3.099127,3.109274,-0.010147,1
1525169076965,3.099489,3.109961,-0.010471,1
1525169076975,3.099766,3.110142,-0.010376,1
1525169076985,3.099689,3.109617,-0.009928,1
1525169076995,3.099966,3.109655,-0.009689,1
1525169077005,3.099527,3.109503,-0.009975,1
1525169077015,3.099518,3.109350,-0.009832,1
