1525169146803,3.121872,3.130188,-0.008316,1
1525169146813,3.122196,3.130503,-0.008307,1
1525169146823,3.121824,3.130531,-0.008707,1
1525169146833,3.122368,3.130322,-0.007954,1
1525169146843,3.122005,3.130388,-0.008383,1
1525169146853,3.122587,3.130484,-0.007896,1
1525169146864,3.122587,3.130522,-0.007935,1
1525169146874,3.122673,3.130646,-0.007973,1
1525169146884,3.121958,3.130388,-0.008430,1
1525169146894,3.122091,3.130102,-0.008011,1
1525169146904,3.121862,3.130541,-0.008678,1
1525169146914,3.122511,3.130560,-0.008049,1
1525169146924,3.122492,3.130322,-0.007830,1
1525169146934,3.122454,3.130302,-0.007849,1
1525169146944,3.121948,3.129997,-0.008049,1
1525169146954,3.122711,3.130598,-0.007887,1
1525169146964,3.122244,3.130255,-0.008011,1
1525169146974,3.122454,3.130445,-0.007992,1
1525169146984,3.122244,3.130188,-0.007944,1
1525169146994,3.122320,3.130226,-0.007906,1
1525169147005,3.122196,3.129921,-0.007725,1
1525169147015,3.122377,3.130360,-0.007982,1
1525169147025,3.121920,3.130169,-0.008249,1
1525169147035,3.122549,3.130102,-0.007553,1
1525169147045,3.122110,3.129997,-0.007887,1
1525169147055,3.122368,3.130341,-0.007973,1
1525169147065,3.122349,3.129921,-0.007572,1
1525169147075,3.122530,3.129854,-0.007324,1
1525169147085,3.122368,3.130398,-0.008030,1
1525169147095,3.122501,3.130350,-0.007849,1
1525169147105,3.122568,3.130093,-0.007524,1
1525169147115,3.122063,3.130140,-0.008078,1
1525169147125,3.122158,3.130293,-0.008135,1
1525169147135,3.122463,3.130045,-0.007582,1
1525169147146,3.122530,3.130217,-0.007687,1
1525169147156,3.122358,3.130569,-0.008211,1
1525169147166,3.122597,3.130302,-0.007706,1
1525169147177,3.122921,3.130484,-0.007563,1
1525169147187,3.122015,3.130341,-0.008326,1
1525169147197,3.122168,3.130140,-0.007973,1
1525169147207,3.122511,3.130770,-0.008259,1
1525169147217,3.122339,3.130226,-0.007887,1
1525169147227,3.122549,3.130579,-0.008030,1
1525169147237,3.121996,3.129873,-0.007877,1
1525169147247,3.122845,3.130131,-0.007286,1
1525169147257,3.122978,3.129873,-0.006895,1
1525169147267,3.122711,3.130074,-0.007362,1
1525169147277,3.121758,3.129416,-0.007658,1
1525169147287,3.122416,3.129797,-0.007381,1
1525169147297,3.122644,3.129921,-0.007277,1
1525169147307,3.122330,3.130064,-0.007734,1
1525169147318,3.122358,3.130159,-0.007801,1
1525169147328,3.122587,3.129959,-0.007372,1
1525169147338,3.122072,3.130207,-0.008135,1
1525169147348,3.122339,3.130674,-0.008335,1
1525169147358,3.122044,3.130217,-0.008173,1
1525169147368,3.122807,3.130693,-0.007887,1
1525169147378,3.122540,3.130150,-0.007610,1
1525169147388,3.122396,3.130255,-0.007858,1
1525169147398,3.122387,3.130226,-0.007839,1
1525169147408,3.122978,3.130360,-0.007381,1
1525169147418,3.122892,3.130560,-0.007668,1
1525169147428,3.122587,3.130579,-0.007992,1
1525169147438,3.122215,3.130236,-0.008020,1
1525169147448,3.122482,3.130579,-0.008097,1
1525169147458,3.122473,3.130617,-0.008144,1
1525169147468,3.122778,3.130808,-0.008030,1
1525169147478,3.122520,3.130264,-0.007744,1
1525169147488,3.122444,3.130388,-0.007944,1
1525169147498,3.122292,3.130560,-0.008268,1
1525169147508,3.122845,3.130102,-0.007257,1
1525169147518,3.122501,3.130217,-0.007715,1
1525169147529,3.122740,3.130522,-0.007782,1
1525169147539,3.122358,3.129902,-0.007544,1
1525169147549,3.122721,3.130541,-0.007820,1
1525169147559,3.122149,3.130054,-0.007906,1
1525169147569,3.122692,3.130407,-0.007715,1
1525169147579,3.121967,3.129711,-0.007744,1
1525169147590,3.122635,3.130217,-0.007582,1
1525169147600,3.121977,3.129387,-0.007410,1
1525169147610,3.122778,3.130646,-0.007868,1
1525169147620,3.121777,3.129663,-0.007887,1
1525169147630,3.122978,3.130646,-0.007668,1
1525169147640,3.122082,3.129930,-0.007849,1
1525169147650,3.123226,3.130379,-0.007153,1
1525169147660,3.121653,3.129616,-0.007963,1
1525169147670,3.122873,3.131027,-0.008154,1
1525169147680,3.121853,3.129940,-0.008087,1
1525169147690,3.122873,3.130865,-0.007992,1
1525169147700,3.122482,3.130312,-0.007830,1
1525169147710,3.123150,3.131008,-0.007858,1
1525169147720,3.121681,3.130035,-0.008354,1
1525169147730,3.122778,3.131180,-0.008402,1
1525169147740,3.121862,3.130150,-0.008287,1
1525169147750,3.122864,3.131304,-0.008440,1
1525169147760,3.122101,3.130159,-0.008059,1
1525169147770,3.122902,3.130884,-0.007982,1
1525169147780,3.121815,3.130150,-0.008335,1
1525169147790,3.123045,3.130684,-0.007639,1
1525169147800,3.122606,3.130341,-0.007734,1
1525169147810,3.122711,3.130875,-0.008163,1
1525169147820,3.121672,3.130093,-0.008421,1
1525169147831,3.122816,3.131256,-0.008440,1
1525169147841,3.121672,3.130064,-0.008392,1
1525169147851,3.122702,3.131027,-0.008326,1
1525169147861,3.122091,3.130169,-0.008078,1
1525169147871,3.123055,3.131456,-0.008402,1
1525169147881,3.121796,3.130178,-0.008383,1
1525169147891,3.123112,3.131218,-0.008106,1
1525169147901,3.121586,3.129969,-0.008383,1
1525169147911,3.122826,3.130989,-0.008163,1
1525169147921,3.121748,3.130064,-0.008316,1
1525169147931,3.122873,3.130951,-0.008078,1
1525169147941,3.121548,3.130083,-0.008535,1
1525169147951,3.123045,3.130751,-0.007706,1
1525169147961,3.121243,3.129816,-0.008574,1
1525169147971,3.122625,3.130484,-0.007858,1
1525169147981,3.121414,3.129711,-0.008297,1
1525169147991,3.122931,3.130522,-0.007591,1
1525169148001,3.122082,3.129501,-0.007420,1
1525169148012,3.123074,3.130598,-0.007524,1
1525169148022,3.121824,3.129292,-0.007467,1
1525169148032,3.122349,3.130913,-0.008564,1
1525169148042,3.121557,3.129864,-0.008307,1
1525169148052,3.122931,3.131065,-0.008135,1
1525169148062,3.122120,3.130245,-0.008125,1
1525169148072,3.123159,3.130960,-0.007801,1
1525169148082,3.121643,3.129606,-0.007963,1
1525169148092,3.122835,3.130312,-0.007477,1
1525169148102,3.121500,3.129950,-0.008450,1
1525169148112,3.122883,3.130722,-0.007839,1
1525169148122,3.121834,3.129797,-0.007963,1
1525169148132,3.123159,3.130817,-0.007658,1
1525169148142,3.122406,3.129969,-0.007563,1
1525169148152,3.122911,3.130751,-0.007839,1
1525169148162,3.122301,3.129673,-0.007372,1
1525169148172,3.123245,3.130550,-0.007305,1
1525169148182,3.122787,3.130360,-0.007572,1
1525169148192,3.123465,3.131418,-0.007954,1
1525169148202,3.121815,3.130016,-0.008202,1
1525169148212,3.122940,3.131180,-0.008240,1
1525169148222,3.121548,3.130074,-0.008526,1
1525169148232,3.122931,3.131266,-0.008335,1
1525169148242,3.122215,3.129969,-0.007753,1
1525169148252,3.122654,3.131084,-0.008430,1
1525169148262,3.121452,3.130493,-0.009041,1
1525169148272,3.122864,3.131018,-0.008154,1
1525169148282,3.121710,3.130112,-0.008402,1
1525169148292,3.122597,3.131437,-0.008841,1
1525169148302,3.121500,3.130074,-0.008574,1
1525169148312,3.122797,3.130884,-0.008087,1
1525169148322,3.121910,3.129673,-0.007763,1
1525169148332,3.122730,3.130560,-0.007830,1
1525169148342,3.121538,3.129911,-0.008373,1
1525169148352,3.122520,3.130684,-0.008163,1
1525169148363,3.122034,3.130569,-0.008535,1
1525169148373,3.122797,3.131027,-0.008230,1
1525169148383,3.122168,3.130264,-0.008097,1
1525169148393,3.122740,3.130598,-0.007858,1
1525169148403,3.121653,3.129969,-0.008316,1
1525169148413,3.122663,3.130932,-0.008268,1
1525169148423,3.121490,3.130531,-0.009041,1
1525169148434,3.122253,3.131227,-0.008974,1
1525169148444,3.122549,3.130894,-0.008345,1
1525169148454,3.122654,3.130970,-0.008316,1
1525169148464,3.122435,3.130827,-0.008392,1
1525169148474,3.122387,3.130779,-0.008392,1
1525169148484,3.122063,3.130178,-0.008116,1
1525169148494,3.122702,3.130016,-0.007315,1
1525169148505,3.121767,3.130312,-0.008545,1
1525169148515,3.122635,3.130407,-0.007772,1
1525169148525,3.122253,3.130341,-0.008087,1
1525169148535,3.122196,3.130827,-0.008631,1
1525169148545,3.122253,3.130150,-0.007896,1
1525169148555,3.122454,3.130322,-0.007868,1
1525169148565,3.122759,3.130274,-0.007515,1
1525169148575,3.122425,3.130503,-0.008078,1
1525169148585,3.121834,3.130217,-0.008383,1
1525169148595,3.122511,3.130045,-0.007534,1
1525169148605,3.122292,3.129969,-0.007677,1
1525169148615,3.122282,3.129950,-0.007668,1
1525169148625,3.122206,3.129978,-0.007772,1
1525169148635,3.122120,3.130198,-0.008078,1
1525169148645,3.122158,3.129578,-0.007420,1
1525169148655,3.122540,3.129892,-0.007353,1
1525169148665,3.122311,3.129702,-0.007391,1
1525169148675,3.122511,3.129997,-0.007486,1
1525169148685,3.122034,3.129883,-0.007849,1
1525169148695,3.122015,3.129616,-0.007601,1
1525169148705,3.122730,3.129473,-0.006742,1
1525169148715,3.122358,3.129749,-0.007391,1
1525169148725,3.122072,3.129892,-0.007820,1
1525169148735,3.122482,3.130169,-0.007687,1
1525169148746,3.122158,3.129520,-0.007362,1
1525169148756,3.122530,3.129873,-0.007343,1
1525169148766,3.122530,3.130054,-0.007524,1
1525169148776,3.122044,3.129930,-0.007887,1
1525169148786,3.122120,3.130131,-0.008011,1
1525169148796,3.122215,3.129911,-0.007696,1
1525169148806,3.122177,3.130054,-0.007877,1
1525169148817,3.121996,3.130131,-0.008135,1
1525169148827,3.122149,3.129549,-0.007401,1
1525169148837,3.122263,3.129826,-0.007563,1
1525169148848,3.122110,3.129816,-0.007706,1
1525169148858,3.122272,3.129978,-0.007706,1
1525169148868,3.122768,3.130665,-0.007896,1
1525169148878,3.122578,3.130064,-0.007486,1
1525169148888,3.122349,3.129454,-0.007105,1
1525169148898,3.122053,3.129635,-0.007582,1
1525169148908,3.122549,3.130188,-0.007639,1
1525169148918,3.122225,3.130388,-0.008163,1
1525169148928,3.122406,3.130035,-0.007629,1
1525169148938,3.122616,3.130207,-0.007591,1
1525169148948,3.122797,3.130350,-0.007553,1
1525169148958,3.122482,3.130054,-0.007572,1
1525169148968,3.122320,3.130264,-0.007944,1
1525169148978,3.121862,3.130217,-0.008354,1
1525169148989,3.122625,3.130379,-0.007753,1
1525169148999,3.122406,3.129873,-0.007467,1
1525169149009,3.122845,3.130226,-0.007381,1
1525169149019,3.122196,3.129940,-0.007744,1
1525169149029,3.122444,3.130302,-0.007858,1
1525169149039,3.122311,3.129883,-0.007572,1
1525169149049,3.122492,3.130226,-0.007734,1
1525169149060,3.122425,3.130150,-0.007725,1
1525169149070,3.122816,3.130493,-0.007677,1
1525169149080,3.122101,3.129692,-0.007591,1
1525169149090,3.122816,3.130341,-0.007524,1
1525169149100,3.121872,3.129387,-0.007515,1
1525169149110,3.122654,3.129873,-0.007219,1
1525169149120,3.122625,3.129559,-0.006933,1
1525169149131,3.122959,3.130112,-0.007153,1
1525169149141,3.121929,3.129272,-0.007343,1
1525169149151,3.123131,3.130083,-0.006952,1
1525169149161,3.121262,3.129177,-0.007915,1
1525169149171,3.122606,3.130112,-0.007505,1
1525169149181,3.121595,3.129492,-0.007896,1
1525169149191,3.123007,3.130465,-0.007458,1
1525169149202,3.121719,3.129473,-0.007753,1
1525169149212,3.122606,3.130407,-0.007801,1
1525169149222,3.121376,3.129311,-0.007935,1
1525169149232,3.122768,3.130140,-0.007372,1
1525169149242,3.121452,3.129368,-0.007915,1
1525169149252,3.122854,3.130131,-0.007277,1
1525169149262,3.121910,3.128986,-0.007076,1
1525169149272,3.122864,3.130274,-0.007410,1
1525169149282,3.121252,3.129368,-0.008116,1
1525169149292,3.122835,3.130054,-0.007219,1
1525169149302,3.121223,3.129454,-0.008230,1
1525169149313,3.122883,3.129959,-0.007076,1
1525169149323,3.122044,3.129358,-0.007315,1
1525169149333,3.122568,3.130159,-0.007591,1
1525169149343,3.121824,3.129702,-0.007877,1
1525169149353,3.122168,3.130598,-0.008430,1
1525169149363,3.121824,3.129406,-0.007582,1
1525169149373,3.122454,3.130255,-0.007801,1
1525169149384,3.122072,3.129692,-0.007620,1
1525169149394,3.122225,3.129864,-0.007639,1
1525169149404,3.121853,3.129692,-0.007839,1
1525169149414,3.122377,3.130045,-0.007668,1
1525169149424,3.121767,3.129311,-0.007544,1
1525169149434,3.122358,3.129892,-0.007534,1
1525169149444,3.121252,3.129644,-0.008392,1
1525169149454,3.122587,3.129902,-0.007315,1
1525169149464,3.122168,3.129826,-0.007658,1
1525169149474,3.122120,3.129396,-0.007277,1
1525169149484,3.121176,3.129501,-0.008326,1
1525169149494,3.122149,3.129969,-0.007820,1
1525169149504,3.121233,3.129053,-0.007820,1
1525169149514,3.122053,3.129253,-0.007200,1
1525169149525,3.121433,3.129425,-0.007992,1
1525169149535,3.122435,3.129539,-0.007105,1
1525169149545,3.121920,3.129435,-0.007515,1
1525169149555,3.122025,3.129873,-0.007849,1
1525169149565,3.121748,3.129654,-0.007906,1
1525169149575,3.122673,3.129807,-0.007133,1
1525169149585,3.122282,3.129511,-0.007229,1
1525169149595,3.122683,3.130226,-0.007544,1
1525169149605,3.121605,3.129520,-0.007915,1
1525169149615,3.122196,3.129921,-0.007725,1
1525169149625,3.121576,3.129759,-0.008183,1
1525169149635,3.122139,3.130016,-0.007877,1
1525169149645,3.122158,3.130083,-0.007925,1
1525169149655,3.121843,3.130455,-0.008612,1
1525169149665,3.121815,3.130379,-0.008564,1
1525169149675,3.122234,3.130178,-0.007944,1
1525169149685,3.121748,3.129997,-0.008249,1
1525169149696,3.121557,3.129873,-0.008316,1
1525169149706,3.121586,3.130150,-0.008564,1
1525169149716,3.121252,3.129807,-0.008554,1
1525169149727,3.121338,3.129749,-0.008411,1
1525169149737,3.121309,3.129501,-0.008192,1
1525169149747,3.121452,3.129568,-0.008116,1
1525169149757,3.122292,3.130207,-0.007915,1
1525169149767,3.121338,3.129740,-0.008402,1
1525169149777,3.121662,3.129959,-0.008297,1
1525169149787,3.121796,3.129921,-0.008125,1
1525169149797,3.121929,3.129940,-0.008011,1
1525169149807,3.121672,3.129454,-0.007782,1
1525169149817,3.121643,3.129768,-0.008125,1
1525169149827,3.121767,3.130102,-0.008335,1
1525169149837,3.121452,3.130150,-0.008698,1
1525169149847,3.121729,3.129902,-0.008173,1
1525169149857,3.121872,3.130102,-0.008230,1
1525169149868,3.120890,3.130236,-0.009346,1
1525169149878,3.121605,3.129940,-0.008335,1
1525169149888,3.121939,3.130522,-0.008583,1
1525169149898,3.122320,3.130360,-0.008039,1
1525169149908,3.121843,3.130102,-0.008259,1
1525169149918,3.121500,3.130102,-0.008602,1
1525169149928,3.121996,3.130188,-0.008192,1
1525169149938,3.121433,3.129759,-0.008326,1
1525169149948,3.122501,3.130054,-0.007553,1
1525169149958,3.121910,3.130693,-0.008783,1
1525169149968,3.122511,3.129969,-0.007458,1
1525169149978,3.121738,3.130407,-0.008669,1
1525169149988,3.122034,3.130302,-0.008268,1
1525169149998,3.121948,3.130026,-0.008078,1
1525169150009,3.122139,3.130636,-0.008497,1
1525169150019,3.121986,3.130140,-0.008154,1
1525169150029,3.122015,3.130350,-0.008335,1
1525169150039,3.121758,3.130169,-0.008411,1
1525169150049,3.121948,3.130474,-0.008526,1
1525169150059,3.122263,3.130026,-0.007763,1
1525169150069,3.122444,3.129969,-0.007524,1
1525169150080,3.121920,3.129864,-0.007944,1
1525169150090,3.122034,3.130598,-0.008564,1
1525169150100,3.121462,3.129740,-0.008278,1
1525169150110,3.122234,3.130245,-0.008011,1
1525169150120,3.121586,3.129625,-0.008039,1
1525169150130,3.122187,3.130093,-0.007906,1
1525169150140,3.121815,3.130121,-0.008307,1
1525169150150,3.122187,3.129997,-0.007811,1
1525169150160,3.121653,3.129950,-0.008297,1
1525169150170,3.122454,3.130112,-0.007658,1
1525169150180,3.121853,3.130007,-0.008154,1
1525169150190,3.121424,3.130159,-0.008736,1
1525169150200,3.122129,3.129730,-0.007601,1
1525169150210,3.122568,3.130150,-0.007582,1
1525169150220,3.121977,3.130159,-0.008183,1
1525169150230,3.122416,3.130569,-0.008154,1
1525169150240,3.122072,3.129978,-0.007906,1
1525169150251,3.122129,3.130255,-0.008125,1
1525169150261,3.121395,3.129606,-0.008211,1
1525169150271,3.122606,3.130264,-0.007658,1
1525169150281,3.121395,3.129168,-0.007772,1
1525169150291,3.122282,3.129930,-0.007648,1
1525169150301,3.121510,3.129416,-0.007906,1
1525169150311,3.122644,3.130589,-0.007944,1
1525169150321,3.121023,3.129797,-0.008774,1
1525169150331,3.122606,3.130474,-0.007868,1
1525169150341,3.121500,3.130007,-0.008507,1
1525169150351,3.122854,3.130894,-0.008039,1
1525169150361,3.121395,3.130074,-0.008678,1
1525169150371,3.122292,3.130722,-0.008430,1
1525169150381,3.121796,3.129730,-0.007935,1
1525169150391,3.122644,3.130493,-0.007849,1
1525169150401,3.121548,3.130093,-0.008545,1
1525169150411,3.122702,3.130188,-0.007486,1
1525169150421,3.121834,3.129864,-0.008030,1
1525169150431,3.122606,3.130245,-0.007639,1
1525169150441,3.121529,3.130064,-0.008535,1
1525169150451,3.122292,3.130827,-0.008535,1
1525169150461,3.121805,3.129749,-0.007944,1
1525169150471,3.122597,3.130894,-0.008297,1
1525169150481,3.121471,3.129873,-0.008402,1
1525169150491,3.122644,3.131199,-0.008554,1
1525169150501,3.121672,3.130264,-0.008593,1
1525169150511,3.122349,3.130980,-0.008631,1
1525169150521,3.120775,3.130093,-0.009317,1
1525169150531,3.122272,3.131351,-0.009079,1
1525169150541,3.121710,3.130608,-0.008898,1
1525169150551,3.122339,3.130865,-0.008526,1
1525169150561,3.121252,3.130312,-0.009060,1
1525169150571,3.121529,3.130894,-0.009365,1
1525169150581,3.120966,3.129826,-0.008860,1
1525169150591,3.122244,3.130779,-0.008535,1
1525169150601,3.121376,3.130121,-0.008745,1
1525169150611,3.122625,3.130798,-0.008173,1
1525169150621,3.121519,3.130245,-0.008726,1
1525169150632,3.122587,3.131113,-0.008526,1
1525169150642,3.121471,3.130045,-0.008574,1
1525169150652,3.122864,3.130798,-0.007935,1
1525169150662,3.121605,3.130178,-0.008574,1
1525169150672,3.122969,3.130894,-0.007925,1
1525169150682,3.121672,3.129930,-0.008259,1
1525169150692,3.122787,3.131180,-0.008392,1
1525169150702,3.121729,3.130283,-0.008554,1
1525169150712,3.123007,3.131647,-0.008640,1
1525169150722,3.121567,3.130407,-0.008841,1
1525169150732,3.122635,3.130789,-0.008154,1
1525169150742,3.121376,3.130064,-0.008688,1
1525169150752,3.122625,3.130903,-0.008278,1
1525169150762,3.121176,3.129854,-0.008678,1
1525169150773,3.122959,3.130941,-0.007982,1
1525169150783,3.121386,3.129826,-0.008440,1
1525169150793,3.122997,3.130713,-0.007715,1
1525169150803,3.121433,3.129921,-0.008488,1
1525169150813,3.122816,3.130875,-0.008059,1
1525169150823,3.121929,3.130121,-0.008192,1
1525169150833,3.122120,3.130617,-0.008497,1
1525169150843,3.121805,3.130207,-0.008402,1
1525169150853,3.122759,3.131247,-0.008488,1
1525169150863,3.121805,3.129835,-0.008030,1
1525169150873,3.122368,3.130646,-0.008278,1
1525169150883,3.121176,3.129854,-0.008678,1
1525169150893,3.122635,3.130560,-0.007925,1
1525169150903,3.121481,3.129683,-0.008202,1
1525169150914,3.122444,3.130655,-0.008211,1
1525169150924,3.121853,3.129654,-0.007801,1
1525169150934,3.122578,3.130589,-0.008011,1
1525169150944,3.121557,3.130398,-0.008841,1
1525169150955,3.122768,3.130550,-0.007782,1
1525169150965,3.121710,3.130140,-0.008430,1
1525169150975,3.122396,3.130283,-0.007887,1
1525169150986,3.121901,3.129930,-0.008030,1
1525169150996,3.122158,3.130112,-0.007954,1
1525169151006,3.122683,3.130093,-0.007410,1
1525169151016,3.122768,3.130159,-0.007391,1
1525169151026,3.122406,3.129978,-0.007572,1
1525169151036,3.122578,3.130226,-0.007648,1
1525169151046,3.122559,3.130150,-0.007591,1
1525169151057,3.122721,3.130131,-0.007410,1
1525169151067,3.122692,3.129568,-0.006876,1
1525169151077,3.122005,3.129787,-0.007782,1
1525169151087,3.122177,3.129883,-0.007706,1
1525169151097,3.121853,3.129997,-0.008144,1
1525169151107,3.122244,3.130445,-0.008202,1
1525169151117,3.122263,3.129988,-0.007725,1
1525169151127,3.122187,3.129749,-0.007563,1
1525169151137,3.121967,3.129883,-0.007915,1
1525169151147,3.121948,3.130226,-0.008278,1
1525169151157,3.121834,3.130245,-0.008411,1
1525169151167,3.121939,3.130016,-0.008078,1
1525169151177,3.122149,3.130322,-0.008173,1
1525169151187,3.122311,3.130474,-0.008163,1
1525169151198,3.122568,3.130703,-0.008135,1
1525169151208,3.121977,3.130693,-0.008717,1
1525169151218,3.122082,3.130541,-0.008459,1
1525169151228,3.122196,3.130465,-0.008268,1
1525169151238,3.121920,3.130112,-0.008192,1
1525169151248,3.121853,3.130445,-0.008593,1
1525169151258,3.122063,3.130474,-0.008411,1
1525169151268,3.122282,3.130350,-0.008068,1
1525169151278,3.121500,3.130283,-0.008783,1
1525169151288,3.121881,3.130932,-0.009050,1
1525169151298,3.121929,3.130465,-0.008535,1
1525169151308,3.121786,3.130178,-0.008392,1
1525169151318,3.122730,3.130369,-0.007639,1
1525169151328,3.121471,3.130140,-0.008669,1
1525169151339,3.121748,3.130550,-0.008802,1
1525169151349,3.122044,3.130722,-0.008678,1
1525169151359,3.121910,3.130636,-0.008726,1
1525169151370,3.122330,3.130875,-0.008545,1
1525169151380,3.121853,3.129978,-0.008125,1
1525169151390,3.121290,3.130598,-0.009308,1
1525169151400,3.121710,3.130331,-0.008621,1
1525169151410,3.121920,3.130322,-0.008402,1
1525169151420,3.121500,3.130398,-0.008898,1
1525169151430,3.122149,3.130856,-0.008707,1
1525169151440,3.121796,3.130713,-0.008917,1
1525169151450,3.122149,3.130760,-0.008612,1
1525169151460,3.121710,3.130445,-0.008736,1
1525169151470,3.122215,3.130474,-0.008259,1
1525169151480,3.121624,3.130226,-0.008602,1
1525169151490,3.122349,3.130760,-0.008411,1
1525169151500,3.121929,3.130083,-0.008154,1
1525169151510,3.122177,3.130150,-0.007973,1
1525169151520,3.122511,3.129902,-0.007391,1
1525169151530,3.122292,3.130522,-0.008230,1
1525169151540,3.122511,3.130646,-0.008135,1
1525169151550,3.122454,3.131180,-0.008726,1
1525169151560,3.122559,3.130703,-0.008144,1
1525169151571,3.122730,3.131351,-0.008621,1
1525169151581,3.122187,3.130341,-0.008154,1
1525169151591,3.122025,3.131084,-0.009060,1
1525169151601,3.121157,3.130159,-0.009003,1
1525169151611,3.122053,3.130579,-0.008526,1
1525169151621,3.121872,3.130169,-0.008297,1
1525169151631,3.121691,3.130188,-0.008497,1
1525169151641,3.121176,3.129768,-0.008593,1
1525169151651,3.121643,3.129692,-0.008049,1
1525169151661,3.120670,3.129463,-0.008793,1
1525169151671,3.122177,3.130331,-0.008154,1
1525169151681,3.121290,3.129101,-0.007811,1
1525169151691,3.121986,3.129578,-0.007591,1
1525169151701,3.121290,3.129015,-0.007725,1
1525169151712,3.121767,3.129673,-0.007906,1
1525169151722,3.120918,3.128929,-0.008011,1
1525169151732,3.121901,3.130178,-0.008278,1
1525169151742,3.121262,3.129349,-0.008087,1
1525169151752,3.121786,3.130226,-0.008440,1
1525169151762,3.121271,3.129435,-0.008163,1
1525169151772,3.122320,3.130064,-0.007744,1
1525169151782,3.120890,3.129177,-0.008287,1
1525169151792,3.121977,3.130150,-0.008173,1
1525169151802,3.121157,3.129187,-0.008030,1
1525169151812,3.122692,3.130550,-0.007858,1
1525169151822,3.120842,3.129959,-0.009117,1
1525169151832,3.121967,3.130770,-0.008802,1
1525169151842,3.120193,3.129063,-0.008869,1
1525169151853,3.121538,3.130198,-0.008659,1
1525169151863,3.120451,3.129129,-0.008678,1
1525169151873,3.122110,3.130102,-0.007992,1
1525169151884,3.120832,3.129091,-0.008259,1
1525169151894,3.122253,3.130102,-0.007849,1
1525169151904,3.120441,3.128710,-0.008268,1
1525169151914,3.122234,3.129292,-0.007057,1
1525169151924,3.120918,3.129110,-0.008192,1
1525169151934,3.122253,3.129768,-0.007515,1
1525169151944,3.120785,3.129129,-0.008345,1
1525169151954,3.121748,3.130064,-0.008316,1
1525169151964,3.120737,3.128958,-0.008221,1
1525169151974,3.121958,3.129883,-0.007925,1
1525169151984,3.120527,3.129282,-0.008755,1
1525169151995,3.121948,3.129883,-0.007935,1
1525169152005,3.121357,3.129396,-0.008039,1
1525169152015,3.121395,3.129482,-0.008087,1
1525169152026,3.120928,3.128614,-0.007687,1
1525169152036,3.121195,3.128862,-0.007668,1
1525169152046,3.121071,3.128920,-0.007849,1
1525169152056,3.121157,3.129196,-0.008039,1
1525169152066,3.121176,3.129416,-0.008240,1
1525169152076,3.122025,3.129959,-0.007935,1
1525169152086,3.121300,3.129520,-0.008221,1
1525169152096,3.121519,3.129625,-0.008106,1
1525169152106,3.120823,3.129148,-0.008326,1
1525169152116,3.121710,3.129606,-0.007896,1
1525169152126,3.122129,3.129606,-0.007477,1
1525169152136,3.121424,3.129272,-0.007849,1
1525169152146,3.120899,3.129292,-0.008392,1
1525169152156,3.121548,3.129387,-0.007839,1
1525169152166,3.120890,3.129444,-0.008554,1
1525169152176,3.121414,3.129749,-0.008335,1
1525169152186,3.121033,3.129387,-0.008354,1
1525169152196,3.121738,3.129854,-0.008116,1
1525169152206,3.121166,3.129492,-0.008326,1
1525169152216,3.121405,3.129740,-0.008335,1
1525169152226,3.121462,3.129082,-0.007620,1
1525169152237,3.121891,3.129616,-0.007725,1
1525169152247,3.121977,3.129768,-0.007792,1
1525169152257,3.121843,3.129625,-0.007782,1
1525169152268,3.121490,3.129711,-0.008221,1
1525169152278,3.121500,3.129511,-0.008011,1
1525169152288,3.121843,3.129778,-0.007935,1
1525169152298,3.121881,3.129635,-0.007753,1
1525169152308,3.121595,3.129425,-0.007830,1
1525169152318,3.121624,3.129959,-0.008335,1
1525169152328,3.121929,3.129911,-0.007982,1
1525169152338,3.121767,3.130064,-0.008297,1
1525169152348,3.121843,3.129377,-0.007534,1
1525169152358,3.121834,3.129435,-0.007601,1
1525169152368,3.121462,3.129845,-0.008383,1
1525169152379,3.121862,3.129787,-0.007925,1
1525169152389,3.121948,3.130035,-0.008087,1
1525169152399,3.121891,3.129053,-0.007162,1
1525169152410,3.122482,3.130054,-0.007572,1
1525169152420,3.122463,3.129253,-0.006790,1
1525169152430,3.122272,3.129711,-0.007439,1
1525169152440,3.121614,3.129787,-0.008173,1
1525169152450,3.122120,3.129826,-0.007706,1
1525169152460,3.121614,3.129482,-0.007868,1
1525169152470,3.121996,3.129635,-0.007639,1
1525169152481,3.121767,3.129492,-0.007725,1
1525169152491,3.122301,3.129587,-0.007286,1
1525169152501,3.122110,3.129539,-0.007429,1
1525169152511,3.122444,3.130045,-0.007601,1
1525169152521,3.122129,3.130121,-0.007992,1
1525169152531,3.122578,3.130245,-0.007668,1
1525169152541,3.122263,3.130159,-0.007896,1
1525169152551,3.122501,3.130560,-0.008059,1
1525169152561,3.121891,3.130217,-0.008326,1
1525169152571,3.122444,3.130045,-0.007601,1
1525169152581,3.122082,3.129797,-0.007715,1
1525169152591,3.122358,3.130455,-0.008097,1
1525169152601,3.122377,3.130045,-0.007668,1
1525169152611,3.122578,3.130426,-0.007849,1
1525169152622,3.122187,3.129511,-0.007324,1
1525169152632,3.123655,3.130589,-0.006933,1
1525169152642,3.122072,3.129864,-0.007792,1
1525169152652,3.123398,3.130770,-0.007372,1
1525169152662,3.122511,3.130226,-0.007715,1
1525169152672,3.123302,3.131094,-0.007792,1
1525169152682,3.122234,3.129597,-0.007362,1
1525169152692,3.122635,3.130531,-0.007896,1
1525169152702,3.122511,3.129578,-0.007067,1
1525169152712,3.122978,3.130569,-0.007591,1
1525169152722,3.121920,3.129749,-0.007830,1
1525169152732,3.123102,3.130322,-0.007219,1
1525169152742,3.122139,3.129597,-0.007458,1
1525169152752,3.123293,3.130598,-0.007305,1
1525169152762,3.122721,3.130083,-0.007362,1
1525169152772,3.123121,3.130112,-0.006990,1
1525169152782,3.121634,3.129864,-0.008230,1
1525169152792,3.123055,3.131037,-0.007982,1
1525169152802,3.122272,3.129883,-0.007610,1
1525169152812,3.123388,3.130512,-0.007124,1
1525169152822,3.122549,3.129749,-0.007200,1
1525169152833,3.123512,3.130388,-0.006876,1
1525169152843,3.122635,3.129454,-0.006819,1
1525169152853,3.123341,3.130350,-0.007010,1
1525169152863,3.122730,3.129292,-0.006561,1
1525169152873,3.123465,3.130302,-0.006838,1
1525169152883,3.122568,3.129463,-0.006895,1
1525169152893,3.123407,3.130598,-0.007191,1
1525169152903,3.122196,3.129473,-0.007277,1
1525169152913,3.123407,3.130369,-0.006962,1
1525169152923,3.122120,3.129349,-0.007229,1
1525169152933,3.123646,3.130665,-0.007019,1
1525169152943,3.121910,3.129616,-0.007706,1
1525169152953,3.123198,3.130665,-0.007467,1
1525169152963,3.122044,3.129673,-0.007629,1
1525169152974,3.122950,3.130436,-0.007486,1
1525169152984,3.122082,3.129530,-0.007448,1
1525169152994,3.123255,3.130493,-0.007238,1
1525169153004,3.122377,3.129635,-0.007257,1
1525169153014,3.123512,3.130589,-0.007076,1
1525169153024,3.121834,3.129883,-0.008049,1
1525169153034,3.122959,3.130798,-0.007839,1
1525169153045,3.121758,3.129807,-0.008049,1
1525169153055,3.122425,3.130245,-0.007820,1
1525169153065,3.122282,3.130016,-0.007734,1
1525169153075,3.122759,3.130398,-0.007639,1
1525169153085,3.122387,3.129482,-0.007095,1
1525169153095,3.122807,3.129873,-0.007067,1
1525169153105,3.122730,3.129625,-0.006895,1
1525169153115,3.123083,3.130112,-0.007029,1
1525169153125,3.122406,3.129673,-0.007267,1
1525169153135,3.123608,3.130341,-0.006733,1
1525169153145,3.122482,3.129892,-0.007410,1
1525169153155,3.123045,3.130035,-0.006990,1
1525169153165,3.122120,3.129358,-0.007238,1
1525169153175,3.122835,3.130150,-0.007315,1
1525169153186,3.122406,3.129873,-0.007467,1
1525169153196,3.122721,3.130322,-0.007601,1
1525169153206,3.122082,3.130350,-0.008268,1
1525169153216,3.122911,3.130255,-0.007343,1
1525169153226,3.122578,3.130264,-0.007687,1
1525169153236,3.123055,3.130455,-0.007401,1
1525169153246,3.122272,3.130178,-0.007906,1
1525169153257,3.122635,3.130112,-0.007477,1
1525169153267,3.123045,3.130150,-0.007105,1
1525169153277,3.122940,3.130369,-0.007429,1
1525169153287,3.122387,3.130322,-0.007935,1
1525169153297,3.122482,3.130655,-0.008173,1
1525169153307,3.122702,3.130617,-0.007915,1
1525169153317,3.122425,3.130655,-0.008230,1
1525169153328,3.122320,3.130722,-0.008402,1
1525169153338,3.122616,3.130789,-0.008173,1
1525169153348,3.122883,3.130636,-0.007753,1
1525169153358,3.122864,3.130627,-0.007763,1
1525169153368,3.122206,3.130112,-0.007906,1
1525169153378,3.122282,3.130131,-0.007849,1
1525169153388,3.122749,3.130398,-0.007648,1
1525169153398,3.122673,3.130379,-0.007706,1
1525169153408,3.122702,3.130341,-0.007639,1
1525169153418,3.122654,3.129940,-0.007286,1
1525169153428,3.122263,3.130207,-0.007944,1
1525169153438,3.122234,3.130589,-0.008354,1
1525169153448,3.122778,3.130398,-0.007620,1
1525169153458,3.122492,3.130283,-0.007792,1
1525169153468,3.122463,3.130445,-0.007982,1
1525169153478,3.122387,3.130455,-0.008068,1
1525169153488,3.122702,3.130455,-0.007753,1
1525169153498,3.123007,3.130713,-0.007706,1
1525169153508,3.122768,3.130655,-0.007887,1
1525169153518,3.122787,3.130884,-0.008097,1
1525169153528,3.121777,3.130331,-0.008554,1
1525169153538,3.122139,3.130579,-0.008440,1
1525169153548,3.122339,3.130188,-0.007849,1
1525169153559,3.122454,3.130474,-0.008020,1
1525169153569,3.122549,3.130102,-0.007553,1
1525169153579,3.122597,3.130550,-0.007954,1
1525169153589,3.122530,3.130341,-0.007811,1
1525169153599,3.122463,3.129911,-0.007448,1
1525169153609,3.123016,3.130331,-0.007315,1
1525169153619,3.123121,3.129969,-0.006847,1
1525169153629,3.123064,3.130226,-0.007162,1
1525169153639,3.122635,3.130283,-0.007648,1
1525169153649,3.122854,3.130560,-0.007706,1
1525169153659,3.122149,3.129959,-0.007811,1
1525169153669,3.122826,3.130121,-0.007296,1
1525169153679,3.122625,3.129988,-0.007362,1
1525169153689,3.122272,3.130226,-0.007954,1
1525169153699,3.122654,3.130493,-0.007839,1
1525169153709,3.122559,3.130541,-0.007982,1
1525169153719,3.122559,3.130054,-0.007496,1
1525169153729,3.122568,3.130245,-0.007677,1
1525169153740,3.122845,3.129997,-0.007153,1
1525169153750,3.122530,3.130217,-0.007687,1
1525169153760,3.122940,3.130436,-0.007496,1
1525169153770,3.122997,3.130617,-0.007620,1
1525169153780,3.122978,3.130178,-0.007200,1
1525169153790,3.122902,3.130054,-0.007153,1
1525169153800,3.122101,3.129578,-0.007477,1
1525169153810,3.122282,3.130007,-0.007725,1
1525169153820,3.122387,3.130493,-0.008106,1
1525169153830,3.122787,3.129673,-0.006886,1
1525169153840,3.122215,3.129606,-0.007391,1
1525169153850,3.122683,3.129854,-0.007172,1
1525169153860,3.122416,3.129854,-0.007439,1
1525169153870,3.122416,3.130112,-0.007696,1
1525169153881,3.122454,3.129902,-0.007448,1
1525169153891,3.122511,3.130331,-0.007820,1
1525169153901,3.122511,3.130360,-0.007849,1
1525169153911,3.122835,3.130274,-0.007439,1
1525169153921,3.122311,3.129768,-0.007458,1
1525169153931,3.122253,3.130150,-0.007896,1
1525169153941,3.122740,3.129740,-0.007000,1
1525169153951,3.122358,3.129835,-0.007477,1
1525169153961,3.122301,3.130188,-0.007887,1
1525169153971,3.123112,3.129740,-0.006628,1
1525169153981,3.122425,3.129940,-0.007515,1
1525169153991,3.122549,3.129959,-0.007410,1
1525169154001,3.122606,3.129587,-0.006981,1
1525169154011,3.122587,3.129911,-0.007324,1
1525169154022,3.122559,3.129845,-0.007286,1
1525169154032,3.122950,3.130207,-0.007257,1
1525169154042,3.122778,3.129578,-0.006800,1
1525169154052,3.122492,3.130217,-0.007725,1
1525169154062,3.122663,3.130417,-0.007753,1
1525169154072,3.122921,3.130360,-0.007439,1
1525169154082,3.122635,3.129978,-0.007343,1
1525169154093,3.122740,3.130941,-0.008202,1
1525169154103,3.122025,3.129930,-0.007906,1
1525169154113,3.122845,3.130665,-0.007820,1
1525169154123,3.121929,3.129425,-0.007496,1
1525169154133,3.122950,3.130684,-0.007734,1
1525169154143,3.122091,3.129873,-0.007782,1
1525169154153,3.122787,3.131008,-0.008221,1
1525169154163,3.121853,3.129530,-0.007677,1
1525169154173,3.123064,3.130159,-0.007095,1
1525169154183,3.122110,3.129873,-0.007763,1
1525169154193,3.122883,3.130150,-0.007267,1
1525169154203,3.122234,3.129625,-0.007391,1
1525169154213,3.123188,3.130417,-0.007229,1
1525169154223,3.121843,3.129730,-0.007887,1
1525169154234,3.123083,3.130655,-0.007572,1
1525169154244,3.122530,3.129597,-0.007067,1
1525169154254,3.123779,3.130941,-0.007162,1
1525169154264,3.121557,3.129950,-0.008392,1
1525169154274,3.123198,3.130541,-0.007343,1
1525169154284,3.122063,3.129654,-0.007591,1
1525169154294,3.123474,3.131084,-0.007610,1
1525169154304,3.122253,3.130016,-0.007763,1
1525169154314,3.123169,3.131208,-0.008039,1
1525169154324,3.121796,3.130093,-0.008297,1
1525169154334,3.122892,3.130569,-0.007677,1
1525169154344,3.121901,3.129940,-0.008039,1
1525169154354,3.123569,3.131104,-0.007534,1
1525169154364,3.122187,3.130178,-0.007992,1
1525169154374,3.123531,3.130531,-0.007000,1
1525169154384,3.122444,3.130054,-0.007610,1
1525169154394,3.123331,3.130531,-0.007200,1
1525169154405,3.122282,3.129950,-0.007668,1
1525169154415,3.123055,3.130589,-0.007534,1
1525169154425,3.121786,3.129988,-0.008202,1
1525169154436,3.122892,3.130264,-0.007372,1
1525169154446,3.122387,3.130121,-0.007734,1
1525169154456,3.122978,3.130646,-0.007668,1
1525169154466,3.122215,3.129959,-0.007744,1
1525169154476,3.122511,3.130331,-0.007820,1
1525169154486,3.122072,3.130474,-0.008402,1
1525169154496,3.123055,3.130636,-0.007582,1
1525169154506,3.122320,3.130531,-0.008211,1
1525169154516,3.122749,3.130617,-0.007868,1
1525169154526,3.122025,3.130674,-0.008650,1
1525169154536,3.122702,3.130569,-0.007868,1
1525169154546,3.122206,3.129902,-0.007696,1
1525169154556,3.122416,3.130274,-0.007858,1
1525169154566,3.122158,3.130007,-0.007849,1
1525169154577,3.122416,3.130417,-0.008001,1
1525169154587,3.122530,3.130016,-0.007486,1
1525169154597,3.122845,3.130245,-0.007401,1
1525169154607,3.122778,3.130207,-0.007429,1
1525169154617,3.123035,3.130779,-0.007744,1
1525169154627,3.122339,3.129826,-0.007486,1
1525169154637,3.122787,3.129807,-0.007019,1
1525169154647,3.122339,3.129635,-0.007296,1
1525169154657,3.122759,3.130255,-0.007496,1
1525169154667,3.122921,3.130312,-0.007391,1
1525169154677,3.122778,3.130360,-0.007582,1
1525169154687,3.121872,3.129730,-0.007858,1
1525169154697,3.122778,3.129787,-0.007010,1
1525169154707,3.122540,3.130169,-0.007629,1
1525169154717,3.122835,3.130169,-0.007334,1
1525169154727,3.122616,3.129940,-0.007324,1
1525169154737,3.122635,3.129969,-0.007334,1
1525169154747,3.122253,3.129921,-0.007668,1
1525169154757,3.123169,3.130331,-0.007162,1
1525169154767,3.122768,3.130074,-0.007305,1
1525169154777,3.122787,3.130112,-0.007324,1
1525169154787,3.122997,3.129730,-0.006733,1
1525169154797,3.122711,3.129950,-0.007238,1
1525169154807,3.121920,3.129702,-0.007782,1
1525169154817,3.122768,3.129969,-0.007200,1
1525169154827,3.122206,3.129387,-0.007181,1
1525169154837,3.123274,3.130016,-0.006742,1
1525169154847,3.123074,3.129539,-0.006466,1
1525169154857,3.122568,3.129568,-0.007000,1
1525169154867,3.122320,3.129606,-0.007286,1
1525169154877,3.122416,3.129797,-0.007381,1
1525169154888,3.122454,3.129482,-0.007029,1
1525169154898,3.122578,3.129368,-0.006790,1
1525169154908,3.122444,3.129606,-0.007162,1
1525169154919,3.122835,3.129549,-0.006714,1
1525169154929,3.123045,3.129759,-0.006714,1
1525169154939,3.122816,3.129911,-0.007095,1
1525169154949,3.122807,3.129845,-0.007038,1
1525169154959,3.122673,3.129959,-0.007286,1
1525169154969,3.122702,3.129797,-0.007095,1
1525169154979,3.122578,3.130054,-0.007477,1
1525169154990,3.122215,3.129873,-0.007658,1
1525169155000,3.122435,3.129692,-0.007257,1
1525169155010,3.122368,3.129997,-0.007629,1
1525169155020,3.122177,3.129873,-0.007696,1
1525169155030,3.122644,3.129902,-0.007257,1
1525169155040,3.122692,3.129911,-0.007219,1
1525169155050,3.122845,3.130083,-0.007238,1
1525169155061,3.122110,3.129330,-0.007219,1
1525169155071,3.122635,3.129511,-0.006876,1
1525169155081,3.122683,3.129683,-0.007000,1
1525169155091,3.122787,3.129988,-0.007200,1
1525169155101,3.122511,3.129978,-0.007467,1
1525169155111,3.123083,3.130369,-0.007286,1
1525169155121,3.122816,3.129940,-0.007124,1
1525169155131,3.122654,3.130121,-0.007467,1
1525169155141,3.122644,3.130054,-0.007410,1
1525169155151,3.122778,3.129921,-0.007143,1
1525169155161,3.123035,3.130074,-0.007038,1
1525169155171,3.122940,3.130112,-0.007172,1
1525169155181,3.122568,3.129721,-0.007153,1
1525169155191,3.122931,3.130035,-0.007105,1
1525169155201,3.122263,3.129730,-0.007467,1
1525169155211,3.123016,3.130312,-0.007296,1
1525169155221,3.122845,3.130045,-0.007200,1
1525169155231,3.122978,3.130093,-0.007114,1
1525169155241,3.122711,3.130016,-0.007305,1
1525169155251,3.122978,3.129873,-0.006895,1
1525169155261,3.122253,3.129740,-0.007486,1
1525169155272,3.122635,3.130207,-0.007572,1
1525169155282,3.122406,3.130198,-0.007792,1
1525169155292,3.122625,3.130560,-0.007935,1
1525169155302,3.122253,3.130093,-0.007839,1
1525169155312,3.122501,3.130531,-0.008030,1
1525169155322,3.122120,3.130255,-0.008135,1
1525169155332,3.122387,3.130178,-0.007792,1
1525169155343,3.121986,3.130188,-0.008202,1
1525169155353,3.122883,3.130302,-0.007420,1
1525169155363,3.121634,3.129492,-0.007858,1
1525169155373,3.123169,3.130236,-0.007067,1
1525169155383,3.122139,3.129749,-0.007610,1
1525169155393,3.122740,3.130226,-0.007486,1
1525169155403,3.121853,3.129692,-0.007839,1
1525169155414,3.123369,3.130522,-0.007153,1
1525169155424,3.122091,3.129330,-0.007238,1
1525169155434,3.122892,3.130178,-0.007286,1
1525169155444,3.122005,3.129349,-0.007343,1
1525169155454,3.122950,3.130369,-0.007420,1
1525169155464,3.121939,3.129749,-0.007811,1
1525169155474,3.122721,3.130655,-0.007935,1
1525169155485,3.121357,3.129282,-0.007925,1
1525169155495,3.122702,3.130178,-0.007477,1
1525169155505,3.121977,3.129406,-0.007429,1
1525169155515,3.122501,3.130188,-0.007687,1
1525169155525,3.121128,3.129148,-0.008020,1
1525169155535,3.122635,3.130293,-0.007658,1
1525169155545,3.121691,3.129272,-0.007582,1
1525169155555,3.122549,3.130131,-0.007582,1
1525169155565,3.121367,3.129139,-0.007772,1
1525169155575,3.122559,3.130074,-0.007515,1
1525169155585,3.121653,3.129206,-0.007553,1
1525169155595,3.122749,3.130035,-0.007286,1
1525169155605,3.121510,3.128853,-0.007343,1
1525169155615,3.122816,3.129997,-0.007181,1
1525169155626,3.121891,3.129482,-0.007591,1
1525169155636,3.122864,3.130198,-0.007334,1
1525169155646,3.122063,3.129473,-0.007410,1
1525169155656,3.123055,3.129997,-0.006943,1
1525169155666,3.122358,3.129539,-0.007181,1
1525169155676,3.122845,3.129997,-0.007153,1
1525169155686,3.121881,3.129272,-0.007391,1
1525169155696,3.122454,3.130331,-0.007877,1
1525169155706,3.121643,3.129597,-0.007954,1
1525169155716,3.122778,3.130074,-0.007296,1
1525169155726,3.121881,3.129406,-0.007524,1
1525169155736,3.122616,3.130140,-0.007524,1
1525169155746,3.122015,3.129587,-0.007572,1
1525169155756,3.122959,3.129740,-0.006781,1
1525169155766,3.121977,3.129196,-0.007219,1
1525169155776,3.122826,3.130159,-0.007334,1
1525169155786,3.122330,3.129730,-0.007401,1
1525169155796,3.122873,3.130331,-0.007458,1
1525169155806,3.121862,3.129396,-0.007534,1
1525169155816,3.122797,3.129358,-0.006561,1
1525169155826,3.121929,3.129406,-0.007477,1
1525169155836,3.122921,3.130283,-0.007362,1
1525169155846,3.122053,3.129206,-0.007153,1
1525169155856,3.122540,3.129816,-0.007277,1
1525169155866,3.122215,3.129253,-0.007038,1
1525169155876,3.122559,3.130131,-0.007572,1
1525169155886,3.121777,3.129272,-0.007496,1
1525169155896,3.122110,3.129730,-0.007620,1
1525169155907,3.121901,3.129425,-0.007524,1
1525169155917,3.122396,3.129435,-0.007038,1
1525169155927,3.122206,3.128977,-0.006771,1
1525169155937,3.122244,3.129501,-0.007257,1
1525169155947,3.121881,3.129807,-0.007925,1
1525169155957,3.122301,3.129749,-0.007448,1
1525169155967,3.122187,3.129568,-0.007381,1
1525169155978,3.122606,3.129988,-0.007381,1
1525169155988,3.122301,3.129778,-0.007477,1
1525169155998,3.122597,3.129787,-0.007191,1
1525169156008,3.122425,3.129377,-0.006952,1
1525169156018,3.122377,3.130074,-0.007696,1
1525169156028,3.122606,3.129454,-0.006847,1
1525169156038,3.122931,3.129473,-0.006542,1
1525169156048,3.122244,3.129759,-0.007515,1
1525169156058,3.122482,3.129988,-0.007505,1
1525169156068,3.122330,3.129549,-0.007219,1
1525169156079,3.122721,3.129549,-0.006828,1
1525169156089,3.122330,3.129311,-0.006981,1
1525169156099,3.122482,3.129215,-0.006733,1
1525169156109,3.122416,3.129740,-0.007324,1
1525169156119,3.122492,3.129730,-0.007238,1
1525169156129,3.122597,3.129492,-0.006895,1
1525169156139,3.122349,3.129711,-0.007362,1
1525169156149,3.122082,3.129053,-0.006971,1
1525169156159,3.122196,3.129091,-0.006895,1
1525169156169,3.122854,3.129635,-0.006781,1
1525169156179,3.122721,3.129663,-0.006943,1
1525169156189,3.122349,3.129845,-0.007496,1
1525169156199,3.122625,3.129826,-0.007200,1
1525169156209,3.122568,3.129396,-0.006828,1
1525169156219,3.122091,3.129892,-0.007801,1
1525169156229,3.122339,3.129539,-0.007200,1
1525169156239,3.122168,3.129234,-0.007067,1
1525169156249,3.121653,3.129463,-0.007811,1
1525169156259,3.122101,3.129940,-0.007839,1
1525169156269,3.122034,3.129740,-0.007706,1
1525169156279,3.122292,3.129816,-0.007524,1
1525169156289,3.121967,3.130102,-0.008135,1
1525169156299,3.123274,3.130264,-0.006990,1
1525169156309,3.122396,3.129759,-0.007362,1
1525169156319,3.122168,3.130112,-0.007944,1
1525169156329,3.122311,3.129930,-0.007620,1
1525169156339,3.121796,3.130016,-0.008221,1
1525169156349,3.122282,3.130045,-0.007763,1
1525169156359,3.122377,3.129740,-0.007362,1
1525169156369,3.121958,3.129911,-0.007954,1
1525169156379,3.122063,3.129578,-0.007515,1
1525169156389,3.121395,3.130074,-0.008678,1
1525169156399,3.122120,3.129854,-0.007734,1
1525169156409,3.122015,3.129683,-0.007668,1
1525169156419,3.122244,3.129787,-0.007544,1
1525169156429,3.122578,3.130140,-0.007563,1
1525169156439,3.122330,3.130102,-0.007772,1
1525169156449,3.122034,3.129940,-0.007906,1
1525169156459,3.122120,3.130026,-0.007906,1
1525169156469,3.121901,3.129911,-0.008011,1
1525169156479,3.122444,3.129711,-0.007267,1
1525169156489,3.121700,3.129940,-0.008240,1
1525169156499,3.121881,3.130064,-0.008183,1
1525169156509,3.122396,3.129816,-0.007420,1
1525169156519,3.122044,3.129730,-0.007687,1
1525169156529,3.122101,3.129950,-0.007849,1
1525169156539,3.122034,3.130112,-0.008078,1
1525169156549,3.122158,3.130131,-0.007973,1
1525169156559,3.121967,3.129673,-0.007706,1
1525169156569,3.121948,3.129883,-0.007935,1
1525169156579,3.121881,3.129482,-0.007601,1
1525169156590,3.122187,3.129835,-0.007648,1
1525169156600,3.122416,3.129768,-0.007353,1
1525169156610,3.121986,3.129482,-0.007496,1
1525169156620,3.122330,3.129330,-0.007000,1
1525169156630,3.122425,3.129826,-0.007401,1
1525169156640,3.122396,3.129768,-0.007372,1
1525169156650,3.122950,3.129969,-0.007019,1
1525169156660,3.122263,3.129892,-0.007629,1
1525169156670,3.122692,3.129988,-0.007296,1
1525169156680,3.122492,3.130274,-0.007782,1
1525169156690,3.122368,3.129787,-0.007420,1
1525169156700,3.122063,3.129768,-0.007706,1
1525169156710,3.121805,3.129663,-0.007858,1
1525169156720,3.122196,3.129711,-0.007515,1
1525169156730,3.122377,3.129301,-0.006924,1
1525169156740,3.122616,3.129969,-0.007353,1
1525169156750,3.122511,3.129921,-0.007410,1
1525169156760,3.122797,3.129835,-0.007038,1
1525169156771,3.122654,3.130054,-0.007401,1
1525169156781,3.122215,3.129921,-0.007706,1
1525169156791,3.122597,3.130255,-0.007658,1
1525169156801,3.122625,3.130274,-0.007648,1
1525169156811,3.122683,3.130102,-0.007420,1
1525169156821,3.122358,3.130217,-0.007858,1
1525169156831,3.122435,3.130493,-0.008059,1
1525169156841,3.122129,3.130407,-0.008278,1
1525169156851,3.122635,3.130283,-0.007648,1
1525169156861,3.122749,3.130198,-0.007448,1
1525169156871,3.122559,3.130188,-0.007629,1
1525169156881,3.122597,3.130293,-0.007696,1
1525169156891,3.122501,3.130207,-0.007706,1
1525169156901,3.122339,3.130283,-0.007944,1
1525169156912,3.122501,3.130827,-0.008326,1
1525169156922,3.121758,3.130293,-0.008535,1
1525169156932,3.122520,3.130665,-0.008144,1
1525169156943,3.122044,3.130331,-0.008287,1
1525169156953,3.122263,3.130207,-0.007944,1
1525169156963,3.121376,3.129444,-0.008068,1
1525169156973,3.122349,3.130379,-0.008030,1
1525169156983,3.121576,3.129940,-0.008364,1
1525169156993,3.122444,3.130112,-0.007668,1
1525169157003,3.122025,3.130016,-0.007992,1
1525169157013,3.122301,3.130522,-0.008221,1
1525169157023,3.122110,3.129759,-0.007648,1
1525169157033,3.122196,3.130093,-0.007896,1
1525169157043,3.121662,3.129759,-0.008097,1
1525169157054,3.122320,3.129988,-0.007668,1
1525169157064,3.121405,3.129349,-0.007944,1
1525169157074,3.122854,3.130245,-0.007391,1
1525169157084,3.121262,3.129196,-0.007935,1
1525169157094,3.122759,3.130102,-0.007343,1
1525169157104,3.120975,3.129520,-0.008545,1
1525169157114,3.122892,3.130474,-0.007582,1
1525169157125,3.121376,3.129120,-0.007744,1
1525169157135,3.123045,3.130121,-0.007076,1
1525169157145,3.121471,3.129168,-0.007696,1
1525169157155,3.123150,3.130112,-0.006962,1
1525169157165,3.121567,3.129539,-0.007973,1
1525169157175,3.122959,3.130875,-0.007915,1
1525169157185,3.122110,3.129749,-0.007639,1
1525169157195,3.123312,3.130922,-0.007610,1
1525169157205,3.121500,3.129444,-0.007944,1
1525169157215,3.122931,3.130760,-0.007830,1
1525169157225,3.121662,3.129349,-0.007687,1
1525169157235,3.122902,3.130388,-0.007486,1
1525169157245,3.121338,3.129501,-0.008163,1
1525169157255,3.123178,3.130302,-0.007124,1
1525169157265,3.121080,3.128929,-0.007849,1
1525169157275,3.123188,3.130159,-0.006971,1
1525169157285,3.121347,3.129358,-0.008011,1
1525169157296,3.122797,3.130503,-0.007706,1
1525169157306,3.121605,3.129740,-0.008135,1
1525169157316,3.122454,3.130054,-0.007601,1
1525169157327,3.121862,3.129673,-0.007811,1
1525169157337,3.122644,3.130150,-0.007505,1
1525169157347,3.121805,3.129625,-0.007820,1
1525169157357,3.122406,3.129740,-0.007334,1
1525169157367,3.121614,3.129282,-0.007668,1
1525169157377,3.122683,3.130102,-0.007420,1
1525169157387,3.121681,3.129721,-0.008039,1
1525169157397,3.122387,3.130274,-0.007887,1
1525169157407,3.121490,3.129196,-0.007706,1
1525169157417,3.122492,3.129787,-0.007296,1
1525169157427,3.121719,3.129244,-0.007524,1
1525169157438,3.122568,3.129978,-0.007410,1
1525169157448,3.121691,3.129768,-0.008078,1
1525169157458,3.122311,3.129501,-0.007191,1
1525169157469,3.121948,3.129702,-0.007753,1
1525169157479,3.122578,3.129339,-0.006762,1
1525169157489,3.122177,3.129377,-0.007200,1
1525169157499,3.122368,3.129826,-0.007458,1
1525169157509,3.122177,3.129740,-0.007563,1
1525169157519,3.122435,3.129320,-0.006886,1
1525169157529,3.122129,3.129272,-0.007143,1
1525169157540,3.122559,3.129435,-0.006876,1
1525169157550,3.122196,3.129606,-0.007410,1
1525169157560,3.122416,3.129768,-0.007353,1
1525169157570,3.122225,3.129396,-0.007172,1
1525169157580,3.122272,3.129320,-0.007048,1
1525169157590,3.121796,3.129120,-0.007324,1
1525169157600,3.122416,3.129311,-0.006895,1
1525169157610,3.122091,3.129549,-0.007458,1
1525169157620,3.121929,3.129597,-0.007668,1
1525169157630,3.122339,3.129263,-0.006924,1
1525169157640,3.122158,3.129797,-0.007639,1
1525169157650,3.122053,3.129644,-0.007591,1
1525169157660,3.122301,3.129692,-0.007391,1
1525169157670,3.122368,3.130093,-0.007725,1
1525169157681,3.122540,3.130054,-0.007515,1
1525169157691,3.122635,3.129930,-0.007296,1
1525169157701,3.122311,3.129559,-0.007248,1
1525169157711,3.122015,3.129797,-0.007782,1
1525169157721,3.121548,3.129578,-0.008030,1
1525169157731,3.122082,3.130083,-0.008001,1
1525169157741,3.122568,3.130112,-0.007544,1
1525169157752,3.122320,3.130169,-0.007849,1
1525169157762,3.121777,3.129997,-0.008221,1
1525169157772,3.122540,3.130274,-0.007734,1
1525169157782,3.121977,3.129759,-0.007782,1
1525169157792,3.122482,3.129959,-0.007477,1
1525169157802,3.122387,3.129654,-0.007267,1
1525169157812,3.122683,3.129835,-0.007153,1
1525169157823,3.122692,3.130426,-0.007734,1
1525169157833,3.122463,3.129978,-0.007515,1
1525169157843,3.122330,3.129683,-0.007353,1
1525169157853,3.122530,3.130169,-0.007639,1
1525169157863,3.122034,3.129807,-0.007772,1
1525169157873,3.123055,3.130140,-0.007086,1
1525169157883,3.122692,3.129339,-0.006647,1
1525169157893,3.122492,3.130198,-0.007706,1
1525169157903,3.122025,3.129520,-0.007496,1
1525169157913,3.122396,3.130054,-0.007658,1
1525169157923,3.121824,3.129377,-0.007553,1
1525169157933,3.122482,3.129292,-0.006809,1
1525169157943,3.121672,3.129549,-0.007877,1
1525169157953,3.122425,3.129406,-0.006981,1
1525169157964,3.122072,3.128891,-0.006819,1
1525169157974,3.122454,3.129616,-0.007162,1
1525169157984,3.122244,3.129044,-0.006800,1
1525169157994,3.122969,3.129873,-0.006905,1
1525169158004,3.121986,3.129387,-0.007401,1
1525169158014,3.122444,3.130150,-0.007706,1
1525169158024,3.121414,3.129368,-0.007954,1
1525169158034,3.122997,3.130388,-0.007391,1
1525169158044,3.121767,3.129463,-0.007696,1
1525169158054,3.122578,3.130255,-0.007677,1
1525169158064,3.121929,3.129129,-0.007200,1
1525169158074,3.123045,3.130579,-0.007534,1
1525169158084,3.122282,3.129778,-0.007496,1
1525169158094,3.123007,3.130035,-0.007029,1
1525169158104,3.122282,3.129253,-0.006971,1
1525169158114,3.123302,3.130331,-0.007029,1
1525169158124,3.122282,3.129530,-0.007248,1
1525169158134,3.122959,3.130522,-0.007563,1
1525169158144,3.121834,3.129587,-0.007753,1
1525169158154,3.122883,3.130207,-0.007324,1
1525169158164,3.122234,3.129311,-0.007076,1
1525169158175,3.123426,3.130522,-0.007095,1
1525169158185,3.121996,3.129549,-0.007553,1
1525169158195,3.123417,3.130255,-0.006838,1
1525169158206,3.122396,3.129625,-0.007229,1
1525169158216,3.123379,3.130674,-0.007296,1
1525169158226,3.121758,3.129339,-0.007582,1
1525169158236,3.123465,3.130093,-0.006628,1
1525169158246,3.122425,3.129492,-0.007067,1
1525169158256,3.123131,3.130274,-0.007143,1
1525169158266,3.122082,3.129511,-0.007429,1
1525169158276,3.122950,3.130369,-0.007420,1
1525169158286,3.121414,3.129854,-0.008440,1
1525169158296,3.123236,3.130779,-0.007544,1
1525169158306,3.121634,3.129110,-0.007477,1
1525169158317,3.123217,3.130522,-0.007305,1
1525169158327,3.122330,3.129511,-0.007181,1
1525169158337,3.122854,3.130388,-0.007534,1
1525169158347,3.122301,3.129902,-0.007601,1
1525169158357,3.123150,3.130226,-0.007076,1
1525169158367,3.122377,3.129950,-0.007572,1
1525169158377,3.122759,3.130016,-0.007257,1
1525169158387,3.122616,3.129559,-0.006943,1
1525169158397,3.123140,3.129940,-0.006800,1
1525169158407,3.122396,3.129759,-0.007362,1
1525169158418,3.122587,3.130054,-0.007467,1
1525169158428,3.121719,3.129673,-0.007954,1
1525169158438,3.122416,3.129873,-0.007458,1
1525169158449,3.122578,3.129835,-0.007257,1
1525169158459,3.122721,3.130188,-0.007467,1
1525169158469,3.122349,3.129692,-0.007343,1
1525169158479,3.122349,3.129673,-0.007324,1
1525169158489,3.122330,3.129320,-0.006990,1
1525169158499,3.122263,3.130007,-0.007744,1
1525169158509,3.122559,3.129625,-0.007067,1
1525169158519,3.122396,3.130121,-0.007725,1
1525169158529,3.122101,3.129797,-0.007696,1
1525169158539,3.122606,3.129978,-0.007372,1
1525169158549,3.122606,3.129358,-0.006752,1
1525169158559,3.122902,3.130102,-0.007200,1
1525169158569,3.122339,3.129969,-0.007629,1
1525169158579,3.122540,3.129835,-0.007296,1
1525169158589,3.121996,3.130045,-0.008049,1
1525169158599,3.122540,3.129787,-0.007248,1
1525169158609,3.122339,3.129940,-0.007601,1
1525169158619,3.122396,3.129749,-0.007353,1
1525169158629,3.122711,3.129740,-0.007029,1
1525169158639,3.122902,3.129969,-0.007067,1
1525169158649,3.122473,3.129873,-0.007401,1
1525169158660,3.122625,3.129549,-0.006924,1
1525169158670,3.122482,3.129578,-0.007095,1
1525169158680,3.122435,3.129778,-0.007343,1
1525169158690,3.122511,3.130064,-0.007553,1
1525169158700,3.122854,3.129978,-0.007124,1
1525169158710,3.122835,3.130054,-0.007219,1
1525169158720,3.122644,3.130140,-0.007496,1
1525169158731,3.122654,3.130322,-0.007668,1
1525169158741,3.122730,3.130217,-0.007486,1
1525169158751,3.122787,3.130140,-0.007353,1
1525169158761,3.122959,3.129673,-0.006714,1
1525169158771,3.122616,3.129892,-0.007277,1
1525169158781,3.122349,3.129759,-0.007410,1
1525169158791,3.122673,3.129911,-0.007238,1
1525169158802,3.122492,3.129683,-0.007191,1
1525169158812,3.122845,3.129835,-0.006990,1
1525169158822,3.122377,3.129845,-0.007467,1
1525169158832,3.122149,3.130169,-0.008020,1
1525169158842,3.122301,3.129950,-0.007648,1
1525169158852,3.122606,3.130121,-0.007515,1
1525169158862,3.121634,3.129845,-0.008211,1
1525169158872,3.122492,3.129835,-0.007343,1
1525169158882,3.122787,3.129702,-0.006914,1
1525169158892,3.122511,3.130360,-0.007849,1
1525169158902,3.122492,3.130035,-0.007544,1
1525169158912,3.122940,3.129978,-0.007038,1
1525169158922,3.122158,3.129473,-0.007315,1
1525169158932,3.122311,3.129644,-0.007334,1
1525169158942,3.121471,3.129673,-0.008202,1
1525169158952,3.122349,3.129749,-0.007401,1
1525169158962,3.122501,3.130093,-0.007591,1
1525169158972,3.122244,3.129606,-0.007362,1
1525169158982,3.122120,3.129549,-0.007429,1
1525169158992,3.122272,3.129644,-0.007372,1
1525169159002,3.122511,3.129835,-0.007324,1
1525169159012,3.122253,3.129940,-0.007687,1
1525169159022,3.122015,3.129787,-0.007772,1
1525169159032,3.122587,3.130341,-0.007753,1
1525169159042,3.122549,3.130121,-0.007572,1
1525169159052,3.122654,3.129940,-0.007286,1
1525169159062,3.122387,3.129997,-0.007610,1
1525169159072,3.122911,3.130350,-0.007439,1
1525169159082,3.122530,3.130131,-0.007601,1
1525169159092,3.122101,3.130007,-0.007906,1
1525169159102,3.121996,3.129711,-0.007715,1
1525169159113,3.122149,3.130045,-0.007896,1
1525169159123,3.121939,3.129692,-0.007753,1
1525169159133,3.122025,3.130131,-0.008106,1
1525169159143,3.122396,3.129835,-0.007439,1
1525169159153,3.122492,3.129845,-0.007353,1
1525169159163,3.122234,3.129549,-0.007315,1
1525169159173,3.122444,3.130264,-0.007820,1
1525169159183,3.122149,3.130045,-0.007896,1
1525169159193,3.122358,3.130150,-0.007792,1
1525169159203,3.122015,3.129892,-0.007877,1
1525169159213,3.122072,3.130112,-0.008039,1
1525169159223,3.122330,3.129940,-0.007610,1
1525169159233,3.122549,3.129835,-0.007286,1
1525169159243,3.122044,3.130035,-0.007992,1
1525169159254,3.122568,3.130264,-0.007696,1
1525169159264,3.121729,3.129787,-0.008059,1
1525169159274,3.122511,3.130283,-0.007772,1
1525169159284,3.121538,3.129492,-0.007954,1
1525169159294,3.122663,3.130045,-0.007381,1
1525169159304,3.121557,3.129244,-0.007687,1
1525169159314,3.122778,3.129911,-0.007133,1
1525169159324,3.122168,3.129301,-0.007133,1
1525169159334,3.123474,3.130503,-0.007029,1
1525169159344,3.121624,3.129854,-0.008230,1
1525169159354,3.122807,3.130913,-0.008106,1
1525169159364,3.122101,3.129959,-0.007858,1
1525169159374,3.122931,3.130465,-0.007534,1
1525169159384,3.121510,3.129501,-0.007992,1
1525169159394,3.122702,3.129988,-0.007286,1
1525169159404,3.122177,3.129711,-0.007534,1
1525169159414,3.122454,3.130245,-0.007792,1
1525169159424,3.121729,3.128843,-0.007114,1
1525169159434,3.122263,3.130016,-0.007753,1
1525169159444,3.122406,3.129683,-0.007277,1
1525169159454,3.122787,3.130236,-0.007448,1
1525169159464,3.122196,3.129559,-0.007362,1
1525169159474,3.123121,3.130255,-0.007133,1
1525169159484,3.122149,3.129330,-0.007181,1
1525169159495,3.123045,3.130455,-0.007410,1
1525169159505,3.121309,3.129511,-0.008202,1
1525169159515,3.123083,3.130970,-0.007887,1
1525169159525,3.121939,3.130035,-0.008097,1
1525169159535,3.122673,3.130722,-0.008049,1
1525169159545,3.122253,3.129768,-0.007515,1
1525169159555,3.123140,3.130751,-0.007610,1
1525169159565,3.121719,3.129311,-0.007591,1
1525169159575,3.123045,3.130360,-0.007315,1
1525169159585,3.121834,3.129444,-0.007610,1
1525169159595,3.123417,3.130035,-0.006618,1
1525169159605,3.121624,3.128853,-0.007229,1
1525169159615,3.122797,3.130054,-0.007257,1
1525169159625,3.121252,3.128948,-0.007696,1
1525169159636,3.123026,3.130455,-0.007429,1
1525169159646,3.121958,3.129387,-0.007429,1
1525169159656,3.123245,3.130274,-0.007029,1
1525169159666,3.121595,3.129311,-0.007715,1
1525169159676,3.123264,3.130093,-0.006828,1
1525169159686,3.121605,3.129129,-0.007524,1
1525169159696,3.123312,3.130341,-0.007029,1
1525169159706,3.122015,3.129530,-0.007515,1
1525169159716,3.123236,3.130674,-0.007439,1
1525169159726,3.121080,3.128996,-0.007915,1
1525169159736,3.123121,3.129988,-0.006866,1
1525169159746,3.121586,3.129377,-0.007792,1
1525169159756,3.122969,3.130522,-0.007553,1
1525169159766,3.121605,3.129597,-0.007992,1
1525169159776,3.122845,3.130341,-0.007496,1
1525169159786,3.121462,3.129416,-0.007954,1
1525169159796,3.122845,3.130341,-0.007496,1
1525169159806,3.121862,3.129606,-0.007744,1
1525169159816,3.123169,3.130655,-0.007486,1
