currentTs;total_time;user_time;sys_time;virtual_size;in_octets;out_octets
1527372863379;1;0;0;311296;24551821;36557080
1527372863480;11;7;2;300900352;24551821;36557080
1527372863581;21;16;3;306909184;24551821;36557080
1527372863682;31;26;3;306909184;24551821;36557080
1527372863782;41;36;4;311758848;24551821;36557080
1527372863882;51;49;4;312897536;24551821;36557080
1527372863982;61;60;4;313946112;24551821;36557080
1527372864082;71;73;5;313946112;24551821;36557080
1527372864182;81;85;5;313946112;24551821;36557080
1527372864282;91;95;5;343515136;24551821;36557080
1527372864382;101;105;6;343842816;24551821;36557080
1527372864482;111;114;6;344825856;24552045;36557327
1527372864582;121;125;6;344846336;24552045;36557327
1527372864682;131;135;8;344977408;24552045;36557327
1527372864782;141;146;8;344977408;24552045;36557327
1527372864882;151;155;9;344977408;24552045;36557327
1527372864982;161;168;9;344977408;24552045;36557327
1527372865082;171;180;9;344977408;24552045;36557327
1527372865182;181;191;9;345214976;24552045;36557327
1527372865282;191;204;9;345219072;24552045;36557327
1527372865382;201;220;10;345219072;24552045;36557327
1527372865482;211;229;11;346267648;24552045;36557327
1527372865582;221;240;11;346267648;24552091;36557379
1527372865682;231;250;11;346267648;24552091;36557379
1527372865782;241;261;11;346267648;24552091;36557379
1527372865882;251;271;12;347316224;24552091;36557379
1527372865982;261;283;12;347316224;24552091;36557379
1527372866082;271;295;12;348364800;24552091;36557379
1527372866182;281;305;12;348364800;24552091;36557379
1527372866282;291;316;12;348364800;24552091;36557379
1527372866382;301;327;12;348364800;24552091;36557379
1527372866482;311;338;12;348364800;24552091;36557379
1527372866582;321;349;13;348364800;24552091;36557379
1527372866682;331;360;13;349413376;24552137;36557431
1527372866782;341;371;13;349413376;24552137;36557431
1527372866882;351;382;13;349413376;24552137;36557431
1527372866982;361;394;13;349413376;24552137;36557431
1527372867082;371;405;13;349413376;24552137;36557431
1527372867182;381;415;13;349413376;24552245;36557694
1527372867282;391;427;13;349413376;24552741;36557958
1527372867382;401;438;13;349413376;24552957;36558481
1527372867482;411;447;13;349413376;24553065;36558739
1527372867582;421;457;13;349413376;24553281;36559252
1527372867682;431;466;13;349413376;24553497;36559763
1527372867782;441;478;13;349413376;24553605;36560021
1527372867882;451;486;13;349413376;24553821;36560534
1527372867982;461;497;13;349413376;24554037;36561047
1527372868082;471;508;13;349413376;24554145;36561304
1527372868182;481;518;13;349413376;24554361;36561818
1527372868282;491;526;14;349413376;24554577;36562332
1527372868382;501;534;16;349413376;24554793;36562845
1527372868482;511;542;16;349413376;24555009;36563360
1527372868582;521;553;16;350461952;24555225;36563874
1527372868682;531;564;16;350461952;24555441;36564390
1527372868782;541;574;16;350461952;24555657;36564905
1527372868882;551;585;16;350461952;24555765;36565161
1527372868982;561;596;16;350461952;24556089;36565931
1527372869082;571;606;16;350461952;24556305;36566447
1527372869182;581;614;17;350461952;24556521;36566960
1527372869282;591;624;17;350461952;24556737;36567475
1527372869382;601;633;17;350461952;24556953;36567990
1527372869482;611;642;17;350461952;24557169;36568505
1527372869582;621;651;17;350461952;24557385;36569020
1527372869682;631;660;17;350461952;24557601;36569534
1527372869782;641;670;17;350461952;24557817;36570049
1527372869882;651;680;17;350461952;24558033;36570563
1527372869982;661;688;18;350461952;24558249;36571077
1527372870082;671;697;18;350461952;24558573;36571847
1527372870182;681;705;19;350461952;24558789;36572361
1527372870282;691;714;19;350461952;24559005;36572877
1527372870382;701;722;19;350461952;24559221;36573391
1527372870482;711;731;19;350461952;24559487;36573907
1527372870582;721;742;19;350461952;24559703;36574421
1527372870683;731;751;19;350461952;24560073;36575193
1527372870784;741;759;19;350461952;24560289;36575708
1527372870884;751;768;20;350461952;24560505;36576224
1527372870985;761;777;21;350461952;24560721;36576739
1527372871085;771;786;21;350461952;24560937;36577256
1527372871185;781;795;21;350461952;24561261;36578032
1527372871285;791;802;22;350461952;24561523;36578548
1527372871385;801;812;22;350461952;24561739;36579064
1527372871485;811;820;22;350461952;24561955;36579581
1527372871585;821;829;22;350461952;24562279;36580304
1527372871685;831;837;22;350461952;24562495;36580868
1527372871785;841;846;22;350461952;24562711;36581384
1527372871885;851;853;25;350461952;24562927;36581899
1527372871985;861;861;25;350461952;24563143;36582414
1527372872085;871;869;26;350461952;24563359;36583135
1527372872185;881;876;27;350461952;24563683;36583703
1527372872285;891;885;27;350461952;24563899;36584217
1527372872385;901;893;27;350461952;24564115;36584733
1527372872485;911;904;28;350461952;24564439;36585506
1527372872585;921;912;28;350461952;24564655;36586022
1527372872685;931;920;29;350461952;24564871;36586538
1527372872785;941;929;29;350461952;24565087;36587053
1527372872885;951;938;29;350461952;24565303;36587571
1527372872985;961;946;29;350461952;24565627;36588345
1527372873085;971;954;29;350461952;24565843;36588860
1527372873185;981;963;29;350461952;24566059;36589377
1527372873285;991;976;29;350461952;24566275;36589891
1527372873385;1001;983;29;350461952;24566599;36590665
1527372873485;1011;991;29;350461952;24566815;36591180
1527372873585;1021;1000;29;350461952;24567031;36591695
1527372873685;1031;1007;29;350461952;24567355;36592468
1527372873785;1041;1016;30;350461952;24567571;36592983
1527372873885;1051;1024;30;350461952;24567787;36593499
1527372873986;1061;1032;30;350461952;24568111;36594271
1527372874086;1071;1041;30;350461952;24568327;36594788
1527372874186;1081;1050;30;350461952;24568543;36595304
1527372874286;1091;1059;30;350461952;24568867;36596078
1527372874386;1101;1069;31;350461952;24569083;36596594
1527372874486;1111;1077;32;350461952;24569299;36597110
1527372874586;1121;1085;32;350461952;24569623;36597880
1527372874686;1131;1093;32;350461952;24569839;36598396
1527372874786;1141;1102;32;350461952;24570055;36598910
1527372874886;1151;1110;32;350461952;24570379;36599683
1527372874986;1161;1118;32;350461952;24570595;36600198
1527372875086;1171;1128;32;350461952;24570811;36600713
1527372875186;1181;1137;32;350461952;24571079;36601433
1527372875286;1191;1144;32;350461952;24571351;36602000
1527372875386;1201;1152;32;350461952;24571567;36602516
1527372875486;1211;1160;32;350461952;24571891;36603289
1527372875586;1221;1169;32;350461952;24572107;36603806
1527372875686;1231;1177;32;350461952;24572323;36604322
1527372875786;1241;1185;32;350461952;24572647;36605098
1527372875886;1251;1194;32;350461952;24572863;36605614
1527372875986;1261;1207;32;350461952;24573079;36606129
1527372876086;1271;1214;32;350461952;24573403;36606902
1527372876186;1281;1222;33;350461952;24573619;36607419
1527372876286;1291;1230;34;350461952;24573835;36607934
1527372876386;1301;1237;34;350461952;24574159;36608707
1527372876486;1311;1245;35;350461952;24574375;36609222
1527372876586;1321;1253;35;350461952;24574591;36609739
1527372876686;1331;1261;35;350461952;24574915;36610511
1527372876786;1341;1270;35;350461952;24575131;36611022
1527372876886;1351;1278;35;350461952;24575347;36611743
1527372876986;1361;1285;35;350461952;24575671;36612311
1527372877086;1371;1296;35;350461952;24575887;36612825
1527372877186;1381;1304;36;350461952;24576103;36613339
1527372877286;1391;1312;36;350461952;24576427;36614113
1527372877386;1401;1321;36;350461952;24576643;36614629
1527372877486;1411;1328;36;350461952;24576967;36615401
1527372877586;1421;1336;36;350461952;24577183;36615916
1527372877686;1431;1345;36;350461952;24577399;36616432
1527372877786;1441;1352;36;350461952;24577723;36617204
1527372877886;1451;1361;36;350461952;24577939;36617720
1527372877986;1461;1369;36;350461952;24578155;36618234
1527372878086;1471;1376;37;350461952;24578479;36619002
1527372878186;1481;1382;37;350461952;24578587;36619260
1527372878286;1491;1382;37;350461952;24578695;36619518
1527372878386;1501;1389;37;350461952;24578803;36619776
1527372878486;1511;1395;38;350461952;24579019;36620293
1527372878586;1521;1400;38;350461952;24579235;36620808
1527372878686;1531;1405;39;350461952;24579451;36621325
1527372878786;1541;1414;39;350461952;24579559;36621582
1527372878886;1551;1425;39;350461952;24579775;36622099
1527372878986;1561;1430;39;350461952;24579991;36622612
1527372879086;1571;1436;40;350461952;24580207;36623126
1527372879186;1581;1444;40;350461952;24580531;36623901
1527372879286;1591;1450;42;350461952;24580747;36624413
1527372879386;1601;1459;42;350461952;24581015;36625133
1527372879486;1611;1465;43;350461952;24581287;36625700
1527372879586;1621;1474;43;350461952;24581503;36626214
1527372879686;1631;1481;43;350461952;24581827;36626987
1527372879786;1641;1490;43;350461952;24582043;36627505
1527372879886;1651;1498;43;350461952;24582367;36628278
1527372879986;1661;1506;43;350461952;24582583;36628793
1527372880086;1671;1515;44;350461952;24582799;36629204
1527372880186;1681;1522;45;350461952;24583123;36629924
1527372880287;1691;1530;45;350461952;24583339;36630437
1527372880388;1701;1539;45;350461952;24583555;36630956
1527372880489;1711;1548;45;350461952;24583771;36631471
1527372880589;1721;1554;46;350461952;24584095;36632245
1527372880689;1731;1564;46;350461952;24584311;36632760
1527372880789;1741;1572;47;350461952;24584527;36633271
1527372880889;1751;1581;48;350461952;24584851;36634044
1527372880989;1761;1592;48;350461952;24585067;36634561
1527372881089;1772;1606;49;350461952;24585283;36635077
1527372881189;1782;1614;49;350461952;24585607;36635802
1527372881289;1792;1623;49;350461952;24585823;36636215
1527372881389;1802;1631;49;350461952;24586147;36636831
1527372881489;1812;1639;49;350461952;24586363;36637244
1527372881589;1822;1645;51;350461952;24586631;36637861
1527372881689;1832;1652;53;350461952;24586903;36638274
1527372881789;1842;1660;53;350461952;24587119;36638687
1527372881889;1851;1667;53;350461952;24587443;36639305
1527372881989;1861;1676;53;350461952;24587659;36639718
1527372882089;1871;1684;53;350461952;24587983;36640335
1527372882189;1881;1692;54;350461952;24588199;36640745
1527372882289;1891;1699;55;350461952;24588523;36641359
1527372882389;1901;1707;55;350461952;24588739;36641770
1527372882489;1911;1716;55;350461952;24589007;36642389
1527372882589;1922;1723;55;350461952;24589279;36642798
1527372882689;1932;1732;55;350461952;24589495;36643211
1527372882789;1942;1740;55;350461952;24589819;36643828
1527372882889;1952;1749;55;350461952;24590035;36644345
1527372882989;1962;1757;55;350461952;24590359;36645119
1527372883089;1972;1766;55;350461952;24590575;36645635
1527372883189;1982;1773;55;350461952;24590899;36646410
1527372883289;1992;1782;55;350461952;24591115;36646925
1527372883389;2002;1790;55;350461952;24591331;36647441
1527372883489;2012;1799;55;350461952;24591655;36648215
1527372883589;2022;1807;55;350461952;24591871;36648677
1527372883689;2032;1814;56;350461952;24592195;36649295
1527372883789;2042;1821;57;350461952;24592411;36649705
1527372883889;2052;1828;57;350461952;24592735;36650324
1527372883989;2062;1837;57;350461952;24592951;36650839
1527372884089;2072;1850;57;350461952;24593167;36651356
1527372884189;2081;1857;57;350461952;24593491;36652126
1527372884289;2091;1863;59;350461952;24593707;36652587
1527372884389;2101;1868;62;350461952;24594031;36653205
1527372884489;2111;1877;62;350461952;24594247;36653773
1527372884589;2121;1885;62;350461952;24594571;36654547
1527372884689;2131;1893;62;350461952;24594787;36655064
1527372884789;2141;1902;62;350461952;24595111;36655837
1527372884889;2151;1910;62;350461952;24595327;36656353
1527372884989;2161;1916;64;350461952;24595651;36656972
1527372885089;2172;1923;65;350461952;24595867;36657487
1527372885189;2182;1933;65;350461952;24596083;36658001
1527372885289;2192;1940;65;350461952;24596407;36658776
1527372885389;2202;1948;66;350461952;24596623;36659290
1527372885489;2212;1957;66;350461952;24596997;36660062
1527372885589;2222;1963;68;350461952;24597213;36660525
1527372885689;2232;1970;69;350461952;24597583;36661143
1527372885789;2242;1979;69;350461952;24597799;36661712
1527372885889;2252;1987;69;350461952;24598123;36662484
1527372885989;2262;1995;69;350461952;24598339;36663000
1527372886090;2272;2003;69;350461952;24598663;36663771
1527372886190;2282;2010;71;350461952;24598879;36664289
1527372886290;2292;2018;71;350461952;24599249;36665011
1527372886390;2302;2026;71;350461952;24599465;36665579
1527372886490;2312;2034;71;350461952;24599681;36666097
1527372886590;2322;2042;71;350461952;24600005;36666870
1527372886690;2332;2049;73;350461952;24600221;36667282
1527372886790;2342;2055;74;350461952;24600545;36667899
1527372886890;2352;2063;74;350461952;24600761;36668467
1527372886990;2362;2072;74;350461952;24601085;36669238
1527372887090;2372;2079;75;350461952;24601301;36669754
1527372887190;2382;2087;75;350461952;24601625;36670526
1527372887290;2392;2095;75;350461952;24601841;36671044
1527372887390;2402;2102;76;350461952;24602109;36671766
1527372887490;2412;2109;77;350461952;24602381;36672331
1527372887590;2422;2117;77;350461952;24602597;36672848
1527372887690;2432;2120;77;350461952;24602705;36673106
1527372887790;2442;2120;77;350461952;24602705;36673106
1527372887890;2452;2120;77;350461952;24602705;36673106
1527372887990;2462;2124;77;350461952;24602921;36673620
1527372888090;2472;2132;78;350461952;24603137;36674030
1527372888190;2482;2139;79;350461952;24603353;36674493
1527372888290;2492;2147;79;350461952;24603677;36675266
1527372888390;2502;2155;79;350461952;24603893;36675987
1527372888490;2512;2163;79;350461952;24604217;36676554
1527372888590;2522;2171;79;350461952;24604433;36677067
1527372888690;2532;2178;81;350461952;24604757;36677785
1527372888790;2542;2187;81;350461952;24604973;36678195
1527372888890;2552;2194;82;350461952;24605297;36678812
1527372888990;2562;2202;82;350461952;24605513;36679222
1527372889090;2572;2209;82;350461952;24605837;36679842
1527372889190;2582;2218;82;350461952;24606053;36680252
1527372889290;2592;2227;82;350461952;24606269;36680715
1527372889390;2602;2234;83;350461952;24606593;36681482
1527372889490;2612;2249;83;350461952;24606809;36681999
1527372889590;2622;2257;84;350461952;24607025;36682518
1527372889691;2632;2265;84;350461952;24607349;36683290
1527372889792;2642;2273;84;350461952;24607565;36683805
1527372889892;2652;2281;84;350461952;24607889;36684579
1527372889993;2662;2289;84;350461952;24608105;36685096
1527372890093;2672;2297;84;350461952;24608429;36685713
1527372890193;2682;2305;85;350461952;24608645;36686125
1527372890293;2692;2312;86;350461952;24608969;36686951
1527372890393;2702;2318;88;350461952;24609185;36687415
1527372890493;2712;2326;88;350461952;24609509;36688034
1527372890593;2722;2334;88;350461952;24609725;36688446
1527372890693;2732;2344;88;350461952;24610049;36689269
1527372890793;2742;2352;88;350461952;24610265;36689783
1527372890893;2752;2360;88;350461952;24610481;36690301
1527372890993;2762;2368;88;350461952;24610805;36691074
1527372891093;2772;2376;88;350461952;24611021;36691591
1527372891193;2782;2383;88;350461952;24611345;36692365
1527372891293;2792;2392;88;350461952;24611561;36692881
1527372891393;2802;2399;89;350461952;24611885;36693548
1527372891493;2812;2406;90;350461952;24612101;36693958
1527372891593;2822;2415;90;350461952;24612317;36694368
1527372891693;2832;2421;91;350461952;24612641;36694985
1527372891793;2842;2429;91;350461952;24612857;36695553
1527372891893;2852;2437;91;350461952;24613181;36696326
1527372891993;2862;2445;91;350461952;24613397;36696789
1527372892093;2872;2453;91;350461952;24613721;36697406
1527372892193;2882;2460;91;350461952;24613937;36697818
1527372892293;2892;2469;91;350461952;24614153;36698229
1527372892393;2902;2475;92;350461952;24614477;36698950
1527372892493;2912;2483;92;350461952;24614693;36699468
1527372892593;2922;2491;92;350461952;24615017;36700237
1527372892693;2932;2499;92;350461952;24615233;36700755
1527372892793;2942;2507;92;350461952;24615449;36701270
1527372892893;2952;2514;93;350461952;24615773;36702046
1527372892993;2962;2522;93;350461952;24615989;36702561
1527372893093;2972;2530;93;350461952;24616313;36703334
1527372893193;2982;2538;93;350461952;24616529;36703848
1527372893293;2992;2545;93;350461952;24616853;36704622
1527372893394;3002;2553;94;350461952;24617069;36705141
1527372893495;3012;2560;94;350461952;24617285;36705654
1527372893596;3022;2569;94;350461952;24617609;36706427
1527372893697;3032;2577;94;350461952;24617825;36706941
1527372893798;3042;2584;94;350461952;24618149;36707715
1527372893899;3052;2592;95;350461952;24618365;36708124
1527372894000;3063;2599;96;350461952;24618689;36708896
1527372894101;3073;2606;97;350461952;24618905;36709358
1527372894201;3083;2613;98;350461952;24619229;36710133
1527372894301;3093;2621;98;350461952;24619445;36710651
1527372894401;3103;2628;98;350461952;24619713;36711369
1527372894502;3113;2636;98;350461952;24619985;36711939
1527372894602;3123;2644;98;350461952;24620201;36712453
1527372894702;3133;2652;98;350461952;24620657;36713225
1527372894802;3143;2660;98;350461952;24620873;36713741
1527372894902;3153;2668;98;350461952;24621197;36714513
1527372895002;3163;2676;98;350461952;24621413;36715029
1527372895102;3173;2683;98;350461952;24621737;36715697
1527372895202;3183;2691;99;350461952;24621953;36716109
1527372895302;3193;2699;99;350461952;24622277;36716880
1527372895402;3203;2707;99;350461952;24622493;36717345
1527372895502;3213;2715;99;350461952;24622709;36717755
1527372895602;3223;2723;99;350461952;24623033;36718373
1527372895702;3233;2729;101;350461952;24623249;36718783
1527372895802;3243;2735;103;350461952;24623573;36719401
1527372895902;3253;2744;103;350461952;24623789;36719813
1527372896002;3263;2751;103;350461952;24624113;36720634
1527372896102;3273;2759;103;350461952;24624329;36721046
1527372896202;3283;2767;103;350461952;24624653;36721664
1527372896302;3293;2775;103;350461952;24624869;36722075
1527372896402;3303;2782;104;350461952;24625193;36722692
1527372896502;3313;2789;105;350461952;24625409;36723104
1527372896602;3323;2797;105;350461952;24625733;36723878
1527372896702;3333;2803;105;350461952;24625841;36724136
1527372896802;3343;2810;105;350461952;24626057;36724649
1527372896902;3353;2817;105;350461952;24626381;36725418
1527372897002;3363;2825;105;350461952;24626597;36725933
1527372897102;3373;2833;105;350461952;24626813;36726445
1527372897202;3383;2841;105;350461952;24627137;36727220
1527372897302;3393;2849;105;350461952;24627353;36727737
1527372897402;3403;2856;105;350461952;24627957;36728253
1527372897502;3413;2862;105;350461952;24628173;36728768
1527372897602;3423;2870;105;350461952;24628497;36729540
1527372897702;3433;2878;105;350461952;24628713;36730057
1527372897802;3443;2885;106;350461952;24629037;36730831
1527372897902;3453;2893;106;350461952;24629253;36731347
1527372898002;3463;2902;106;350461952;24629469;36731863
1527372898102;3473;2910;106;350461952;24629793;36732637
1527372898202;3483;2919;106;350461952;24630009;36733153
1527372898302;3493;2926;106;350461952;24630333;36733924
1527372898403;3503;2934;106;350461952;24630549;36734438
1527372898504;3513;2942;106;350461952;24630873;36735211
1527372898605;3523;2950;106;350461952;24631089;36735723
1527372898706;3533;2958;107;350461952;24631413;36736393
1527372898807;3543;2969;107;350461952;24631629;36736801
1527372898908;3553;2976;107;350461952;24631953;36737416
1527372899009;3563;2984;107;350461952;24632169;36737825
1527372899109;3573;2994;107;350461952;24632385;36738339
1527372899209;3583;3001;107;350461952;24632709;36739112
1527372899309;3593;3010;107;350461952;24632925;36739625
1527372899409;3603;3017;107;350461952;24633249;36740392
1527372899509;3613;3025;107;350461952;24633465;36740906
1527372899609;3624;3030;110;350461952;24633789;36741527
1527372899709;3634;3037;111;350461952;24634005;36741934
1527372899809;3644;3045;112;350461952;24634329;36742761
1527372899909;3654;3055;112;350461952;24634545;36743223
1527372900009;3664;3063;112;350461952;24634761;36743636
1527372900109;3674;3071;112;350461952;24635085;36744255
1527372900209;3684;3077;115;350461952;24635301;36744667
1527372900309;3694;3083;116;350461952;24635625;36745284
1527372900409;3704;3090;117;350461952;24635841;36745799
1527372900509;3714;3098;117;350461952;24636215;36746573
1527372900609;3724;3106;117;350461952;24636431;36747088
1527372900709;3734;3114;117;350461952;24636801;36747859
1527372900809;3744;3123;117;350461952;24637017;36748373
1527372900910;3754;3130;117;350461952;24637233;36748888
1527372901011;3764;3139;117;350461952;24637557;36749665
1527372901112;3774;3148;117;350461952;24637773;36750179
1527372901213;3784;3156;117;350461952;24638143;36750951
1527372901313;3794;3165;117;350461952;24638359;36751465
1527372901413;3804;3171;118;350461952;24638683;36752235
1527372901513;3814;3179;118;350461952;24638899;36752752
1527372901613;3824;3187;118;350461952;24639223;36753525
1527372901713;3834;3195;118;350461952;24639439;36754039
1527372901813;3844;3202;118;350461952;24639763;36754813
1527372901913;3854;3211;118;350461952;24639979;36755327
1527372902013;3864;3218;118;350461952;24640303;36756102
1527372902113;3874;3226;118;350461952;24640519;36756619
1527372902213;3884;3234;118;350461952;24640735;36757133
1527372902313;3894;3242;118;350461952;24641059;36757905
1527372902413;3904;3251;118;350461952;24641275;36758423
1527372902513;3914;3258;118;350461952;24641599;36759088
1527372902613;3924;3265;119;350461952;24641815;36759497
1527372902713;3934;3273;119;350461952;24642139;36760115
1527372902813;3944;3280;120;350461952;24642355;36760524
1527372902913;3954;3286;121;350461952;24642679;36761144
1527372903013;3964;3295;121;350461952;24642895;36761659
1527372903113;3974;3302;121;350461952;24643219;36762376
1527372903213;3984;3311;121;350461952;24643435;36762789
1527372903313;3994;3319;121;350461952;24643759;36763404
1527372903413;4004;3327;121;350461952;24643975;36763817
1527372903513;4014;3335;121;350461952;24644191;36764231
1527372903613;4024;3343;121;350461952;24644515;36764846
1527372903713;4034;3351;121;350461952;24644731;36765257
1527372903813;4044;3358;121;350461952;24645055;36765873
1527372903913;4054;3367;121;350461952;24645271;36766283
1527372904013;4064;3374;121;350461952;24645595;36766899
1527372904113;4074;3382;122;350461952;24645811;36767310
1527372904213;4084;3387;124;350461952;24646135;36767927
1527372904313;4094;3395;125;350461952;24646351;36768341
1527372904414;4104;3403;125;350461952;24646675;36768959
1527372904515;4114;3411;125;350461952;24646891;36769367
1527372904616;4124;3419;125;350461952;24647215;36769982
1527372904716;4134;3427;125;350461952;24647431;36770394
1527372904816;4144;3435;125;350461952;24647755;36771007
1527372904916;4154;3444;125;350461952;24647971;36771418
1527372905016;4164;3449;127;350461952;24648187;36771828
1527372905116;4174;3457;127;350461952;24648511;36772447
1527372905216;4184;3466;127;350461952;24648727;36772857
1527372905316;4194;3473;127;350461952;24649051;36773475
1527372905416;4204;3481;127;350461952;24649267;36773886
1527372905516;4214;3489;127;350461952;24649591;36774504
1527372905616;4224;3495;129;350461952;24649807;36774916
1527372905716;4234;3502;130;350461952;24650131;36775532
1527372905816;4244;3510;130;350461952;24650347;36776047
1527372905916;4254;3517;131;350461952;24650671;36776818
1527372906016;4264;3526;131;350461952;24650887;36777332
1527372906116;4274;3534;131;350461952;24651211;36778106
1527372906216;4284;3541;132;350461952;24651427;36778623
1527372906316;4294;3549;132;350461952;24651643;36779087
1527372906416;4304;3556;133;350461952;24651967;36779707
1527372906516;4314;3564;133;350461952;24652183;36780271
1527372906616;4324;3571;133;350461952;24652507;36781040
1527372906716;4334;3580;133;350461952;24652723;36781555
1527372906816;4344;3588;133;350461952;24653047;36782326
1527372906916;4354;3595;134;350461952;24653263;36782839
1527372907016;4364;3602;135;350461952;24653587;36783614
1527372907116;4374;3610;135;350461952;24653803;36784126
1527372907216;4384;3619;135;350461952;24654019;36784643
1527372907316;4394;3626;135;350461952;24654343;36785417
1527372907416;4404;3634;135;350461952;24654559;36785932
1527372907516;4414;3641;135;350461952;24654883;36786706
1527372907616;4424;3649;135;350461952;24655099;36787169
1527372907716;4434;3657;136;350461952;24655315;36787581
1527372907816;4444;3663;137;350461952;24655639;36788196
1527372907916;4454;3671;137;350461952;24655855;36788607
1527372908016;4464;3680;137;350461952;24656179;36789225
1527372908116;4474;3688;137;350461952;24656395;36789636
1527372908216;4484;3695;138;350461952;24656611;36790051
1527372908316;4494;3703;138;350461952;24656935;36790875
1527372908416;4504;3711;138;350461952;24657151;36791391
1527372908516;4514;3717;139;350461952;24657475;36792169
1527372908616;4524;3726;139;350461952;24657691;36792683
1527372908716;4534;3734;139;350461952;24658015;36793457
1527372908816;4544;3742;139;350461952;24658231;36793975
1527372908916;4554;3750;139;350461952;24658447;36794492
1527372909016;4564;3758;139;350461952;24658771;36795261
1527372909117;4574;3766;139;350461952;24658987;36795778
1527372909217;4584;3774;139;350461952;24659311;36796550
1527372909317;4594;3783;139;350461952;24659527;36797063
1527372909417;4604;3789;140;350461952;24659851;36797783
1527372909517;4614;3797;141;350461952;24660067;36798195
1527372909617;4624;3803;142;350461952;24660391;36798808
1527372909717;4634;3811;142;350461952;24660607;36799217
1527372909817;4644;3819;143;350461952;24660823;36799828
1527372909917;4654;3825;144;350461952;24661147;36800239
1527372910017;4664;3832;146;350461952;24661363;36800755
1527372910118;4674;3839;146;350461952;24661687;36801527
1527372910219;4684;3847;147;350461952;24661903;36802042
1527372910319;4695;3849;148;350461952;24662011;36802299
1527372910419;4705;3855;148;350461952;24662227;36802816
1527372910519;4715;3861;148;350461952;24662443;36803330
1527372910619;4725;3868;148;350461952;24662659;36803847
1527372910719;4735;3876;148;350461952;24662983;36804619
1527372910819;4745;3885;148;350461952;24663199;36805134
1527372910919;4755;3892;148;350461952;24663523;36805902
1527372911019;4765;3902;148;350461952;24663739;36806416
1527372911119;4775;3909;148;350461952;24663955;36806931
1527372911220;4785;3918;148;350461952;24664279;36807704
1527372911320;4795;3926;148;350461952;24664495;36808220
1527372911420;4805;3933;149;350461952;24664819;36809001
1527372911521;4815;3941;149;350461952;24665035;36809413
1527372911622;4825;3949;149;350461952;24665359;36810027
1527372911722;4835;3957;149;350461952;24665575;36810438
1527372911823;4845;3964;149;350461952;24665899;36811054
1527372911923;4855;3973;149;350461952;24666115;36811624
1527372912023;4865;3980;149;350461952;24666439;36812398
1527372912123;4875;3988;150;350461952;24666655;36812915
1527372912223;4885;3994;151;350461952;24666871;36813432
1527372912323;4895;4002;151;350461952;24667195;36814211
1527372912423;4905;4011;151;350461952;24667411;36814727
1527372912523;4915;4017;152;350461952;24667735;36815499
1527372912623;4925;4024;153;350461952;24667951;36816015
1527372912723;4935;4032;154;350461952;24668167;36816531
1527372912823;4945;4039;154;350461952;24668491;36817306
1527372912923;4955;4048;154;350461952;24668707;36817818
1527372913023;4965;4055;154;350461952;24669031;36818593
1527372913123;4975;4063;154;350461952;24669247;36819108
1527372913223;4985;4070;155;350461952;24669463;36819624
1527372913323;4995;4076;156;350461952;24669787;36820240
1527372913423;5005;4085;156;350461952;24670003;36820653
1527372913523;5015;4092;157;350461952;24670327;36821271
1527372913623;5025;4100;157;350461952;24670543;36821685
1527372913723;5035;4108;157;350461952;24670759;36822098
1527372913823;5045;4116;157;350461952;24671083;36822717
1527372913923;5055;4124;157;350461952;24671299;36823289
1527372914023;5065;4130;158;350461952;24671623;36824064
1527372914123;5075;4135;161;350461952;24671839;36824576
1527372914223;5085;4142;162;350461952;24672163;36825247
1527372914323;5095;4149;163;350461952;24672379;36825659
1527372914423;5105;4157;163;350461952;24672595;36826071
1527372914523;5115;4165;163;350461952;24672919;36826690
1527372914623;5125;4171;165;350461952;24673135;36827099
1527372914723;5135;4179;165;350461952;24673459;36827823
1527372914823;5145;4188;165;350461952;24673675;36828340
1527372914923;5155;4196;165;350461952;24673999;36829116
1527372915023;5165;4204;165;350461952;24674215;36829632
1527372915123;5175;4211;165;350461952;24674539;36830403
1527372915223;5185;4219;165;350461952;24674755;36830919
1527372915323;5195;4227;165;350461952;24674971;36831432
1527372915423;5205;4235;165;350461952;24675295;36832207
1527372915523;5215;4243;165;350461952;24675561;36832721
1527372915623;5225;4251;165;350461952;24675777;36833237
1527372915723;5235;4251;165;350461952;24675823;36833237
1527372915823;5245;4254;165;350461952;24675977;36833494
1527372915923;5255;4254;165;350461952;24675977;36833494
1527372916023;5265;4254;165;350461952;24675977;36833494
1527372916123;5275;4254;165;350461952;24675977;36833494
1527372916224;5285;4255;165;350461952;24676085;36833750
1527372916325;5295;4259;165;350461952;24676193;36834007
1527372916426;5305;4265;167;350461952;24676409;36834521
1527372916526;5315;4272;167;350461952;24676733;36835243
1527372916627;5325;4280;168;350461952;24676949;36835656
1527372916727;5335;4287;168;350461952;24677273;36836276
1527372916828;5345;4293;170;350461952;24677489;36836689
1527372916928;5355;4301;170;350461952;24677813;36837307
1527372917028;5365;4309;170;350461952;24678029;36837723
1527372917129;5375;4317;170;350461952;24678245;36838256
1527372917229;5385;4323;171;350461952;24678569;36839055
1527372917329;5395;4331;171;350461952;24678785;36839586
1527372917429;5405;4339;171;350461952;24679109;36840229
1527372917529;5415;4347;171;350461952;24679325;36840650
1527372917629;5425;4355;171;350461952;24679649;36841284
1527372917729;5435;4361;173;350461952;24679865;36841704
1527372917829;5445;4370;173;350461952;24680081;36842126
1527372917929;5455;4376;173;350461952;24680405;36842766
1527372918029;5466;4384;173;350461952;24680621;36843344
1527372918129;5476;4393;173;350461952;24680945;36844136
1527372918229;5486;4400;173;350461952;24681161;36844664
1527372918329;5496;4409;173;350461952;24681377;36845189
1527372918429;5506;4416;173;350461952;24681701;36845981
1527372918529;5516;4424;173;350461952;24681917;36846507
1527372918629;5526;4431;174;350461952;24682133;36847248
1527372918729;5536;4439;174;350461952;24682457;36847827
1527372918829;5546;4447;174;350461952;24682673;36848355
1527372918929;5555;4454;174;350461952;24682997;36849148
1527372919029;5565;4461;174;350461952;24683213;36849672
1527372919129;5575;4470;174;350461952;24683429;36850200
1527372919229;5585;4477;174;350461952;24683753;36850991
1527372919329;5596;4485;174;350461952;24683969;36851508
1527372919429;5606;4490;176;350461952;24684293;36852181
1527372919529;5616;4499;176;350461952;24684509;36852592
1527372919629;5626;4506;176;350461952;24684833;36853209
1527372919729;5636;4512;178;350461952;24685049;36853725
1527372919829;5646;4521;178;350461952;24685265;36854245
1527372919929;5656;4526;179;350461952;24685589;36855019
1527372920029;5666;4534;179;350461952;24685805;36855537
1527372920129;5676;4543;179;350461952;24686129;36856262
1527372920229;5686;4551;179;350461952;24686345;36856675
1527372920329;5696;4558;179;350461952;24686669;36857298
1527372920429;5706;4567;179;350461952;24686885;36857818
1527372920529;5716;4574;179;350461952;24687101;36858334
1527372920629;5726;4582;179;350461952;24687425;36859112
1527372920729;5736;4590;179;350461952;24687641;36859630
1527372920829;5746;4597;180;350461952;24687965;36860305
1527372920929;5756;4605;180;350461952;24688181;36860720
1527372921029;5766;4612;180;350461952;24688505;36861342
1527372921129;5776;4621;180;350461952;24688721;36861914
1527372921229;5786;4627;181;350461952;24689045;36862590
1527372921329;5796;4635;182;350461952;24689261;36863108
1527372921429;5806;4642;182;350461952;24689477;36863628
1527372921529;5816;4650;182;350461952;24689801;36864407
1527372921629;5826;4658;182;350461952;24690017;36864925
1527372921729;5836;4665;183;350461952;24690341;36865706
1527372921829;5846;4673;184;350461952;24690557;36866173
1527372921929;5856;4678;186;350461952;24690881;36866795
1527372922029;5866;4686;186;350461952;24691097;36867210
1527372922129;5876;4694;186;350461952;24691421;36867831
1527372922229;5886;4702;186;350461952;24691637;36868247
1527372922329;5896;4710;186;350461952;24691961;36868869
1527372922429;5906;4718;186;350461952;24692177;36869284
1527372922529;5916;4725;186;350461952;24692501;36869905
1527372922629;5926;4734;186;350461952;24692717;36870321
1527372922729;5936;4739;188;350461952;24693041;36870942
1527372922829;5946;4747;188;350461952;24693257;36871462
1527372922929;5956;4755;188;350461952;24693473;36871984
1527372923030;5966;4763;188;350461952;24693797;36872762
1527372923131;5976;4771;188;350461952;24694013;36873178
1527372923232;5986;4778;189;350461952;24694337;36873801
1527372923333;5996;4786;189;350461952;24694553;36874368
1527372923434;6006;4794;189;350461952;24694877;36875146
1527372923534;6016;4802;189;350461952;24695093;36875665
1527372923634;6026;4809;189;350461952;24695417;36876442
1527372923734;6036;4817;190;350461952;24695633;36876963
1527372923834;6046;4823;191;350461952;24695957;36877584
1527372923934;6056;4830;192;350461952;24696173;36877998
1527372924034;6066;4838;192;350461952;24696497;36878621
1527372924134;6076;4841;192;350461952;24696497;36878673
1527372924234;6086;4844;193;350461952;24696713;36879194
1527372924334;6096;4850;193;350461952;24696929;36879661
1527372924434;6106;4858;193;350461952;24697145;36880076
1527372924534;6116;4866;193;350461952;24697469;36880699
1527372924634;6126;4874;193;350461952;24697685;36881113
1527372924734;6136;4882;193;350461952;24697901;36881735
1527372924834;6146;4890;193;350461952;24698225;36882151
1527372924934;6156;4898;193;350461952;24698441;36882566
1527372925034;6166;4906;193;350461952;24698765;36883189
1527372925134;6176;4910;197;350461952;24698981;36883756
1527372925234;6186;4915;200;350461952;24699305;36884535
1527372925334;6196;4923;201;350461952;24699521;36885055
1527372925434;6206;4931;201;350461952;24699845;36885833
1527372925534;6216;4939;201;350461952;24700061;36886353
1527372925634;6226;4947;201;350461952;24700277;36887079
1527372925734;6236;4955;201;350461952;24700601;36887649
1527372925834;6246;4963;201;350461952;24700817;36888169
1527372925934;6256;4970;202;350461952;24701141;36888947
1527372926034;6266;4978;202;350461952;24701357;36889465
1527372926134;6276;4984;204;350461952;24701681;36890086
1527372926234;6286;4991;205;350461952;24701897;36890605
1527372926334;6296;4998;205;350461952;24702221;36891380
1527372926434;6306;5007;205;350461952;24702437;36891897
1527372926534;6316;5014;205;350461952;24702761;36892675
1527372926635;6326;5022;206;350461952;24702977;36893194
1527372926736;6336;5027;208;350461952;24703301;36893867
1527372926836;6346;5034;210;350461952;24703517;36894279
1527372926936;6356;5041;210;350461952;24703841;36895108
1527372927036;6366;5049;210;350461952;24704057;36895627
1527372927136;6376;5057;210;350461952;24704381;36896404
1527372927236;6386;5065;210;350461952;24704597;36896922
1527372927336;6396;5074;210;350461952;24704813;36897442
1527372927436;6406;5080;211;350461952;24705525;36898065
1527372927536;6416;5089;211;350461952;24705741;36898582
1527372927636;6426;5096;211;350461952;24706065;36899359
1527372927736;6436;5104;211;350461952;24706281;36899878
1527372927836;6446;5112;211;350461952;24706605;36900657
1527372927936;6456;5120;211;350461952;24706821;36901175
1527372928036;6466;5127;212;350461952;24707145;36901953
1527372928136;6476;5136;212;350461952;24707361;36902471
1527372928236;6486;5143;212;350461952;24707685;36903250
1527372928336;6496;5151;212;350461952;24707901;36903767
1527372928436;6506;5159;212;350461952;24708225;36904545
1527372928536;6516;5166;213;350461952;24708441;36905064
1527372928636;6526;5174;213;350461952;24708657;36905582
1527372928736;6536;5181;213;350461952;24708981;36906359
1527372928836;6546;5190;213;350461952;24709197;36906876
1527372928937;6556;5197;213;350461952;24709521;36907650
1527372929038;6566;5206;213;350461952;24709737;36908065
1527372929138;6576;5213;213;350461952;24710061;36908685
1527372929238;6586;5222;213;350461952;24710277;36909100
1527372929338;6596;5229;213;350461952;24710601;36909722
1527372929438;6606;5233;213;350461952;24710709;36910033
1527372929538;6616;5240;213;350461952;24710925;36910552
1527372929638;6626;5246;213;350461952;24711141;36911070
1527372929738;6636;5252;213;350461952;24711249;36911330
1527372929838;6646;5259;213;350461952;24711465;36911850
1527372929938;6656;5265;213;350461952;24711681;36912369
1527372930038;6666;5273;213;350461952;24712005;36913148
1527372930138;6676;5280;213;350461952;24712221;36913614
1527372930238;6686;5284;216;350461952;24712545;36914234
1527372930338;6696;5293;216;350461952;24712761;36914649
1527372930438;6706;5301;216;350461952;24713085;36915272
1527372930538;6716;5309;217;350461952;24713401;36915688
1527372930638;6726;5316;217;350461952;24713725;36916310
1527372930738;6736;5323;219;350461952;24713941;36916723
1527372930838;6746;5329;220;350461952;24714265;36917345
1527372930938;6756;5337;220;350461952;24714621;36917758
1527372931038;6766;5345;220;350461952;24714837;36918328
1527372931138;6776;5353;220;350461952;24715211;36919000
1527372931238;6786;5361;220;350461952;24715473;36919572
1527372931338;6796;5368;220;350461952;24715797;36920352
1527372931438;6806;5377;220;350461952;24716013;36920869
1527372931539;6816;5384;220;350461952;24716337;36921642
1527372931640;6827;5393;220;350461952;24716553;36922162
1527372931740;6837;5401;220;350461952;24716877;36922938
1527372931840;6847;5409;220;350461952;24717093;36923458
1527372931940;6857;5417;220;350461952;24717744;36924238
1527372932040;6867;5424;221;350461952;24717960;36924757
1527372932140;6877;5431;221;350461952;24718284;36925535
1527372932240;6887;5440;221;350461952;24718500;36926053
1527372932340;6897;5446;222;350461952;24718768;36926783
1527372932440;6907;5454;222;350461952;24719040;36927199
1527372932540;6917;5461;223;350461952;24719256;36927613
1527372932640;6927;5467;225;350461952;24719580;36928236
1527372932740;6937;5475;225;350461952;24719796;36928808
1527372932840;6947;5482;225;350461952;24720120;36929584
1527372932940;6957;5489;226;350461952;24720336;36930100
1527372933040;6967;5497;226;350461952;24720660;36930875
1527372933140;6977;5505;226;350461952;24720876;36931395
1527372933241;6987;5513;226;350461952;24721092;36931914
1527372933341;6997;5520;227;350461952;24721416;36932695
1527372933441;7007;5526;229;350461952;24721632;36933160
1527372933541;7017;5533;229;350461952;24721956;36933781
1527372933642;7027;5542;229;350461952;24722172;36934351
1527372933743;7037;5549;229;350461952;24722496;36935129
1527372933844;7047;5556;230;350461952;24722712;36935648
1527372933945;7057;5563;231;350461952;24723036;36936268
1527372934045;7067;5570;231;350461952;24723252;36936835
1527372934145;7077;5578;232;350461952;24723468;36937353
1527372934245;7087;5585;232;350461952;24723792;36938023
1527372934345;7097;5593;232;350461952;24724008;36938435
1527372934445;7107;5601;232;350461952;24724332;36939160
1527372934545;7117;5609;232;350461952;24724548;36939679
1527372934645;7127;5616;233;350461952;24724764;36940199
1527372934745;7137;5623;233;350461952;24725088;36940977
1527372934845;7147;5630;234;350461952;24725304;36941496
1527372934945;7157;5638;234;350461952;24725628;36942120
1527372935045;7167;5646;234;350461952;24725844;36942535
1527372935145;7177;5653;235;350461952;24726060;36942950
1527372935245;7187;5661;235;350461952;24726384;36943571
1527372935345;7197;5669;235;350461952;24726600;36944092
1527372935445;7207;5677;235;350461952;24726924;36944818
1527372935545;7217;5683;237;350461952;24727140;36945231
1527372935645;7227;5691;237;350461952;24727464;36946064
1527372935745;7237;5699;237;350461952;24727680;36946580
1527372935845;7247;5707;237;350461952;24728004;36947359
1527372935945;7257;5715;237;350461952;24728220;36947877
1527372936045;7267;5720;239;350461952;24728544;36948655
1527372936145;7277;5729;239;350461952;24728760;36949122
1527372936245;7287;5736;239;350461952;24729084;36949742
1527372936345;7297;5744;239;350461952;24729300;36950157
1527372936445;7307;5750;241;350461952;24729516;36950571
1527372936545;7317;5758;241;350461952;24729840;36951192
1527372936645;7327;5766;241;350461952;24730056;36951604
1527372936745;7337;5772;242;350461952;24730380;36952226
1527372936845;7347;5781;242;350461952;24730596;36952640
1527372936945;7357;5788;242;350461952;24730920;36953419
1527372937045;7367;5796;243;350461952;24731136;36953832
1527372937145;7377;5803;243;350461952;24731460;36954663
1527372937245;7387;5811;244;350461952;24731676;36955077
1527372937345;7397;5818;244;350461952;24732000;36955855
1527372937445;7407;5827;244;350461952;24732216;36956375
1527372937545;7417;5833;245;350461952;24732540;36957153
1527372937645;7427;5842;245;350461952;24732756;36957670
1527372937745;7437;5848;246;350461952;24733080;36958445
1527372937845;7447;5854;249;350461952;24733296;36958959
1527372937945;7457;5858;252;350461952;24733620;36959739
1527372938045;7467;5866;252;350461952;24733836;36960256
1527372938145;7477;5874;252;350461952;24734052;36960777
1527372938245;7487;5881;253;350461952;24734376;36961554
1527372938345;7497;5888;254;350461952;24734592;36962073
1527372938445;7507;5896;254;350461952;24734916;36962850
1527372938546;7517;5904;254;350461952;24735132;36963369
1527372938647;7527;5912;254;350461952;24735456;36964143
1527372938748;7537;5920;254;350461952;24735672;36964663
1527372938848;7547;5928;254;350461952;24735996;36965439
1527372938949;7557;5935;255;350461952;24736212;36965958
1527372939050;7568;5942;255;350461952;24736536;36966736
1527372939150;7578;5947;258;350461952;24736752;36967257
1527372939250;7588;5955;258;350461952;24736968;36967783
1527372939350;7598;5963;258;350461952;24737292;36968583
1527372939450;7608;5971;258;350461952;24737508;36969117
1527372939550;7618;5979;258;350461952;24737832;36969915
1527372939650;7628;5987;258;350461952;24738048;36970445
1527372939750;7638;5995;258;350461952;24738372;36971238
1527372939850;7648;6003;258;350461952;24738588;36971774
1527372939950;7658;6009;259;350461952;24738804;36972301
1527372940050;7668;6009;259;350461952;24738804;36972301
1527372940150;7678;6012;259;350461952;24738912;36972566
1527372940250;7688;6015;259;350461952;24739020;36972831
1527372940350;7698;6021;260;350461952;24739236;36973358
1527372940450;7708;6027;260;350461952;24739452;36973887
1527372940550;7718;6033;260;350461952;24739668;36974415
1527372940650;7728;6038;260;350461952;24739884;36974942
1527372940751;7738;6043;261;350461952;24740100;36975473
1527372940851;7748;6049;261;350461952;24740208;36975737
1527372940952;7758;6056;261;350461952;24740424;36976269
1527372941053;7768;6062;261;350461952;24740640;36976800
1527372941153;7778;6067;261;350461952;24740856;36977328
1527372941253;7788;6073;261;350461952;24741072;36977857
1527372941353;7798;6079;261;350461952;24741288;36978389
1527372941453;7808;6084;262;350461952;24741504;36978919
1527372941553;7818;6090;262;350461952;24741612;36979181
1527372941653;7828;6096;262;350461952;24741828;36979710
1527372941753;7838;6104;262;350461952;24742152;36980451
1527372941853;7848;6112;262;350461952;24742368;36980876
1527372941953;7858;6120;262;350461952;24742692;36981508
1527372942053;7868;6128;262;350461952;24742908;36982087
1527372942153;7878;6135;262;350461952;24743176;36982824
1527372942253;7888;6143;262;350461952;24743448;36983406
1527372942353;7898;6152;262;350461952;24743664;36983936
1527372942453;7908;6157;264;350461952;24743988;36984728
1527372942553;7918;6165;264;350461952;24744204;36985261
1527372942653;7928;6173;264;350461952;24744420;36985789
1527372942753;7938;6179;265;350461952;24744744;36986585
1527372942853;7948;6188;265;350461952;24744960;36987115
1527372942953;7958;6195;265;350461952;24745284;36987855
1527372943053;7968;6202;266;350461952;24745500;36988281
1527372943153;7978;6210;266;350461952;24745716;36988707
1527372943253;7988;6216;267;350461952;24746040;36989340
1527372943353;7998;6225;267;350461952;24746256;36989763
1527372943453;8008;6232;267;350461952;24746580;36990398
1527372943553;8018;6240;267;350461952;24746796;36990824
1527372943654;8028;6248;267;350461952;24747012;36991252
1527372943755;8038;6256;267;350461952;24747336;36991896
1527372943855;8048;6264;267;350461952;24747552;36992323
1527372943956;8058;6271;267;350461952;24747876;36992958
1527372944057;8068;6280;267;350461952;24748092;36993387
1527372944157;8078;6288;267;350461952;24748416;36994024
1527372944257;8088;6296;267;350461952;24748632;36994554
1527372944357;8098;6303;267;350461952;24748956;36995340
1527372944457;8108;6311;267;350461952;24749172;36995851
1527372944557;8118;6319;267;350461952;24749388;36996365
1527372944657;8128;6326;268;350461952;24749712;36997137
1527372944757;8138;6332;270;350461952;24749928;36997650
1527372944857;8148;6337;272;350461952;24750252;36998320
1527372944957;8158;6344;273;350461952;24750468;36998735
1527372945057;8168;6352;273;350461952;24750792;36999355
1527372945157;8178;6359;273;350461952;24751008;36999870
1527372945257;8188;6365;275;350461952;24751224;37000283
1527372945357;8198;6373;275;350461952;24751548;37000902
1527372945457;8208;6381;275;350461952;24751814;37001315
1527372945557;8218;6389;275;350461952;24752188;37002038
1527372945657;8228;6397;275;350461952;24752404;37002551
1527372945757;8238;6405;275;350461952;24752620;37003067
1527372945857;8248;6411;275;350461952;24752944;37003843
1527372945957;8258;6420;275;350461952;24753160;37004362
1527372946057;8268;6427;276;350461952;24753484;37005139
1527372946157;8278;6434;276;350461952;24753746;37005657
1527372946257;8288;6442;277;350461952;24753962;37006173
1527372946357;8298;6449;277;350461952;24754286;37006844
1527372946457;8308;6458;277;350461952;24754502;37007258
1527372946557;8318;6465;277;350461952;24754826;37007880
1527372946657;8328;6474;277;350461952;24755042;37008398
1527372946757;8338;6482;277;350461952;24755366;37009171
1527372946857;8348;6490;277;350461952;24755582;37009688
1527372946957;8358;6498;277;350461952;24755850;37010360
1527372947057;8368;6506;277;350461952;24756122;37010774
1527372947157;8378;6514;277;350461952;24756338;37011344
1527372947257;8388;6521;277;350461952;24756662;37012123
1527372947357;8398;6530;277;350461952;24756878;37012639
1527372947457;8408;6537;277;350461952;24757202;37013413
1527372947557;8418;6545;277;350461952;24757418;37013929
1527372947657;8428;6553;277;350461952;24757742;37014706
1527372947757;8438;6561;277;350461952;24757958;37015221
1527372947857;8448;6568;278;350461952;24758174;37015632
1527372947957;8458;6575;278;350461952;24758498;37016253
1527372948057;8468;6581;280;350461952;24758714;37016667
1527372948157;8478;6589;280;350461952;24759038;37017287
1527372948258;8488;6597;280;350461952;24759254;37017700
1527372948359;8498;6605;280;350461952;24759578;37018316
1527372948460;8509;6613;281;350461952;24759794;37018730
1527372948561;8519;6620;281;350461952;24760118;37019348
1527372948662;8529;6629;281;350461952;24760334;37019759
1527372948762;8539;6636;281;350461952;24760658;37020379
1527372948863;8549;6645;281;350461952;24760874;37020793
1527372948963;8559;6652;281;350461952;24761090;37021208
1527372949063;8569;6660;281;350461952;24761414;37021936
1527372949163;8579;6666;283;350461952;24761630;37022401
1527372949263;8589;6671;286;350461952;24761954;37023022
1527372949363;8599;6679;286;350461952;24762170;37023591
1527372949463;8609;6687;286;350461952;24762494;37024367
1527372949563;8619;6694;287;350461952;24762710;37024885
1527372949663;8629;6702;287;350461952;24763034;37025658
1527372949763;8639;6709;288;350461952;24763250;37026177
1527372949863;8649;6716;288;350461952;24763574;37026850
1527372949963;8659;6723;289;350461952;24763790;37027266
1527372950063;8669;6731;289;350461952;24764006;37027679
1527372950163;8679;6739;289;350461952;24764330;37028404
1527372950263;8689;6748;289;350461952;24764546;37028922
1527372950363;8699;6755;289;350461952;24764870;37029700
1527372950463;8709;6762;290;350461952;24765086;37030219
1527372950563;8719;6768;291;350461952;24765410;37030887
1527372950663;8729;6776;292;350461952;24765626;37031300
1527372950763;8739;6783;292;350461952;24765950;37031921
1527372950863;8749;6791;292;350461952;24766166;37032337
1527372950963;8759;6799;292;350461952;24766490;37032957
1527372951063;8769;6807;292;350461952;24766706;37033527
1527372951163;8779;6815;292;350461952;24766922;37034042
1527372951263;8789;6823;292;350461952;24767246;37034716
1527372951363;8799;6830;293;350461952;24767462;37035129
1527372951463;8809;6836;294;350461952;24767786;37035747
1527372951563;8819;6845;294;350461952;24768002;37036163
1527372951663;8829;6852;294;350461952;24768326;37036780
1527372951763;8839;6859;296;350461952;24768542;37037195
1527372951863;8849;6866;296;350461952;24768866;37037815
1527372951963;8859;6874;296;350461952;24769082;37038385
1527372952063;8869;6881;297;350461952;24769406;37039008
1527372952163;8879;6889;297;350461952;24769622;37039577
1527372952263;8889;6897;297;350461952;24769946;37040356
1527372952363;8899;6904;298;350461952;24770162;37040768
1527372952464;8909;6912;298;350461952;24770486;37041389
1527372952565;8919;6919;299;350461952;24770702;37041805
1527372952666;8929;6927;299;350461952;24771026;37042425
1527372952766;8939;6935;299;350461952;24771242;37042836
1527372952866;8949;6943;299;350461952;24771566;37043458
1527372952966;8959;6951;299;350461952;24771782;37043872
1527372953066;8969;6959;299;350461952;24772106;37044494
1527372953166;8979;6967;299;350461952;24772322;37044907
1527372953266;8989;6974;300;350461952;24772538;37045320
1527372953366;8999;6981;301;350461952;24772862;37045940
1527372953466;9009;6989;301;350461952;24773078;37046508
1527372953566;9019;6996;302;350461952;24773402;37047182
1527372953666;9029;7004;302;350461952;24773618;37047700
1527372953766;9039;7011;302;350461952;24773942;37048480
1527372953866;9049;7019;303;350461952;24774158;37048998
1527372953966;9059;7026;303;350461952;24774482;37049777
1527372954066;9069;7034;304;350461952;24774698;37050295
1527372954166;9079;7039;306;350461952;24775022;37051071
1527372954266;9089;7048;306;350461952;24775238;37051587
1527372954366;9099;7052;309;350461952;24775562;37052258
1527372954466;9109;7059;310;350461952;24775778;37052673
1527372954566;9119;7067;310;350461952;24776102;37053504
1527372954666;9129;7075;311;350461952;24776318;37053967
1527372954766;9139;7082;311;350461952;24776642;37054590
1527372954866;9149;7090;311;350461952;24776858;37055005
1527372954966;9159;7098;311;350461952;24777074;37055421
1527372955066;9169;7105;312;350461952;24777398;37056041
1527372955166;9179;7113;312;350461952;24777614;37056457
1527372955266;9189;7120;313;350461952;24777938;37057079
1527372955366;9199;7128;313;350461952;24778154;37057600
1527372955466;9209;7136;313;350461952;24778478;37058377
1527372955566;9219;7144;313;350461952;24778694;37058896
1527372955666;9229;7151;313;350461952;24779018;37059672
1527372955767;9239;7160;313;350461952;24779234;37060188
1527372955868;9249;7167;313;350461952;24779558;37060963
1527372955969;9259;7177;313;350461952;24779774;37061479
1527372956070;9270;7184;313;350461952;24780098;37062152
1527372956171;9280;7191;314;350461952;24780314;37062567
1527372956271;9290;7198;315;350461952;24780638;37063398
1527372956372;9300;7206;315;350461952;24780854;37063917
1527372956472;9310;7212;316;350461952;24781178;37064695
1527372956572;9320;7221;316;350461952;24781394;37065214
1527372956672;9330;7229;316;350461952;24781718;37065939
1527372956772;9340;7235;318;350461952;24781934;37066352
1527372956872;9350;7243;318;350461952;24782258;37067025
1527372956972;9360;7250;318;350461952;24782474;37067595
1527372957072;9370;7259;318;350461952;24782690;37068112
1527372957172;9380;7265;319;350461952;24783014;37068838
1527372957272;9390;7273;319;350461952;24783230;37069252
1527372957372;9400;7281;319;350461952;24783554;37069870
1527372957472;9410;7289;319;350461952;24783770;37070285
1527372957572;9420;7297;319;350461952;24784482;37071057
1527372957672;9430;7305;320;350461952;24784698;37071523
1527372957772;9440;7312;320;350461952;24785022;37072145
1527372957872;9450;7320;320;350461952;24785238;37072558
1527372957972;9460;7328;320;350461952;24785562;37073182
1527372958072;9470;7336;320;350461952;24785778;37073597
1527372958172;9480;7344;320;350461952;24786102;37074216
1527372958272;9490;7352;320;350461952;24786318;37074628
1527372958372;9500;7359;321;350461952;24786642;37075249
1527372958472;9510;7367;321;350461952;24786858;37075666
1527372958572;9520;7375;321;350461952;24787182;37076289
1527372958672;9530;7382;322;350461952;24787398;37076703
1527372958772;9540;7390;322;350461952;24787722;37077326
1527372958872;9550;7398;322;350461952;24787938;37077738
1527372958972;9560;7405;322;350461952;24788262;37078359
1527372959072;9570;7414;322;350461952;24788478;37078930
1527372959172;9580;7421;322;350461952;24788802;37079552
1527372959272;9590;7430;322;350461952;24789018;37080068
1527372959372;9600;7437;322;350461952;24789342;37080791
1527372959472;9610;7446;322;350461952;24789558;37081200
1527372959572;9620;7453;322;350461952;24789774;37081616
1527372959672;9630;7461;322;350461952;24790098;37082238
1527372959772;9640;7468;323;350461952;24790314;37082651
1527372959872;9650;7476;323;350461952;24790638;37083271
1527372959972;9660;7483;324;350461952;24790854;37083685
1527372960072;9670;7491;324;350461952;24791178;37084306
1527372960172;9680;7499;324;350461952;24791394;37084878
1527372960272;9690;7506;325;350461952;24791718;37085654
1527372960372;9700;7514;325;350461952;24791934;37086171
1527372960472;9710;7521;325;350461952;24792354;37086950
1527372960572;9720;7530;325;350461952;24792570;37087466
1527372960672;9730;7537;325;350461952;24792894;37088242
1527372960772;9740;7546;325;350461952;24793110;37088762
1527372960872;9750;7553;325;350461952;24793434;37089539
1527372960972;9760;7561;325;350461952;24793650;37090058
1527372961072;9770;7569;325;350461952;24793912;37090576
1527372961172;9780;7577;325;350461952;24794236;37091352
1527372961272;9790;7584;326;350461952;24794452;37091813
1527372961372;9800;7591;326;350461952;24794776;37092536
1527372961472;9810;7599;326;350461952;24794992;37093005
1527372961572;9820;7606;327;350461952;24795316;37093621
1527372961672;9830;7614;327;350461952;24795532;37094035
1527372961772;9840;7622;327;350461952;24795748;37094452
1527372961872;9850;7629;328;350461952;24796072;37095072
1527372961972;9860;7637;328;350461952;24796288;37095487
1527372962072;9870;7644;328;350461952;24796612;37096209
1527372962172;9880;7653;328;350461952;24796828;37096722
1527372962272;9890;7660;328;350461952;24797152;37097444
1527372962372;9900;7668;328;350461952;24797368;37097856
1527372962472;9910;7676;328;350461952;24797692;37098474
1527372962572;9920;7684;328;350461952;24797908;37098886
1527372962672;9930;7691;328;350461952;24798232;37099500
1527372962772;9940;7700;328;350461952;24798448;37100069
1527372962872;9950;7707;328;350461952;24798772;37100846
1527372962972;9960;7715;328;350461952;24798988;37101364
1527372963072;9970;7725;328;350461952;24799204;37101880
1527372963172;9980;7732;328;350461952;24799528;37102656
1527372963272;9990;7740;328;350461952;24799744;37103172
1527372963372;10000;7748;328;350461952;24799960;37103694
1527372963472;10010;7755;328;350461952;24800284;37104472
1527372963572;10020;7763;328;350461952;24800500;37104990
1527372963672;10030;7771;328;350461952;24800824;37105768
1527372963772;10040;7779;328;350461952;24801040;37106284
1527372963872;10050;7786;328;350461952;24801364;37107060
1527372963972;10060;7795;328;350461952;24801580;37107579
1527372964072;10070;7802;328;350461952;24801904;37108302
1527372964172;10080;7808;331;350461952;24802120;37108715
1527372964272;10090;7815;331;350461952;24802336;37109128
1527372964372;10100;7824;331;350461952;24802660;37109748
1527372964472;10110;7832;331;350461952;24802876;37110161
1527372964572;10120;7839;331;350461952;24803144;37110889
1527372964672;10130;7847;331;350461952;24803416;37111460
1527372964772;10140;7855;331;350461952;24803632;37111978
1527372964872;10150;7863;331;350461952;24803956;37112755
1527372964972;10160;7871;331;350461952;24804172;37113277
1527372965072;10170;7880;331;350461952;24804496;37114000
1527372965172;10180;7888;331;350461952;24804712;37114413
1527372965272;10190;7896;331;350461952;24804928;37114827
1527372965372;10200;7905;331;350461952;24805252;37115452
1527372965472;10210;7912;332;350461952;24805468;37115865
1527372965572;10220;7920;332;350461952;24805792;37116487
1527372965672;10230;7927;333;350461952;24806008;37116903
1527372965772;10240;7935;333;350461952;24806332;37117524
1527372965872;10250;7945;333;350461952;24806548;37118095
1527372965972;10260;7952;333;350461952;24806872;37118870
1527372966072;10270;7960;334;350461952;24807088;37119336
1527372966172;10280;7967;335;350461952;24807412;37119952
1527372966272;10290;7975;335;350461952;24807628;37120473
1527372966372;10300;7983;335;350461952;24807844;37121199
1527372966472;10310;7991;335;350461952;24808168;37121772
1527372966572;10320;7998;337;350461952;24808384;37122289
1527372966672;10330;8004;338;350461952;24808708;37123067
1527372966772;10340;8013;338;350461952;24808924;37123587
1527372966872;10350;8020;338;350461952;24809248;37124364
1527372966972;10360;8028;339;350461952;24809464;37124884
1527372967072;10370;8035;339;350461952;24809788;37125664
1527372967172;10380;8042;341;350461952;24810004;37126133
1527372967272;10390;8049;341;350461952;24810328;37126753
1527372967372;10400;8058;341;350461952;24810544;37127166
1527372967472;10410;8066;341;350461952;24810868;37127791
1527372967572;10420;8075;341;350461952;24811084;37128207
1527372967672;10430;8083;342;350461952;24811408;37128828
1527372967772;10440;8092;342;350461952;24811624;37129344
1527372967872;10450;8105;342;350461952;24811948;37130118
1527372967972;10460;8115;342;350461952;24812164;37130635
1527372968072;10470;8123;342;350461952;24812432;37131360
1527372968173;10480;8131;342;350461952;24812704;37131930
1527372968274;10490;8143;342;350461952;24812920;37132449
1527372968374;10500;8151;342;350461952;24813244;37133221
1527372968474;10510;8159;342;350461952;24813460;37133738
1527372968574;10520;8167;342;350461952;24813784;37134514
1527372968674;10530;8175;342;350461952;24814000;37135033
1527372968774;10540;8183;342;350461952;24814324;37135810
1527372968874;10550;8192;343;350461952;24814540;37136328
1527372968974;10560;8199;343;350461952;24814864;37137106
1527372969074;10570;8207;344;350461952;24815080;37137624
1527372969174;10580;8214;344;350461952;24815404;37138244
1527372969274;10590;8223;344;350461952;24815620;37138658
1527372969374;10600;8230;345;350461952;24815944;37139278
1527372969474;10610;8238;345;350461952;24816160;37139693
1527372969574;10620;8245;346;350461952;24816484;37140366
1527372969674;10630;8254;346;350461952;24816700;37140781
1527372969774;10640;8261;346;350461952;24817024;37141612
1527372969874;10650;8269;347;350461952;24817240;37142075
1527372969974;10660;8276;347;350461952;24817564;37142695
1527372970074;10670;8285;347;350461952;24817780;37143109
1527372970174;10680;8293;347;350461952;24818104;37143732
1527372970275;10690;8302;347;350461952;24818320;37144146
1527372970376;10700;8311;347;350461952;24818644;37144769
1527372970477;10710;8319;348;350461952;24818860;37145184
1527372970578;10720;8326;348;350461952;24819184;37145806
1527372970679;10730;8334;348;350461952;24819400;37146221
1527372970780;10741;8342;348;350461952;24819724;37146843
1527372970881;10751;8350;348;350461952;24819940;37147253
1527372970982;10761;8358;348;350461952;24820264;37147976
1527372971082;10771;8365;349;350461952;24820480;37148443
1527372971182;10781;8372;351;350461952;24820804;37149061
1527372971282;10791;8382;351;350461952;24821020;37149478
1527372971382;10801;8390;351;350461952;24821344;37150096
1527372971482;10811;8398;351;350461952;24821560;37150666
1527372971582;10821;8403;353;350461952;24821884;37151286
1527372971683;10831;8412;353;350461952;24822100;37151858
1527372971784;10841;8420;353;350461952;24822316;37152378
1527372971884;10851;8428;353;350461952;24822640;37153157
1527372971984;10861;8436;353;350461952;24822856;37153572
1527372972084;10871;8444;353;350461952;24823180;37154293
1527372972184;10881;8453;353;350461952;24823396;37154761
1527372972284;10891;8459;354;350461952;24823720;37155488
1527372972384;10901;8468;354;350461952;24823936;37156008
1527372972484;10911;8476;354;350461952;24824260;37156739
1527372972584;10921;8483;355;350461952;24824476;37157150
1527372972684;10931;8491;355;350461952;24824800;37157769
1527372972784;10941;8500;355;350461952;24825016;37158181
1527372972884;10951;8507;355;350461952;24825340;37158804
1527372972984;10961;8516;355;350461952;24825556;37159218
1527372973084;10971;8525;355;350461952;24825880;37159838
1527372973184;10981;8534;355;350461952;24826096;37160253
1527372973284;10991;8542;355;350461952;24826420;37160873
1527372973384;11001;8551;355;350461952;24826636;37161287
1527372973484;11011;8558;355;350461952;24826960;37161910
1527372973584;11021;8567;355;350461952;24827176;37162328
1527372973684;11031;8576;355;350789632;24827604;37163055
