currentTs;total_time;user_time;sys_time;virtual_size;in_octets;out_octets
1527461241897;2;0;0;2355200;36095116;50893775
1527461241997;12;9;1;300900352;36095116;50893775
1527461242097;22;19;1;306909184;36095116;50893775
1527461242197;32;28;2;306909184;36095116;50893775
1527461242297;42;38;3;311758848;36095116;50893775
1527461242397;52;50;3;312897536;36095116;50893775
1527461242498;62;61;3;313946112;36095116;50893775
1527461242599;72;72;4;313946112;36095116;50893775
1527461242699;82;85;4;313946112;36095116;50893775
1527461242799;92;94;4;343515136;36095116;50893775
1527461242899;102;103;5;343515136;36095116;50893775
1527461242999;112;113;5;344825856;36095284;50893970
1527461243099;122;113;5;344825856;36095284;50893970
1527461243199;132;119;6;344825856;36095340;50894022
1527461243299;142;130;7;344977408;36095340;50894022
1527461243399;152;140;8;344977408;36095340;50894022
1527461243499;162;149;9;344977408;36095340;50894022
1527461243599;172;160;9;344977408;36095340;50894022
1527461243699;182;174;9;344977408;36095340;50894022
1527461243799;192;185;9;344977408;36095340;50894022
1527461243899;202;196;9;345219072;36095340;50894022
1527461243999;212;212;9;345219072;36095340;50894022
1527461244099;222;225;9;345219072;36095340;50894022
1527461244199;232;236;9;346267648;36095340;50894022
1527461244300;242;247;9;346267648;36095340;50894022
1527461244401;252;257;10;346267648;36095386;50894074
1527461244502;262;268;10;346267648;36095386;50894074
1527461244603;272;278;10;346267648;36095386;50894074
1527461244704;282;291;10;346267648;36095386;50894074
1527461244805;292;302;10;348364800;36095386;50894074
1527461244906;302;312;10;348364800;36095386;50894074
1527461245006;312;323;10;348364800;36095386;50894074
1527461245106;322;333;10;348364800;36095386;50894074
1527461245206;332;344;11;348364800;36095386;50894074
1527461245306;343;356;12;348364800;36095386;50894074
1527461245406;353;367;12;349413376;36095432;50894126
1527461245506;363;377;12;349413376;36095432;50894126
1527461245606;373;387;13;349413376;36095432;50894126
1527461245706;383;400;13;349413376;36095432;50894126
1527461245806;393;411;13;349413376;36095432;50894126
1527461245906;403;421;13;349413376;36095540;50894389
1527461246006;413;431;14;349413376;36095648;50894653
1527461246106;423;441;15;349413376;36095864;50895176
1527461246206;433;449;16;349413376;36096024;50895640
1527461246306;443;459;16;349413376;36096188;50895947
1527461246406;453;467;17;349413376;36096404;50896458
1527461246506;463;478;17;349413376;36096564;50896920
1527461246606;473;488;17;349413376;36096728;50897229
1527461246706;483;498;17;349413376;36096944;50897742
1527461246806;493;508;17;349413376;36097160;50898257
1527461246906;503;518;17;349413376;36097268;50898513
1527461247006;513;527;17;349413376;36097484;50899027
1527461247106;523;536;18;349413376;36097700;50899540
1527461247206;533;544;18;349413376;36097916;50900055
1527461247306;543;555;18;350461952;36098132;50900569
1527461247406;553;566;18;350461952;36098348;50901085
1527461247506;563;576;19;350461952;36098564;50901600
1527461247606;573;585;20;350461952;36098780;50902060
1527461247706;583;596;20;350461952;36098996;50902626
1527461247806;593;606;21;350461952;36099212;50903142
1527461247906;603;615;21;350461952;36099428;50903655
1527461248006;613;624;21;350461952;36099644;50904170
1527461248106;623;633;21;350461952;36099860;50904685
1527461248206;633;642;21;350461952;36100076;50905200
1527461248306;643;651;21;350461952;36100292;50905715
1527461248406;653;660;21;350461952;36100508;50906229
1527461248506;663;669;21;350461952;36100724;50906744
1527461248606;673;680;21;350461952;36100940;50907258
1527461248706;683;690;21;350461952;36101156;50907772
1527461248806;693;698;22;350461952;36101424;50908490
1527461248906;703;707;22;350461952;36101696;50909056
1527461249006;713;715;22;350461952;36101912;50909572
1527461249106;723;723;23;350461952;36102128;50910086
1527461249206;733;731;23;350461952;36102344;50910602
1527461249306;743;741;24;350461952;36102560;50911116
1527461249406;753;750;24;350461952;36102776;50911631
1527461249506;763;760;24;350461952;36103100;50912403
1527461249606;773;769;24;350461952;36103316;50912919
1527461249706;783;779;25;350461952;36103532;50913434
1527461249806;793;788;25;350461952;36103748;50913951
1527461249906;803;797;25;350461952;36104014;50914469
1527461250006;813;805;25;350461952;36104230;50914985
1527461250106;823;815;25;350461952;36104554;50915759
1527461250206;833;823;25;350461952;36104816;50916276
1527461250306;843;831;25;350461952;36105032;50916792
1527461250406;853;839;26;350461952;36105248;50917308
1527461250506;863;848;26;350461952;36105464;50917821
1527461250606;873;857;26;350461952;36105834;50918594
1527461250706;883;866;26;350461952;36106050;50919109
1527461250806;893;874;27;350461952;36106266;50919624
1527461250906;903;883;27;350461952;36106482;50920140
1527461251006;913;891;27;350461952;36106750;50920860
1527461251106;923;899;27;350461952;36107022;50921428
1527461251206;933;911;27;350461952;36107238;50921944
1527461251306;943;920;27;350461952;36107454;50922459
1527461251406;953;929;27;350461952;36107670;50922975
1527461251506;963;936;27;350461952;36107886;50923491
1527461251606;973;941;28;350461952;36108102;50924006
1527461251706;983;948;28;350461952;36108210;50924266
1527461251806;993;955;28;350461952;36108426;50924782
1527461251906;1003;961;28;350461952;36108642;50925299
1527461252006;1013;966;29;350461952;36108858;50925813
1527461252106;1023;974;29;350461952;36108966;50926072
1527461252206;1033;985;29;350461952;36109182;50926586
1527461252306;1043;992;29;350461952;36109506;50927360
1527461252406;1053;1001;29;350461952;36109722;50927875
1527461252506;1063;1009;29;350461952;36109938;50928390
1527461252606;1073;1017;29;350461952;36110262;50929163
1527461252706;1083;1025;30;350461952;36110478;50929678
1527461252806;1093;1033;30;350461952;36110694;50930194
1527461252906;1103;1041;30;350461952;36110910;50930708
1527461253006;1113;1050;30;350461952;36111234;50931483
1527461253106;1123;1059;30;350461952;36111450;50931999
1527461253206;1133;1067;31;350461952;36111666;50932515
1527461253306;1143;1079;31;350461952;36111990;50933289
1527461253406;1153;1087;31;350461952;36112206;50933805
1527461253506;1163;1095;32;350461952;36112422;50934319
1527461253606;1173;1103;32;350461952;36112638;50934833
1527461253706;1183;1111;32;350461952;36112962;50935605
1527461253806;1193;1113;32;350461952;36113014;50935811
1527461253906;1203;1121;32;350461952;36113178;50936121
1527461254006;1213;1129;32;350461952;36113502;50936893
1527461254106;1223;1139;32;350461952;36113718;50937408
1527461254206;1233;1146;33;350461952;36113934;50937923
1527461254306;1243;1154;33;350461952;36114258;50938695
1527461254406;1253;1162;33;350461952;36114474;50939211
1527461254506;1263;1170;33;350461952;36114690;50939727
1527461254606;1273;1178;34;350461952;36115014;50940501
1527461254706;1283;1184;36;350461952;36115230;50941017
1527461254806;1293;1192;36;350461952;36115446;50941534
1527461254906;1303;1201;36;350461952;36115770;50942309
1527461255006;1313;1212;37;350461952;36115986;50942824
1527461255106;1323;1219;38;350461952;36116202;50943339
1527461255206;1333;1228;38;350461952;36116526;50944114
1527461255306;1343;1237;38;350461952;36116742;50944629
1527461255406;1353;1245;38;350461952;36116958;50945144
1527461255506;1363;1252;38;350461952;36117282;50945917
1527461255606;1373;1261;38;350461952;36117498;50946434
1527461255706;1383;1269;38;350461952;36117714;50946949
1527461255806;1393;1278;38;350461952;36118038;50947717
1527461255906;1403;1286;38;350461952;36118254;50948233
1527461256006;1413;1293;39;350461952;36118470;50948749
1527461256106;1423;1304;39;350461952;36118794;50949520
1527461256206;1433;1311;40;350461952;36119010;50950034
1527461256306;1443;1319;41;350461952;36119226;50950550
1527461256406;1453;1326;41;350461952;36119550;50951324
1527461256506;1463;1335;41;350461952;36119766;50951839
1527461256606;1473;1343;41;350461952;36119982;50952354
1527461256706;1483;1350;41;350461952;36120198;50952869
1527461256806;1493;1357;41;350461952;36120522;50953642
1527461256906;1503;1366;42;350461952;36120738;50954156
1527461257006;1513;1373;42;350461952;36121062;50954929
1527461257106;1523;1382;42;350461952;36121278;50955440
1527461257206;1533;1390;42;350461952;36121494;50955955
1527461257306;1543;1398;42;350461952;36121818;50956729
1527461257406;1553;1405;43;350461952;36122034;50957245
1527461257506;1563;1414;43;350461952;36122250;50957761
1527461257606;1573;1422;44;350461952;36122574;50958535
1527461257706;1583;1435;44;350461952;36122790;50959052
1527461257806;1593;1444;44;350461952;36123006;50959564
1527461257906;1603;1451;44;350461952;36123330;50960338
1527461258006;1613;1459;44;350461952;36123546;50960853
1527461258106;1623;1467;45;350461952;36123762;50961365
1527461258206;1633;1473;46;350461952;36124086;50962137
1527461258306;1643;1482;46;350461952;36124302;50962652
1527461258406;1653;1488;47;350461952;36124518;50963373
1527461258506;1663;1496;47;350461952;36124842;50963941
1527461258606;1673;1505;47;350461952;36125058;50964457
1527461258706;1683;1512;47;350461952;36125274;50964973
1527461258806;1693;1521;47;350461952;36125598;50965746
1527461258906;1703;1528;47;350461952;36126299;50966260
1527461259006;1713;1537;47;350461952;36126515;50966775
1527461259106;1723;1546;47;350461952;36126731;50967288
1527461259206;1733;1553;48;350461952;36127055;50968065
1527461259306;1743;1561;48;350461952;36127271;50968579
1527461259406;1753;1569;48;350461952;36127487;50969096
1527461259506;1763;1579;48;350461952;36127703;50969611
1527461259606;1773;1587;48;350461952;36128027;50970380
1527461259706;1783;1596;49;350461952;36128243;50970895
1527461259806;1793;1608;49;350461952;36128459;50971412
1527461259906;1803;1620;49;350461952;36129171;50972135
1527461260006;1813;1628;49;350461952;36129387;50972705
1527461260106;1823;1637;49;350461952;36129603;50973222
1527461260206;1833;1644;49;350461952;36129927;50973994
1527461260306;1843;1652;49;350461952;36130143;50974511
1527461260406;1853;1661;50;350461952;36130359;50975026
1527461260506;1863;1667;50;350461952;36130683;50975749
1527461260606;1873;1675;50;350461952;36130899;50976162
1527461260706;1883;1684;50;350461952;36131350;50976780
1527461260806;1893;1692;50;350461952;36131622;50977193
1527461260906;1903;1700;51;350461952;36131838;50977603
1527461261006;1913;1706;52;350461952;36132162;50978220
1527461261106;1923;1714;52;350461952;36132378;50978629
1527461261206;1933;1723;52;350461952;36132646;50979245
1527461261306;1943;1731;52;350461952;36132918;50979658
1527461261406;1953;1740;52;350461952;36133134;50980069
1527461261506;1963;1745;54;350461952;36133452;50980686
1527461261606;1973;1753;54;350461952;36133724;50981099
1527461261706;1983;1762;54;350461952;36133940;50981510
1527461261806;1993;1769;54;350461952;36134264;50982334
1527461261906;2003;1777;54;350461952;36135151;50982851
1527461262006;2013;1786;55;350461952;36135367;50983368
1527461262106;2023;1792;55;350461952;36135691;50984142
1527461262206;2033;1801;55;350461952;36135907;50984657
1527461262306;2043;1810;55;350461952;36136231;50985432
1527461262406;2053;1817;55;350461952;36136447;50985947
1527461262506;2063;1826;55;350461952;36136663;50986464
1527461262606;2073;1834;55;350461952;36136987;50987234
1527461262706;2083;1840;57;350461952;36137203;50987751
1527461262806;2093;1848;57;350461952;36137527;50988525
1527461262906;2103;1856;58;350461952;36137743;50989041
1527461263006;2113;1868;58;350461952;36137959;50989556
1527461263106;2123;1875;58;350461952;36138283;50990325
1527461263206;2133;1883;60;350461952;36138499;50990839
1527461263306;2143;1891;60;350461952;36138823;50991459
1527461263406;2153;1900;60;350461952;36139039;50991870
1527461263506;2163;1907;60;350461952;36139255;50992334
1527461263606;2173;1914;60;350461952;36139579;50993109
1527461263706;2183;1924;61;350461952;36139795;50993624
1527461263806;2193;1931;61;350461952;36140119;50994399
1527461263906;2203;1939;61;350461952;36140335;50994915
1527461264006;2213;1946;63;350461952;36140551;50995430
1527461264106;2223;1954;63;350461952;36140875;50996200
1527461264206;2233;1962;63;350461952;36141091;50996719
1527461264306;2243;1970;63;350461952;36141415;50997491
1527461264406;2253;1978;63;350461952;36141631;50997901
1527461264506;2263;1986;63;350461952;36141955;50998518
1527461264606;2273;1993;65;350461952;36142171;50998930
1527461264706;2283;2001;65;350461952;36142387;50999343
1527461264806;2293;2008;65;350461952;36143382;50999959
1527461264906;2303;2017;65;350461952;36143694;51000527
1527461265006;2313;2024;65;350461952;36144018;51001298
1527461265106;2323;2032;65;350461952;36144266;51001848
1527461265206;2333;2041;65;350461952;36144482;51002363
1527461265306;2343;2049;65;350461952;36144806;51003138
1527461265406;2353;2057;65;350461952;36145022;51003656
1527461265506;2363;2065;65;350461952;36145290;51004377
1527461265606;2373;2073;66;350461952;36145562;51004945
1527461265706;2383;2080;66;350461952;36145778;51005460
1527461265806;2393;2089;66;350461952;36146102;51006234
1527461265906;2403;2097;66;350461952;36146318;51006749
1527461266006;2413;2106;66;350461952;36146642;51007521
1527461266106;2423;2115;66;350461952;36146858;51008036
1527461266206;2433;2122;67;350461952;36147074;51008552
1527461266306;2443;2129;67;350461952;36147398;51009327
1527461266406;2453;2138;67;350461952;36147614;51009843
1527461266506;2463;2145;67;350461952;36147938;51010615
1527461266606;2473;2154;67;350461952;36148154;51011129
1527461266706;2483;2160;69;350461952;36148370;51011642
1527461266806;2493;2168;69;350461952;36148694;51012416
1527461266906;2503;2176;69;350461952;36148910;51012932
1527461267006;2513;2183;69;350461952;36149234;51013704
1527461267106;2523;2191;70;350461952;36149450;51014220
1527461267206;2533;2200;70;350461952;36149666;51014734
1527461267306;2543;2208;70;350461952;36149990;51015504
1527461267406;2553;2216;70;350461952;36150206;51016018
1527461267506;2563;2224;70;350461952;36150530;51016791
1527461267606;2573;2231;71;350461952;36150746;51017305
1527461267706;2583;2238;71;350461952;36150962;51017819
1527461267806;2593;2247;71;350461952;36151286;51018594
1527461267906;2603;2253;73;350461952;36151502;51019108
1527461268006;2613;2260;74;350461952;36151718;51019622
1527461268106;2623;2268;74;350461952;36152042;51020393
1527461268206;2633;2284;75;350461952;36152258;51020910
1527461268306;2643;2293;75;350461952;36152474;51021375
1527461268406;2653;2299;76;350461952;36152798;51021992
1527461268506;2663;2307;76;350461952;36153014;51022402
1527461268606;2673;2313;78;350461952;36153338;51023021
1527461268706;2683;2321;78;350461952;36153554;51023589
1527461268806;2693;2329;78;350461952;36153770;51024104
1527461268906;2703;2336;78;350461952;36154094;51024878
1527461269006;2713;2345;78;350461952;36154310;51025394
1527461269106;2723;2352;78;350461952;36154578;51026117
1527461269206;2733;2360;78;350461952;36154850;51026685
1527461269306;2743;2369;78;350461952;36155066;51027201
1527461269406;2753;2376;79;350461952;36155390;51027972
1527461269506;2763;2384;79;350461952;36155606;51028486
1527461269606;2773;2392;79;350461952;36155822;51029004
1527461269706;2783;2399;80;350461952;36156146;51029673
1527461269806;2793;2407;80;350461952;36156362;51030190
1527461269906;2803;2415;80;350461952;36156686;51030964
1527461270006;2813;2423;80;350461952;36156902;51031480
1527461270106;2823;2431;80;350461952;36157226;51032251
1527461270206;2833;2440;80;350461952;36157442;51032765
1527461270306;2843;2448;80;350461952;36157766;51033537
1527461270406;2853;2456;80;350461952;36157982;51034000
1527461270506;2863;2463;81;350461952;36158306;51034619
1527461270606;2873;2471;81;350461952;36158522;51035029
1527461270706;2883;2479;81;350461952;36158738;51035596
1527461270806;2893;2487;81;350461952;36159062;51036369
1527461270906;2903;2495;81;350461952;36159278;51036885
1527461271006;2913;2502;81;350461952;36159602;51037659
1527461271106;2923;2511;81;350461952;36159818;51038173
1527461271206;2933;2518;81;350461952;36160034;51038691
1527461271306;2943;2525;81;350461952;36160358;51039460
1527461271406;2953;2534;81;350461952;36160574;51039978
1527461271506;2963;2541;81;350461952;36160898;51040751
1527461271606;2973;2549;81;350461952;36161114;51041269
1527461271706;2983;2557;81;350461952;36161438;51042042
1527461271806;2993;2565;81;350461952;36161654;51042557
1527461271906;3003;2573;81;350461952;36161870;51043071
1527461272006;3013;2581;81;350461952;36162194;51043845
1527461272106;3023;2589;81;350461952;36162410;51044364
1527461272206;3033;2597;81;350461952;36162626;51044877
1527461272306;3043;2605;81;350461952;36162950;51045650
1527461272406;3053;2613;81;350461952;36163166;51046164
1527461272506;3063;2620;81;350461952;36163490;51046938
1527461272606;3073;2629;81;350461952;36163706;51047451
1527461272706;3083;2636;81;350461952;36164030;51048223
1527461272806;3093;2644;81;350461952;36164246;51048737
1527461272906;3103;2651;82;350461952;36164462;51049255
1527461273006;3113;2658;83;350461952;36164786;51050030
1527461273106;3123;2666;83;350461952;36165002;51050544
1527461273206;3133;2674;83;350461952;36165326;51051318
1527461273306;3143;2682;83;350461952;36165542;51051832
1527461273406;3153;2690;83;350461952;36165758;51052346
1527461273506;3163;2697;83;350461952;36166082;51053120
1527461273606;3173;2706;83;350461952;36166298;51053633
1527461273706;3183;2713;83;350461952;36166622;51054408
1527461273806;3193;2722;83;350461952;36166838;51054921
1527461273906;3203;2728;84;350461952;36167162;51055696
1527461274006;3213;2737;84;350461952;36167378;51056210
1527461274106;3223;2744;84;350461952;36167594;51056725
1527461274206;3233;2751;85;350461952;36167918;51057498
1527461274306;3243;2759;86;350461952;36168134;51058015
1527461274406;3253;2765;87;350461952;36168458;51058786
1527461274506;3263;2773;87;350461952;36168674;51059302
1527461274606;3273;2780;87;350461952;36168998;51060076
1527461274706;3283;2789;87;350461952;36169214;51060587
1527461274806;3293;2796;87;350461952;36169430;51061102
1527461274906;3303;2804;87;350461952;36169754;51061877
1527461275006;3313;2812;87;350461952;36169970;51062391
1527461275106;3323;2820;87;350461952;36170186;51062907
1527461275206;3333;2828;87;350461952;36170510;51063681
1527461275306;3343;2836;87;350461952;36170726;51064197
1527461275406;3353;2841;89;350461952;36171050;51064867
1527461275506;3363;2849;90;350461952;36171266;51065276
1527461275606;3373;2857;90;350461952;36171482;51065683
1527461275706;3383;2864;90;350461952;36171806;51066404
1527461275806;3393;2872;90;350461952;36172022;51066812
1527461275906;3403;2880;90;350461952;36172346;51067431
1527461276006;3413;2888;90;350461952;36172562;51067948
1527461276106;3423;2896;90;350461952;36172778;51068668
1527461276206;3433;2904;90;350461952;36173102;51069236
1527461276306;3443;2912;90;350461952;36173318;51069751
1527461276406;3453;2920;90;350461952;36173642;51070525
1527461276506;3463;2928;90;350461952;36173858;51071042
1527461276606;3473;2936;90;350461952;36174182;51071818
1527461276706;3483;2946;90;350461952;36174398;51072333
1527461276806;3493;2953;90;350461952;36174722;51073105
1527461276906;3503;2961;90;350461952;36174938;51073622
1527461277006;3513;2969;90;350461952;36175154;51074135
1527461277106;3523;2977;90;350461952;36175478;51074905
1527461277206;3533;2986;90;350461952;36175694;51075422
1527461277306;3543;2995;90;350461952;36176018;51076193
1527461277406;3553;3004;90;350461952;36176234;51076708
1527461277506;3563;3012;90;350461952;36176502;51077425
1527461277606;3573;3020;90;350461952;36176774;51077887
1527461277706;3583;3029;90;350461952;36177042;51078500
1527461277806;3593;3038;90;350461952;36177314;51078911
1527461277906;3603;3045;90;350461952;36177530;51079323
1527461278006;3613;3052;91;350461952;36177854;51079935
1527461278106;3623;3061;91;350461952;36178070;51080343
1527461278206;3633;3068;91;350461952;36178286;51080857
1527461278306;3643;3076;91;350461952;36178610;51081634
1527461278406;3653;3084;91;350461952;36178826;51082145
1527461278506;3663;3094;91;350461952;36179150;51082920
1527461278606;3673;3102;91;350461952;36179366;51083434
1527461278706;3683;3110;91;350461952;36179582;51083951
1527461278806;3693;3118;91;350461952;36179906;51084726
1527461278906;3703;3126;91;350461952;36180122;51085242
1527461279006;3713;3133;91;350461952;36180446;51086015
1527461279106;3723;3142;91;350461952;36180662;51086530
1527461279206;3733;3149;91;350461952;36180878;51087045
1527461279306;3743;3156;92;350461952;36181202;51087819
1527461279406;3753;3163;93;350461952;36181418;51088333
1527461279506;3763;3171;93;350461952;36181742;51089052
1527461279606;3773;3179;93;350461952;36181958;51089619
1527461279706;3783;3187;93;350461952;36182174;51090136
1527461279806;3793;3195;93;350461952;36182498;51090910
1527461279906;3803;3203;93;350461952;36182810;51091424
1527461280006;3813;3210;93;350461952;36183026;51091939
1527461280106;3823;3218;93;350461952;36183350;51092711
1527461280206;3833;3225;94;350461952;36183612;51093224
1527461280306;3843;3233;94;350461952;36183828;51093740
1527461280406;3853;3240;94;350461952;36184152;51094514
1527461280506;3863;3248;94;350461952;36184368;51095030
1527461280606;3873;3256;94;350461952;36184692;51095801
1527461280706;3883;3264;94;350461952;36184908;51096316
1527461280806;3893;3272;94;350461952;36185124;51096833
1527461280906;3903;3279;95;350461952;36185448;51097555
1527461281006;3913;3287;95;350461952;36185664;51097966
1527461281106;3923;3294;95;350461952;36185988;51098582
1527461281206;3933;3302;96;350461952;36186204;51098995
1527461281306;3943;3310;96;350461952;36186420;51099403
1527461281406;3953;3317;96;350461952;36186744;51100019
1527461281506;3963;3322;99;350461952;36186960;51100430
1527461281606;3973;3330;99;350461952;36187284;51101047
1527461281706;3983;3338;99;350461952;36187500;51101459
1527461281806;3993;3346;99;350461952;36187716;51101974
1527461281906;4003;3354;99;350461952;36188040;51102743
1527461282006;4013;3362;99;350461952;36188256;51103260
1527461282106;4023;3369;100;350461952;36188580;51104031
1527461282206;4033;3377;100;350461952;36188796;51104548
1527461282306;4043;3384;100;350461952;36189120;51105323
1527461282406;4053;3392;100;350461952;36189336;51105837
1527461282506;4063;3400;100;350461952;36189552;51106352
1527461282606;4073;3408;100;350461952;36189876;51107124
1527461282706;4083;3416;100;350461952;36190092;51107586
1527461282806;4093;3424;100;350461952;36190308;51107997
1527461282906;4103;3432;100;350461952;36190632;51108613
1527461283006;4113;3438;102;350461952;36190848;51109024
1527461283106;4123;3446;102;350461952;36191500;51109748
1527461283206;4133;3454;102;350461952;36191716;51110264
1527461283306;4143;3462;102;350461952;36192040;51111034
1527461283406;4153;3469;103;350461952;36192256;51111549
1527461283506;4163;3474;105;350461952;36192472;51112010
1527461283606;4173;3480;105;350461952;36192688;51112421
1527461283706;4183;3487;105;350461952;36192904;51112830
1527461283806;4193;3495;105;350461952;36193228;51113446
1527461283906;4203;3501;107;350461952;36193444;51113859
1527461284009;4213;3508;108;350461952;36193768;51114474
1527461284109;4223;3516;109;350461952;36193984;51114886
1527461284209;4233;3522;110;350461952;36194870;51115504
1527461284309;4243;3530;110;350461952;36195086;51115916
1527461284409;4253;3538;110;350461952;36195302;51116327
1527461284509;4263;3546;110;350461952;36195626;51116944
1527461284609;4273;3553;111;350461952;36196170;51117355
1527461284709;4283;3560;111;350461952;36196494;51118128
1527461284809;4293;3569;111;350461952;36196710;51118641
1527461284909;4303;3575;112;350461952;36197034;51119413
1527461285009;4313;3584;112;350461952;36197250;51119929
1527461285109;4323;3591;113;350461952;36197466;51120446
1527461285209;4333;3597;114;350461952;36198264;51121222
1527461285309;4343;3606;114;350461952;36198480;51121738
1527461285409;4353;3614;114;350461952;36198804;51122507
1527461285509;4363;3622;114;350461952;36199020;51123019
1527461285609;4373;3629;114;350461952;36199236;51123740
1527461285709;4383;3637;114;350461952;36199560;51124305
1527461285809;4393;3646;114;350461952;36199776;51124818
1527461285909;4403;3653;114;350461952;36200100;51125593
1527461286009;4413;3661;114;350461952;36200316;51126105
1527461286109;4423;3669;114;350461952;36200640;51126880
1527461286209;4433;3677;114;350461952;36200856;51127396
1527461286309;4443;3685;114;350461952;36201072;51127911
1527461286409;4453;3693;114;350461952;36201396;51128685
1527461286510;4463;3702;114;350461952;36201612;51129200
1527461286611;4473;3709;114;350461952;36201936;51129921
1527461286711;4483;3717;115;350461952;36202152;51130331
1527461286811;4493;3724;115;350461952;36202476;51130947
1527461286911;4503;3732;115;350461952;36202692;51131360
1527461287011;4513;3740;115;350461952;36203344;51131977
1527461287111;4523;3749;115;350461952;36203560;51132495
1527461287211;4533;3756;115;350461952;36203828;51133217
1527461287311;4543;3764;115;350461952;36204890;51133785
1527461287411;4553;3773;115;350461952;36205106;51134252
1527461287511;4563;3780;115;350461952;36205430;51134866
1527461287611;4573;3788;115;350461952;36205646;51135280
1527461287711;4583;3797;115;350461952;36205970;51135902
1527461287811;4593;3805;115;350461952;36206186;51136312
1527461287911;4603;3809;119;350461952;36206402;51136720
1527461288011;4613;3816;120;350461952;36206726;51137443
1527461288111;4623;3824;120;350461952;36206942;51137957
1527461288211;4633;3832;120;350461952;36207158;51138470
1527461288311;4643;3840;120;350461952;36207482;51139242
1527461288411;4653;3848;120;350461952;36207698;51139758
1527461288511;4663;3855;120;350461952;36208022;51140527
1527461288611;4673;3864;120;350461952;36208238;51141040
1527461288711;4683;3871;120;350461952;36208454;51141550
1527461288811;4693;3879;120;350461952;36208778;51142322
1527461288911;4703;3887;121;350461952;36208994;51142838
1527461289011;4713;3894;121;350461952;36209318;51143610
1527461289111;4723;3902;121;350461952;36209534;51144125
1527461289211;4733;3909;122;350461952;36209750;51144640
1527461289311;4743;3914;124;350461952;36210074;51145257
1527461289411;4753;3924;124;350461952;36210290;51145826
1527461289511;4763;3931;124;350461952;36210614;51146598
1527461289611;4773;3940;124;350461952;36210830;51147061
1527461289711;4783;3947;125;350461952;36211154;51147673
1527461289811;4793;3955;125;350461952;36211370;51148239
1527461289911;4803;3959;126;350461952;36211866;51148498
1527461290011;4813;3965;126;350461952;36212082;51149012
1527461290111;4823;3970;126;350461952;36212298;51149527
1527461290211;4833;3975;127;350461952;36212514;51150043
1527461290311;4843;3981;127;350461952;36212730;51150563
1527461290412;4853;3988;127;350461952;36212838;51150824
1527461290513;4863;3994;127;350461952;36213054;51151340
1527461290613;4873;4001;127;350461952;36213270;51151854
1527461290713;4883;4006;127;350461952;36213486;51152366
1527461290813;4893;4011;128;350461952;36213702;51152881
1527461290913;4903;4017;129;350461952;36213918;51153397
1527461291013;4913;4025;129;350461952;36214242;51154174
1527461291113;4923;4033;129;350461952;36214458;51154689
1527461291214;4933;4041;129;350461952;36214726;51155413
1527461291315;4943;4048;129;350461952;36215326;51155984
1527461291416;4953;4057;129;350461952;36215542;51156502
1527461291516;4963;4064;130;350461952;36215866;51157275
1527461291616;4973;4073;130;350461952;36216082;51157790
1527461291716;4983;4079;130;350461952;36216406;51158563
1527461291816;4994;4087;130;350461952;36216622;51159079
1527461291916;5004;4096;130;350461952;36216946;51159853
1527461292016;5014;4104;130;350461952;36217162;51160368
1527461292116;5024;4112;130;350461952;36217486;51161141
1527461292216;5034;4120;130;350461952;36217702;51161656
1527461292316;5044;4127;131;350461952;36218026;51162430
1527461292416;5054;4135;131;350461952;36218242;51162947
1527461292516;5064;4143;131;350461952;36218458;51163461
1527461292616;5074;4151;131;350461952;36218782;51164238
1527461292716;5084;4158;132;350461952;36218998;51164755
1527461292816;5094;4166;132;350461952;36219322;51165529
1527461292916;5104;4174;132;350461952;36219538;51166048
1527461293016;5114;4179;134;350461952;36219862;51166667
1527461293116;5124;4187;135;350461952;36220078;51167182
1527461293216;5134;4194;135;350461952;36220402;51167957
1527461293316;5144;4203;136;350461952;36220618;51168472
1527461293416;5154;4209;137;350461952;36220942;51169246
1527461293516;5164;4215;139;350461952;36221158;51169764
1527461293616;5174;4223;139;350461952;36221374;51170278
1527461293716;5184;4231;139;350461952;36221698;51171052
1527461293816;5194;4240;139;350461952;36221914;51171569
1527461293916;5204;4247;139;350461952;36222238;51172344
1527461294016;5214;4256;139;350461952;36222454;51172860
1527461294116;5224;4261;141;350461952;36222778;51173478
1527461294216;5234;4268;142;350461952;36222994;51173888
1527461294316;5244;4276;142;350461952;36223318;51174503
1527461294416;5254;4285;142;350461952;36223534;51174916
1527461294516;5264;4293;142;350461952;36223858;51175532
1527461294616;5274;4301;142;350461952;36224074;51175944
1527461294716;5284;4307;143;350461952;36224398;51176662
1527461294816;5294;4314;144;350461952;36224614;51177072
1527461294916;5304;4321;146;350461952;36224926;51177484
1527461295016;5314;4328;146;350461952;36225250;51178103
1527461295116;5324;4337;146;350461952;36225466;51178517
1527461295216;5334;4344;146;350461952;36225790;51179136
1527461295316;5344;4351;147;350461952;36226006;51179547
1527461295416;5354;4359;147;350461952;36226330;51180170
1527461295516;5364;4366;148;350461952;36226546;51180599
1527461295616;5374;4371;150;350461952;36226870;51181242
1527461295716;5384;4380;150;350461952;36227132;51181773
1527461295816;5394;4387;150;350461952;36227348;51182306
1527461295916;5404;4396;150;350461952;36227672;51183097
1527461296016;5414;4404;150;350461952;36227888;51183625
1527461296116;5424;4411;150;350461952;36228212;51184411
1527461296216;5434;4419;151;350461952;36228428;51184885
1527461296316;5444;4425;152;350461952;36228752;51185525
1527461296416;5454;4434;152;350461952;36228968;51186103
1527461296516;5464;4441;152;350461952;36229292;51186895
1527461296616;5474;4449;152;350461952;36229508;51187423
1527461296716;5484;4457;152;350461952;36229832;51188212
1527461296816;5494;4465;152;350461952;36230048;51188740
1527461296916;5504;4473;152;350461952;36230316;51189477
1527461297016;5514;4480;153;350461952;36230588;51189903
1527461297116;5524;4488;153;350461952;36230804;51190326
1527461297216;5534;4496;153;350461952;36231128;51190961
1527461297316;5544;4504;153;350461952;36231344;51191387
1527461297416;5554;4511;153;350461952;36231668;51192019
1527461297516;5564;4520;153;350461952;36231884;51192443
1527461297617;5574;4526;154;350461952;36232208;51193071
1527461297718;5584;4535;154;350461952;36232424;51193592
1527461297819;5594;4542;154;350461952;36232748;51194365
1527461297920;5604;4550;154;350461952;36232964;51194881
1527461298021;5614;4558;154;350461952;36233288;51195653
1527461298122;5624;4566;154;350461952;36233504;51196172
1527461298222;5634;4572;155;350461952;36233828;51196794
1527461298322;5644;4581;155;350461952;36234044;51197206
1527461298422;5654;4588;155;350461952;36234368;51197826
1527461298522;5664;4595;156;350461952;36234584;51198240
1527461298622;5674;4603;156;350461952;36234908;51198861
1527461298722;5684;4611;156;350461952;36235124;51199277
1527461298822;5694;4620;156;350461952;36235340;51199848
1527461298923;5704;4627;156;350461952;36235664;51200571
1527461299024;5714;4635;157;350461952;36235880;51201090
1527461299124;5724;4642;157;350461952;36236204;51201868
1527461299224;5734;4650;157;350461952;36236420;51202388
1527461299324;5744;4658;157;350461952;36236744;51203165
1527461299424;5754;4666;157;350461952;36236960;51203685
1527461299524;5764;4674;157;350461952;36237284;51204465
1527461299624;5774;4682;157;350461952;36237500;51204984
1527461299724;5784;4690;157;350461952;36237716;51205503
1527461299824;5794;4698;157;350461952;36238040;51206179
1527461299924;5804;4706;157;350461952;36238256;51206594
1527461300025;5814;4713;157;350461952;36238580;51207217
1527461300126;5824;4720;158;350461952;36238796;51207632
1527461300226;5834;4727;159;350461952;36239120;51208255
1527461300326;5844;4735;159;350461952;36239336;51208774
1527461300426;5854;4743;159;350461952;36239660;51209552
1527461300526;5864;4751;159;350461952;36239876;51210070
1527461300626;5875;4759;159;350461952;36240200;51210848
1527461300726;5885;4767;159;350461952;36240416;51211367
1527461300826;5895;4775;159;350461952;36240632;51211887
1527461300926;5905;4783;159;350461952;36240956;51212664
1527461301026;5915;4791;159;350461952;36241172;51213182
1527461301126;5925;4798;159;350461952;36241496;51213961
1527461301226;5935;4806;161;350461952;36241712;51214483
1527461301326;5945;4812;161;350461952;36241980;51215209
1527461301426;5955;4819;161;350461952;36242252;51215781
1527461301526;5965;4828;161;350461952;36242468;51216300
1527461301626;5975;4836;161;350461952;36242792;51217077
1527461301726;5985;4843;162;350461952;36243008;51217490
1527461301826;5995;4850;163;350461952;36243332;51218112
1527461301926;6005;4858;163;350461952;36243548;51218527
1527461302026;6015;4865;163;350461952;36243872;51219149
1527461302126;6025;4874;163;350461952;36244088;51219565
1527461302226;6035;4881;163;350461952;36244412;51220185
1527461302326;6045;4889;163;350461952;36244628;51220757
1527461302426;6055;4897;163;350461952;36244844;51221276
1527461302526;6065;4905;163;350461952;36245168;51222057
1527461302626;6075;4913;163;350461952;36245384;51222575
1527461302726;6085;4921;163;350461952;36245708;51223355
1527461302826;6095;4930;163;350461952;36245924;51223873
1527461302926;6105;4938;163;350461952;36246248;51224651
1527461303026;6115;4947;163;350461952;36246464;51225170
1527461303126;6125;4953;164;350461952;36246788;51225949
1527461303226;6135;4959;166;350461952;36247004;51226469
1527461303326;6145;4967;166;350461952;36247328;51227243
1527461303426;6155;4975;166;350461952;36247544;51227763
1527461303526;6165;4983;166;350461952;36247760;51228282
1527461303626;6175;4991;166;350461952;36248084;51229060
1527461303726;6185;4999;166;350461952;36248300;51229579
1527461303826;6195;5006;166;350461952;36248516;51230099
1527461303926;6205;5013;166;350461952;36248840;51230876
1527461304026;6215;5022;166;350461952;36249056;51231396
1527461304126;6225;5025;166;350461952;36249164;51231656
1527461304226;6235;5026;166;350461952;36249272;51231915
1527461304326;6245;5031;166;350461952;36249380;51232175
1527461304426;6255;5038;166;350461952;36249596;51232694
1527461304526;6265;5044;166;350461952;36249812;51233212
1527461304626;6275;5049;166;350461952;36250028;51233729
1527461304726;6285;5053;167;350461952;36250136;51233988
1527461304826;6295;5060;167;350461952;36250352;51234507
1527461304926;6305;5065;167;350461952;36250568;51235023
1527461305026;6315;5070;168;350461952;36250784;51235540
1527461305126;6325;5075;168;350461952;36250892;51235798
1527461305226;6335;5081;168;350461952;36251108;51236318
1527461305326;6345;5086;168;350461952;36251324;51236837
1527461305426;6355;5091;168;350461952;36251432;51237096
1527461305526;6365;5096;169;350461952;36251648;51237614
1527461305626;6375;5099;169;350461952;36251756;51237871
1527461305726;6385;5106;169;350461952;36251972;51238390
1527461305826;6395;5113;169;350461952;36252296;51239167
1527461305926;6405;5120;170;350461952;36252512;51239633
1527461306026;6415;5128;170;350461952;36252728;51240047
1527461306126;6425;5136;170;350461952;36253052;51240669
1527461306226;6435;5143;171;350461952;36253268;51241085
1527461306326;6445;5149;172;350461952;36253592;51241706
1527461306426;6455;5157;172;350461952;36253808;51242276
1527461306526;6465;5165;172;350461952;36254132;51243053
1527461306626;6475;5173;172;350461952;36254348;51243572
1527461306726;6485;5178;174;350461952;36254672;51244196
1527461306826;6495;5185;176;350461952;36254888;51244608
1527461306926;6505;5191;178;350461952;36255104;51245024
1527461307026;6515;5198;178;350461952;36255428;51245646
1527461307126;6525;5206;178;350461952;36255644;51246061
1527461307226;6535;5214;178;350461952;36255968;51246682
1527461307326;6545;5222;178;350461952;36256184;51247200
1527461307426;6555;5229;178;350461952;36256400;51247615
1527461307526;6565;5236;179;350461952;36256724;51248236
1527461307626;6575;5244;179;350461952;36256940;51248650
1527461307726;6585;5252;179;350461952;36257264;51249425
1527461307826;6595;5260;179;350461952;36257480;51249941
1527461307926;6605;5267;180;350461952;36257804;51250717
1527461308026;6615;5275;180;350461952;36258020;51251236
1527461308126;6625;5283;180;350461952;36258236;51251755
1527461308226;6635;5291;180;350461952;36258560;51252533
1527461308326;6645;5299;181;350461952;36258776;51253051
1527461308426;6655;5306;181;350461952;36259100;51253829
1527461308526;6665;5314;181;350461952;36259316;51254349
1527461308626;6675;5322;181;350461952;36259640;51255076
1527461308726;6685;5329;182;350461952;36259856;51255491
1527461308826;6695;5337;182;350461952;36260180;51256113
1527461308926;6705;5345;182;350461952;36260396;51256526
1527461309026;6715;5352;183;350461952;36260720;51257148
1527461309126;6725;5360;183;350461952;36260936;51257563
1527461309226;6735;5367;184;350461952;36261204;51258187
1527461309326;6745;5375;184;350461952;36261476;51258654
1527461309426;6755;5383;184;350461952;36261692;51259067
1527461309526;6765;5391;184;350461952;36262016;51259688
1527461309626;6775;5398;184;350461952;36262232;51260103
1527461309726;6785;5406;184;350461952;36262556;51260723
1527461309826;6795;5414;184;350461952;36262772;51261137
1527461309926;6805;5421;185;350461952;36263192;51261759
1527461310026;6815;5429;186;350461952;36263408;51262175
1527461310126;6825;5435;187;350461952;36263732;51262952
1527461310226;6835;5443;187;350461952;36263948;51263465
1527461310326;6845;5451;187;350461952;36264272;51264245
1527461310426;6855;5459;187;350461952;36264488;51264764
1527461310526;6865;5467;187;350461952;36264802;51265489
1527461310626;6875;5474;188;350461952;36265074;51265957
1527461310726;6885;5482;188;350461952;36265290;51266373
1527461310826;6895;5490;188;350461952;36265614;51266995
1527461310926;6905;5498;188;350461952;36265830;51267408
1527461311026;6915;5506;188;350461952;36266154;51268034
1527461311126;6925;5514;188;350461952;36266370;51268450
1527461311226;6935;5521;188;350461952;36266694;51269228
1527461311326;6945;5530;188;350461952;36266910;51269746
1527461311426;6955;5537;188;350461952;36267234;51270371
1527461311526;6965;5546;188;350461952;36267450;51270783
1527461311626;6975;5553;188;350461952;36267666;51271249
1527461311726;6985;5561;188;350461952;36267990;51272026
1527461311826;6995;5569;188;350461952;36268206;51272542
1527461311926;7005;5577;188;350461952;36268530;51273321
1527461312026;7015;5585;188;350461952;36268746;51273842
1527461312126;7025;5593;188;350461952;36269070;51274515
1527461312226;7035;5599;190;350461952;36269286;51274928
1527461312326;7045;5605;191;350461952;36269610;51275550
1527461312426;7055;5614;191;350461952;36269826;51275964
1527461312526;7065;5621;191;350461952;36270150;51276587
1527461312626;7075;5629;191;350461952;36270366;51277000
1527461312726;7085;5637;191;350461952;36270582;51277516
1527461312826;7095;5644;192;350461952;36270906;51278292
1527461312926;7105;5652;192;350461952;36271122;51278808
1527461313026;7115;5660;192;350461952;36271446;51279582
1527461313126;7125;5668;192;350461952;36271662;51280102
1527461313226;7135;5675;193;350461952;36271986;51280774
1527461313326;7145;5681;195;350461952;36272202;51281190
1527461313426;7155;5689;195;350461952;36272526;51281812
1527461313526;7165;5697;195;350461952;36272742;51282227
1527461313626;7175;5703;196;350461952;36273066;51282851
1527461313726;7185;5709;199;350461952;36273282;51283266
1527461313826;7195;5716;199;350461952;36273498;51283785
1527461313926;7205;5724;199;350461952;36273822;51284562
1527461314026;7215;5733;199;350461952;36274038;51285083
1527461314126;7225;5740;199;350461952;36274362;51285861
1527461314226;7235;5749;199;350461952;36274578;51286378
1527461314326;7245;5754;201;350461952;36274902;51287055
1527461314426;7255;5761;202;350461952;36275118;51287467
1527461314526;7265;5769;202;350461952;36275442;51288298
1527461314626;7275;5777;202;350461952;36275658;51288816
1527461314726;7285;5783;204;350461952;36275982;51289594
1527461314826;7295;5791;204;350461952;36276198;51290113
1527461314926;7305;5798;204;350461952;36276522;51290837
1527461315026;7315;5805;206;350461952;36276738;51291252
1527461315126;7325;5813;206;350461952;36276954;51291770
1527461315226;7335;5821;206;350461952;36277278;51292547
1527461315326;7345;5829;206;350461952;36277494;51293063
1527461315426;7355;5836;206;350461952;36277818;51293841
1527461315526;7365;5845;206;350461952;36278034;51294359
1527461315626;7375;5851;207;350461952;36278358;51295034
1527461315726;7385;5859;208;350461952;36278574;51295447
1527461315826;7395;5866;208;350461952;36278898;51296278
1527461315926;7405;5874;208;350461952;36279114;51296796
1527461316026;7415;5882;208;350461952;36279438;51297574
1527461316126;7425;5890;208;350461952;36279654;51298094
1527461316226;7435;5898;208;350461952;36279870;51298614
1527461316326;7445;5901;208;350461952;36279978;51298872
1527461316426;7455;5901;208;350461952;36279978;51298872
1527461316526;7465;5907;208;350461952;36280194;51299389
1527461316626;7475;5913;208;350461952;36280410;51299906
1527461316726;7485;5918;208;350461952;36280626;51300420
1527461316826;7495;5924;208;350461952;36280842;51300937
1527461316926;7505;5930;208;350461952;36281058;51301458
1527461317026;7515;5936;208;350461952;36281274;51301975
1527461317126;7525;5942;209;350461952;36281382;51302235
1527461317226;7535;5948;209;350461952;36281598;51302755
1527461317326;7545;5955;209;350461952;36281814;51303273
1527461317426;7555;5960;209;350461952;36282030;51303792
1527461317526;7565;5966;209;350461952;36282246;51304309
1527461317626;7575;5972;209;350461952;36282462;51304828
1527461317726;7585;5977;209;350461952;36282678;51305292
1527461317826;7595;5984;209;350461952;36282786;51305603
1527461317926;7605;5990;209;350461952;36283002;51306122
1527461318026;7615;5997;210;350461952;36283326;51306899
1527461318126;7625;6005;210;350461952;36283542;51307419
1527461318226;7635;6013;210;350461952;36283866;51308196
1527461318326;7645;6021;210;350461952;36284082;51308715
1527461318426;7655;6029;210;350461952;36284406;51309502
1527461318526;7665;6036;211;350461952;36284622;51310035
1527461318626;7675;6044;211;350461952;36284946;51310836
1527461318726;7685;6052;211;350461952;36285162;51311367
1527461318826;7695;6058;213;350461952;36285430;51312008
1527461318926;7705;6066;213;350461952;36285702;51312433
1527461319026;7715;6074;213;350461952;36285918;51312861
1527461319126;7725;6081;214;350461952;36286242;51313500
1527461319226;7735;6087;216;350461952;36286458;51313926
1527461319326;7745;6095;216;350461952;36286782;51314665
1527461319426;7755;6103;216;350461952;36286998;51315195
1527461319526;7765;6108;218;350461952;36287322;51315985
1527461319626;7775;6117;218;350461952;36287538;51316516
1527461319726;7785;6124;218;350461952;36287862;51317312
1527461319826;7795;6133;218;350461952;36288078;51317843
1527461319926;7805;6140;218;350461952;36288790;51318636
1527461320026;7815;6148;218;350461952;36289006;51319164
1527461320126;7825;6156;218;350461952;36289222;51319910
1527461320226;7835;6163;219;350461952;36289546;51320488
1527461320326;7845;6171;219;350461952;36289762;51321016
1527461320426;7855;6179;219;350461952;36290086;51321812
1527461320526;7865;6188;219;350461952;36290302;51322339
1527461320626;7875;6195;219;350461952;36290626;51323126
1527461320726;7885;6204;219;350461952;36290842;51323653
1527461320826;7895;6211;219;350461952;36291166;51324444
1527461320926;7905;6220;219;350461952;36291382;51324974
1527461321026;7915;6227;219;350461952;36291706;51325767
1527461321126;7925;6235;219;350461952;36291922;51326297
1527461321226;7935;6244;219;350461952;36292246;51327092
1527461321326;7945;6252;219;350461952;36292462;51327623
1527461321426;7955;6259;219;350461952;36292678;51328153
1527461321526;7965;6267;219;350461952;36293002;51328946
1527461321626;7975;6276;219;350461952;36293218;51329424
1527461321726;7985;6283;219;350461952;36293542;51330062
1527461321826;7995;6291;219;350461952;36293758;51330483
1527461321926;8005;6299;219;350461952;36294082;51331118
1527461322026;8015;6306;220;350461952;36294298;51331540
1527461322126;8025;6312;222;350461952;36294622;51332179
1527461322226;8035;6319;223;350461952;36294838;51332763
1527461322326;8045;6327;223;350461952;36295054;51333295
1527461322426;8055;6335;223;350461952;36295378;51334094
1527461322526;8065;6343;223;350461952;36295594;51334623
1527461322626;8075;6351;223;350461952;36295918;51335418
1527461322726;8085;6359;223;350461952;36296134;51335948
1527461322826;8095;6366;223;350461952;36296458;51336741
1527461322926;8105;6375;223;350461952;36296674;51337267
1527461323026;8115;6382;223;350461952;36296998;51338038
1527461323126;8125;6390;224;350461952;36297214;51338552
1527461323226;8135;6397;224;350461952;36297430;51339065
1527461323326;8145;6405;224;350461952;36297754;51339837
1527461323426;8155;6413;224;350461952;36297970;51340559
1527461323526;8165;6421;224;350461952;36298294;51341130
1527461323626;8175;6429;224;350461952;36298510;51341648
1527461323726;8185;6436;224;350461952;36298778;51342369
1527461323826;8195;6438;224;350461952;36298834;51342369
1527461323926;8205;6445;224;350461952;36299102;51342988
1527461324026;8215;6454;224;350461952;36299374;51343401
1527461324126;8225;6462;224;350461952;36299590;51343814
1527461324226;8235;6470;224;350461952;36299914;51344433
1527461324326;8245;6477;225;350461952;36300130;51344842
1527461324426;8255;6483;227;350461952;36300454;51345564
1527461324526;8265;6491;227;350461952;36300670;51346082
1527461324626;8275;6499;227;350461952;36300994;51346860
1527461324726;8285;6507;227;350461952;36301210;51347378
1527461324826;8295;6514;228;350461952;36301534;51348155
1527461324926;8305;6522;228;350461952;36301846;51348672
1527461325026;8315;6530;228;350461952;36302302;51349341
1527461325126;8325;6538;228;350461952;36302518;51349757
1527461325226;8335;6546;228;350461952;36302734;51350171
1527461325326;8345;6553;229;350461952;36303058;51350791
1527461325426;8355;6561;229;350461952;36303274;51351202
1527461325526;8365;6569;229;350461952;36303598;51351925
1527461325626;8375;6576;230;350461952;36303814;51352443
1527461325726;8385;6584;230;350461952;36304184;51353220
1527461325826;8395;6591;231;350461952;36304400;51353740
1527461325926;8405;6598;231;350461952;36304724;51354515
1527461326026;8415;6607;231;350461952;36304940;51354979
1527461326126;8425;6611;233;350461952;36305156;51355392
1527461326226;8435;6619;233;350461952;36305372;51355960
1527461326326;8445;6626;233;350461952;36305696;51356737
1527461326426;8455;6635;233;350461952;36305912;51357252
1527461326526;8465;6642;233;350461952;36306236;51358026
1527461326626;8475;6651;233;350461952;36306452;51358544
1527461326726;8485;6658;233;350461952;36306776;51359322
1527461326826;8495;6666;233;350461952;36306992;51359838
1527461326926;8505;6674;233;350461952;36307316;51360510
1527461327026;8515;6681;234;350461952;36307532;51360919
1527461327126;8525;6689;234;350461952;36307748;51361489
1527461327226;8535;6697;234;350461952;36308072;51362263
1527461327326;8545;6705;234;350461952;36308288;51362778
1527461327426;8555;6713;234;350461952;36308612;51363554
1527461327526;8565;6721;234;350461952;36308828;51364072
1527461327626;8575;6729;234;350461952;36309152;51364747
1527461327726;8585;6736;235;350461952;36309368;51365163
1527461327826;8595;6743;235;350461952;36309692;51365783
1527461327926;8605;6752;235;350461952;36309908;51366197
1527461328026;8615;6758;236;350461952;36310232;51366816
1527461328126;8625;6766;236;350461952;36310448;51367230
1527461328226;8635;6774;236;350461952;36310664;51367800
1527461328326;8645;6782;236;350461952;36310988;51368573
1527461328426;8655;6790;236;350461952;36311204;51369092
1527461328526;8665;6798;236;350461952;36311528;51369869
1527461328626;8675;6805;237;350461952;36311744;51370389
1527461328726;8685;6813;237;350461952;36312068;51371010
1527461328826;8695;6821;237;350461952;36312284;51371527
1527461328926;8705;6829;237;350461952;36312608;51372303
1527461329026;8715;6837;237;350461952;36312824;51372823
1527461329126;8725;6843;238;350461952;36313148;51373496
1527461329226;8735;6850;240;350461952;36313364;51373906
1527461329326;8745;6857;240;350461952;36313580;51374319
1527461329426;8755;6864;241;350461952;36313904;51374940
1527461329526;8765;6872;241;350461952;36314120;51375512
1527461329626;8775;6880;241;350461952;36314444;51376288
1527461329726;8785;6888;241;350461952;36314660;51376806
1527461329826;8795;6895;241;350461952;36314984;51377581
1527461329926;8805;6903;241;350461952;36315200;51378099
1527461330026;8815;6911;241;350461952;36315416;51378616
1527461330126;8825;6918;242;350461952;36315740;51379390
1527461330226;8835;6923;245;350461952;36315956;51379910
1527461330326;8845;6929;246;350461952;36316280;51380579
1527461330426;8855;6938;246;350461952;36316496;51380994
1527461330526;8865;6945;246;350461952;36316820;51381614
1527461330626;8875;6953;246;350461952;36317036;51382028
1527461330726;8885;6961;246;350461952;36317360;51382651
1527461330826;8895;6969;246;350461952;36317576;51383220
1527461330926;8905;6977;246;350461952;36317792;51383740
1527461331026;8915;6985;246;350461952;36318116;51384515
1527461331126;8925;6993;246;350461952;36318477;51385031
1527461331226;8935;7000;246;350461952;36318801;51385812
1527461331326;8945;7008;246;350461952;36319017;51386329
1527461331426;8955;7016;246;350461952;36319391;51386999
1527461331526;8965;7024;246;350461952;36319607;51387413
1527461331626;8975;7032;246;350461952;36319931;51388035
1527461331726;8985;7040;246;350461952;36320147;51388451
1527461331826;8995;7047;246;350461952;36320471;51389070
1527461331926;9005;7056;246;350461952;36320687;51389639
1527461332026;9015;7063;246;350461952;36320955;51390363
1527461332126;9025;7071;246;350461952;36321372;51390775
1527461332226;9035;7079;246;350461952;36323890;51391188
1527461332326;9045;7087;246;350461952;36324214;51391915
1527461332426;9055;7095;246;350461952;36324430;51392435
1527461332526;9065;7102;246;350461952;36324698;51393161
1527461332626;9075;7111;246;350461952;36324970;51393628
1527461332726;9085;7119;246;350461952;36325186;51394041
1527461332826;9095;7126;246;350461952;36325510;51394662
1527461332926;9105;7133;247;350461952;36325726;51395074
1527461333026;9115;7139;248;350461952;36326050;51395693
1527461333126;9125;7148;248;350461952;36326266;51396108
1527461333226;9135;7155;248;350461952;36326482;51396627
1527461333326;9145;7163;248;350461952;36326806;51397404
1527461333426;9155;7171;248;350461952;36327022;51397922
1527461333526;9165;7179;248;350461952;36327346;51398701
1527461333626;9175;7187;248;350461952;36327562;51399220
1527461333726;9185;7194;248;350461952;36327886;51399999
1527461333826;9195;7203;248;350461952;36328102;51400516
1527461333926;9205;7208;248;350461952;36328318;51400984
1527461334026;9215;7216;248;350461952;36328534;51401398
1527461334126;9225;7223;249;350461952;36328858;51402177
1527461334226;9235;7231;249;350461952;36329074;51402696
1527461334326;9245;7238;249;350461952;36329398;51403473
1527461334426;9255;7247;249;350461952;36329614;51403991
1527461334526;9265;7254;249;350461952;36329830;51404507
1527461334626;9275;7262;249;350461952;36330154;51405282
1527461334726;9285;7270;249;350461952;36330370;51405798
1527461334826;9295;7278;249;350461952;36330694;51406575
1527461334926;9305;7286;249;350461952;36330910;51407094
1527461335026;9315;7293;250;350461952;36331234;51407821
1527461335126;9325;7301;250;350461952;36331661;51408236
1527461335226;9335;7309;250;350461952;36331985;51409014
1527461335326;9345;7317;250;350461952;36332201;51409533
1527461335426;9355;7325;250;350461952;36332525;51410310
1527461335526;9365;7333;250;350461952;36332741;51410827
1527461335626;9375;7341;250;350461952;36332957;51411345
1527461335726;9385;7348;250;350461952;36333281;51412122
1527461335826;9395;7357;250;350461952;36333497;51412639
1527461335926;9405;7364;250;350461952;36333821;51413417
1527461336026;9415;7370;252;350461952;36334037;51413831
1527461336126;9425;7378;252;350461952;36334361;51414605
1527461336226;9435;7386;252;350461952;36334577;51415124
1527461336326;9445;7394;252;350461952;36334901;51415896
1527461336426;9455;7402;252;350461952;36335117;51416414
1527461336526;9465;7410;252;350461952;36335333;51416931
1527461336626;9475;7414;253;350461952;36335549;51417450
1527461336726;9485;7421;253;350461952;36335873;51418230
1527461336826;9495;7429;254;350461952;36336089;51418749
1527461336926;9505;7436;254;350461952;36336305;51419472
1527461337026;9515;7444;254;350461952;36336629;51420040
1527461337126;9525;7452;254;350461952;36336845;51420558
1527461337226;9535;7460;254;350461952;36337169;51421284
1527461337326;9545;7467;255;350461952;36337385;51421699
1527461337426;9555;7475;255;350461952;36337709;51422426
1527461337526;9565;7483;255;350461952;36337925;51422946
1527461337626;9575;7491;255;350461952;36338249;51423723
1527461337726;9585;7499;255;350461952;36338465;51424239
1527461337826;9595;7507;255;350461952;36338681;51424758
1527461337926;9605;7514;256;350461952;36339005;51425536
1527461338026;9615;7520;257;350461952;36339329;51426157
1527461338126;9625;7528;257;350461952;36339545;51426724
1527461338226;9635;7536;257;350461952;36339761;51427242
1527461338326;9645;7543;258;350461952;36340085;51427962
1527461338426;9655;7551;258;350461952;36340301;51428378
1527461338526;9665;7559;258;350461952;36340625;51429155
1527461338626;9675;7567;258;350461952;36340841;51429673
1527461338726;9685;7575;258;350461952;36341165;51430449
1527461338826;9695;7583;258;350461952;36341381;51430967
1527461338926;9705;7591;258;350461952;36341597;51431691
1527461339026;9715;7598;259;350461952;36341921;51432262
1527461339126;9725;7606;259;350461952;36342137;51432781
1527461339226;9735;7613;259;350461952;36342461;51433559
1527461339326;9745;7621;259;350461952;36342677;51434077
1527461339426;9755;7629;259;350461952;36343001;51434852
1527461339526;9765;7637;259;350461952;36343217;51435369
1527461339626;9775;7645;259;350461952;36343541;51436148
1527461339726;9785;7653;259;350461952;36343757;51436666
1527461339826;9795;7661;259;350461952;36343973;51437185
1527461339926;9805;7669;259;350461952;36344347;51437961
1527461340026;9815;7677;259;350461952;36344609;51438479
1527461340126;9825;7684;259;350461952;36344933;51439249
1527461340226;9835;7691;260;350461952;36345195;51439715
1527461340326;9845;7697;261;350461952;36345519;51440334
1527461340426;9855;7706;261;350461952;36345735;51440748
1527461340526;9865;7713;261;350461952;36345951;51441266
1527461340626;9875;7722;261;350461952;36346275;51442045
1527461340726;9885;7730;261;350461952;36346491;51442563
1527461340826;9895;7737;261;350461952;36346815;51443341
1527461340926;9905;7746;261;350461952;36347031;51443856
1527461341026;9915;7752;262;350461952;36347355;51444627
1527461341126;9925;7759;263;350461952;36347571;51445091
1527461341226;9935;7767;263;350461952;36347895;51445708
1527461341326;9945;7775;263;350461952;36348111;51446121
1527461341426;9955;7783;263;350461952;36348435;51446738
1527461341526;9965;7791;263;350461952;36348651;51447147
1527461341626;9975;7797;264;350461952;36348867;51447716
1527461341726;9985;7805;264;350461952;36349191;51448493
1527461341826;9995;7813;264;350461952;36349407;51449011
1527461341926;10005;7821;264;350461952;36349731;51449786
1527461342026;10015;7829;264;350461952;36349947;51450303
1527461342126;10025;7836;264;350461952;36350271;51451079
1527461342226;10035;7845;264;350461952;36350487;51451601
1527461342326;10045;7851;265;350461952;36350811;51452222
1527461342426;10055;7858;267;350461952;36351027;51452637
1527461342526;10065;7865;267;350461952;36351243;51453207
1527461342626;10075;7873;267;350461952;36351567;51453981
1527461342726;10085;7881;267;350461952;36351783;51454499
1527461342826;10095;7889;267;350461952;36352107;51455277
1527461342926;10105;7898;267;350461952;36352323;51455793
1527461343026;10115;7904;268;350461952;36352647;51456568
1527461343126;10125;7912;269;350461952;36352863;51457086
1527461343226;10135;7918;270;350461952;36353187;51457861
1527461343326;10145;7926;271;350461952;36353403;51458381
1527461343426;10155;7932;272;350461952;36353671;51459004
1527461343526;10165;7942;272;350461952;36353943;51459419
1527461343626;10175;7950;272;350461952;36354159;51459831
1527461343726;10185;7958;272;350461952;36354427;51460456
1527461343826;10195;7965;272;350461952;36354699;51461027
1527461343926;10205;7974;272;350461952;36354915;51461543
1527461344026;10215;7980;273;350461952;36355239;51462319
1527461344126;10225;7990;273;350461952;36355455;51462838
1527461344226;10235;7998;273;350461952;36355671;51463359
1527461344326;10245;8007;273;350461952;36355995;51464134
1527461344426;10255;8015;273;350461952;36356211;51464654
1527461344526;10265;8023;273;350461952;36356535;51465433
1527461344626;10275;8030;274;350461952;36356751;51465951
1527461344726;10285;8035;276;350461952;36357075;51466623
1527461344826;10295;8041;276;350461952;36357183;51466881
1527461344926;10305;8041;276;350461952;36357183;51466881
1527461345026;10315;8045;277;350461952;36357399;51467401
1527461345126;10325;8051;277;350461952;36357615;51467916
1527461345226;10335;8057;277;350461952;36357831;51468431
1527461345326;10345;8063;277;350461952;36357939;51468690
1527461345426;10355;8070;277;350461952;36358155;51469211
1527461345526;10365;8077;277;350461952;36358371;51469730
1527461345626;10375;8084;277;350461952;36358695;51470509
1527461345726;10385;8092;277;350461952;36358911;51471028
1527461345826;10395;8100;277;350461952;36359235;51471805
1527461345926;10405;8107;278;350461952;36359451;51472326
1527461346026;10415;8116;278;350461952;36359667;51472843
1527461346126;10425;8124;278;350461952;36359991;51473624
1527461346226;10435;8132;278;350461952;36360207;51474143
1527461346326;10445;8140;278;350461952;36360531;51474922
1527461346426;10455;8150;278;350461952;36360747;51475440
1527461346526;10465;8159;279;350461952;36361071;51476216
1527461346626;10475;8172;279;350461952;36361287;51476738
1527461346726;10485;8180;279;350461952;36361555;51477467
1527461346826;10495;8188;279;350461952;36361827;51477879
1527461346926;10505;8200;279;350461952;36362043;51478291
1527461347026;10515;8207;279;350461952;36362367;51478909
1527461347126;10525;8216;279;350461952;36362583;51479322
1527461347226;10535;8223;279;350461952;36362907;51480151
1527461347326;10545;8231;279;350461952;36363123;51480669
1527461347426;10555;8239;279;350461952;36363447;51481446
1527461347526;10565;8247;280;350461952;36363663;51481960
1527461347626;10575;8255;280;350461952;36363879;51482477
1527461347726;10585;8263;280;350461952;36364203;51483253
1527461347826;10595;8271;280;350461952;36364419;51483772
1527461347926;10605;8279;280;350461952;36364743;51484549
1527461348026;10615;8288;280;350461952;36364959;51485067
1527461348126;10625;8295;280;350461952;36365283;51485845
1527461348226;10635;8304;280;350461952;36365499;51486363
1527461348326;10645;8312;280;350461952;36365823;51487139
1527461348426;10655;8320;280;350461952;36366039;51487657
1527461348526;10665;8327;281;350461952;36366255;51488381
1527461348626;10675;8334;282;350461952;36366579;51488848
1527461348726;10685;8342;282;350461952;36366795;51489261
1527461348827;10695;8349;282;350461952;36367119;51489884
1527461348928;10705;8358;282;350461952;36367335;51490454
1527461349029;10715;8367;282;350461952;36367659;51491230
1527461349130;10725;8376;282;350461952;36367875;51491748
1527461349231;10735;8383;282;350461952;36368199;51492472
1527461349332;10745;8390;283;350461952;36368415;51492886
1527461349432;10755;8397;284;350461952;36368683;51493509
1527461349532;10765;8404;284;350461952;36368955;51494027
1527461349632;10775;8413;284;350461952;36369171;51494548
1527461349732;10785;8421;284;350461952;36369495;51495170
1527461349832;10795;8429;284;350461952;36369711;51495584
1527461349932;10805;8437;284;350461952;36370035;51496206
1527461350032;10815;8446;284;350461952;36370639;51496620
1527461350132;10825;8454;284;350461952;36370963;51497236
1527461350232;10835;8462;284;350461952;36371179;51497806
1527461350332;10845;8471;284;350461952;36371395;51498273
1527461350432;10855;8478;284;350461952;36371719;51498893
1527461350532;10865;8487;284;350461952;36371935;51499308
1527461350632;10875;8493;285;350461952;36372259;51499927
1527461350732;10885;8502;285;350461952;36372475;51500339
1527461350832;10895;8510;285;350461952;36372799;51501064
1527461350932;10905;8517;285;350461952;36373015;51501584
1527461351032;10915;8526;285;350461952;36373339;51502364
1527461351132;10925;8533;286;350461952;36373555;51502831
1527461351232;10935;8541;286;350461952;36373771;51503246
1527461351332;10945;8549;286;350461952;36374095;51504019
1527461351432;10955;8558;286;350461952;36374311;51504539
1527461351532;10965;8566;286;350461952;36374635;51505319
1527461351632;10975;8575;286;350461952;36374851;51505839
1527461351733;10985;8582;286;350461952;36375175;51506618
1527461351834;10995;8591;286;350461952;36375391;51507135
1527461351935;11005;8599;287;350461952;36375715;51507910
1527461352036;11015;8607;287;350461952;36375931;51508426
1527461352136;11026;8616;287;350461952;36376255;51509206
1527461352236;11036;8624;287;350461952;36376471;51509724
1527461352336;11046;8630;289;350461952;36376687;51510450
1527461352436;11056;8638;289;350461952;36377011;51511018
1527461352536;11066;8646;289;350461952;36377227;51511536
1527461352637;11076;8654;289;350461952;36377551;51512312
1527461352737;11086;8662;289;350461952;36377767;51512833
1527461352837;11096;8671;289;350461952;36378091;51513614
1527461352943;11106;8680;290;350789632;36378411;51514238
