currentTs;total_time;user_time;sys_time;virtual_size;in_octets;out_octets
1527463468837;1;0;0;401408;46663200;67692169
1527463468937;11;7;2;300900352;46663200;67692169
1527463469037;21;15;5;306909184;46663200;67692169
1527463469137;31;25;5;306909184;46663200;67692169
1527463469237;41;35;6;311758848;46663200;67692169
1527463469337;51;45;8;313946112;46663200;67692169
1527463469437;61;57;8;313946112;46663200;67692169
1527463469537;71;68;9;313946112;46663200;67692169
1527463469637;81;81;9;313946112;46663200;67692169
1527463469737;91;90;10;343515136;46663200;67692169
1527463469837;101;100;11;343842816;46663200;67692169
1527463469937;111;109;11;344825856;46663520;67692417
1527463470037;121;120;11;344846336;46663566;67692417
1527463470138;131;131;12;344977408;46663566;67692417
1527463470239;141;141;13;344977408;46663566;67692417
1527463470340;151;151;13;344977408;46663566;67692417
1527463470441;161;164;13;344977408;46663566;67692417
1527463470542;171;176;13;344977408;46663566;67692417
1527463470643;181;187;13;345305088;46663566;67692417
1527463470744;191;199;13;345219072;46663566;67692417
1527463470845;201;216;14;345219072;46663566;67692417
1527463470945;211;226;14;346267648;46663566;67692417
1527463471045;221;236;14;346267648;46663612;67692469
1527463471146;231;246;15;346267648;46663612;67692469
1527463471247;242;258;15;346267648;46663612;67692469
1527463471348;252;269;15;346267648;46663612;67692469
1527463471449;262;279;16;346267648;46663612;67692469
1527463471549;272;292;16;347316224;46663612;67692469
1527463471649;282;302;16;348364800;46663612;67692469
1527463471749;292;313;16;348364800;46663612;67692469
1527463471849;302;323;16;348364800;46663612;67692469
1527463471949;312;333;16;348364800;46663612;67692469
1527463472049;322;347;16;348364800;46663612;67692469
1527463472149;332;358;16;349413376;46663658;67692521
1527463472249;342;368;17;349413376;46663658;67692521
1527463472349;352;378;17;349413376;46663658;67692521
1527463472449;362;391;17;349413376;46663658;67692521
1527463472549;372;401;18;349413376;46663658;67692521
1527463472649;382;410;18;349413376;46663766;67692784
1527463472749;392;422;18;349413376;46663874;67693048
1527463472849;402;434;18;349413376;46663982;67693313
1527463472949;412;443;18;349413376;46664198;67693829
1527463473049;422;453;18;349413376;46664306;67694087
1527463473149;432;463;18;349413376;46664522;67694600
1527463473249;442;473;18;349413376;46664738;67695111
1527463473349;452;482;18;349413376;46664954;67695624
1527463473449;462;494;18;349413376;46665062;67695881
1527463473549;472;503;18;349413376;46665278;67696394
1527463473649;482;513;18;349413376;46665494;67696908
1527463473749;492;523;18;349413376;46665602;67697165
1527463473849;502;532;18;349413376;46665818;67697678
1527463473949;512;541;18;349413376;46666034;67698193
1527463474049;522;552;18;350461952;46666250;67698706
1527463474149;532;561;19;350461952;46666466;67699222
1527463474249;542;571;19;350461952;46666682;67699738
1527463474349;552;582;19;350461952;46666898;67700251
1527463474449;562;593;19;350461952;46667114;67700764
1527463474549;572;603;19;350461952;46667330;67701279
1527463474649;582;613;19;350461952;46667546;67701794
1527463474750;592;624;19;350461952;46667762;67702308
1527463474850;602;632;19;350461952;46667978;67702821
1527463474950;612;640;20;350461952;46668194;67703337
1527463475050;622;649;20;350461952;46668410;67703852
1527463475150;632;658;20;350461952;46668626;67704366
1527463475250;642;667;21;350461952;46668842;67704881
1527463475350;652;676;21;350461952;46669166;67705601
1527463475450;662;681;21;350461952;46669166;67705653
1527463475550;672;684;21;350461952;46669274;67705909
1527463475650;682;686;21;350461952;46669274;67705909
1527463475750;692;694;21;350461952;46669490;67706423
1527463475850;702;700;22;350461952;46669706;67706937
1527463475950;712;707;22;350461952;46669922;67707451
1527463476050;722;714;23;350461952;46670030;67707709
1527463476150;732;720;23;350461952;46670246;67708224
1527463476250;742;727;23;350461952;46670462;67708739
1527463476350;752;736;23;350461952;46670678;67709255
1527463476450;762;747;23;350461952;46670894;67709768
1527463476550;772;756;23;350461952;46671110;67710283
1527463476650;782;764;23;350461952;46671434;67711056
1527463476750;792;774;23;350461952;46671650;67711573
1527463476850;802;785;23;350461952;46671866;67712087
1527463476950;812;793;23;350461952;46672082;67712605
1527463477050;822;802;24;350461952;46672298;67713122
1527463477150;832;809;24;350461952;46672622;67713896
1527463477250;842;818;25;350461952;46672838;67714413
1527463477350;852;825;26;350461952;46673054;67714929
1527463477450;862;835;26;350461952;46673270;67715446
1527463477550;872;842;27;350461952;46673538;67716164
1527463477650;882;852;27;350461952;46673810;67716731
1527463477750;892;860;27;350461952;46674026;67717247
1527463477850;902;868;28;350461952;46674242;67717761
1527463477950;912;877;29;350461952;46674458;67718277
1527463478050;922;883;30;350461952;46674782;67719051
1527463478150;932;891;30;350461952;46674998;67719566
1527463478250;942;900;30;350461952;46675214;67720081
1527463478350;952;910;32;350461952;46675430;67720596
1527463478450;962;918;32;350461952;46675754;67721370
1527463478550;972;926;33;350461952;46675970;67721886
1527463478650;982;934;34;350461952;46676186;67722401
1527463478750;992;943;34;350461952;46676402;67722919
1527463478850;1002;950;35;350461952;46676618;67723435
1527463478950;1012;958;35;350461952;46676834;67723950
1527463479050;1022;966;36;350461952;46677158;67724723
1527463479150;1032;977;36;350461952;46677374;67725239
1527463479250;1042;985;36;350461952;46677590;67725755
1527463479350;1052;992;36;350461952;46677806;67726270
1527463479450;1062;1000;36;350461952;46678022;67726785
1527463479550;1072;1008;36;350461952;46678346;67727558
1527463479651;1082;1016;37;350461952;46678562;67728073
1527463479752;1092;1024;37;350461952;46678778;67728589
1527463479853;1102;1031;38;350461952;46679046;67729309
1527463479954;1112;1039;39;350461952;46679318;67729878
1527463480055;1122;1048;39;350461952;46679534;67730394
1527463480155;1132;1056;39;350461952;46679750;67730910
1527463480255;1142;1067;40;350461952;46680074;67731684
1527463480355;1152;1075;41;350461952;46680290;67732200
1527463480455;1162;1083;41;350461952;46680506;67732714
1527463480555;1172;1090;42;350461952;46680830;67733486
1527463480656;1182;1097;43;350461952;46681046;67734000
1527463480757;1193;1106;43;350461952;46681262;67734516
1527463480857;1203;1114;43;350461952;46681586;67735288
1527463480957;1213;1124;43;350461952;46681802;67735803
1527463481057;1223;1132;43;350461952;46682018;67736318
1527463481157;1233;1140;43;350461952;46682342;67737090
1527463481257;1243;1147;44;350461952;46682558;67737606
1527463481357;1253;1155;45;350461952;46682774;67738122
1527463481457;1263;1162;45;350461952;46683098;67738896
1527463481557;1273;1171;45;350461952;46683314;67739412
1527463481657;1283;1179;45;350461952;46683530;67739929
1527463481757;1293;1186;46;350461952;46683854;67740704
1527463481857;1303;1199;46;350461952;46684070;67741219
1527463481957;1313;1207;46;350461952;46684286;67741734
1527463482057;1323;1215;46;350461952;46684610;67742457
1527463482157;1333;1224;46;350461952;46684826;67743024
1527463482257;1343;1232;46;350461952;46685042;67743539
1527463482357;1353;1239;46;350461952;46685366;67744312
1527463482457;1363;1247;46;350461952;46685582;67744829
1527463482557;1373;1256;46;350461952;46685798;67745344
1527463482657;1383;1265;46;350461952;46686014;67745856
1527463482757;1393;1272;46;350461952;46686338;67746628
1527463482857;1403;1280;46;350461952;46686554;67747144
1527463482957;1413;1290;46;350461952;46686770;67747658
1527463483057;1423;1299;46;350461952;46687094;67748429
1527463483157;1433;1307;46;350461952;46687310;67748945
1527463483257;1443;1316;46;350461952;46687526;67749461
1527463483357;1453;1322;47;350461952;46688182;67750182
1527463483457;1463;1330;47;350461952;46688454;67750749
1527463483557;1473;1338;48;350461952;46688670;67751264
1527463483657;1483;1345;48;350461952;46688994;67752037
1527463483758;1493;1352;49;350461952;46689210;67752551
1527463483859;1503;1360;49;350461952;46689426;67753067
1527463483959;1513;1367;50;350461952;46689750;67753835
1527463484060;1523;1375;50;350461952;46689966;67754350
1527463484161;1533;1384;50;350461952;46690182;67754866
1527463484261;1543;1392;50;350461952;46690506;67755640
1527463484361;1553;1400;50;350461952;46690722;67756156
1527463484461;1563;1409;50;350461952;46690938;67756672
1527463484561;1573;1423;50;350461952;46691262;67757447
1527463484661;1583;1430;51;350461952;46691478;67757959
1527463484761;1593;1438;51;350461952;46691694;67758475
1527463484861;1603;1444;52;350461952;46692068;67759248
1527463484961;1613;1453;52;350461952;46692330;67759760
1527463485062;1623;1461;52;350461952;46692598;67760480
1527463485162;1633;1467;53;350461952;46692870;67761047
1527463485263;1643;1474;54;350461952;46693132;67761563
1527463485363;1653;1482;54;350461952;46693348;67762077
1527463485464;1663;1490;55;350461952;46693672;67762852
1527463485565;1673;1499;55;350461952;46693888;67763368
1527463485666;1683;1505;56;350461952;46694212;67764141
1527463485767;1694;1513;56;350461952;46694428;67764655
1527463485868;1704;1520;57;350461952;46694644;67765170
1527463485969;1714;1529;57;350461952;46694860;67765683
1527463486070;1724;1537;57;350461952;46695076;67766202
1527463486170;1734;1545;57;350461952;46695292;67766717
1527463486270;1744;1553;57;350461952;46695616;67767491
1527463486370;1754;1563;57;350461952;46695832;67768006
1527463486470;1764;1572;57;350461952;46696048;67768517
1527463486571;1774;1581;57;350461952;46696316;67769238
1527463486672;1784;1593;57;350461952;46696588;67769807
1527463486773;1794;1604;57;350461952;46696804;67770323
1527463486873;1804;1612;57;350461952;46697128;67771100
1527463486973;1814;1621;57;350461952;46697344;67771617
1527463487073;1824;1628;57;350461952;46697560;67772131
1527463487173;1834;1635;58;350461952;46697884;67772906
1527463487273;1844;1642;59;350461952;46698100;67773421
1527463487373;1854;1649;60;350461952;46698316;67773885
1527463487473;1864;1657;60;350461952;46698640;67774505
1527463487573;1874;1665;60;350461952;46698856;67775073
1527463487673;1884;1673;60;350461952;46699180;67775848
1527463487773;1894;1682;60;350461952;46699396;67776362
1527463487873;1904;1690;60;350461952;46699612;67776879
1527463487973;1914;1698;60;350461952;46699936;67777648
1527463488073;1924;1706;61;350461952;46700152;67778162
1527463488173;1934;1713;61;350461952;46700368;67778679
1527463488273;1944;1720;61;350461952;46700692;67779452
1527463488373;1954;1730;61;350461952;46700908;67779966
1527463488473;1964;1737;61;350461952;46701124;67780483
1527463488573;1974;1746;61;350461952;46701448;67781153
1527463488673;1984;1754;61;350461952;46701664;67781563
1527463488773;1994;1762;62;350461952;46701988;67782182
1527463488873;2004;1771;62;350461952;46702204;67782595
1527463488973;2014;1778;62;350461952;46702420;67783008
1527463489073;2024;1785;63;350461952;46702744;67783728
1527463489173;2034;1793;64;350461952;46702960;67784246
1527463489273;2044;1801;64;350461952;46703284;67785018
1527463489373;2054;1809;64;350461952;46703500;67785535
1527463489473;2064;1816;64;350461952;46703824;67786253
1527463489573;2074;1825;64;350461952;46704040;67786822
1527463489673;2084;1833;64;350461952;46704256;67787338
1527463489773;2094;1841;64;350461952;46704580;67788112
1527463489873;2104;1853;64;350461952;46704796;67788627
1527463489973;2114;1861;64;350461952;46705012;67789140
1527463490073;2124;1868;65;350461952;46705336;67789858
1527463490173;2134;1876;65;350461952;46705552;67790271
1527463490273;2144;1884;65;350461952;46705768;67790683
1527463490373;2154;1891;66;350461952;46706092;67791301
1527463490473;2164;1898;66;350461952;46706308;67791714
1527463490573;2174;1906;67;350461952;46706524;67792126
1527463490673;2184;1913;67;350461952;46706848;67792951
1527463490773;2194;1921;67;350461952;46707064;67793468
1527463490873;2204;1929;67;350461952;46707388;67794241
1527463490973;2214;1937;67;350461952;46707604;67794755
1527463491073;2224;1946;67;350461952;46707820;67795270
1527463491173;2234;1954;67;350461952;46708144;67796044
1527463491273;2244;1961;68;350461952;46708360;67796560
1527463491373;2254;1968;69;350461952;46708684;67797331
1527463491473;2264;1979;69;350461952;46708900;67797847
1527463491573;2274;1987;69;350461952;46709116;67798363
1527463491673;2284;1995;69;350461952;46709440;67798980
1527463491773;2294;2003;69;350461952;46709656;67799392
1527463491873;2304;2011;69;350461952;46709980;67800006
1527463491973;2314;2021;69;350461952;46710196;67800419
1527463492073;2324;2028;69;350461952;46710520;67801038
1527463492173;2334;2037;69;350461952;46710736;67801451
1527463492273;2344;2044;69;350461952;46711060;67802071
1527463492374;2354;2052;69;350461952;46711276;67802482
1527463492475;2364;2061;69;350461952;46711492;67803048
1527463492575;2374;2067;70;350461952;46711816;67803771
1527463492676;2384;2075;71;350461952;46712032;67804182
1527463492777;2395;2084;71;350461952;46712356;67804800
1527463492877;2405;2093;71;350461952;46712572;67805211
1527463492977;2415;2099;72;350461952;46712896;67805827
1527463493077;2425;2106;73;350461952;46713112;67806343
1527463493177;2435;2114;73;350461952;46713436;67807118
1527463493277;2445;2122;73;350461952;46713652;67807634
1527463493377;2455;2130;73;350461952;46713976;67808406
1527463493477;2465;2139;73;350461952;46714192;67808920
1527463493577;2475;2146;73;350461952;46714516;67809640
1527463493677;2485;2155;73;350461952;46714732;67810207
1527463493777;2495;2162;73;350461952;46714948;67810723
1527463493877;2505;2171;73;350461952;46715272;67811495
1527463493977;2515;2179;73;350461952;46715488;67812011
1527463494077;2525;2187;73;350461952;46715812;67812781
1527463494177;2535;2196;73;350461952;46716028;67813295
1527463494277;2545;2204;73;350461952;46716352;67814065
1527463494377;2555;2212;73;350461952;46716568;67814582
1527463494477;2565;2220;73;350461952;46716892;67815352
1527463494577;2575;2228;73;350461952;46717108;67815869
1527463494677;2585;2236;73;350461952;46717432;67816642
1527463494777;2595;2245;74;350461952;46717648;67817157
1527463494877;2605;2252;74;350461952;46717864;67817668
1527463494977;2615;2265;75;350461952;46718188;67818441
1527463495077;2625;2278;75;350461952;46718404;67818960
1527463495177;2635;2285;75;350461952;46718728;67819732
1527463495278;2645;2293;75;350461952;46718944;67820247
1527463495379;2655;2299;77;350461952;46719268;67821021
1527463495480;2665;2307;77;350461952;46719484;67821434
1527463495581;2675;2315;77;350461952;46719808;67822051
1527463495681;2685;2323;77;350461952;46720024;67822463
1527463495782;2695;2331;77;350461952;46720240;67822877
1527463495883;2705;2340;77;350461952;46720564;67823493
1527463495984;2715;2347;77;350461952;46720780;67823906
1527463496084;2725;2353;79;350461952;46721104;67824524
1527463496184;2735;2363;79;350461952;46721320;67824934
1527463496284;2745;2370;79;350461952;46721644;67825549
1527463496384;2755;2378;79;350461952;46721860;67825963
1527463496484;2765;2385;79;350461952;46722184;67826580
1527463496584;2775;2394;79;350461952;46722400;67827097
1527463496684;2785;2401;80;350461952;46722724;67827767
1527463496784;2795;2409;80;350461952;46722940;67828283
1527463496884;2805;2418;80;350461952;46723264;67829054
1527463496984;2815;2425;80;350461952;46723480;67829568
1527463497084;2825;2434;80;350461952;46723804;67830340
1527463497184;2835;2442;80;350461952;46724020;67830855
1527463497284;2845;2450;80;350461952;46724236;67831371
1527463497384;2855;2457;80;350461952;46724560;67832040
1527463497484;2865;2466;80;350461952;46724776;67832451
1527463497584;2875;2474;80;350461952;46725100;67833068
1527463497684;2885;2483;80;350461952;46725316;67833480
1527463497784;2895;2490;80;350461952;46725640;67834098
1527463497884;2905;2497;81;350461952;46725856;67834508
1527463497984;2915;2504;81;350461952;46726180;67835128
1527463498084;2925;2513;81;350461952;46726396;67835535
1527463498184;2935;2519;82;350461952;46726720;67836155
1527463498284;2945;2527;83;350461952;46726936;67836566
1527463498384;2955;2535;83;350461952;46727260;67837395
1527463498484;2965;2543;83;350461952;46727476;67837909
1527463498584;2975;2548;85;350461952;46727692;67838424
1527463498684;2985;2555;86;350461952;46728016;67839041
1527463498784;2995;2563;86;350461952;46728232;67839452
1527463498884;3005;2569;88;350461952;46728556;67840071
1527463498984;3015;2576;89;350461952;46728772;67840481
1527463499084;3025;2583;90;350461952;46728988;67840893
1527463499184;3035;2589;92;350461952;46729312;67841666
1527463499284;3045;2596;93;350461952;46729528;67842181
1527463499384;3055;2604;93;350461952;46729852;67842952
1527463499484;3065;2612;93;350461952;46730068;67843466
1527463499584;3075;2620;93;350461952;46730392;67844238
1527463499684;3085;2628;93;350461952;46730608;67844755
1527463499784;3095;2636;93;350461952;46730932;67845530
1527463499885;3105;2642;94;350461952;46731090;67845787
1527463499985;3115;2642;94;350461952;46731198;67846043
1527463500086;3125;2648;94;350461952;46731460;67846561
1527463500187;3136;2655;94;350461952;46731722;67847075
1527463500287;3146;2661;94;350461952;46731830;67847332
1527463500387;3156;2668;94;350461952;46732046;67847847
1527463500487;3166;2674;95;350461952;46732262;67848363
1527463500587;3176;2679;96;350461952;46732478;67848876
1527463500687;3186;2684;96;350461952;46732694;67849392
1527463500787;3196;2690;98;350461952;46732910;67849906
1527463500887;3206;2697;98;350461952;46733234;67850680
1527463500987;3216;2704;100;350461952;46733450;67851092
1527463501087;3226;2711;100;350461952;46733774;67851916
1527463501187;3236;2720;100;350461952;46733990;67852431
1527463501287;3246;2726;101;350461952;46734314;67853154
1527463501387;3256;2732;104;350461952;46734530;67853563
1527463501487;3266;2740;104;350461952;46734746;67854131
1527463501587;3276;2748;104;350461952;46735070;67854906
1527463501687;3286;2755;105;350461952;46735286;67855418
1527463501787;3296;2762;106;350461952;46735610;67856189
1527463501887;3306;2769;107;350461952;46735826;67856706
1527463501987;3316;2776;107;350461952;46736150;67857478
1527463502087;3326;2785;107;350461952;46736366;67857994
1527463502187;3336;2792;107;350461952;46736690;67858768
1527463502287;3346;2799;108;350461952;46736906;67859284
1527463502387;3356;2807;108;350461952;46737122;67859800
1527463502487;3366;2815;108;350461952;46737446;67860571
1527463502587;3376;2823;109;350461952;46737662;67861082
1527463502687;3386;2831;109;350461952;46737986;67861855
1527463502787;3396;2837;111;350461952;46738202;67862315
1527463502887;3406;2844;112;350461952;46738526;67862934
1527463502988;3416;2852;112;350461952;46738742;67863451
1527463503089;3426;2859;112;350461952;46739066;67864223
1527463503190;3436;2866;114;350461952;46739282;67864739
1527463503290;3446;2872;115;350461952;46739606;67865512
1527463503390;3456;2879;117;350461952;46739822;67865976
1527463503490;3466;2886;118;350461952;46740146;67866700
1527463503590;3476;2893;119;350461952;46740362;67867113
1527463503691;3486;2902;119;350461952;46740686;67867937
1527463503792;3496;2910;119;350461952;46740902;67868452
1527463503893;3506;2918;121;350461952;46741118;67868969
1527463503993;3516;2925;121;350461952;46741442;67869738
1527463504093;3526;2933;121;350461952;46741658;67870252
1527463504193;3536;2942;121;350461952;46741982;67871025
1527463504293;3546;2950;121;350461952;46742198;67871540
1527463504393;3556;2957;122;350461952;46742522;67872313
1527463504493;3566;2967;122;350461952;46742738;67872824
1527463504593;3576;2975;122;350461952;46742954;67873338
1527463504693;3586;2982;122;350461952;46743278;67874107
1527463504793;3596;2990;122;350461952;46743494;67874622
1527463504893;3606;2999;122;350461952;46743710;67875138
1527463504993;3616;3006;122;350461952;46744034;67875906
1527463505093;3626;3015;122;350461952;46744250;67876418
1527463505193;3636;3022;123;350461952;46744574;67877191
1527463505293;3646;3030;123;350461952;46744790;67877709
1527463505393;3656;3038;123;350461952;46745114;67878479
1527463505493;3666;3048;123;350461952;46745330;67878995
1527463505593;3676;3056;123;350461952;46745546;67879509
1527463505693;3686;3064;123;350461952;46745870;67880285
1527463505793;3696;3073;123;350461952;46746086;67880749
1527463505893;3706;3080;123;350461952;46746410;67881576
1527463505993;3716;3088;123;350461952;46746626;67882090
1527463506093;3726;3095;123;350461952;46746950;67882863
1527463506193;3736;3104;123;350461952;46747166;67883379
1527463506293;3746;3110;124;350461952;46747490;67884151
1527463506393;3756;3119;124;350461952;46747706;67884665
1527463506493;3766;3126;125;350461952;46748030;67885436
1527463506593;3776;3134;125;350461952;46748246;67885955
1527463506693;3786;3141;127;350461952;46748570;67886571
1527463506793;3796;3149;127;350461952;46748786;67886981
1527463506893;3806;3157;127;350461952;46749002;67887393
1527463506993;3816;3165;127;350461952;46749326;67888009
1527463507094;3826;3174;127;350461952;46749542;67888417
1527463507195;3836;3180;128;350461952;46749866;67889035
1527463507295;3846;3187;129;350461952;46750190;67889653
1527463507396;3856;3195;129;350461952;46750406;67890221
1527463507496;3866;3201;131;350461952;46750674;67890836
1527463507596;3876;3208;132;350461952;46750946;67891247
1527463507696;3886;3216;132;350461952;46751162;67891660
1527463507796;3896;3224;132;350461952;46751486;67892434
1527463507896;3907;3232;132;350461952;46751702;67892949
1527463507996;3917;3239;132;350461952;46752026;67893721
1527463508096;3927;3245;135;350461952;46752242;67894238
1527463508196;3937;3251;136;350461952;46752458;67894750
1527463508296;3947;3259;136;350461952;46752782;67895522
1527463508396;3957;3267;136;350461952;46752998;67896037
1527463508496;3967;3275;136;350461952;46753322;67896810
1527463508596;3977;3283;136;350461952;46753538;67897326
1527463508696;3987;3289;138;350461952;46753862;67898098
1527463508796;3997;3297;138;350461952;46754078;67898610
1527463508896;4007;3305;138;350461952;46754402;67899384
1527463508996;4017;3313;138;350461952;46754618;67899898
1527463509096;4027;3321;138;350461952;46754942;67900570
1527463509196;4037;3330;138;350461952;46755158;67900982
1527463509296;4047;3337;138;350461952;46755482;67901597
1527463509396;4057;3346;138;350461952;46755698;67902009
1527463509496;4067;3353;138;350461952;46755914;67902523
1527463509596;4077;3361;138;350461952;46756238;67903295
1527463509696;4087;3369;138;350461952;46756454;67903809
1527463509796;4097;3377;138;350461952;46756778;67904528
1527463509896;4107;3385;139;350461952;46756994;67904941
1527463509996;4117;3392;139;350461952;46757318;67905716
1527463510096;4127;3400;140;350461952;46757534;67906181
1527463510196;4137;3408;140;350461952;46757858;67906795
1527463510296;4147;3416;140;350461952;46758074;67907204
1527463510396;4157;3424;140;350461952;46758398;67907820
1527463510496;4167;3432;140;350461952;46758614;67908229
1527463510596;4177;3439;140;350461952;46758830;67908692
1527463510696;4187;3447;140;350461952;46759154;67909466
1527463510796;4197;3455;140;350461952;46759370;67909981
1527463510896;4207;3461;142;350461952;46759694;67910753
1527463510996;4217;3469;142;350461952;46759910;67911269
1527463511096;4227;3476;143;350461952;46760234;67912043
1527463511196;4237;3484;143;350461952;46760450;67912558
1527463511296;4247;3492;143;350461952;46760774;67913331
1527463511396;4257;3500;143;350461952;46760990;67913846
1527463511496;4267;3507;144;350461952;46761314;67914567
1527463511596;4277;3515;144;350461952;46761530;67914976
1527463511696;4287;3523;144;350461952;46761854;67915592
1527463511796;4297;3531;145;350461952;46762070;67916004
1527463511896;4307;3539;145;350461952;46762394;67916623
1527463511996;4317;3547;145;350461952;46762610;67917037
1527463512096;4327;3553;146;350461952;46762934;67917653
1527463512196;4337;3560;147;350461952;46763150;67918062
1527463512296;4347;3568;147;350461952;46763474;67918676
1527463512396;4357;3576;147;350461952;46763690;67919243
1527463512496;4367;3583;147;350461952;46763906;67919961
1527463512596;4377;3592;147;350461952;46764230;67920526
1527463512696;4387;3600;147;350461952;46764446;67921044
1527463512796;4397;3608;147;350461952;46764770;67921815
1527463512896;4407;3616;147;350461952;46764986;67922331
1527463512996;4417;3624;147;350461952;46765310;67922948
1527463513096;4427;3632;147;350461952;46765526;67923360
1527463513196;4437;3639;147;350461952;46765850;67923977
1527463513296;4447;3648;147;350461952;46766066;67924389
1527463513396;4457;3655;147;350461952;46766778;67925007
1527463513496;4467;3663;147;350461952;46766994;67925416
1527463513596;4477;3671;147;350461952;46767318;67926031
1527463513696;4487;3680;147;350461952;46767534;67926599
1527463513796;4497;3686;148;350461952;46767858;67927325
1527463513896;4507;3694;148;350461952;46768074;67927736
1527463513996;4517;3703;148;350461952;46768290;67928148
1527463514096;4527;3711;148;350461952;46768614;67928872
1527463514196;4537;3718;149;350461952;46768830;67929388
1527463514296;4547;3725;149;350461952;46769154;67930005
1527463514396;4557;3734;149;350461952;46769370;67930421
1527463514496;4567;3741;150;350461952;46769694;67931038
1527463514596;4577;3749;150;350461952;46769910;67931447
1527463514696;4587;3758;150;350461952;46770234;67932064
1527463514796;4597;3766;150;350461952;46770450;67932476
1527463514896;4607;3773;150;350461952;46770870;67933089
1527463514996;4617;3782;150;350461952;46771086;67933654
1527463515096;4627;3790;150;350461952;46771302;67934172
1527463515196;4637;3797;151;350461952;46771672;67934890
1527463515296;4647;3805;151;350461952;46771888;67935298
1527463515396;4657;3813;151;350461952;46772212;67936013
1527463515496;4667;3819;153;350461952;46772428;67936425
1527463515596;4677;3827;153;350461952;46772752;67937145
1527463515696;4687;3835;153;350461952;46772968;67937556
1527463515796;4697;3842;154;350461952;46773292;67938172
1527463515896;4707;3850;154;350461952;46773508;67938583
1527463515996;4717;3857;154;350461952;46773724;67939046
1527463516096;4727;3866;154;350461952;46774048;67939821
1527463516196;4737;3873;154;350461952;46774264;67940337
1527463516296;4747;3880;155;350461952;46774588;67941056
1527463516396;4757;3888;157;350461952;46774804;67941465
1527463516496;4767;3896;157;350461952;46775128;67942078
1527463516596;4777;3904;157;350461952;46775344;67942489
1527463516696;4787;3911;158;350461952;46775560;67942954
1527463516796;4797;3919;158;350461952;46775884;67943726
1527463516896;4807;3927;158;350461952;46776100;67944246
1527463516996;4817;3935;158;350461952;46776424;67945023
1527463517096;4827;3943;158;350461952;46776640;67945537
1527463517196;4837;3951;158;350461952;46776964;67946308
1527463517296;4847;3959;158;350461952;46777180;67946822
1527463517396;4857;3966;158;350461952;46777396;67947338
1527463517496;4867;3974;158;350461952;46777720;67948114
1527463517596;4877;3981;159;350461952;46777936;67948632
1527463517696;4887;3987;160;350461952;46778260;67949354
1527463517796;4897;3996;160;350461952;46778476;67949772
1527463517896;4907;4003;160;350461952;46778800;67950389
1527463517996;4917;4011;160;350461952;46779016;67950801
1527463518096;4927;4019;160;350461952;46779232;67951367
1527463518196;4937;4027;160;350461952;46779556;67952141
1527463518296;4947;4033;162;350461952;46779772;67952658
1527463518396;4957;4040;162;350461952;46780096;67953428
1527463518496;4967;4049;162;350461952;46780312;67953943
1527463518596;4977;4056;163;350461952;46780636;67954562
1527463518696;4987;4064;163;350461952;46780852;67955078
1527463518796;4997;4071;163;350461952;46781176;67955850
1527463518896;5007;4079;163;350461952;46781392;67956367
1527463518996;5017;4087;163;350461952;46781608;67956882
1527463519096;5027;4095;163;350461952;46781932;67957659
1527463519196;5037;4103;163;350461952;46782148;67958176
1527463519296;5047;4111;163;350461952;46782472;67958951
1527463519396;5057;4119;163;350461952;46782688;67959471
1527463519496;5067;4126;163;350461952;46783012;67960246
1527463519596;5077;4134;163;350461952;46783228;67960706
1527463519696;5087;4140;164;350461952;46783552;67961325
1527463519796;5097;4148;164;350461952;46784021;67961737
1527463519896;5107;4156;164;350461952;46784753;67962149
1527463519996;5117;4164;164;350461952;46785588;67962872
1527463520096;5127;4171;165;350461952;46785804;67963333
1527463520196;5137;4178;166;350461952;46786128;67963953
1527463520296;5147;4186;166;350461952;46786344;67964366
1527463520396;5157;4193;166;350461952;46786668;67964986
1527463520496;5167;4202;166;350461952;46786884;67965398
1527463520596;5177;4209;166;350461952;46787258;67966013
1527463520696;5187;4218;166;350461952;46787474;67966581
1527463520796;5197;4224;167;350461952;46788007;67967094
1527463520896;5207;4233;167;350461952;46788669;67967869
1527463520996;5217;4238;170;350461952;46788885;67968383
1527463521096;5227;4244;171;350461952;46789209;67969000
1527463521196;5237;4252;171;350461952;46789425;67969409
1527463521296;5247;4259;172;350461952;46789641;67969819
1527463521396;5257;4266;172;350461952;46789965;67970437
1527463521496;5267;4274;172;350461952;46790181;67970850
1527463521596;5277;4281;173;350461952;46790505;67971678
1527463521696;5287;4289;173;350461952;46790721;67972195
1527463521796;5297;4296;174;350461952;46791045;67972917
1527463521896;5307;4304;174;350461952;46791261;67973333
1527463521996;5317;4310;175;350461952;46791477;67973762
1527463522096;5327;4318;175;350461952;46791801;67974405
1527463522196;5337;4326;175;350461952;46792017;67974936
1527463522296;5347;4333;175;350461952;46792341;67975735
1527463522396;5357;4341;175;350461952;46792557;67976260
1527463522496;5367;4349;175;350461952;46792881;67976946
1527463522596;5377;4355;177;350461952;46793097;67977366
1527463522696;5387;4363;177;350461952;46793313;67977788
1527463522796;5397;4370;177;350461952;46793637;67978428
1527463522896;5407;4378;177;350461952;46793853;67979006
1527463522996;5417;4385;177;350461952;46794177;67979798
1527463523096;5427;4393;178;350461952;46794393;67980326
1527463523196;5437;4400;178;350461952;46794609;67981063
1527463523296;5447;4408;178;350461952;46795065;67981539
1527463523396;5457;4416;178;350461952;46795281;67981961
1527463523496;5467;4424;178;350461952;46795605;67982598
1527463523596;5477;4432;178;350461952;46795821;67983021
1527463523696;5486;4438;180;350461952;46796145;67983656
1527463523796;5496;4446;180;350461952;46796361;67984238
1527463523896;5506;4451;182;350461952;46796685;67984922
1527463523996;5517;4460;182;350461952;46796901;67985502
1527463524096;5527;4468;182;350461952;46797225;67986286
1527463524196;5537;4476;182;350461952;46797441;67986703
1527463524296;5547;4484;182;350461952;46797765;67987320
1527463524396;5557;4491;183;350461952;46797981;67987732
1527463524496;5567;4499;183;350461952;46798305;67988348
1527463524596;5577;4507;183;350461952;46798521;67988763
1527463524696;5587;4515;183;350461952;46798845;67989385
1527463524796;5597;4521;184;350461952;46799061;67989797
1527463524896;5607;4529;185;350461952;46799385;67990417
1527463524996;5617;4535;186;350461952;46799601;67990883
1527463525096;5627;4543;186;350461952;46799925;67991660
1527463525196;5637;4551;186;350461952;46800141;67992128
1527463525296;5647;4559;186;350461952;46800465;67992748
1527463525396;5657;4567;186;350461952;46800733;67993370
1527463525496;5667;4575;186;350461952;46801005;67993784
1527463525596;5677;4583;186;350461952;46801221;67994199
1527463525696;5687;4590;186;350461952;46801545;67994822
1527463525796;5697;4598;187;350461952;46801761;67995236
1527463525896;5707;4606;187;350461952;46802085;67996016
1527463525996;5717;4611;190;350461952;46802301;67996484
1527463526096;5727;4618;190;350461952;46802625;67997210
1527463526196;5737;4626;191;350461952;46802841;67997678
1527463526296;5747;4629;191;350461952;46803001;67998094
1527463526396;5757;4635;191;350461952;46803165;67998301
1527463526496;5767;4640;191;350461952;46803381;67998715
1527463526596;5777;4648;191;350461952;46803597;67999132
1527463526696;5787;4656;191;350461952;46803921;67999755
1527463526796;5797;4663;192;350461952;46804137;68000170
1527463526896;5807;4671;192;350461952;46804461;68000792
1527463526996;5817;4679;192;350461952;46804677;68001207
1527463527096;5827;4686;193;350461952;46805001;68001933
1527463527196;5837;4693;194;350461952;46805217;68002347
1527463527296;5847;4701;194;350461952;46805541;68003126
1527463527396;5857;4709;194;350461952;46805757;68003592
1527463527496;5867;4716;194;350461952;46806081;68004215
1527463527596;5877;4724;195;350461952;46806297;68004628
1527463527696;5887;4731;195;350461952;46806621;68005252
1527463527796;5897;4739;195;350461952;46806837;68005670
1527463527896;5907;4746;196;350461952;46807053;68006136
1527463527996;5917;4754;196;350461952;46807377;68006916
1527463528096;5927;4761;196;350461952;46807593;68007435
1527463528196;5937;4769;196;350461952;46807917;68008210
1527463528296;5947;4776;197;350461952;46808133;68008729
1527463528396;5957;4783;198;350461952;46808457;68009351
1527463528496;5967;4791;198;350461952;46808673;68009765
1527463528596;5977;4797;199;350461952;46808889;68010284
1527463528696;5987;4805;199;350461952;46809213;68011062
1527463528796;5997;4813;199;350461952;46809429;68011580
1527463528896;6007;4821;199;350461952;46809753;68012360
1527463528996;6017;4829;199;350461952;46809969;68012879
1527463529096;6027;4834;201;350461952;46810293;68013555
1527463529196;6037;4842;201;350461952;46810509;68013970
1527463529296;6047;4850;201;350461952;46810833;68014593
1527463529396;6057;4858;201;350461952;46811049;68015007
1527463529496;6067;4866;201;350461952;46811373;68015629
1527463529596;6077;4874;201;350461952;46811589;68016045
1527463529696;6087;4882;201;350461952;46811913;68016772
1527463529796;6097;4890;202;350461952;46812129;68017187
1527463529896;6107;4898;202;350461952;46812503;68017910
1527463529996;6117;4907;202;350461952;46812719;68018429
1527463530096;6127;4913;203;350461952;46813089;68019157
1527463530196;6137;4921;204;350461952;46813305;68019675
1527463530296;6147;4928;204;350461952;46813629;68020350
1527463530396;6157;4936;204;350461952;46813891;68020765
1527463530496;6167;4943;204;350461952;46814215;68021387
1527463530596;6177;4952;204;350461952;46814431;68021802
1527463530696;6187;4959;204;350461952;46814755;68022425
1527463530796;6197;4967;205;350461952;46814971;68022943
1527463530896;6207;4973;206;350461952;46815295;68023563
1527463530996;6217;4981;206;350461952;46815511;68024134
1527463531096;6227;4987;208;350461952;46815835;68024804
1527463531196;6237;4994;209;350461952;46816051;68025321
1527463531296;6247;5002;209;350461952;46816267;68025841
1527463531396;6257;5009;210;350461952;46816591;68026619
1527463531496;6267;5017;210;350461952;46816807;68027137
1527463531596;6277;5025;210;350461952;46817131;68027913
1527463531696;6287;5033;210;350461952;46817347;68028378
1527463531796;6297;5040;210;350461952;46817671;68029000
1527463531896;6307;5048;210;350461952;46817887;68029414
1527463531996;6317;5055;210;350461952;46818211;68030036
1527463532096;6327;5063;210;350461952;46818427;68030608
1527463532196;6337;5069;212;350461952;46818695;68031333
1527463532296;6347;5077;212;350461952;46818967;68031903
1527463532396;6357;5085;212;350461952;46819183;68032421
1527463532496;6367;5093;212;350461952;46819507;68033199
1527463532596;6377;5101;212;350461952;46819723;68033719
1527463532696;6387;5109;212;350461952;46820047;68034495
1527463532796;6397;5116;213;350461952;46820263;68034911
1527463532896;6407;5124;213;350461952;46820587;68035637
1527463532996;6417;5132;213;350461952;46820803;68036156
1527463533096;6427;5139;214;350461952;46821127;68036777
1527463533196;6437;5147;214;350461952;46821343;68037347
1527463533296;6447;5152;216;350461952;46821667;68038021
1527463533396;6457;5161;216;350461952;46821883;68038591
1527463533496;6467;5168;216;350461952;46822207;68039367
1527463533596;6477;5176;216;350461952;46822423;68039884
1527463533696;6487;5183;216;350461952;46822639;68040400
1527463533796;6497;5191;216;350461952;46822963;68041176
1527463533896;6507;5199;217;350461952;46823179;68041695
1527463533996;6517;5206;217;350461952;46823503;68042473
1527463534096;6527;5215;217;350461952;46823719;68042992
1527463534196;6537;5222;217;350461952;46823935;68043510
1527463534296;6547;5230;217;350461952;46824259;68044288
1527463534396;6557;5237;217;350461952;46824475;68044808
1527463534496;6567;5244;218;350461952;46824799;68045587
1527463534596;6577;5252;218;350461952;46825015;68046054
1527463534696;6587;5259;218;350461952;46825339;68046676
1527463534796;6597;5267;218;350461952;46825555;68047089
1527463534896;6607;5275;218;350461952;46825823;68047711
1527463534996;6617;5282;219;350461952;46826095;68048126
1527463535096;6627;5290;219;350461952;46826311;68048543
1527463535196;6637;5297;219;350461952;46826635;68049373
1527463535296;6647;5305;219;350461952;46826851;68049890
1527463535396;6657;5310;221;350461952;46827175;68050563
1527463535496;6667;5318;221;350461952;46827391;68050978
1527463535596;6677;5326;221;350461952;46827607;68051391
1527463535696;6687;5332;222;350461952;46827931;68052012
1527463535796;6697;5341;222;350461952;46828147;68052426
1527463535896;6707;5347;223;350461952;46828471;68053050
1527463535996;6717;5355;223;350461952;46828687;68053464
1527463536096;6727;5362;223;350461952;46829011;68054080
1527463536196;6737;5370;223;350461952;46829227;68054496
1527463536296;6747;5377;224;350461952;46829443;68055068
1527463536396;6757;5385;224;350461952;46829767;68055844
1527463536496;6767;5392;225;350461952;46829983;68056312
1527463536596;6777;5398;226;350461952;46830307;68056936
1527463536696;6787;5406;226;350461952;46830523;68057351
1527463536796;6797;5413;226;350461952;46830847;68057971
1527463536896;6807;5422;226;350461952;46831063;68058388
1527463536996;6817;5426;229;350461952;46831387;68059013
1527463537096;6827;5433;230;350461952;46831603;68059532
1527463537196;6837;5441;230;350461952;46831819;68060050
1527463537296;6847;5448;230;350461952;46832143;68060830
1527463537396;6857;5456;231;350461952;46832359;68061245
1527463537496;6867;5461;233;350461952;46832683;68061864
1527463537596;6877;5469;233;350461952;46832899;68062434
1527463537696;6887;5476;233;350461952;46833223;68063209
1527463537796;6897;5479;233;350461952;46833223;68063209
1527463537896;6907;5479;233;350461952;46833223;68063209
1527463537996;6917;5483;233;350461952;46833439;68063729
1527463538096;6927;5492;233;350461952;46833655;68064248
1527463538196;6937;5499;233;350461952;46833979;68065027
1527463538296;6947;5508;233;350461952;46834195;68065545
1527463538396;6957;5515;233;350461952;46834519;68066322
1527463538496;6967;5523;233;350461952;46834735;68066841
1527463538596;6977;5530;233;350461952;46835059;68067618
1527463538696;6987;5538;234;350461952;46835275;68068034
1527463538796;6997;5544;236;350461952;46835491;68068498
1527463538896;7007;5550;237;350461952;46835815;68069272
1527463538996;7017;5558;237;350461952;46836031;68069788
1527463539096;7027;5566;237;350461952;46836355;68070563
1527463539196;7037;5574;237;350461952;46836571;68071081
1527463539296;7047;5582;237;350461952;46836895;68071857
1527463539396;7057;5590;237;350461952;46837111;68072377
1527463539496;7067;5597;238;350461952;46837435;68073156
1527463539596;7077;5605;238;350461952;46837651;68073674
1527463539696;7087;5612;239;350461952;46837975;68074453
1527463539796;7097;5620;239;350461952;46838191;68074973
1527463539896;7107;5627;239;350461952;46838515;68075752
1527463539996;7117;5635;239;350461952;46838731;68076268
1527463540096;7127;5643;239;350461952;46839055;68077050
1527463540196;7137;5649;239;350461952;46839271;68077568
1527463540296;7147;5657;239;350461952;46839487;68078086
1527463540396;7157;5665;239;350461952;46839811;68078865
1527463540496;7167;5673;239;350461952;46840027;68079384
1527463540596;7177;5680;239;350461952;46840295;68080109
1527463540696;7187;5689;239;350461952;46840567;68080525
1527463540796;7197;5696;239;350461952;46840783;68081197
1527463540896;7207;5702;241;350461952;46841107;68081665
1527463540996;7217;5710;241;350461952;46841323;68082131
1527463541096;7227;5717;242;350461952;46841647;68082803
1527463541196;7237;5724;243;350461952;46841863;68083270
1527463541296;7247;5732;243;350461952;46842187;68084048
1527463541396;7257;5739;244;350461952;46842511;68084666
1527463541496;7267;5747;244;350461952;46842727;68085236
1527463541596;7277;5753;245;350461952;46843051;68085858
1527463541696;7287;5762;245;350461952;46843267;68086429
1527463541796;7297;5769;245;350461952;46843483;68087154
1527463541896;7307;5777;245;350461952;46843807;68087725
1527463541996;7317;5785;245;350461952;46844023;68088243
1527463542096;7327;5793;245;350461952;46844347;68089021
1527463542196;7337;5801;245;350461952;46844563;68089541
1527463542296;7347;5806;247;350461952;46844887;68090217
1527463542396;7357;5815;247;350461952;46845103;68090631
1527463542496;7367;5822;247;350461952;46845427;68091249
1527463542596;7377;5829;248;350461952;46845643;68091659
1527463542696;7387;5837;248;350461952;46845967;68092280
1527463542796;7397;5845;248;350461952;46846183;68092696
1527463542896;7407;5853;248;350461952;46846507;68093319
1527463542996;7417;5861;248;350461952;46846723;68093734
1527463543096;7427;5868;248;350461952;46847047;68094355
1527463543196;7437;5877;248;350461952;46847263;68094768
1527463543296;7447;5884;248;350461952;46847587;68095391
1527463543396;7457;5893;248;350461952;46848191;68095802
1527463543496;7467;5900;248;350461952;46848515;68096425
1527463543596;7477;5908;248;350461952;46848731;68096838
1527463543696;7487;5915;249;350461952;46849055;68097460
1527463543796;7497;5923;249;350461952;46849271;68097875
1527463543896;7507;5930;250;350461952;46849595;68098499
1527463543996;7517;5938;250;350461952;46849811;68098921
1527463544096;7527;5943;252;350461952;46850135;68099565
1527463544196;7537;5952;252;350461952;46850351;68099995
1527463544296;7547;5959;252;350461952;46850567;68100578
1527463544396;7557;5967;252;350461952;46850891;68101375
1527463544496;7567;5975;252;350461952;46851107;68101904
1527463544596;7577;5982;253;350461952;46851431;68102548
1527463544696;7587;5990;253;350461952;46851647;68103075
1527463544796;7597;5997;253;350461952;46851971;68103816
1527463544896;7607;6005;254;350461952;46852237;68104344
1527463544996;7617;6011;254;350461952;46852453;68104874
1527463545096;7627;6018;254;350461952;46852823;68105612
1527463545196;7637;6027;254;350461952;46853085;68106039
1527463545296;7647;6034;254;350461952;46853409;68106679
1527463545396;7657;6043;254;350461952;46853625;68107106
1527463545496;7667;6050;254;350461952;46853949;68107743
1527463545596;7677;6058;254;350461952;46854165;68108167
1527463545696;7687;6066;254;350461952;46854489;68108809
1527463545796;7697;6074;254;350461952;46854705;68109231
1527463545896;7707;6082;254;350461952;46855029;68109868
1527463545996;7717;6089;255;350461952;46855245;68110295
1527463546096;7727;6096;255;350461952;46855569;68110926
1527463546196;7737;6105;255;350461952;46855785;68111349
1527463546296;7747;6112;256;350461952;46856109;68111985
1527463546396;7757;6120;256;350461952;46856325;68112407
1527463546496;7767;6127;256;350461952;46856649;68113046
1527463546596;7777;6136;256;350461952;46856865;68113470
1527463546696;7787;6144;256;350461952;46857189;68114111
1527463546796;7797;6152;256;350461952;46857405;68114535
1527463546896;7807;6160;256;350461952;46857729;68115331
1527463546996;7817;6167;257;350461952;46857945;68115757
1527463547096;7827;6174;257;350461952;46858213;68116497
1527463547196;7837;6182;258;350461952;46858485;68116923
1527463547296;7847;6189;258;350461952;46858701;68117453
1527463547396;7857;6197;259;350461952;46859025;68118138
1527463547496;7867;6204;259;350461952;46859241;68118665
1527463547596;7877;6212;259;350461952;46859565;68119456
1527463547696;7887;6219;260;350461952;46859781;68119934
1527463547796;7897;6227;260;350461952;46860105;68120575
1527463547896;7907;6235;260;350461952;46860321;68121006
1527463547996;7917;6243;260;350461952;46860645;68121647
1527463548096;7927;6251;260;350461952;46860861;68122068
1527463548196;7937;6259;260;350461952;46861185;68122710
1527463548296;7947;6266;260;350461952;46861401;68123134
1527463548396;7957;6274;261;350461952;46861725;68123771
1527463548496;7967;6281;261;350461952;46861941;68124190
1527463548596;7977;6289;261;350461952;46862265;68124801
1527463548696;7987;6297;261;350461952;46862481;68125211
1527463548796;7997;6305;261;350461952;46862805;68125828
1527463548896;8007;6313;261;350461952;46863021;68126238
1527463548996;8017;6321;261;350461952;46863345;68126856
1527463549096;8027;6329;261;350461952;46863561;68127272
1527463549196;8037;6335;262;350461952;46863885;68127890
1527463549296;8047;6344;262;350461952;46864101;68128303
1527463549396;8057;6351;262;350461952;46864425;68128921
1527463549496;8067;6359;262;350461952;46864641;68129335
1527463549596;8077;6367;262;350461952;46864965;68129953
1527463549696;8087;6375;262;350461952;46865181;68130364
1527463549796;8097;6383;262;350461952;46865505;68130981
1527463549896;8107;6391;262;350461952;46865721;68131395
1527463549996;8117;6398;262;350461952;46866045;68132016
1527463550096;8127;6407;262;350461952;46866261;68132430
1527463550196;8137;6414;262;350461952;46866585;68133051
1527463550296;8147;6423;262;350461952;46866801;68133567
1527463550396;8157;6430;262;350461952;46867125;68134238
1527463550496;8167;6439;262;350461952;46867341;68134756
1527463550596;8177;6446;262;350461952;46867609;68135482
1527463550696;8187;6454;263;350461952;46867881;68135896
1527463550796;8197;6462;263;350461952;46868097;68136669
1527463550896;8207;6470;263;350461952;46868421;68137134
1527463550996;8217;6478;263;350461952;46868637;68137702
1527463551096;8227;6486;263;350461952;46868961;68138428
1527463551196;8237;6493;263;350461952;46869177;68138842
1527463551296;8247;6501;264;350461952;46869501;68139465
1527463551396;8257;6508;264;350461952;46869717;68139877
1527463551496;8267;6516;264;350461952;46870041;68140495
1527463551596;8277;6524;264;350461952;46870257;68140907
1527463551696;8287;6532;264;350461952;46870581;68141528
1527463551796;8297;6540;264;350461952;46870797;68141939
1527463551896;8307;6548;264;350461952;46871121;68142557
1527463551996;8317;6556;264;350461952;46871337;68142971
1527463552096;8327;6564;264;350461952;46871661;68143593
1527463552196;8337;6572;264;350461952;46871877;68144005
1527463552296;8347;6580;264;350461952;46872201;68144625
1527463552396;8357;6588;264;350461952;46872417;68145034
1527463552496;8367;6594;265;350461952;46872741;68145655
1527463552596;8377;6602;265;350461952;46872957;68146066
1527463552696;8387;6610;265;350461952;46873281;68146682
1527463552796;8397;6618;265;350461952;46873497;68147097
1527463552896;8407;6624;267;350461952;46873821;68147719
1527463552996;8417;6632;267;350461952;46874037;68148134
1527463553096;8427;6638;269;350461952;46874361;68148757
1527463553196;8437;6645;270;350461952;46874577;68149170
1527463553296;8447;6652;271;350461952;46874901;68149789
1527463553396;8457;6660;271;350461952;46875117;68150203
1527463553496;8467;6666;272;350461952;46875441;68150824
1527463553596;8477;6675;272;350461952;46875657;68151239
1527463553696;8487;6682;272;350461952;46875981;68151854
1527463553796;8497;6690;272;350461952;46876197;68152269
1527463553896;8507;6698;272;350461952;46876521;68152893
1527463553996;8517;6706;272;350461952;46876737;68153307
1527463554096;8527;6713;272;350461952;46877061;68153927
1527463554196;8537;6722;272;350461952;46877277;68154341
1527463554296;8547;6729;272;350461952;46877601;68154962
1527463554396;8557;6737;272;350461952;46877817;68155377
1527463554496;8567;6745;272;350461952;46878141;68155996
1527463554596;8577;6753;272;350461952;46878357;68156408
1527463554696;8587;6761;272;350461952;46878681;68157028
1527463554796;8597;6769;272;350461952;46878897;68157442
1527463554896;8607;6777;272;350461952;46879221;68158066
1527463554996;8617;6784;273;350461952;46879437;68158476
1527463555096;8627;6790;274;350461952;46879761;68159096
1527463555196;8637;6799;274;350461952;46879977;68159511
1527463555296;8647;6806;274;350461952;46880301;68160131
1527463555396;8657;6815;274;350461952;46880517;68160544
1527463555496;8667;6822;274;350461952;46880841;68161165
1527463555596;8677;6830;274;350461952;46881057;68161577
1527463555696;8687;6837;275;350461952;46881381;68162197
1527463555796;8697;6845;275;350461952;46881597;68162610
1527463555896;8707;6853;275;350461952;46881921;68163231
1527463555996;8717;6861;275;350461952;46882137;68163646
1527463556096;8727;6868;275;350461952;46882461;68164267
1527463556196;8737;6877;275;350461952;46882677;68164683
1527463556296;8747;6884;275;350461952;46883001;68165302
1527463556396;8757;6893;275;350461952;46883217;68165714
1527463556496;8767;6900;275;350461952;46883541;68166339
1527463556596;8777;6908;275;350461952;46883757;68166752
1527463556696;8787;6915;276;350461952;46884081;68167370
1527463556796;8797;6923;276;350461952;46884297;68167784
1527463556896;8807;6929;276;350461952;46884513;68168199
1527463556996;8817;6937;276;350461952;46884729;68168614
1527463557096;8827;6945;276;350461952;46885053;68169236
1527463557196;8837;6951;277;350461952;46885269;68169648
1527463557296;8847;6960;277;350461952;46885593;68170268
1527463557396;8857;6967;277;350461952;46885809;68170680
1527463557496;8867;6975;277;350461952;46886133;68171299
1527463557596;8877;6983;277;350461952;46886349;68171714
1527463557696;8887;6991;277;350461952;46886673;68172338
1527463557796;8897;6999;277;350461952;46886889;68172753
1527463557896;8907;7006;277;350461952;46887213;68173583
1527463557996;8917;7014;277;350461952;46887429;68174100
1527463558096;8927;7022;277;350461952;46887753;68174877
1527463558196;8937;7030;277;350461952;46887969;68175393
1527463558296;8947;7037;277;350461952;46888185;68175911
1527463558396;8957;7045;277;350461952;46888509;68176687
1527463558496;8967;7053;277;350461952;46888725;68177102
1527463558596;8977;7060;278;350461952;46889049;68177723
1527463558696;8987;7068;278;350461952;46889265;68178137
1527463558796;8997;7076;278;350461952;46889589;68178760
1527463558896;9007;7084;278;350461952;46889805;68179175
1527463558996;9017;7092;278;350461952;46890129;68179798
1527463559096;9027;7100;278;350461952;46890345;68180211
1527463559196;9037;7108;278;350461952;46890669;68180835
1527463559296;9047;7116;278;350461952;46890885;68181249
1527463559396;9057;7123;278;350461952;46891209;68181872
1527463559496;9067;7131;278;350461952;46891425;68182494
1527463559596;9077;7139;278;350461952;46891749;68182908
1527463559696;9087;7146;279;350461952;46891965;68183320
1527463559796;9097;7154;279;350461952;46892289;68183938
1527463559896;9107;7162;279;350461952;46892555;68184351
1527463559996;9117;7169;280;350461952;46892879;68184971
1527463560096;9127;7177;280;350461952;46893095;68185386
1527463560196;9137;7184;281;350461952;46893465;68186008
1527463560296;9147;7190;282;350461952;46893681;68186424
1527463560396;9157;7198;282;350461952;46894051;68187047
1527463560496;9167;7205;283;350461952;46894267;68187460
1527463560596;9177;7213;283;350461952;46894591;68188083
1527463560696;9187;7221;283;350461952;46894807;68188497
1527463560796;9197;7229;283;350461952;46895131;68189116
1527463560896;9207;7237;283;350461952;46895347;68189529
1527463560996;9217;7245;283;350461952;46895671;68190150
1527463561096;9227;7253;283;350461952;46895887;68190566
1527463561196;9237;7261;283;350461952;46896211;68191186
1527463561296;9247;7269;283;350461952;46896427;68191599
1527463561396;9257;7276;284;350461952;46896751;68192219
1527463561496;9267;7284;284;350461952;46896967;68192630
1527463561597;9277;7292;284;350461952;46897291;68193249
1527463561698;9287;7300;284;350461952;46897507;68193662
1527463561798;9297;7308;284;350461952;46897831;68194284
1527463561899;9307;7316;284;350461952;46898047;68194701
1527463562000;9317;7323;284;350461952;46898371;68195323
1527463562100;9327;7331;285;350461952;46898587;68195735
1527463562200;9337;7337;286;350461952;46898911;68196354
1527463562300;9347;7345;286;350461952;46899127;68196769
1527463562400;9357;7353;286;350461952;46899451;68197600
1527463562500;9367;7361;286;350461952;46899667;68198119
1527463562600;9377;7368;286;350461952;46899991;68198845
1527463562700;9387;7376;286;350461952;46900207;68199261
1527463562800;9397;7384;286;350461952;46900423;68199674
1527463562900;9407;7392;286;350461952;46900747;68200293
1527463563000;9417;7400;286;350461952;46900963;68200812
1527463563100;9427;7407;286;350461952;46901287;68201592
1527463563200;9437;7415;286;350461952;46901503;68202108
1527463563300;9447;7422;286;350461952;46901827;68202882
1527463563400;9457;7431;286;350461952;46902043;68203397
1527463563500;9467;7436;288;350461952;46902367;68204070
1527463563600;9477;7445;288;350461952;46902583;68204485
1527463563700;9487;7452;288;350461952;46902907;68205105
1527463563800;9497;7461;288;350461952;46903123;68205520
1527463563900;9507;7468;288;350461952;46903592;68206139
1527463564000;9517;7477;288;350461952;46903808;68206553
1527463564100;9527;7484;288;350461952;46904132;68207176
1527463564200;9537;7492;288;350461952;46904348;68207588
1527463564300;9547;7500;288;350461952;46904672;68208313
1527463564400;9557;7508;288;350461952;46904888;68208728
1527463564500;9567;7516;288;350461952;46905212;68209348
1527463564600;9577;7524;288;350461952;46905428;68209761
1527463564700;9587;7532;288;350461952;46905752;68210384
1527463564800;9597;7539;289;350461952;46905968;68210798
1527463564900;9607;7547;289;350461952;46906553;68211524
1527463565000;9617;7556;289;350461952;46906769;68211990
1527463565100;9627;7563;289;350461952;46907093;68212610
1527463565200;9637;7571;289;350461952;46907309;68213175
1527463565300;9647;7579;289;350461952;46907633;68213794
1527463565400;9657;7587;289;350461952;46907849;68214367
1527463565500;9667;7593;291;350461952;46908173;68214983
1527463565600;9677;7603;292;350461952;46908389;68215501
1527463565700;9687;7611;292;350461952;46908713;68216228
1527463565800;9697;7618;293;350461952;46908929;68216746
1527463565900;9707;7629;293;350461952;46909253;68217524
1527463566000;9717;7637;293;350461952;46909469;68218039
1527463566100;9727;7645;293;350461952;46909737;68218758
1527463566200;9737;7653;293;350461952;46910009;68219326
1527463566300;9747;7661;293;350461952;46910225;68219842
1527463566400;9757;7669;293;350461952;46910549;68220616
1527463566500;9767;7677;293;350461952;46910765;68221080
1527463566600;9777;7684;294;350461952;46911089;68221694
1527463566700;9787;7691;295;350461952;46911305;68222107
1527463566800;9797;7699;295;350461952;46911629;68222728
1527463566900;9807;7707;295;350461952;46911845;68223142
1527463567000;9817;7716;295;350461952;46912169;68223761
1527463567100;9827;7724;295;350461952;46912385;68224174
1527463567200;9837;7732;295;350461952;46912709;68224794
1527463567300;9847;7738;297;350461952;46912925;68225212
1527463567401;9857;7745;297;350461952;46913249;68225937
1527463567502;9867;7753;297;350461952;46913465;68226456
1527463567603;9877;7761;297;350461952;46913789;68227232
1527463567704;9887;7769;297;350461952;46914005;68227748
1527463567805;9897;7776;298;350461952;46914329;68228524
1527463567906;9907;7785;298;350461952;46914545;68229044
1527463568006;9917;7791;300;350461952;46914869;68229819
1527463568106;9927;7800;300;350461952;46915085;68230335
1527463568206;9937;7807;300;350461952;46915409;68231057
1527463568306;9947;7816;300;350461952;46915625;68231472
1527463568406;9957;7821;302;350461952;46915949;68232095
1527463568506;9967;7831;302;350461952;46916165;68232511
1527463568606;9977;7838;302;350461952;46916489;68233132
1527463568706;9987;7847;302;350461952;46916705;68233546
1527463568806;9997;7852;304;350461952;46917029;68234171
1527463568906;10007;7861;304;350461952;46917245;68234584
1527463569006;10017;7868;305;350461952;46917569;68235203
1527463569106;10027;7876;306;350461952;46917785;68235617
1527463569206;10037;7883;306;350461952;46918109;68236346
1527463569306;10048;7893;306;350461952;46918325;68236759
1527463569406;10058;7900;307;350461952;46918649;68237381
1527463569506;10068;7908;307;350461952;46918865;68237953
1527463569606;10078;7917;307;350461952;46919189;68238574
1527463569706;10088;7925;307;350461952;46919405;68239145
1527463569806;10098;7933;307;350461952;46919729;68239816
1527463569906;10108;7941;307;350461952;46919945;68240386
1527463570006;10118;7949;307;350461952;46920269;68241106
1527463570106;10128;7956;308;350461952;46920485;68241523
1527463570206;10138;7964;308;350461952;46920809;68242145
1527463570306;10148;7972;308;350461952;46921025;68242666
1527463570406;10158;7980;308;350461952;46921349;68243339
1527463570506;10168;7987;309;350461952;46921565;68243753
1527463570606;10178;7995;309;350461952;46921889;68244377
1527463570706;10188;8003;309;350461952;46922105;68244790
1527463570806;10198;8011;309;350461952;46922429;68245519
1527463570906;10208;8021;309;350461952;46922645;68245934
1527463571006;10218;8028;310;350461952;46922969;68246713
1527463571106;10228;8035;311;350461952;46923185;68247127
1527463571206;10238;8043;311;350461952;46923509;68247903
1527463571306;10248;8050;312;350461952;46923725;68248321
1527463571406;10258;8058;312;350461952;46924049;68249050
1527463571506;10268;8065;313;350461952;46924265;68249462
1527463571606;10278;8072;313;350461952;46924589;68250235
1527463571706;10288;8081;313;350461952;46924805;68250648
1527463571806;10298;8087;315;350461952;46925129;68251267
1527463571906;10308;8099;315;350461952;46925345;68251682
1527463572006;10318;8107;315;350461952;46925669;68252461
1527463572106;10328;8114;316;350461952;46925885;68252977
1527463572206;10338;8127;316;350461952;46926153;68253697
1527463572306;10348;8136;317;350461952;46926425;68254267
1527463572406;10358;8145;319;350461952;46926749;68254888
1527463572506;10368;8154;319;350461952;46926965;68255457
1527463572606;10378;8160;320;350461952;46927289;68256132
1527463572706;10388;8168;320;350461952;46927505;68256700
1527463572806;10398;8174;322;350461952;46927829;68257324
1527463572906;10408;8182;322;350461952;46928045;68257892
1527463573006;10418;8188;324;350461952;46928369;68258564
1527463573106;10428;8196;324;350461952;46928585;68259081
1527463573206;10438;8205;324;350461952;46928801;68259809
1527463573306;10448;8214;324;350461952;46929125;68260274
1527463573406;10458;8222;324;350461952;46929341;68260688
1527463573506;10468;8230;324;350461952;46930053;68261310
1527463573606;10478;8238;324;350461952;46930269;68261726
1527463573706;10488;8247;324;350461952;46930593;68262344
1527463573806;10498;8254;324;350461952;46930809;68262757
1527463573906;10508;8262;324;350461952;46931133;68263379
1527463574006;10518;8270;324;350461952;46931349;68263794
1527463574106;10528;8280;324;350461952;46931673;68264415
1527463574206;10538;8288;324;350461952;46931889;68264831
1527463574306;10548;8296;324;350461952;46932213;68265455
1527463574406;10558;8304;324;350461952;46932429;68265868
1527463574506;10568;8312;324;350461952;46932753;68266490
1527463574606;10578;8320;324;350461952;46932969;68266905
1527463574706;10588;8328;324;350461952;46933293;68267522
1527463574806;10598;8336;324;350461952;46933509;68267934
1527463574906;10608;8344;324;350461952;46933883;68268556
1527463575006;10618;8353;324;350461952;46934099;68268967
1527463575106;10628;8361;324;350461952;46934423;68269591
1527463575206;10638;8368;325;350461952;46934685;68270002
1527463575306;10648;8376;325;350461952;46935055;68270622
1527463575406;10658;8383;326;350461952;46935323;68271243
1527463575506;10668;8391;326;350461952;46935595;68271659
1527463575606;10678;8398;327;350461952;46935919;68272283
1527463575706;10688;8406;327;350461952;46936135;68272854
1527463575806;10698;8412;329;350461952;46936459;68273526
1527463575906;10708;8420;329;350461952;46936675;68274094
1527463576006;10718;8425;331;350461952;46936999;68274770
1527463576106;10728;8433;332;350461952;46937215;68275290
1527463576206;10738;8440;332;350461952;46937539;68275915
1527463576306;10748;8449;332;350461952;46937755;68276433
1527463576406;10758;8457;332;350461952;46938079;68277053
1527463576506;10768;8464;332;350461952;46938187;68277311
1527463576606;10778;8467;332;350461952;46938295;68277569
1527463576706;10788;8472;333;350461952;46938511;68278085
1527463576806;10798;8478;333;350461952;46938727;68278606
1527463576906;10808;8483;333;350461952;46938943;68279124
1527463577006;10818;8489;333;350461952;46939159;68279640
1527463577106;10828;8495;333;350461952;46939375;68280161
1527463577206;10838;8501;334;350461952;46939483;68280419
1527463577306;10848;8507;334;350461952;46939699;68280936
1527463577406;10858;8514;334;350461952;46939915;68281455
1527463577506;10868;8520;334;350461952;46940131;68281971
1527463577606;10878;8526;334;350461952;46940347;68282492
1527463577706;10888;8533;334;350461952;46940671;68283169
