currentTs;total_time;user_time;sys_time;virtual_size;in_octets;out_octets
1521389258574;3;0;0;311296;16398582;19152707
1521389258674;13;0;1;13340672;16398582;19152707
1521389258774;23;0;2;14794752;16398582;19152707
1521389258874;33;0;3;298643456;16398582;19152707
1521389258974;43;2;3;300900352;16398582;19152707
1521389259074;53;5;5;300900352;16398582;19152707
1521389259174;63;11;5;306909184;16398680;19152707
1521389259274;73;17;5;306909184;16398680;19152707
1521389259374;83;24;5;306909184;16398730;19152707
1521389259474;93;30;7;309858304;16398730;19152707
1521389259574;103;36;8;312897536;16398730;19152707
1521389259675;113;41;8;312807424;16398730;19152707
1521389259776;123;50;8;313946112;16398730;19152707
1521389259876;133;59;8;313946112;16398730;19152707
1521389259976;143;67;9;313946112;16398730;19152707
1521389260076;153;75;10;313946112;16398730;19152707
1521389260176;163;87;10;313946112;16398865;19152707
1521389260276;173;95;10;313946112;16398865;19152707
1521389260376;183;101;11;343515136;16398865;19152707
1521389260476;193;108;13;343842816;16398865;19152707
1521389260576;203;114;13;344170496;16398981;19152819
1521389260676;213;122;13;344825856;16399089;19152954
1521389260776;223;127;14;344825856;16399089;19152954
1521389260876;233;135;14;344846336;16399089;19152954
1521389260976;243;144;14;344977408;16399089;19152954
1521389261076;253;150;15;344977408;16399089;19152954
1521389261176;263;158;15;344977408;16399089;19152954
1521389261276;273;167;15;344977408;16399089;19152954
1521389261376;283;180;15;344977408;16399089;19152954
1521389261476;293;191;15;344977408;16399089;19152954
1521389261576;303;197;15;345071616;16399089;19152954
1521389261676;313;206;16;345214976;16399089;19152954
1521389261776;323;215;16;345219072;16399135;19153006
1521389261876;333;226;17;345219072;16399135;19153006
1521389261976;343;235;18;346267648;16399135;19153006
1521389262077;353;243;18;346267648;16399357;19153006
1521389262178;363;252;19;346267648;16399357;19153006
1521389262279;373;259;20;346267648;16399357;19153006
1521389262380;383;266;20;346267648;16399357;19153006
1521389262480;393;276;20;346267648;16399357;19153006
1521389262580;403;282;20;346267648;16399357;19153006
1521389262680;413;290;20;346267648;16399357;19153006
1521389262780;423;301;21;347316224;16399403;19153058
1521389262880;433;308;21;348364800;16399403;19153058
1521389262980;443;315;21;348364800;16399403;19153058
1521389263080;453;326;21;348364800;16399403;19153058
1521389263180;463;336;21;348364800;16399403;19153058
1521389263280;473;343;22;348364800;16399403;19153058
1521389263380;483;356;22;348364800;16399403;19153058
1521389263480;493;365;22;348364800;16399403;19153058
1521389263580;503;373;22;349413376;16399403;19153058
1521389263680;513;380;24;349413376;16399403;19153058
1521389263780;523;390;24;349413376;16399403;19153058
1521389263880;533;400;25;349413376;16399403;19153058
1521389263980;543;408;25;349413376;16399449;19153110
1521389264080;553;418;25;349413376;16399449;19153110
1521389264180;563;423;25;349413376;16399557;19153373
1521389264280;573;437;25;349413376;16399665;19153637
1521389264380;583;446;25;349413376;16399881;19154160
1521389264480;593;456;25;349413376;16399989;19154418
1521389264580;603;464;26;349413376;16400205;19154931
1521389264680;613;473;27;349413376;16400421;19155442
1521389264780;623;484;27;349413376;16400529;19155700
1521389264880;633;492;27;349413376;16400745;19156213
1521389264980;643;503;27;349413376;16400961;19156726
1521389265080;653;514;27;349413376;16401121;19157189
1521389265180;663;523;27;349413376;16401285;19157497
1521389265280;673;532;27;349413376;16401501;19158011
1521389265380;683;541;27;349413376;16401717;19158524
1521389265480;693;549;28;349413376;16401933;19159039
1521389265580;703;559;29;350461952;16402199;19159553
1521389265680;713;570;29;350461952;16402452;19159811
1521389265780;723;580;29;350461952;16402668;19160327
1521389265880;733;590;29;350461952;16402884;19160840
1521389265980;743;602;29;350461952;16403100;19161353
1521389266080;753;611;29;350461952;16403316;19161868
1521389266180;763;621;29;350461952;16403532;19162383
1521389266280;773;631;29;350461952;16403856;19163154
1521389266380;783;639;29;350461952;16404072;19163669
1521389266480;793;648;29;350461952;16404288;19164184
1521389266580;803;657;29;350461952;16404504;19164699
1521389266680;813;665;29;350461952;16404926;19165213
1521389266780;823;675;29;350461952;16405142;19165728
1521389266880;833;683;31;350461952;16405358;19166242
1521389266980;843;691;31;350461952;16405574;19166756
1521389267080;853;701;31;350461952;16405790;19167268
1521389267180;863;711;31;350461952;16406006;19167783
1521389267280;873;720;31;350461952;16406222;19168504
1521389267381;883;728;31;350461952;16406546;19169070
1521389267481;893;736;31;350461952;16406762;19169586
1521389267581;903;747;31;350461952;16406978;19170100
1521389267681;913;755;31;350461952;16407194;19170615
1521389267781;923;764;31;350461952;16407410;19171129
1521389267882;933;774;31;350461952;16407626;19171645
1521389267982;944;783;31;350461952;16407950;19172418
1521389268082;953;792;31;350461952;16408166;19172935
1521389268182;963;801;31;350461952;16408382;19173453
1521389268282;973;810;31;350461952;16408598;19173969
1521389268382;984;819;31;350461952;16408814;19174485
1521389268482;994;828;31;350461952;16409030;19175002
1521389268583;1004;836;31;350461952;16409354;19175776
1521389268684;1014;845;31;350461952;16409570;19176292
1521389268784;1024;854;31;350461952;16409786;19176805
1521389268885;1034;864;31;350461952;16410002;19177320
1521389268985;1044;872;31;350461952;16410218;19177836
1521389269085;1054;876;31;350461952;16410326;19178093
1521389269185;1064;881;32;350461952;16410542;19178608
1521389269285;1074;888;32;350461952;16410758;19179124
1521389269385;1084;893;33;350461952;16410974;19179640
1521389269485;1094;902;33;350461952;16411190;19180155
1521389269585;1104;910;33;350461952;16411406;19180670
1521389269685;1114;922;33;350461952;16411622;19181185
1521389269785;1124;929;34;350461952;16411946;19181959
1521389269885;1134;940;34;350461952;16412162;19182475
1521389269985;1144;948;35;350461952;16412378;19182990
1521389270085;1154;956;36;350461952;16412594;19183508
1521389270185;1164;963;36;350461952;16412918;19184283
1521389270285;1174;972;36;350461952;16413134;19184797
1521389270385;1184;981;37;350461952;16413350;19185312
1521389270485;1194;991;37;350461952;16413664;19185828
1521389270585;1204;998;37;350461952;16414038;19186602
1521389270685;1214;1006;38;350461952;16414254;19187115
1521389270785;1224;1015;38;350461952;16414470;19187631
1521389270885;1234;1022;39;350461952;16414794;19188405
1521389270985;1244;1030;39;350461952;16415010;19188920
1521389271085;1254;1039;39;350461952;16415226;19189435
1521389271185;1264;1047;39;350461952;16415442;19189950
1521389271285;1274;1055;39;350461952;16415766;19190725
1521389271385;1284;1063;40;350461952;16415982;19191241
1521389271485;1294;1074;40;350461952;16416333;19191757
1521389271585;1304;1083;40;350461952;16416549;19192273
1521389271685;1314;1091;40;350461952;16416873;19193046
1521389271785;1324;1100;40;350461952;16417089;19193559
1521389271885;1334;1106;42;350461952;16417305;19194075
1521389271986;1344;1113;43;350461952;16417629;19194847
1521389272086;1354;1121;43;350461952;16417845;19195362
1521389272186;1364;1130;43;350461952;16418061;19195877
1521389272286;1374;1137;44;350461952;16418385;19196650
1521389272386;1384;1146;44;350461952;16418601;19197164
1521389272486;1394;1153;45;350461952;16418913;19197679
1521389272586;1404;1161;45;350461952;16419237;19198453
1521389272686;1414;1169;45;350461952;16419453;19198968
1521389272786;1424;1178;45;350461952;16419669;19199485
1521389272886;1434;1185;45;350461952;16419983;19200208
1521389272986;1444;1193;45;350461952;16420255;19200777
1521389273086;1454;1201;45;350461952;16420471;19201293
1521389273186;1464;1213;46;350461952;16420687;19201808
1521389273286;1474;1220;46;350461952;16420955;19202529
1521389273386;1484;1229;46;350461952;16421449;19203098
1521389273486;1494;1237;46;350461952;16421665;19203613
1521389273586;1504;1244;47;350461952;16421881;19204128
1521389273686;1514;1251;47;350461952;16422205;19204901
1521389273786;1524;1258;49;350461952;16422421;19205418
1521389273886;1534;1266;49;350461952;16422637;19205933
1521389273986;1544;1273;50;350461952;16422961;19206649
1521389274086;1554;1281;51;350461952;16423177;19207061
1521389274186;1564;1289;52;350461952;16423393;19207473
1521389274286;1574;1298;53;350461952;16423717;19208088
1521389274386;1584;1305;54;350461952;16423933;19208498
1521389274486;1594;1314;54;350461952;16424149;19208910
1521389274586;1604;1321;54;350461952;16424473;19209528
1521389274686;1614;1329;54;350461952;16424689;19210095
1521389274786;1624;1337;54;350461952;16424905;19210610
1521389274886;1634;1344;55;350461952;16425509;19211125
1521389274986;1644;1351;55;350461952;16425833;19211898
1521389275086;1654;1359;55;350461952;16426049;19212412
1521389275186;1664;1367;55;350461952;16426265;19212928
1521389275287;1674;1375;55;350461952;16426589;19213592
1521389275388;1684;1382;56;350461952;16426805;19214003
1521389275489;1694;1390;56;350461952;16427021;19214519
1521389275590;1704;1397;57;350461952;16427345;19215293
1521389275690;1714;1404;57;350461952;16427561;19215809
1521389275790;1724;1410;59;350461952;16427777;19216325
1521389275890;1734;1423;59;350461952;16427993;19216842
1521389275990;1744;1430;59;350461952;16428317;19217612
1521389276090;1754;1439;59;350461952;16428533;19218128
1521389276190;1764;1447;59;350461952;16428801;19218849
1521389276290;1774;1453;60;350461952;16429073;19219413
1521389276390;1784;1460;61;350461952;16429289;19219928
1521389276490;1794;1467;62;350461952;16429613;19220700
1521389276590;1804;1478;62;350461952;16429829;19221216
1521389276690;1814;1486;62;350461952;16430045;19221730
1521389276790;1824;1494;62;350461952;16430369;19222505
1521389276890;1834;1502;62;350461952;16430585;19223021
1521389276990;1844;1510;62;350461952;16430801;19223536
1521389277090;1854;1517;62;350461952;16431125;19224308
1521389277190;1864;1525;63;350461952;16431341;19224823
1521389277290;1874;1533;63;350461952;16431557;19225336
1521389277390;1884;1542;63;350461952;16431773;19225855
1521389277490;1894;1550;63;350461952;16432097;19226575
1521389277591;1904;1556;64;350461952;16432313;19227144
1521389277692;1914;1564;65;350461952;16432529;19227659
1521389277793;1925;1573;65;350461952;16432745;19228170
1521389277893;1935;1582;65;350461952;16433069;19228943
1521389277993;1945;1593;66;350461952;16433285;19229408
1521389278093;1955;1606;66;350461952;16433501;19229820
1521389278193;1965;1614;66;350461952;16433717;19230390
1521389278293;1975;1622;66;350461952;16434041;19231166
1521389278393;1985;1630;66;350461952;16434257;19231680
1521389278493;1995;1637;66;350461952;16434581;19232455
1521389278593;2005;1646;66;350461952;16434797;19232970
1521389278693;2015;1654;66;350461952;16435013;19233486
1521389278793;2025;1661;66;350461952;16435337;19234262
1521389278893;2035;1669;67;350461952;16435553;19234674
1521389278993;2045;1676;67;350461952;16435769;19235087
1521389279094;2055;1684;67;350461952;16436093;19235703
1521389279195;2065;1693;67;350461952;16436309;19236116
1521389279296;2075;1701;67;350461952;16436633;19236729
1521389279396;2085;1709;67;350461952;16436849;19237139
1521389279496;2095;1717;67;350461952;16437065;19237552
1521389279596;2105;1725;67;350461952;16437389;19238169
1521389279696;2115;1733;67;350461952;16437605;19238579
1521389279796;2125;1741;67;350461952;16437873;19239199
1521389279896;2135;1748;67;350461952;16438145;19239610
1521389279996;2145;1757;67;350461952;16438361;19240176
1521389280096;2155;1765;67;350461952;16438685;19240795
1521389280196;2165;1771;67;350461952;16438793;19241054
1521389280296;2175;1775;67;350461952;16438901;19241312
1521389280396;2185;1778;67;350461952;16439117;19241829
1521389280496;2195;1785;68;350461952;16439225;19242086
1521389280596;2205;1791;68;350461952;16439441;19242601
1521389280696;2215;1794;70;350461952;16439657;19243119
1521389280796;2225;1801;70;350461952;16439765;19243376
1521389280897;2235;1808;70;350461952;16439981;19243891
1521389280998;2245;1814;70;350461952;16440197;19244408
1521389281099;2255;1819;70;350461952;16440413;19244922
1521389281199;2265;1825;70;350461952;16440629;19245436
1521389281299;2275;1832;70;350461952;16440845;19245953
1521389281399;2285;1838;70;350461952;16440953;19246211
1521389281499;2295;1845;70;350461952;16441169;19246726
1521389281599;2305;1854;70;350461952;16441385;19247243
1521389281699;2315;1858;72;350461952;16441601;19247757
1521389281799;2325;1865;72;350461952;16441709;19248013
1521389281899;2335;1872;72;350461952;16441925;19248526
1521389281999;2345;1877;73;350461952;16442141;19249041
1521389282099;2355;1882;73;350461952;16442357;19249559
1521389282199;2365;1891;73;350461952;16442573;19250074
1521389282299;2375;1898;73;350461952;16442897;19250849
1521389282399;2385;1906;73;350461952;16443113;19251261
1521389282499;2395;1915;73;350461952;16443381;19251878
1521389282599;2405;1922;73;350461952;16443653;19252291
1521389282699;2415;1930;73;350461952;16443977;19252909
1521389282799;2425;1936;75;350461952;16444193;19253319
1521389282899;2435;1946;76;350461952;16444409;19253728
1521389282999;2445;1953;76;350461952;16444733;19254349
1521389283100;2455;1959;76;350461952;16444841;19254605
1521389283200;2465;1962;76;350461952;16445057;19255121
1521389283300;2475;1968;77;350461952;16445165;19255377
1521389283400;2485;1975;77;350461952;16445489;19256150
1521389283500;2495;1982;78;350461952;16445705;19256666
1521389283600;2505;1990;78;350461952;16445973;19257388
1521389283700;2515;1996;80;350461952;16446245;19257955
1521389283800;2525;2005;80;350461952;16446461;19258471
1521389283900;2535;2012;80;350461952;16446785;19259242
1521389284000;2545;2019;81;350461952;16447001;19259708
1521389284100;2555;2027;81;350461952;16447325;19260326
1521389284200;2565;2035;82;350461952;16447541;19260842
1521389284300;2575;2043;82;350461952;16447865;19261618
1521389284400;2585;2051;82;350461952;16448081;19262133
1521389284500;2595;2060;82;350461952;16448297;19262649
1521389284601;2605;2066;83;350461952;16448621;19263422
1521389284702;2615;2075;83;350461952;16448837;19263938
1521389284802;2626;2083;83;350461952;16449161;19264709
1521389284902;2636;2092;83;350461952;16449377;19265225
1521389285002;2646;2098;83;350461952;16449701;19265997
1521389285102;2656;2107;83;350461952;16449917;19266515
1521389285202;2666;2114;83;350461952;16450241;19267289
1521389285302;2676;2121;84;350461952;16450457;19267750
1521389285402;2686;2129;85;350461952;16450725;19268369
1521389285502;2696;2137;85;350461952;16450997;19268883
1521389285602;2706;2146;85;350461952;16451213;19269397
1521389285702;2716;2153;85;350461952;16451537;19270169
1521389285802;2726;2162;85;350461952;16451753;19270685
1521389285902;2736;2169;85;350461952;16452077;19271458
1521389286002;2746;2177;85;350461952;16452293;19271921
1521389286102;2756;2183;87;350461952;16452617;19272536
1521389286202;2766;2188;87;350461952;16452725;19272844
1521389286302;2776;2193;87;350461952;16452941;19273358
1521389286402;2786;2199;87;350461952;16453199;19273820
1521389286502;2796;2206;87;350461952;16453817;19274131
1521389286602;2806;2211;87;350461952;16454033;19274645
1521389286702;2816;2216;87;350461952;16454249;19275159
1521389286802;2826;2222;87;350461952;16454357;19275418
1521389286902;2836;2228;87;350461952;16454623;19275934
1521389287002;2846;2233;87;350461952;16454839;19276448
1521389287102;2856;2239;87;350461952;16455055;19276962
1521389287202;2866;2245;87;350461952;16455163;19277217
1521389287312;2876;2253;87;350461952;16455379;19277733
1521389287412;2886;2263;87;350461952;16455730;19278250
1521389287513;2897;2270;87;350461952;16456102;19278767
1521389287613;2907;2276;87;350461952;16456256;19279025
1521389287713;2917;2276;87;350461952;16456256;19279025
1521389287813;2927;2281;87;350461952;16456472;19279540
1521389287913;2937;2286;87;350461952;16456688;19280054
1521389288013;2947;2293;87;350461952;16456796;19280312
1521389288113;2957;2300;87;350461952;16457012;19280829
1521389288214;2967;2305;88;350461952;16457274;19281345
1521389288314;2977;2310;89;350461952;16457622;19281860
1521389288414;2987;2315;90;350461952;16457838;19282376
1521389288514;2997;2318;92;350461952;16458054;19282894
1521389288614;3007;2324;92;350461952;16458162;19283150
1521389288715;3017;2331;93;350461952;16458486;19283925
1521389288815;3027;2339;93;350461952;16458702;19284337
1521389288915;3037;2347;93;350461952;16459026;19285057
1521389289015;3047;2356;94;350461952;16459242;19285520
1521389289115;3057;2361;96;350461952;16459566;19286137
1521389289215;3067;2370;96;350461952;16459782;19286548
1521389289315;3077;2378;96;350461952;16460243;19287168
1521389289415;3087;2386;96;350461952;16460459;19287683
1521389289515;3097;2394;96;350461952;16461231;19288303
1521389289615;3107;2402;96;350461952;16461447;19288870
1521389289715;3117;2409;97;350461952;16461771;19289536
1521389289815;3127;2417;97;350461952;16461987;19289947
1521389289915;3137;2426;97;350461952;16462203;19290357
1521389290015;3147;2433;98;350461952;16462527;19290974
1521389290115;3157;2440;99;350461952;16462743;19291387
1521389290215;3167;2448;99;350461952;16463067;19292002
1521389290316;3177;2456;100;350461952;16463283;19292414
1521389290416;3187;2464;100;350461952;16463607;19293030
1521389290517;3197;2472;100;350461952;16463823;19293443
1521389290621;3207;2480;100;350461952;16464147;19294059
1521389290722;3217;2488;100;350461952;16464363;19294627
1521389290823;3228;2495;100;350461952;16464687;19295399
1521389290923;3238;2501;102;350461952;16464903;19295915
1521389291023;3248;2508;103;350461952;16465119;19296533
1521389291123;3258;2517;103;350461952;16465443;19296946
1521389291223;3268;2525;103;350461952;16465659;19297360
1521389291324;3278;2532;103;350461952;16465983;19298079
1521389291425;3288;2540;104;350461952;16466199;19298593
1521389291526;3298;2548;104;350461952;16466523;19299369
1521389291626;3308;2556;104;350461952;16466739;19299832
1521389291726;3318;2563;105;350461952;16467063;19300449
1521389291826;3328;2571;105;350461952;16467279;19300861
1521389291926;3338;2578;105;350461952;16467603;19301476
1521389292026;3348;2587;106;350461952;16467819;19302045
1521389292126;3358;2595;106;350461952;16468035;19302454
1521389292226;3368;2596;106;350461952;16468035;19302506
1521389292326;3378;2600;106;350461952;16468143;19302763
1521389292426;3388;2604;107;350461952;16468359;19303278
1521389292526;3398;2610;107;350461952;16468575;19303791
1521389292626;3408;2614;108;350461952;16468791;19304307
1521389292726;3418;2619;109;350461952;16468899;19304567
1521389292826;3428;2625;109;350461952;16469115;19305085
1521389292926;3438;2629;109;350461952;16469223;19305342
1521389293026;3448;2635;110;350461952;16469439;19305856
1521389293126;3458;2640;111;350461952;16469655;19306371
1521389293226;3468;2646;111;350461952;16469871;19306887
1521389293326;3478;2652;111;350461952;16470087;19307401
1521389293426;3488;2658;111;350461952;16470303;19307916
1521389293527;3498;2664;111;350461952;16470519;19308432
1521389293628;3508;2670;111;350461952;16470735;19308945
1521389293728;3518;2676;111;350461952;16470843;19309204
1521389293828;3528;2683;111;350461952;16471059;19309720
1521389293928;3538;2688;112;350461952;16471275;19310233
1521389294028;3548;2693;112;350461952;16471491;19310749
1521389294128;3558;2699;112;350461952;16471707;19311265
1521389294228;3568;2704;112;350461952;16471923;19311779
1521389294328;3578;2710;112;350461952;16472139;19312296
1521389294428;3588;2717;113;350461952;16472355;19312810
1521389294528;3598;2725;113;350461952;16472571;19313327
1521389294628;3608;2734;113;350461952;16472895;19314098
1521389294728;3618;2742;113;350461952;16473111;19314614
1521389294828;3628;2751;113;350461952;16473327;19315131
1521389294928;3638;2759;113;350461952;16473651;19315795
1521389295028;3648;2767;113;350461952;16473867;19316206
1521389295128;3658;2775;113;350461952;16474191;19316825
1521389295228;3668;2784;113;350461952;16474407;19317235
1521389295328;3678;2791;113;350461952;16474731;19317853
1521389295429;3688;2800;113;350461952;16474947;19318265
1521389295529;3698;2805;115;350461952;16475271;19318936
1521389295629;3708;2813;115;350461952;16475487;19319347
1521389295729;3718;2820;116;350461952;16475811;19319958
1521389295829;3728;2827;116;350461952;16476027;19320369
1521389295929;3738;2836;116;350461952;16476243;19320780
1521389296029;3748;2843;116;350461952;16476567;19321602
1521389296129;3758;2852;116;350461952;16476783;19322119
1521389296229;3768;2859;116;350461952;16477107;19322894
1521389296329;3778;2869;117;350461952;16477323;19323408
1521389296429;3788;2876;117;350461952;16477647;19324181
1521389296529;3798;2884;117;350461952;16477863;19324697
1521389296629;3808;2891;117;350461952;16478079;19325213
1521389296729;3818;2898;117;350461952;16478403;19325989
1521389296829;3828;2905;119;350461952;16478619;19326506
1521389296929;3838;2912;120;350461952;16478835;19326917
1521389297029;3848;2920;120;350461952;16479159;19327533
1521389297129;3858;2929;120;350461952;16479375;19328102
1521389297229;3868;2936;120;350461952;16479699;19328819
1521389297329;3878;2945;120;350461952;16479915;19329385
1521389297429;3888;2950;122;350461952;16480239;19330002
1521389297530;3898;2959;123;350461952;16480455;19330413
1521389297631;3908;2966;123;350461952;16480779;19331030
1521389297731;3918;2975;123;350461952;16480995;19331437
1521389297831;3928;2982;123;350461952;16481319;19332052
1521389297931;3938;2989;124;350461952;16481535;19332460
1521389298031;3948;2996;125;350461952;16481859;19333076
1521389298131;3958;3003;125;350461952;16482075;19333488
1521389298231;3968;3013;125;350461952;16482291;19333895
1521389298331;3978;3020;126;350461952;16482615;19334508
1521389298431;3988;3028;126;350461952;16482831;19334920
1521389298531;3998;3037;126;350461952;16483155;19335537
1521389298631;4008;3045;126;350461952;16483423;19336258
1521389298731;4018;3052;127;350461952;16483695;19336669
1521389298831;4028;3060;128;350461952;16483911;19337186
1521389298931;4038;3067;128;350461952;16484235;19337961
1521389299031;4048;3076;128;350461952;16484451;19338476
1521389299131;4058;3083;128;350461952;16484775;19339249
1521389299231;4068;3092;128;350461952;16484991;19339763
1521389299331;4078;3100;128;350461952;16485315;19340433
1521389299431;4088;3107;128;350461952;16485531;19340845
1521389299531;4098;3116;128;350461952;16485855;19341461
1521389299631;4108;3124;128;350461952;16486071;19341872
1521389299732;4118;3132;128;350461952;16486395;19342643
1521389299833;4129;3138;131;350461952;16486611;19343056
1521389299934;4139;3144;133;350461952;16486935;19343778
1521389300035;4149;3153;133;350461952;16487151;19344188
1521389300135;4159;3159;134;350461952;16487475;19344804
1521389300235;4169;3167;134;350461952;16487691;19345215
1521389300335;4179;3175;134;350461952;16488015;19345987
1521389300435;4189;3182;135;350461952;16488231;19346502
1521389300535;4199;3189;136;350461952;16488447;19347018
1521389300635;4209;3197;136;350461952;16488771;19347790
1521389300735;4219;3205;136;350461952;16489039;19348510
1521389300835;4229;3213;136;350461952;16489311;19349079
1521389300935;4239;3221;136;350461952;16489527;19349491
1521389301035;4249;3229;136;350461952;16489851;19350108
1521389301135;4259;3238;136;350461952;16490067;19350519
1521389301235;4269;3243;138;350461952;16490391;19351138
1521389301335;4279;3250;139;350461952;16490607;19351547
1521389301435;4289;3258;139;350461952;16490931;19352316
1521389301535;4299;3266;140;350461952;16491147;19352729
1521389301636;4309;3274;140;350461952;16491471;19353447
1521389301737;4319;3282;140;350461952;16491739;19354067
1521389301837;4329;3290;140;350461952;16492011;19354478
1521389301937;4339;3299;140;350461952;16492227;19355091
1521389302037;4349;3307;140;350461952;16492551;19355504
1521389302137;4359;3315;140;350461952;16492767;19356119
1521389302237;4369;3323;140;350461952;16493091;19356532
1521389302337;4379;3332;140;350461952;16493307;19356946
1521389302437;4389;3339;140;350461952;16493681;19357561
1521389302537;4399;3347;141;350461952;16493897;19357972
1521389302637;4409;3354;141;350461952;16494221;19358588
1521389302737;4419;3362;141;350461952;16494483;19359154
1521389302837;4429;3370;142;350461952;16494807;19359926
1521389302937;4439;3378;142;350461952;16495023;19360441
1521389303037;4449;3386;142;350461952;16495347;19361214
1521389303137;4459;3395;142;350461952;16495563;19361732
1521389303237;4469;3402;143;350461952;16495779;19362248
1521389303337;4479;3410;143;350461952;16496149;19362862
1521389303437;4489;3419;143;350461952;16496365;19363273
1521389303537;4499;3424;145;350461952;16496689;19363993
1521389303637;4509;3433;145;350461952;16496905;19364505
1521389303737;4519;3439;146;350461952;16497229;19365277
1521389303837;4529;3448;146;350461952;16497445;19365791
1521389303937;4539;3455;146;350461952;16497769;19366566
1521389304037;4549;3463;146;350461952;16497985;19367080
1521389304137;4559;3470;147;350461952;16498309;19367750
1521389304237;4569;3477;148;350461952;16498525;19368161
1521389304337;4579;3485;148;350461952;16498741;19368573
1521389304437;4589;3492;149;350461952;16499065;19369295
1521389304537;4599;3500;149;350461952;16499281;19369706
1521389304637;4609;3507;150;350461952;16499605;19370322
1521389304737;4619;3516;150;350461952;16499821;19370733
1521389304837;4629;3522;151;350461952;16500145;19371347
1521389304937;4639;3531;151;350461952;16500749;19371759
1521389305037;4649;3538;151;350461952;16501073;19372378
1521389305137;4659;3547;151;350461952;16501289;19372946
1521389305237;4669;3554;152;350461952;16501613;19373618
1521389305337;4679;3563;152;350461952;16501829;19374130
1521389305437;4689;3570;152;350461952;16502153;19374743
1521389305538;4699;3578;153;350461952;16502369;19375258
1521389305639;4709;3586;153;350461952;16502693;19375873
1521389305740;4719;3593;154;350461952;16502909;19376282
1521389305841;4729;3600;155;350461952;16503233;19376901
1521389305941;4739;3609;155;350461952;16503449;19377413
1521389306041;4749;3616;155;350461952;16503773;19378188
1521389306141;4759;3625;155;350461952;16503989;19378704
1521389306241;4769;3633;155;350461952;16504313;19379477
1521389306341;4779;3641;155;350461952;16504529;19379993
1521389306441;4789;3650;155;350461952;16504853;19380766
1521389306541;4799;3658;155;350461952;16505069;19381281
1521389306641;4809;3666;155;350461952;16505393;19382053
1521389306741;4819;3675;155;350461952;16505609;19382463
1521389306841;4829;3682;155;350461952;16505933;19383288
1521389306941;4839;3690;155;350461952;16506149;19383805
1521389307041;4849;3699;155;350461952;16506473;19384581
1521389307141;4859;3707;155;350461952;16506689;19385097
1521389307241;4869;3715;155;350461952;16506905;19385613
1521389307341;4879;3722;156;350461952;16507229;19386233
1521389307441;4889;3730;156;350461952;16507497;19386954
1521389307541;4899;3737;157;350461952;16507769;19387370
1521389307641;4909;3746;157;350461952;16508093;19387987
1521389307741;4919;3754;157;350461952;16508309;19388396
1521389307841;4929;3762;157;350461952;16508633;19389013
1521389307941;4939;3770;157;350461952;16508849;19389425
1521389308041;4949;3778;157;350461952;16509065;19389833
1521389308141;4959;3784;158;350461952;16509389;19390447
1521389308241;4969;3790;161;350461952;16509605;19390861
1521389308341;4979;3798;161;350461952;16509929;19391475
1521389308441;4989;3800;161;350461952;16509929;19391527
1521389308541;4999;3802;161;350461952;16510037;19391783
1521389308641;5009;3807;161;350461952;16510253;19392296
1521389308741;5019;3814;162;350461952;16510469;19392806
1521389308841;5029;3822;162;350461952;16510685;19393322
1521389308942;5039;3828;163;350461952;16511009;19394094
1521389309042;5050;3837;163;350461952;16511225;19394609
1521389309142;5059;3845;163;350461952;16511549;19395381
1521389309242;5069;3851;164;350461952;16511765;19395792
1521389309342;5079;3860;164;350461952;16512089;19396409
1521389309443;5090;3869;164;350461952;16512305;19396822
1521389309544;5100;3875;165;350461952;16512629;19397438
1521389309644;5110;3882;166;350461952;16512845;19397849
1521389309744;5120;3891;166;350461952;16513169;19398461
1521389309844;5130;3899;166;350461952;16513385;19398871
1521389309944;5140;3906;167;350461952;16513709;19399488
1521389310045;5150;3915;167;350461952;16513925;19399899
1521389310146;5160;3921;168;350461952;16514249;19400518
1521389310247;5170;3930;168;350461952;16514465;19400936
1521389310348;5180;3937;168;350461952;16514789;19401552
1521389310449;5190;3945;168;350461952;16515005;19401962
1521389310549;5200;3953;168;350461952;16515329;19402577
1521389310649;5210;3962;168;350461952;16515545;19403093
1521389310749;5220;3969;168;350461952;16515869;19403766
1521389310849;5230;3977;169;350461952;16516085;19404281
1521389310949;5240;3985;169;350461952;16516409;19404953
1521389311049;5250;3994;169;350461952;16516625;19405368
1521389311149;5260;4001;169;350461952;16516949;19405989
1521389311249;5270;4010;169;350461952;16517165;19406399
1521389311349;5280;4014;172;350461952;16517489;19407016
1521389311449;5290;4023;172;350461952;16517705;19407427
1521389311549;5300;4030;172;350461952;16518029;19408047
1521389311649;5310;4038;172;350461952;16518245;19408457
1521389311749;5320;4045;173;350461952;16518569;19409228
1521389311849;5330;4053;173;350461952;16518785;19409745
1521389311949;5340;4061;173;350461952;16519109;19410519
1521389312049;5350;4069;173;350461952;16519325;19411034
1521389312149;5360;4077;173;350461952;16519649;19411808
1521389312249;5370;4086;173;350461952;16519865;19412323
1521389312349;5380;4094;173;350461952;16520189;19412944
1521389312449;5390;4102;173;350461952;16520405;19413357
1521389312549;5400;4110;173;350461952;16520673;19413976
1521389312649;5410;4117;174;350461952;16520945;19414392
1521389312749;5420;4125;175;350461952;16521269;19415011
1521389312849;5430;4131;176;350461952;16521485;19415419
1521389312949;5440;4140;176;350461952;16521701;19415833
1521389313050;5450;4146;177;350461952;16522025;19416450
1521389313151;5460;4155;177;350461952;16522241;19416862
1521389313252;5470;4162;177;350461952;16522509;19417585
1521389313352;5481;4169;177;350461952;16522781;19418150
1521389313452;5491;4176;178;350461952;16522997;19418668
1521389313552;5501;4183;179;350461952;16523321;19419443
1521389313652;5511;4192;179;350461952;16523537;19419960
1521389313753;5521;4199;180;350461952;16523753;19420476
1521389313853;5531;4206;180;350461952;16524077;19421250
1521389313953;5541;4214;180;350461952;16524293;19421764
1521389314053;5551;4222;180;350461952;16524509;19422279
1521389314153;5561;4230;180;350461952;16524833;19423052
1521389314253;5571;4237;181;350461952;16525049;19423514
1521389314353;5581;4243;182;350461952;16525373;19424132
1521389314453;5591;4252;182;350461952;16525589;19424541
1521389314553;5601;4259;182;350461952;16525805;19425003
1521389314653;5611;4267;182;350461952;16526129;19425776
1521389314753;5621;4275;182;350461952;16526345;19426292
1521389314853;5631;4281;183;350461952;16526669;19427069
1521389314953;5641;4289;183;350461952;16526885;19427585
1521389315053;5651;4296;184;350461952;16527101;19428102
1521389315153;5661;4304;184;350461952;16527425;19428876
1521389315253;5671;4312;184;350461952;16527641;19429405
1521389315353;5681;4318;186;350461952;16527965;19430048
1521389315453;5691;4326;186;350461952;16528181;19430475
1521389315553;5701;4334;186;350461952;16528505;19431222
1521389315653;5711;4342;186;350461952;16528721;19431646
1521389315753;5721;4349;186;350461952;16529045;19432281
1521389315854;5731;4357;186;350461952;16529261;19432701
1521389315955;5741;4365;186;350461952;16529529;19433489
1521389316055;5751;4373;186;350461952;16529801;19434073
1521389316155;5761;4380;187;350461952;16530017;19434599
1521389316255;5771;4387;188;350461952;16530341;19435392
1521389316355;5781;4393;190;350461952;16530557;19435919
1521389316455;5791;4400;191;350461952;16530881;19436552
1521389316555;5801;4409;191;350461952;16531097;19436976
1521389316655;5811;4415;192;350461952;16531421;19437610
1521389316755;5821;4423;192;350461952;16531637;19438034
1521389316855;5831;4430;192;350461952;16531961;19438878
1521389316955;5841;4438;193;350461952;16532177;19439406
1521389317055;5851;4445;193;350461952;16532445;19440147
1521389317155;5861;4453;193;350461952;16532717;19440723
1521389317255;5871;4461;193;350461952;16532933;19441463
1521389317356;5881;4470;193;350461952;16533257;19442042
1521389317457;5891;4478;193;350461952;16533523;19442559
1521389317557;5901;4486;193;350461952;16533893;19443336
1521389317657;5911;4493;194;350461952;16534109;19443851
1521389317757;5921;4501;194;350461952;16534433;19444624
1521389317857;5931;4508;195;350461952;16534649;19445140
1521389317957;5941;4515;195;350461952;16534973;19445763
1521389318057;5951;4524;195;350461952;16535189;19446174
1521389318157;5961;4531;195;350461952;16535513;19446794
1521389318257;5971;4539;196;350461952;16535775;19447209
1521389318357;5981;4546;196;350461952;16536099;19447830
1521389318457;5991;4555;196;350461952;16536315;19448245
1521389318557;6001;4561;197;350461952;16536639;19448868
1521389318657;6011;4569;197;350461952;16536855;19449281
1521389318757;6021;4577;197;350461952;16537179;19450058
1521389318857;6031;4585;197;350461952;16537395;19450524
1521389318957;6041;4592;198;350461952;16537611;19450940
1521389319057;6051;4600;198;350461952;16537935;19451562
1521389319157;6061;4608;198;350461952;16538151;19451977
1521389319257;6071;4616;198;350461952;16538475;19452601
1521389319357;6081;4624;198;350461952;16538691;19453017
1521389319457;6091;4631;199;350461952;16539015;19453639
1521389319557;6101;4639;199;350461952;16539231;19454056
1521389319658;6111;4646;199;350461952;16539555;19454834
1521389319758;6121;4655;199;350461952;16539771;19455248
1521389319858;6131;4662;199;350461952;16540095;19455872
1521389319958;6141;4669;201;350461952;16540363;19456495
1521389320058;6151;4676;202;350461952;16540635;19457014
1521389320158;6161;4684;202;350461952;16540903;19457636
1521389320258;6171;4691;203;350461952;16541175;19458050
1521389320358;6181;4698;203;350461952;16541391;19458465
1521389320458;6191;4706;203;350461952;16541715;19459191
1521389320558;6201;4714;203;350461952;16541931;19459711
1521389320658;6211;4721;204;350461952;16542147;19460228
1521389320758;6221;4728;205;350461952;16542471;19461006
1521389320858;6231;4736;205;350461952;16542687;19461525
1521389320958;6241;4744;205;350461952;16543011;19462307
1521389321058;6251;4752;205;350461952;16543227;19462722
1521389321158;6261;4758;206;350461952;16543443;19463137
1521389321258;6271;4765;207;350461952;16543767;19463760
1521389321358;6281;4774;207;350461952;16543983;19464280
1521389321458;6291;4779;209;350461952;16544307;19464898
1521389321558;6301;4787;209;350461952;16544523;19465313
1521389321658;6311;4795;209;350461952;16544847;19465935
1521389321758;6321;4803;209;350461952;16545063;19466349
1521389321858;6331;4809;211;350461952;16545279;19466922
1521389321958;6341;4815;212;350461952;16545603;19467543
1521389322058;6351;4822;213;350461952;16545819;19467957
1521389322158;6361;4828;215;350461952;16546143;19468580
1521389322258;6371;4836;215;350461952;16546359;19469153
1521389322358;6381;4844;215;350461952;16546683;19469931
1521389322458;6391;4852;215;350461952;16546899;19470451
1521389322559;6401;4860;215;350461952;16547223;19471229
1521389322660;6411;4868;215;350461952;16547439;19471748
1521389322760;6421;4876;215;350461952;16547763;19472526
1521389322860;6431;4883;215;350461952;16547979;19473046
1521389322960;6441;4892;215;350461952;16548195;19473513
1521389323060;6451;4897;217;350461952;16548519;19474134
1521389323160;6461;4906;217;350461952;16548735;19474547
1521389323260;6471;4913;217;350461952;16549059;19475170
1521389323360;6481;4921;217;350461952;16549275;19475742
1521389323460;6491;4928;218;350461952;16549599;19476415
1521389323560;6501;4936;218;350461952;16549815;19476831
1521389323660;6511;4944;218;350461952;16550139;19477452
1521389323760;6521;4951;218;350461952;16550355;19477972
1521389323860;6531;4960;218;350461952;16550571;19478491
1521389323960;6541;4967;218;350461952;16550895;19479270
1521389324060;6551;4974;219;350461952;16551111;19479684
1521389324160;6561;4982;219;350461952;16551327;19480097
1521389324260;6571;4989;219;350461952;16551651;19480927
1521389324360;6581;4996;220;350461952;16551867;19481391
1521389324460;6591;5003;221;350461952;16552191;19482010
1521389324560;6601;5011;221;350461952;16552407;19482426
1521389324660;6611;5018;222;350461952;16552731;19483048
1521389324760;6621;5027;222;350461952;16552947;19483462
1521389324860;6631;5034;222;350461952;16553271;19484082
1521389324960;6641;5040;224;350461952;16553487;19484495
1521389325060;6651;5048;224;350461952;16553811;19485221
1521389325160;6661;5056;224;350461952;16554027;19485739
1521389325260;6671;5063;225;350461952;16554295;19486465
1521389325360;6681;5071;225;350461952;16554567;19487037
1521389325460;6691;5079;225;350461952;16554783;19487556
1521389325560;6701;5084;228;350461952;16555107;19488332
1521389325660;6711;5092;228;350461952;16555323;19488746
1521389325761;6721;5099;228;350461952;16555647;19489368
1521389325862;6731;5108;228;350461952;16555863;19489784
1521389325962;6742;5115;228;350461952;16556187;19490560
1521389326062;6752;5123;228;350461952;16556403;19491080
1521389326162;6762;5131;228;350461952;16556619;19491598
1521389326262;6772;5138;228;350461952;16556943;19492377
1521389326362;6782;5147;228;350461952;16557159;19492894
1521389326463;6792;5154;228;350461952;16557483;19493672
1521389326564;6802;5163;228;350461952;16557699;19494191
1521389326664;6812;5170;228;350461952;16558023;19494864
1521389326764;6822;5177;229;350461952;16558239;19495278
1521389326864;6832;5185;229;350461952;16558455;19495847
1521389326964;6842;5193;229;350461952;16558779;19496621
1521389327064;6852;5201;229;350461952;16558995;19497140
1521389327164;6862;5209;229;350461952;16559319;19497916
1521389327264;6872;5217;229;350461952;16559535;19498435
1521389327364;6882;5224;229;350461952;16559859;19499213
1521389327464;6892;5233;229;350461952;16560075;19499731
1521389327564;6902;5239;230;350461952;16560399;19500405
1521389327664;6912;5248;230;350461952;16560615;19500821
1521389327764;6922;5254;231;350461952;16560939;19501444
1521389327864;6932;5262;231;350461952;16561155;19501859
1521389327964;6942;5270;231;350461952;16561423;19502637
1521389328064;6952;5278;231;350461952;16561695;19503206
1521389328164;6962;5286;231;350461952;16561911;19503725
1521389328264;6972;5294;231;350461952;16562235;19504399
1521389328364;6982;5301;232;350461952;16562451;19504816
1521389328465;6992;5308;232;350461952;16562775;19505438
1521389328566;7002;5316;233;350461952;16562991;19505955
1521389328667;7012;5323;233;350461952;16563315;19506680
1521389328767;7022;5331;234;350461952;16563531;19507095
1521389328867;7032;5338;234;350461952;16563855;19507819
1521389328967;7042;5346;235;350461952;16564071;19508233
1521389329067;7052;5353;235;350461952;16564395;19509063
1521389329167;7062;5361;235;350461952;16564611;19509583
1521389329267;7072;5368;236;350461952;16564827;19510049
1521389329367;7082;5376;236;350461952;16565151;19510769
1521389329467;7092;5384;236;350461952;16565367;19511289
1521389329567;7102;5391;236;350461952;16565691;19512068
1521389329667;7112;5399;236;350461952;16565907;19512585
1521389329767;7122;5406;237;350461952;16566231;19513209
1521389329867;7132;5413;238;350461952;16566447;19513625
1521389329967;7142;5420;239;350461952;16566771;19514247
1521389330067;7152;5427;240;350461952;16566987;19514660
1521389330167;7162;5435;240;350461952;16567311;19515494
1521389330267;7172;5443;240;350461952;16567527;19516014
1521389330367;7182;5450;241;350461952;16567743;19516533
1521389330467;7192;5457;241;350461952;16568067;19517154
1521389330567;7202;5465;241;350461952;16568283;19517571
1521389330667;7212;5473;241;350461952;16568607;19518191
1521389330768;7222;5480;242;350461952;16568823;19518605
1521389330868;7232;5486;244;350461952;16569147;19519226
1521389330968;7242;5493;244;350461952;16569363;19519742
1521389331068;7252;5502;244;350461952;16569579;19520262
1521389331168;7262;5508;245;350461952;16569903;19520990
1521389331268;7272;5517;245;350461952;16570119;19521508
1521389331368;7282;5524;245;350461952;16570443;19522284
1521389331468;7292;5532;245;350461952;16570659;19522803
1521389331568;7302;5540;245;350461952;16570983;19523580
1521389331668;7312;5548;245;350461952;16571199;19524099
1521389331768;7322;5556;245;350461952;16571523;19524876
1521389331868;7332;5564;245;350461952;16571739;19525392
1521389331968;7342;5572;245;350461952;16572063;19526168
1521389332068;7352;5580;245;350461952;16572279;19526684
1521389332168;7362;5588;245;350461952;16572603;19527458
1521389332268;7372;5596;245;350461952;16572819;19527874
1521389332368;7382;5604;245;350461952;16573035;19528286
1521389332469;7392;5612;245;350461952;16573409;19529014
1521389332570;7402;5621;245;350461952;16573625;19529533
1521389332670;7412;5627;246;350461952;16573949;19530311
1521389332771;7422;5635;246;350461952;16574165;19530778
1521389332872;7432;5642;247;350461952;16574581;19531402
1521389332973;7443;5650;247;350461952;16574797;19531817
1521389333074;7453;5658;247;350461952;16575121;19532438
1521389333175;7463;5666;247;350461952;16575337;19532855
1521389333275;7473;5674;247;350461952;16575661;19533477
1521389333375;7483;5683;247;350461952;16575877;19533890
1521389333475;7493;5690;247;350461952;16576201;19534515
1521389333575;7503;5698;247;350461952;16576417;19535031
1521389333675;7513;5705;248;350461952;16576633;19535550
1521389333775;7523;5713;248;350461952;16576957;19536328
1521389333875;7533;5721;248;350461952;16577173;19536846
1521389333975;7543;5728;248;350461952;16577497;19537625
1521389334075;7553;5736;248;350461952;16577713;19538144
1521389334175;7563;5744;248;350461952;16578037;19538920
1521389334275;7573;5752;248;350461952;16578253;19539386
1521389334375;7583;5759;249;350461952;16578577;19540007
1521389334475;7593;5767;249;350461952;16578793;19540419
1521389334575;7603;5772;249;350461952;16579009;19540937
1521389334675;7613;5778;249;350461952;16579117;19541197
1521389334775;7623;5785;249;350461952;16579333;19541715
1521389334875;7633;5792;249;350461952;16579657;19542494
1521389334975;7643;5801;249;350461952;16580261;19543011
1521389335076;7653;5807;250;350461952;16580585;19543790
1521389335177;7663;5815;251;350461952;16580801;19544256
1521389335277;7673;5821;252;350461952;16581125;19545086
1521389335377;7683;5830;252;350461952;16581341;19545554
1521389335477;7693;5838;252;350461952;16581665;19546384
1521389335577;7703;5845;252;350461952;16581881;19546901
1521389335677;7713;5853;252;350461952;16582205;19547676
1521389335777;7723;5862;252;350461952;16582421;19548190
1521389335877;7733;5869;252;350461952;16582745;19548970
1521389335977;7743;5877;252;350461952;16582961;19549487
1521389336077;7753;5884;253;350461952;16583285;19550215
1521389336177;7763;5890;255;350461952;16583501;19550629
1521389336277;7773;5898;255;350461952;16583825;19551407
1521389336377;7783;5905;256;350461952;16584041;19551873
1521389336477;7793;5912;257;350461952;16584365;19552492
1521389336577;7803;5920;257;350461952;16584581;19552906
1521389336677;7813;5927;258;350461952;16584905;19553527
1521389336777;7823;5935;258;350461952;16585121;19553942
1521389336877;7833;5939;258;350461952;16585229;19554203
1521389336977;7843;5942;259;350461952;16585337;19554461
1521389337077;7853;5948;259;350461952;16585553;19554980
1521389337177;7863;5954;259;350461952;16585769;19555499
1521389337277;7873;5959;259;350461952;16585985;19556020
1521389337378;7883;5964;259;350461952;16586093;19556286
1521389337478;7893;5971;259;350461952;16586309;19556819
1521389337578;7903;5974;259;350461952;16586525;19557352
1521389337678;7913;5981;259;350461952;16586633;19557620
1521389337778;7923;5984;260;350461952;16586849;19558151
1521389337878;7933;5989;260;350461952;16587065;19558683
1521389337978;7943;5996;260;350461952;16587173;19558948
1521389338078;7953;6002;260;350461952;16587389;19559477
1521389338178;7963;6007;261;350461952;16587605;19560009
1521389338278;7973;6013;261;350461952;16587821;19560541
1521389338378;7983;6018;261;350461952;16588037;19561069
1521389338478;7993;6024;261;350461952;16588253;19561597
1521389338578;8003;6030;261;350461952;16588413;19562073
1521389338678;8013;6036;261;350461952;16588577;19562390
1521389338778;8023;6043;261;350461952;16588793;19562918
1521389338878;8033;6048;262;350461952;16589009;19563445
1521389338978;8043;6054;262;350461952;16589225;19563976
1521389339078;8053;6059;262;350461952;16589441;19564506
1521389339178;8063;6065;262;350461952;16589657;19565040
1521389339278;8073;6073;262;350461952;16589873;19565568
1521389339378;8083;6080;263;350461952;16590197;19566308
1521389339478;8093;6088;263;350461952;16590413;19566736
1521389339579;8103;6095;264;350461952;16590737;19567372
1521389339680;8113;6103;264;350461952;16590953;19567797
1521389339780;8123;6111;264;350461952;16591277;19568434
1521389339880;8133;6119;264;350461952;16591493;19568859
1521389339980;8143;6127;264;350461952;16591817;19569491
1521389340081;8153;6135;264;350461952;16592033;19569914
1521389340181;8163;6143;264;350461952;16592357;19570547
1521389340281;8173;6151;264;350461952;16592573;19570973
1521389340381;8183;6159;264;350461952;16592897;19571613
1521389340481;8193;6166;264;350461952;16593005;19571927
1521389340581;8203;6167;264;350461952;16593113;19572191
1521389340681;8213;6174;264;350461952;16593329;19572672
1521389340781;8223;6182;264;350461952;16593653;19573308
1521389340881;8233;6190;264;350461952;16593869;19573736
1521389340981;8243;6198;264;350461952;16594085;19574266
1521389341081;8253;6205;264;350461952;16594409;19575006
1521389341181;8263;6214;264;350461952;16594625;19575432
1521389341281;8273;6221;264;350461952;16594949;19576069
1521389341381;8283;6229;265;350461952;16595165;19576491
1521389341481;8293;6237;265;350461952;16595489;19577335
1521389341581;8303;6246;265;350461952;16595705;19577861
1521389341681;8313;6252;266;350461952;16596029;19578658
1521389341781;8323;6260;266;350461952;16596245;19579188
1521389341881;8333;6268;266;350461952;16596569;19579989
1521389341981;8343;6275;266;350461952;16596785;19580520
1521389342081;8353;6284;266;350461952;16597001;19581045
1521389342182;8363;6292;266;350461952;16597325;19581687
1521389342282;8374;6299;267;350461952;16597541;19582111
1521389342382;8384;6306;267;350461952;16597865;19582748
1521389342482;8394;6315;267;350461952;16598081;19583167
1521389342582;8404;6322;267;350461952;16598405;19583778
1521389342682;8414;6329;268;350461952;16598621;19584188
1521389342782;8423;6336;269;350461952;16598945;19584857
1521389342883;8434;6345;269;350461952;16599161;19585267
1521389342983;8444;6352;269;350461952;16599429;19585885
1521389343083;8454;6360;269;350461952;16599701;19586301
1521389343184;8464;6367;270;350461952;16599917;19586818
1521389343285;8474;6376;270;350461952;16600241;19587592
1521389343385;8484;6383;271;350461952;16600457;19588004
1521389343485;8494;6390;271;350461952;16600781;19588624
1521389343585;8504;6396;273;350461952;16600997;19589036
1521389343685;8514;6403;274;350461952;16601321;19589653
1521389343785;8524;6410;275;350461952;16601537;19590065
1521389343885;8534;6418;275;350461952;16601861;19590892
1521389343985;8544;6426;275;350461952;16602077;19591409
1521389344085;8554;6434;275;350461952;16602401;19592187
1521389344185;8564;6442;275;350461952;16602617;19592704
1521389344285;8574;6449;275;350461952;16602941;19593428
1521389344385;8584;6457;275;350461952;16603157;19593842
1521389344485;8594;6465;275;350461952;16603481;19594565
1521389344585;8604;6472;276;350461952;16603697;19594980
1521389344685;8614;6479;277;350461952;16603965;19595705
1521389344785;8624;6488;277;350461952;16604237;19596168
1521389344885;8634;6493;279;350461952;16604505;19596839
1521389344985;8644;6501;279;350461952;16604777;19597407
1521389345085;8654;6509;279;350461952;16604993;19597927
1521389345185;8664;6516;280;350461952;16605317;19598703
1521389345285;8674;6524;280;350461952;16605533;19599222
1521389345385;8684;6532;280;350461952;16605857;19599998
1521389345486;8694;6540;280;350461952;16606073;19600513
1521389345587;8704;6547;281;350461952;16606397;19601132
1521389345687;8714;6555;281;350461952;16606613;19601546
1521389345787;8724;6563;281;350461952;16606937;19602164
1521389345887;8734;6571;281;350461952;16607153;19602575
1521389345987;8744;6578;281;350461952;16607477;19603196
1521389346087;8754;6586;281;350461952;16607693;19603610
1521389346187;8764;6594;281;350461952;16607909;19604024
1521389346287;8774;6602;281;350461952;16608233;19604643
1521389346387;8784;6610;281;350461952;16608449;19605054
1521389346487;8794;6617;281;350461952;16608773;19605881
1521389346587;8804;6626;281;350461952;16608989;19606345
1521389346687;8814;6633;281;350461952;16609313;19606962
1521389346787;8824;6642;281;350461952;16609529;19607375
1521389346887;8834;6649;281;350461952;16610181;19607996
1521389346987;8844;6658;281;350461952;16610397;19608411
1521389347087;8854;6665;281;350461952;16610721;19609035
1521389347187;8864;6671;283;350461952;16610937;19609448
1521389347287;8874;6679;283;350461952;16611153;19610069
1521389347387;8884;6686;283;350461952;16611477;19610482
1521389347487;8894;6695;283;350461952;16611743;19610896
1521389347588;8904;6701;284;350461952;16612067;19611516
1521389347689;8914;6709;285;350461952;16612283;19611925
1521389347789;8924;6715;286;350461952;16612607;19612756
1521389347889;8934;6724;286;350461952;16612869;19613274
1521389347989;8944;6725;291;350461952;16613193;19614053
1521389348089;8954;6734;291;350461952;16613409;19614570
1521389348189;8964;6741;291;350461952;16613733;19615347
1521389348289;8974;6749;291;350461952;16613995;19615865
1521389348389;8984;6757;291;350461952;16614211;19616383
1521389348489;8994;6765;291;350461952;16614535;19617110
1521389348589;9004;6773;291;350461952;16614751;19617521
1521389348689;9014;6781;291;350461952;16615075;19618139
1521389348789;9024;6786;294;350461952;16615291;19618553
1521389348889;9034;6794;294;350461952;16615615;19619280
1521389348989;9044;6802;295;350461952;16615831;19619695
1521389349089;9054;6809;295;350461952;16616155;19620418
1521389349189;9064;6817;295;350461952;16616479;19621037
1521389349289;9074;6824;296;350461952;16616695;19621451
1521389349389;9084;6832;296;350461952;16616911;19621864
1521389349489;9094;6840;296;350461952;16617235;19622638
1521389349590;9104;6848;296;350461952;16617451;19623158
1521389349690;9114;6854;298;350461952;16617775;19623775
1521389349790;9124;6862;298;350461952;16617991;19624190
1521389349890;9134;6870;298;350461952;16618315;19624810
1521389349990;9144;6877;299;350461952;16618531;19625224
1521389350090;9154;6885;299;350461952;16618855;19625951
1521389350190;9164;6893;300;350461952;16619071;19626624
1521389350290;9174;6898;302;350461952;16619395;19627143
1521389350390;9184;6906;303;350461952;16619611;19627555
1521389350490;9194;6913;303;350461952;16619935;19628176
1521389350590;9204;6922;303;350461952;16620151;19628748
1521389350690;9214;6930;303;350461952;16620475;19629524
1521389350790;9224;6937;303;350461952;16620691;19630039
1521389350890;9234;6945;303;350461952;16621015;19630817
1521389350990;9244;6953;303;350461952;16621231;19631335
1521389351090;9254;6961;303;350461952;16621555;19632113
1521389351190;9264;6970;303;350461952;16621771;19632630
1521389351290;9274;6977;303;350461952;16622095;19633404
1521389351391;9284;6986;303;350461952;16622311;19633923
1521389351492;9294;6992;304;350461952;16622635;19634698
1521389351592;9305;7000;304;350461952;16622851;19635217
1521389351693;9315;7007;305;350461952;16623175;19635839
1521389351793;9325;7015;306;350461952;16623391;19636255
1521389351893;9335;7021;307;350461952;16623715;19636877
1521389351993;9345;7029;308;350461952;16623931;19637292
1521389352093;9355;7036;308;350461952;16624255;19637913
1521389352193;9365;7045;308;350461952;16624471;19638326
1521389352293;9375;7053;308;350461952;16624795;19638944
1521389352393;9385;7061;308;350461952;16625011;19639357
1521389352493;9395;7068;308;350461952;16625335;19639979
1521389352593;9405;7076;309;350461952;16625551;19640395
1521389352693;9415;7083;309;350461952;16625875;19641014
1521389352793;9425;7090;311;350461952;16626091;19641429
1521389352893;9435;7096;312;350461952;16626307;19641948
1521389352993;9445;7103;314;350461952;16626631;19642623
1521389353093;9455;7110;315;350461952;16626955;19643244
1521389353193;9465;7117;316;350461952;16627171;19643660
1521389353293;9475;7124;317;350461952;16627495;19644282
1521389353393;9485;7132;317;350461952;16627711;19644697
1521389353493;9495;7139;318;350461952;16627927;19645164
1521389353593;9505;7142;318;350461952;16628143;19645683
1521389353693;9515;7148;318;350461952;16628251;19645941
1521389353794;9525;7154;318;350461952;16628467;19646459
1521389353894;9535;7160;318;350461952;16628683;19646975
1521389353994;9545;7164;318;350461952;16628899;19647491
1521389354094;9555;7170;319;350461952;16629007;19647750
1521389354194;9565;7176;319;350461952;16629223;19648266
1521389354294;9575;7181;319;350461952;16629439;19648784
1521389354394;9585;7186;319;350461952;16629547;19649043
1521389354494;9595;7192;319;350461952;16629763;19649562
1521389354594;9605;7198;319;350461952;16629979;19650081
1521389354694;9615;7202;321;350461952;16630195;19650601
1521389354794;9625;7208;321;350461952;16630411;19651121
1521389354894;9635;7212;322;350461952;16630571;19651586
1521389354994;9645;7218;322;350461952;16630735;19651897
1521389355094;9655;7225;322;350461952;16630951;19652416
1521389355194;9665;7231;322;350461952;16631167;19652934
1521389355294;9675;7236;322;350461952;16631383;19653451
1521389355394;9685;7242;322;350461952;16631599;19653969
1521389355494;9695;7248;322;350461952;16631815;19654486
1521389355594;9705;7254;322;350461952;16631923;19654746
1521389355695;9715;7259;323;350461952;16632139;19655263
1521389355795;9725;7266;323;350461952;16632355;19655783
1521389355895;9735;7273;323;350461952;16632679;19656559
1521389355995;9745;7282;323;350461952;16632895;19657076
1521389356095;9755;7287;325;350461952;16633219;19657800
1521389356195;9765;7296;325;350461952;16633435;19658367
1521389356295;9775;7303;325;350461952;16633759;19659142
1521389356395;9785;7311;325;350461952;16633975;19659659
1521389356495;9795;7318;325;350461952;16634243;19660385
1521389356595;9805;7326;325;350461952;16634515;19660958
1521389356695;9815;7334;325;350461952;16634731;19661477
1521389356795;9825;7342;325;350461952;16635055;19662252
1521389356895;9835;7350;325;350461952;16635271;19662716
1521389356995;9845;7356;326;350461952;16635595;19663338
1521389357095;9855;7364;327;350461952;16635811;19663752
1521389357195;9865;7370;328;350461952;16636135;19664376
1521389357296;9875;7375;331;350461952;16636351;19664790
1521389357397;9885;7379;335;350461952;16636675;19665414
1521389357497;9895;7388;335;350461952;16636891;19665827
1521389357597;9905;7395;335;350461952;16637215;19666446
1521389357697;9915;7400;337;350461952;16637431;19666861
1521389357797;9925;7407;339;350461952;16637647;19667276
1521389357897;9935;7414;339;350461952;16637971;19667897
1521389357997;9945;7422;339;350461952;16638187;19668308
1521389358097;9955;7430;339;350461952;16638511;19668926
1521389358197;9965;7439;339;350461952;16638727;19669338
1521389358297;9975;7446;339;350461952;16639051;19669962
1521389358397;9985;7454;339;350461952;16639267;19670375
1521389358497;9995;7462;339;350461952;16639591;19671101
1521389358597;10005;7470;339;350461952;16639807;19671617
1521389358697;10015;7477;339;350461952;16640131;19672342
1521389358797;10025;7486;339;350461952;16640347;19672755
1521389358897;10035;7493;339;350461952;16640671;19673377
1521389358997;10045;7502;339;350461952;16640887;19673792
1521389359097;10055;7509;339;350461952;16641155;19674413
1521389359197;10065;7516;340;350461952;16641427;19674827
1521389359297;10075;7523;341;350461952;16641643;19675240
1521389359397;10085;7526;341;350461952;16641751;19675550
1521389359498;10095;7530;341;350461952;16641967;19676067
1521389359598;10105;7536;341;350461952;16642127;19676536
1521389359698;10115;7541;342;350461952;16642291;19676847
1521389359798;10125;7547;343;350461952;16642507;19677366
1521389359898;10135;7553;343;350461952;16642723;19677884
1521389359998;10145;7559;343;350461952;16642939;19678401
1521389360098;10155;7564;343;350461952;16643155;19678919
1521389360198;10165;7571;343;350461952;16643371;19679380
1521389360298;10175;7579;343;350461952;16643695;19679999
1521389360398;10185;7588;343;350461952;16643911;19680416
1521389360498;10195;7595;343;350461952;16644179;19681032
1521389360598;10205;7604;343;350461952;16644451;19681446
1521389360698;10215;7611;344;350461952;16644775;19682173
1521389360798;10225;7618;344;350461952;16644991;19682691
1521389360898;10235;7626;344;350461952;16645315;19683469
1521389360998;10245;7633;344;350461952;16645531;19683932
1521389361098;10255;7641;345;350461952;16645747;19684341
1521389361198;10265;7648;345;350461952;16646071;19684959
1521389361298;10275;7657;345;350461952;16646287;19685371
1521389361398;10285;7663;346;350461952;16646611;19685989
1521389361498;10295;7672;346;350461952;16646827;19686401
1521389361598;10305;7680;346;350461952;16647151;19687015
1521389361699;10315;7688;346;350461952;16647367;19687428
1521389361800;10325;7695;347;350461952;16647691;19688049
1521389361900;10335;7703;347;350461952;16647907;19688463
1521389362001;10345;7710;347;350461952;16648231;19689082
1521389362102;10355;7718;347;350461952;16648447;19689495
1521389362203;10366;7726;347;350461952;16648771;19690115
1521389362304;10376;7734;347;350461952;16648987;19690533
1521389362404;10386;7738;350;350461952;16649311;19691154
1521389362504;10396;7747;350;350461952;16649623;19691725
1521389362604;10406;7754;351;350461952;16649947;19692449
1521389362704;10416;7762;351;350461952;16650163;19692861
1521389362804;10426;7770;351;350461952;16650533;19693481
1521389362904;10436;7778;351;350461952;16650749;19694001
1521389363004;10446;7786;351;350461952;16651073;19694776
1521389363104;10456;7794;351;350461952;16651289;19695188
1521389363204;10466;7802;351;350461952;16651505;19695602
1521389363304;10476;7810;351;350461952;16651829;19696221
1521389363404;10486;7818;351;350461952;16652045;19696793
1521389363504;10496;7824;352;350461952;16652369;19697520
1521389363604;10506;7833;352;350461952;16652585;19697935
1521389363704;10516;7840;352;350461952;16652909;19698555
1521389363804;10526;7849;352;350461952;16653125;19699128
1521389363904;10536;7856;352;350461952;16653449;19699905
1521389364004;10546;7865;352;350461952;16653665;19700317
1521389364104;10556;7872;352;350461952;16653989;19700938
1521389364204;10566;7880;352;350461952;16654205;19701355
1521389364304;10576;7886;354;350461952;16654529;19701976
1521389364404;10586;7893;355;350461952;16654745;19702494
1521389364504;10596;7900;355;350461952;16654961;19703015
1521389364605;10606;7909;355;350461952;16655285;19703740
1521389364706;10616;7916;355;350461952;16655501;19704154
1521389364806;10626;7921;355;350461952;16655717;19704723
1521389364906;10636;7927;355;350461952;16655933;19705241
1521389365006;10646;7932;356;350461952;16656537;19705759
1521389365106;10656;7938;356;350461952;16656645;19706016
1521389365206;10666;7941;357;350461952;16656861;19706531
1521389365306;10676;7947;357;350461952;16656969;19706790
1521389365406;10686;7952;358;350461952;16657185;19707311
1521389365506;10696;7957;359;350461952;16657401;19707830
1521389365606;10706;7961;359;350461952;16657509;19708092
1521389365706;10716;7966;360;350461952;16657725;19708609
1521389365806;10726;7972;361;350461952;16657941;19709128
1521389365906;10736;7976;362;350461952;16658157;19709646
1521389366006;10746;7981;362;350461952;16658373;19710166
1521389366106;10756;7987;362;350461952;16658589;19710685
1521389366206;10766;7993;362;350461952;16658697;19710943
1521389366306;10776;7999;362;350461952;16658913;19711463
1521389366407;10786;8005;362;350461952;16659129;19711983
1521389366507;10796;8012;363;350461952;16659453;19712660
1521389366607;10806;8018;365;350461952;16659669;19713072
1521389366707;10816;8025;366;350461952;16659993;19713797
1521389366811;10826;8034;366;350461952;16660209;19714214
1521389366911;10836;8039;368;350461952;16660533;19714838
1521389367011;10846;8046;370;350461952;16660749;19715253
1521389367111;10856;8052;371;350461952;16661073;19716027
1521389367211;10866;8060;371;350461952;16661289;19716542
1521389367311;10876;8068;371;350461952;16661613;19717318
1521389367411;10886;8075;371;350461952;16661829;19717834
1521389367511;10896;8084;371;350461952;16662045;19718353
1521389367611;10906;8091;371;350461952;16662369;19719132
1521389367711;10916;8100;371;350461952;16662585;19719648
1521389367811;10926;8107;371;350461952;16662909;19720421
1521389367911;10936;8114;373;350461952;16663125;19720939
1521389368011;10946;8121;373;350461952;16663449;19721716
1521389368111;10956;8129;373;350461952;16663665;19722234
1521389368211;10966;8137;373;350461952;16663989;19723011
1521389368311;10976;8139;374;350461952;16664097;19723269
1521389368411;10986;8146;374;350461952;16664313;19723789
1521389368511;10996;8152;375;350461952;16664421;19724049
1521389368611;11006;8158;375;350461952;16664637;19724565
1521389368712;11016;8163;376;350461952;16664853;19725083
1521389368813;11027;8170;376;350461952;16665069;19725601
1521389368913;11037;8174;377;350461952;16665285;19726117
1521389369013;11047;8181;377;350461952;16665501;19726638
1521389369113;11057;8187;379;350461952;16665825;19727413
1521389369213;11067;8195;379;350461952;16666041;19727932
1521389369313;11077;8202;379;350461952;16666257;19728451
1521389369414;11087;8210;379;350461952;16666581;19729227
1521389369515;11097;8219;379;350461952;16666797;19729745
1521389369615;11107;8226;379;350461952;16667121;19730522
1521389369715;11117;8234;379;350461952;16667337;19731040
1521389369815;11127;8242;379;350461952;16667661;19731818
1521389369915;11137;8251;379;350461952;16667877;19732336
1521389370015;11147;8257;380;350461952;16668201;19733012
1521389370115;11157;8266;380;350461952;16668417;19733532
1521389370215;11167;8273;380;350461952;16668741;19734308
1521389370315;11177;8281;380;350461952;16668957;19734827
1521389370415;11187;8288;381;350461952;16669173;19735346
1521389370515;11197;8295;381;350461952;16669497;19735963
1521389370615;11207;8304;381;350461952;16669713;19736375
1521389370715;11217;8308;381;350461952;16669821;19736686
1521389370815;11227;8314;381;350461952;16670037;19737205
1521389370915;11237;8319;382;350461952;16670253;19737720
1521389371015;11247;8325;382;350461952;16670469;19738241
1521389371115;11257;8330;382;350461952;16670685;19738757
1521389371215;11267;8336;382;350461952;16670901;19739275
1521389371315;11277;8342;383;350461952;16671117;19739791
1521389371415;11287;8348;383;350461952;16671225;19740051
1521389371515;11297;8357;383;350461952;16671549;19740829
1521389371615;11307;8365;383;350461952;16671765;19741349
1521389371715;11317;8372;383;350461952;16672089;19742128
1521389371816;11327;8380;384;350461952;16672305;19742647
1521389371917;11337;8387;384;350461952;16672629;19743420
1521389372017;11347;8395;384;350461952;16672845;19743940
1521389372117;11357;8401;386;350461952;16673061;19744459
1521389372217;11367;8409;386;350461952;16673385;19745083
1521389372317;11377;8417;386;350461952;16673601;19745604
1521389372417;11387;8429;386;350461952;16673925;19746381
1521389372517;11397;8437;386;350461952;16674141;19746898
1521389372617;11407;8444;387;350461952;16674465;19747620
1521389372717;11417;8452;387;350461952;16674681;19748192
1521389372817;11427;8458;388;350461952;16674897;19748658
1521389372917;11437;8466;388;350461952;16675221;19749433
1521389373017;11447;8474;388;350461952;16675437;19749902
1521389373117;11457;8481;389;350461952;16675653;19750314
1521389373217;11467;8488;389;350461952;16675977;19750936
1521389373317;11477;8496;389;350461952;16676193;19751348
1521389373417;11487;8507;389;350461952;16676409;19751869
1521389373517;11497;8514;390;350461952;16676733;19752546
1521389373617;11507;8518;393;350789632;16677053;19753066
