currentTs;total_time;user_time;sys_time;virtual_size;in_octets;out_octets
1521389556210;0;0;0;401408;16957210;20343961
1521389556310;10;8;0;300900352;16957210;20343961
1521389556410;20;18;1;306909184;16957210;20343961
1521389556510;30;27;2;306909184;16957210;20343961
1521389556610;40;38;5;312807424;16957210;20343961
1521389556710;50;50;5;313946112;16957210;20343961
1521389556810;60;61;5;313946112;16957210;20343961
1521389556910;70;74;5;313946112;16957210;20343961
1521389557010;80;88;5;313946112;16957210;20343961
1521389557111;90;97;6;343515136;16957210;20343961
1521389557212;100;107;6;343842816;16957210;20343961
1521389557313;111;116;8;344825856;16957434;20344208
1521389557414;121;127;8;344846336;16957434;20344208
1521389557515;131;139;8;344977408;16957530;20344208
1521389557633;143;150;9;344977408;16957530;20344208
1521389557733;153;161;9;344977408;16957530;20344208
1521389557833;163;174;9;344977408;16957530;20344208
1521389557933;173;186;9;344977408;16957576;20344208
1521389558033;183;199;9;345214976;16957576;20344208
1521389558133;193;212;10;345219072;16957576;20344208
1521389558233;203;223;10;345219072;16957576;20344208
1521389558333;213;233;10;346267648;16957576;20344208
1521389558433;223;244;10;346267648;16957622;20344260
1521389558533;233;255;10;347316224;16957622;20344260
1521389558633;243;265;10;347316224;16957622;20344260
1521389558733;253;275;10;347316224;16957622;20344260
1521389558833;263;287;10;347316224;16957622;20344260
1521389558933;273;298;10;348364800;16957622;20344260
1521389559033;283;309;10;348364800;16957622;20344260
1521389559133;293;319;10;348364800;16957622;20344260
1521389559233;303;329;10;348364800;16957622;20344260
1521389559333;313;340;10;348364800;16957622;20344260
1521389559433;323;353;10;348364800;16957622;20344260
1521389559533;333;364;10;349413376;16957668;20344312
1521389559633;343;375;10;349413376;16957668;20344312
1521389559733;353;386;10;349413376;16957668;20344312
1521389559833;363;395;12;349413376;16957668;20344312
1521389559933;373;406;13;349413376;16957668;20344312
1521389560033;383;418;13;349413376;16957776;20344575
1521389560133;393;428;13;349413376;16957992;20345104
1521389560233;403;438;14;349413376;16958100;20345362
1521389560333;413;447;14;349413376;16958316;20345878
1521389560433;423;457;14;349413376;16958424;20346133
1521389560533;433;466;15;349413376;16958640;20346644
1521389560633;443;476;15;349413376;16958856;20347158
1521389560733;453;486;15;349413376;16959072;20347672
1521389560833;463;496;16;349413376;16959180;20347928
1521389560934;473;504;16;349413376;16959340;20348391
1521389561035;483;514;16;349413376;16959504;20348699
1521389561135;493;522;17;349413376;16959720;20349213
1521389561235;503;531;18;349413376;16959936;20349726
1521389561335;513;540;18;349413376;16960152;20350241
1521389561435;523;549;19;349413376;16960368;20350755
1521389561535;533;560;19;349413376;16960584;20351271
1521389561635;543;570;20;349413376;16961350;20351786
1521389561735;553;577;24;349413376;16961566;20352298
1521389561835;563;587;24;349413376;16961782;20352812
1521389561935;573;597;24;349413376;16961998;20353328
1521389562035;583;607;24;349413376;16962214;20353841
1521389562135;593;615;25;349413376;16962430;20354356
1521389562235;603;625;25;349413376;16962646;20354871
1521389562335;613;634;25;349413376;16962862;20355386
1521389562435;623;641;26;349413376;16963186;20356157
1521389562535;633;650;26;349413376;16963402;20356672
1521389562635;643;660;26;349413376;16963618;20357187
1521389562735;653;670;26;349413376;16963834;20357700
1521389562835;663;679;26;349413376;16964050;20358214
1521389562935;673;689;26;349413376;16964266;20358728
1521389563035;683;697;26;349413376;16964482;20359242
1521389563135;693;706;26;349413376;16964806;20360015
1521389563235;703;715;26;349413376;16965022;20360530
1521389563335;713;723;27;349413376;16965238;20361046
1521389563435;723;733;27;349413376;16965454;20361559
1521389563535;733;742;27;349413376;16965670;20362074
1521389563635;743;750;27;349413376;16965994;20362847
1521389563735;753;760;27;349413376;16966210;20363364
1521389563835;763;770;28;349413376;16966426;20363878
1521389563935;773;778;28;349413376;16966642;20364396
1521389564035;783;787;28;349413376;16966910;20365119
1521389564135;793;796;28;349413376;16967182;20365687
1521389564235;803;806;28;349413376;16967398;20366204
1521389564335;813;813;29;349413376;16967614;20366720
1521389564435;823;822;29;349413376;16967830;20367237
1521389564535;833;830;30;349413376;16968154;20368007
1521389564635;843;839;30;349413376;16968370;20368522
1521389564735;853;848;30;349413376;16968586;20369038
1521389564835;863;856;30;349413376;16968910;20369810
1521389564935;873;865;30;349413376;16969126;20370326
1521389565035;883;873;31;349413376;16969342;20370842
1521389565135;893;881;31;349413376;16969558;20371357
1521389565235;903;888;32;349413376;16969774;20371872
1521389565335;913;897;33;349413376;16970042;20372593
1521389565435;923;906;33;349413376;16970314;20373161
1521389565535;933;915;34;349413376;16970530;20373677
1521389565635;943;924;34;349413376;16970746;20374192
1521389565735;953;933;34;349413376;16970962;20374710
1521389565835;963;939;35;349413376;16971286;20375485
1521389565935;973;948;35;349413376;16971502;20375999
1521389566035;983;956;36;349413376;16971718;20376514
1521389566135;993;966;36;349413376;16971934;20377030
1521389566235;1003;972;37;349413376;16972258;20377804
1521389566335;1013;980;38;349413376;16972474;20378317
1521389566435;1023;988;38;349413376;16972690;20378833
1521389566535;1033;997;38;349413376;16973014;20379607
1521389566635;1043;1005;38;349413376;16973230;20380122
1521389566735;1053;1013;38;349413376;16973446;20380637
1521389566835;1063;1021;39;349413376;16973662;20381152
1521389566935;1073;1029;40;349413376;16973986;20381927
1521389567035;1083;1038;40;349413376;16974202;20382443
1521389567135;1093;1049;41;349413376;16974418;20382959
1521389567235;1103;1056;42;349413376;16974742;20383733
1521389567335;1113;1062;44;349413376;16974958;20384248
1521389567435;1123;1071;44;349413376;16975174;20384761
1521389567535;1133;1078;45;349413376;16975498;20385533
1521389567635;1143;1086;45;349413376;16975714;20386049
1521389567735;1153;1093;46;349413376;16975930;20386564
1521389567835;1163;1102;46;349413376;16976254;20387336
1521389567935;1173;1111;46;349413376;16976470;20387852
1521389568035;1183;1119;46;349413376;16976686;20388366
1521389568135;1193;1127;46;349413376;16977010;20389138
1521389568235;1203;1135;46;349413376;16977226;20389655
1521389568335;1213;1143;46;349413376;16977550;20390429
1521389568435;1223;1151;46;349413376;16977766;20390944
1521389568535;1233;1158;47;349413376;16977982;20391462
1521389568635;1243;1165;48;349413376;16978306;20392237
1521389568735;1253;1176;49;350461952;16978522;20392752
1521389568835;1263;1185;49;350461952;16978738;20393268
1521389568935;1273;1192;49;350461952;16979062;20393938
1521389569035;1283;1202;49;350461952;16979278;20394350
1521389569135;1293;1208;50;350461952;16979602;20394966
1521389569235;1303;1217;50;350461952;16979818;20395378
1521389569335;1313;1225;51;350461952;16980034;20395790
1521389569435;1323;1232;51;350461952;16980358;20396407
1521389569535;1333;1241;51;350461952;16980574;20396815
1521389569635;1343;1248;52;350461952;16980842;20397431
1521389569735;1353;1257;52;350461952;16981114;20397843
1521389569835;1363;1265;53;350461952;16981330;20398253
1521389569935;1373;1274;53;350461952;16981654;20398868
1521389570035;1383;1283;53;350461952;16981870;20399436
1521389570135;1393;1291;53;350461952;16982086;20399952
1521389570235;1403;1300;53;350461952;16982410;20400725
1521389570335;1413;1306;54;350461952;16982626;20401240
1521389570435;1423;1314;54;350461952;16982842;20401755
1521389570535;1433;1320;56;350461952;16983166;20402528
1521389570635;1443;1328;56;350461952;16983382;20403042
1521389570735;1453;1336;56;350461952;16983706;20403763
1521389570835;1463;1344;56;350461952;16983922;20404170
1521389570935;1473;1352;56;350461952;16984138;20404581
1521389571035;1483;1359;57;350461952;16984354;20405097
1521389571135;1493;1366;57;350461952;16984678;20405871
1521389571235;1503;1375;57;350461952;16984894;20406387
1521389571335;1513;1382;58;350461952;16985110;20406903
1521389571435;1523;1392;58;350461952;16985434;20407678
1521389571535;1533;1400;58;350461952;16985650;20408190
1521389571635;1543;1408;59;350461952;16985866;20408706
1521389571735;1553;1416;59;350461952;16986190;20409479
1521389571835;1563;1424;59;350461952;16986406;20409991
1521389571935;1573;1432;59;350461952;16986730;20410659
1521389572035;1583;1439;60;350461952;16986946;20411070
1521389572135;1593;1449;60;350461952;16987162;20411482
1521389572235;1603;1456;60;350461952;16987486;20412203
1521389572335;1613;1467;60;350461952;16987702;20412719
1521389572435;1623;1475;60;350461952;16987968;20413235
1521389572535;1633;1483;60;350461952;16988342;20414008
1521389572635;1643;1491;60;350461952;16988558;20414522
1521389572735;1653;1500;60;350461952;16988919;20415037
1521389572835;1663;1508;60;350461952;16989135;20415550
1521389572935;1673;1516;60;350461952;16989459;20416327
1521389573035;1683;1523;61;350461952;16989675;20416841
1521389573135;1693;1532;61;350461952;16989937;20417358
1521389573235;1703;1539;62;350461952;16990153;20417873
1521389573335;1713;1547;62;350461952;16990477;20418642
1521389573435;1723;1557;62;350461952;16990693;20419157
1521389573535;1733;1570;63;350461952;16990959;20419674
1521389573635;1743;1576;66;350461952;16991283;20420397
1521389573735;1753;1584;66;350461952;16991705;20420811
1521389573835;1763;1593;66;350461952;16992029;20421431
1521389573935;1773;1600;67;350461952;16992245;20421840
1521389574035;1783;1606;69;350461952;16992569;20422458
1521389574135;1793;1614;69;350461952;16992785;20423026
1521389574235;1803;1622;69;350461952;16993001;20423543
1521389574335;1813;1630;69;350461952;16993325;20424318
1521389574435;1823;1636;71;350461952;16993541;20424730
1521389574535;1833;1642;72;350461952;16993865;20425349
1521389574636;1843;1651;72;350461952;16994081;20425760
1521389574737;1853;1657;73;350461952;16994405;20426479
1521389574837;1863;1665;73;350461952;16994621;20426992
1521389574937;1873;1673;73;350461952;16994945;20427766
1521389575037;1883;1682;73;350461952;16995161;20428282
1521389575137;1893;1690;73;350461952;16995429;20429001
1521389575237;1903;1696;74;350461952;16996089;20429518
1521389575337;1913;1705;74;350461952;16996305;20429929
1521389575437;1923;1713;74;350461952;16996629;20430546
1521389575537;1933;1721;74;350461952;16996845;20430960
1521389575637;1943;1729;74;350461952;16997169;20431578
1521389575737;1953;1735;76;350461952;16997385;20431991
1521389575837;1963;1743;76;350461952;16997709;20432711
1521389575937;1973;1751;76;350461952;16997925;20433229
1521389576037;1983;1762;76;350461952;16998141;20433744
1521389576137;1993;1769;76;350461952;16998465;20434518
1521389576237;2003;1778;76;350461952;16998681;20435032
1521389576337;2013;1784;77;350461952;16999005;20435805
1521389576437;2023;1791;78;350461952;16999221;20436321
1521389576537;2033;1800;78;350461952;16999489;20437043
1521389576638;2043;1812;78;350461952;16999761;20437610
1521389576739;2053;1821;79;350461952;16999977;20438123
1521389576839;2063;1828;79;350461952;17000301;20438893
1521389576939;2073;1838;79;350461952;17000517;20439410
1521389577039;2083;1845;80;350461952;17000841;20440184
1521389577139;2093;1854;80;350461952;17001057;20440700
1521389577239;2103;1861;80;350461952;17001381;20441475
1521389577339;2113;1870;80;350461952;17001597;20441938
1521389577439;2123;1877;80;350461952;17001921;20442557
1521389577539;2133;1885;80;350461952;17002137;20442969
1521389577639;2143;1894;80;350461952;17002681;20443484
1521389577739;2153;1901;80;350461952;17003005;20444254
1521389577839;2163;1910;80;350461952;17003221;20444773
1521389577939;2173;1917;80;350461952;17003545;20445545
1521389578039;2183;1924;80;350461952;17003653;20445803
1521389578139;2193;1924;80;350461952;17003653;20445803
1521389578240;2203;1927;81;350461952;17003869;20446317
1521389578341;2213;1932;81;350461952;17004183;20446832
1521389578441;2223;1939;81;350461952;17004291;20447090
1521389578541;2233;1947;81;350461952;17004507;20447606
1521389578641;2243;1951;82;350461952;17004723;20448122
1521389578741;2253;1958;82;350461952;17004989;20448637
1521389578841;2263;1962;82;350461952;17005205;20449153
1521389578941;2273;1967;83;350461952;17005421;20449665
1521389579041;2283;1975;83;350461952;17005529;20449924
1521389579141;2293;1981;84;350461952;17005745;20450442
1521389579241;2303;1987;84;350461952;17005961;20450957
1521389579341;2313;1993;85;350461952;17006420;20451732
1521389579441;2323;2002;85;350461952;17006636;20452250
1521389579541;2333;2009;85;350461952;17006960;20453023
1521389579641;2343;2017;85;350461952;17007176;20453539
1521389579741;2353;2025;85;350461952;17007500;20454312
1521389579841;2363;2033;85;350461952;17007716;20454828
1521389579941;2373;2041;85;350461952;17008040;20455599
1521389580041;2383;2047;87;350461952;17008256;20456063
1521389580142;2393;2055;87;350461952;17008580;20456679
1521389580242;2404;2063;87;350461952;17008796;20457249
1521389580342;2414;2071;87;350461952;17009012;20457765
1521389580442;2424;2078;88;350461952;17009336;20458536
1521389580543;2434;2087;88;350461952;17009552;20459053
1521389580643;2444;2094;88;350461952;17009876;20459669
1521389580743;2454;2103;88;350461952;17010092;20460079
1521389580843;2464;2111;88;350461952;17010416;20460695
1521389580944;2474;2119;88;350461952;17010632;20461107
1521389581045;2484;2127;88;350461952;17010956;20461724
1521389581146;2494;2135;88;350461952;17011394;20462135
1521389581247;2504;2142;88;350461952;17011718;20462750
1521389581347;2514;2150;89;350461952;17011934;20463158
1521389581447;2524;2157;89;350461952;17012258;20463774
1521389581547;2534;2165;89;350461952;17012474;20464341
1521389581647;2544;2173;89;350461952;17012798;20465113
1521389581747;2554;2181;89;350461952;17013014;20465631
1521389581847;2564;2189;89;350461952;17013230;20466145
1521389581947;2574;2196;89;350461952;17013554;20466916
1521389582047;2584;2205;89;350461952;17013770;20467427
1521389582147;2594;2219;89;350461952;17013986;20467944
1521389582247;2604;2228;89;350461952;17014310;20468721
1521389582347;2614;2237;89;350461952;17014624;20469235
1521389582447;2624;2246;89;350461952;17014948;20470008
1521389582547;2634;2254;89;350461952;17015164;20470524
1521389582647;2644;2262;89;350461952;17015432;20471247
1521389582747;2654;2270;89;350461952;17015704;20471814
1521389582847;2664;2278;89;350461952;17015920;20472330
1521389582947;2674;2286;89;350461952;17016294;20473104
1521389583047;2684;2293;90;350461952;17016510;20473620
1521389583148;2694;2300;90;350461952;17016834;20474343
1521389583249;2704;2308;91;350461952;17017050;20474755
1521389583349;2714;2315;91;350461952;17017509;20475578
1521389583449;2724;2324;91;350461952;17017725;20476092
1521389583549;2734;2332;91;350461952;17018049;20476866
1521389583649;2744;2340;91;350461952;17018265;20477383
1521389583749;2754;2347;92;350461952;17018589;20478001
1521389583849;2764;2355;92;350461952;17018805;20478414
1521389583949;2774;2363;92;350461952;17019129;20479032
1521389584049;2784;2370;92;350461952;17019345;20479441
1521389584149;2794;2379;92;350461952;17019561;20480007
1521389584249;2804;2384;94;350461952;17019885;20480623
1521389584349;2814;2393;94;350461952;17020101;20481034
1521389584449;2824;2400;94;350461952;17020425;20481861
1521389584549;2834;2409;94;350461952;17020641;20482323
1521389584649;2844;2416;94;350461952;17020965;20482940
1521389584749;2854;2424;94;350461952;17021181;20483351
1521389584849;2864;2432;95;350461952;17021397;20483867
1521389584949;2874;2439;95;350461952;17021721;20484485
1521389585049;2884;2447;96;350461952;17021937;20484895
1521389585149;2894;2454;96;350461952;17022483;20485515
1521389585249;2904;2462;96;350461952;17022805;20485922
1521389585349;2914;2470;96;350461952;17024865;20486542
1521389585450;2924;2478;96;350461952;17025081;20487057
1521389585551;2934;2486;96;350461952;17025405;20487834
1521389585651;2944;2493;96;350461952;17025621;20488348
1521389585751;2954;2501;96;350461952;17025945;20489119
1521389585851;2964;2509;96;350461952;17026161;20489584
1521389585951;2974;2517;96;350461952;17026377;20489995
1521389586051;2984;2524;96;350461952;17026701;20490614
1521389586151;2994;2533;96;350461952;17027065;20491024
1521389586251;3004;2540;96;350461952;17027389;20491642
1521389586351;3014;2548;96;350461952;17027605;20492157
1521389586451;3024;2555;96;350461952;17027821;20492672
1521389586551;3034;2563;96;350461952;17028145;20493443
1521389586651;3044;2571;97;350461952;17028361;20493957
1521389586751;3054;2578;97;350461952;17028685;20494729
1521389586851;3064;2586;97;350461952;17028901;20495246
1521389586951;3074;2592;99;350461952;17029225;20496021
1521389587051;3084;2600;99;350461952;17029441;20496534
1521389587151;3094;2608;99;350461952;17029765;20497309
1521389587251;3104;2619;99;350461952;17029981;20497823
1521389587351;3114;2625;100;350461952;17030249;20498491
1521389587451;3124;2632;101;350461952;17030571;20499007
1521389587551;3134;2640;101;350461952;17030787;20499522
1521389587651;3144;2648;101;350461952;17031157;20500137
1521389587751;3154;2656;101;350461952;17031505;20500550
1521389587851;3164;2664;101;350461952;17031875;20501167
1521389587951;3174;2673;101;350461952;17032091;20501577
1521389588051;3184;2680;101;350461952;17032415;20502194
1521389588151;3194;2689;101;350461952;17032631;20502607
1521389588251;3204;2698;101;350461952;17032955;20503222
1521389588351;3214;2706;101;350461952;17033171;20503634
1521389588451;3224;2714;101;350461952;17033495;20504253
1521389588551;3234;2722;101;350461952;17033711;20504817
1521389588651;3244;2730;101;350461952;17033927;20505331
1521389588751;3254;2738;101;350461952;17034251;20506105
1521389588851;3264;2746;101;350461952;17034467;20506621
1521389588951;3274;2753;101;350461952;17034791;20507393
1521389589051;3284;2761;101;350461952;17035007;20507909
1521389589152;3294;2770;101;350461952;17035387;20508425
1521389589253;3305;2778;101;350461952;17035711;20509199
1521389589354;3315;2785;101;350461952;17035927;20509711
1521389589454;3325;2792;102;350461952;17036251;20510481
1521389589554;3335;2799;103;350461952;17036467;20510996
1521389589654;3345;2805;105;350461952;17036791;20511714
1521389589754;3355;2813;105;350461952;17037007;20512127
1521389589854;3365;2821;105;350461952;17037223;20512746
1521389589954;3375;2829;105;350461952;17037547;20513158
1521389590054;3385;2837;105;350461952;17037763;20513569
1521389590154;3395;2845;105;350461952;17038087;20514185
1521389590254;3405;2853;105;350461952;17038303;20514598
1521389590354;3415;2860;105;350461952;17038627;20515216
1521389590454;3425;2869;105;350461952;17038843;20515628
1521389590554;3435;2877;105;350461952;17039167;20516455
1521389590654;3445;2884;106;350461952;17039383;20516970
1521389590754;3455;2891;106;350461952;17039599;20517486
1521389590854;3465;2899;106;350461952;17039923;20518257
1521389590955;3475;2907;106;350461952;17040139;20518771
1521389591055;3485;2915;106;350461952;17040463;20519544
1521389591155;3495;2923;106;350461952;17040777;20520056
1521389591255;3505;2930;106;350461952;17040993;20520573
1521389591355;3515;2930;106;350461952;17041043;20520573
1521389591455;3525;2933;106;350461952;17041259;20521088
1521389591555;3535;2939;106;350461952;17041367;20521342
1521389591655;3545;2946;106;350461952;17041583;20521856
1521389591755;3555;2952;106;350461952;17041799;20522370
1521389591855;3565;2958;106;350461952;17042015;20522882
1521389591955;3575;2963;106;350461952;17042231;20523397
1521389592055;3585;2969;106;350461952;17042447;20523913
1521389592156;3595;2975;106;350461952;17042690;20524170
1521389592256;3605;2982;106;350461952;17042906;20524681
1521389592356;3615;2989;106;350461952;17043122;20525193
1521389592456;3625;2996;106;350461952;17043338;20525707
1521389592556;3635;3003;106;350461952;17043662;20526484
1521389592656;3645;3011;106;350461952;17043878;20526995
1521389592756;3655;3021;106;350461952;17044202;20527770
1521389592856;3665;3030;106;350461952;17044418;20528232
1521389592956;3675;3038;106;350461952;17044634;20528645
1521389593056;3685;3046;106;350461952;17044958;20529264
1521389593156;3695;3054;106;350461952;17045174;20529832
1521389593256;3705;3061;106;350461952;17045498;20530605
1521389593356;3715;3069;106;350461952;17045714;20531120
1521389593456;3725;3077;106;350461952;17046038;20531894
1521389593556;3735;3084;107;350461952;17046254;20532409
1521389593656;3745;3091;107;350461952;17046578;20533180
1521389593756;3755;3100;107;350461952;17046794;20533694
1521389593856;3765;3107;107;350461952;17047010;20534209
1521389593956;3775;3115;108;350461952;17047455;20534986
1521389594057;3785;3123;108;350461952;17047671;20535500
1521389594158;3795;3131;108;350461952;17047995;20536272
1521389594259;3805;3140;108;350461952;17048211;20536786
1521389594360;3815;3147;108;350461952;17048535;20537556
1521389594461;3825;3156;108;350461952;17048751;20538021
1521389594562;3835;3163;108;350461952;17049075;20538638
1521389594662;3846;3171;108;350461952;17049291;20539204
1521389594763;3856;3179;108;350461952;17049559;20539926
1521389594864;3866;3186;109;350461952;17049831;20540336
1521389594965;3876;3194;109;350461952;17050047;20540749
1521389595065;3886;3202;109;350461952;17050371;20541368
1521389595165;3896;3210;109;350461952;17050587;20541778
1521389595265;3906;3217;110;350461952;17050911;20542498
1521389595365;3916;3225;110;350461952;17051127;20543016
1521389595465;3926;3232;110;350461952;17051451;20543785
1521389595565;3936;3241;110;350461952;17051667;20544298
1521389595665;3946;3248;110;350461952;17051991;20545072
1521389595765;3956;3256;110;350461952;17052207;20545585
1521389595865;3966;3264;110;350461952;17052531;20546361
1521389595965;3976;3272;110;350461952;17052747;20546876
1521389596065;3986;3280;110;350461952;17052963;20547390
1521389596165;3996;3287;110;350461952;17053287;20548162
1521389596265;4006;3295;110;350461952;17053503;20548676
1521389596365;4016;3303;110;350461952;17053827;20549450
1521389596465;4026;3311;110;350461952;17054043;20549864
1521389596565;4036;3319;110;350461952;17054259;20550274
1521389596665;4046;3326;110;350461952;17054583;20550890
1521389596765;4056;3334;110;350461952;17054897;20551302
1521389596865;4066;3341;111;350461952;17055221;20552072
1521389596965;4076;3349;111;350461952;17055437;20552587
1521389597065;4086;3355;112;350461952;17055761;20553359
1521389597166;4096;3364;112;350461952;17055977;20553874
1521389597266;4106;3372;112;350461952;17056243;20554390
1521389597366;4116;3378;114;350461952;17056567;20555010
1521389597466;4126;3385;115;350461952;17056783;20555420
1521389597566;4136;3393;115;350461952;17057107;20556191
1521389597666;4146;3401;115;350461952;17057323;20556600
1521389597766;4156;3409;115;350461952;17057782;20557215
1521389597866;4166;3417;115;350461952;17057998;20557625
1521389597966;4176;3423;117;350461952;17058322;20558241
1521389598066;4186;3431;117;350461952;17058538;20558654
1521389598166;4196;3439;117;350461952;17058862;20559426
1521389598266;4206;3447;117;350461952;17059078;20559941
1521389598366;4216;3456;117;350461952;17059294;20560458
1521389598466;4226;3463;117;350461952;17059618;20561075
1521389598566;4236;3471;117;350461952;17059834;20561486
1521389598666;4246;3478;117;350461952;17060158;20562104
1521389598767;4256;3487;117;350461952;17060374;20562516
1521389598868;4266;3493;118;350461952;17060698;20563339
1521389598968;4276;3501;118;350461952;17060914;20563851
1521389599068;4286;3509;118;350461952;17061130;20564573
1521389599168;4296;3517;118;350461952;17061454;20565142
1521389599268;4306;3525;118;350461952;17061670;20565658
1521389599368;4316;3532;119;350461952;17061994;20566278
1521389599468;4326;3540;119;350461952;17062210;20566688
1521389599568;4336;3548;119;350461952;17062756;20567301
1521389599668;4346;3556;119;350461952;17062972;20567815
1521389599768;4356;3563;119;350461952;17063296;20568586
1521389599868;4366;3572;119;350461952;17063512;20569100
1521389599968;4376;3580;119;350461952;17063836;20569873
1521389600068;4386;3588;119;350461952;17064052;20570386
1521389600168;4396;3596;120;350461952;17064268;20570902
1521389600268;4406;3604;120;350461952;17064592;20571676
1521389600368;4416;3612;120;350461952;17064808;20572191
1521389600468;4426;3619;120;350461952;17065132;20572808
1521389600568;4436;3628;120;350461952;17065837;20573220
1521389600668;4446;3635;120;350461952;17066161;20573838
1521389600768;4456;3642;121;350461952;17066377;20574250
1521389600868;4466;3648;123;350461952;17066701;20574864
1521389600969;4476;3656;123;350461952;17066917;20575378
1521389601069;4486;3664;123;350461952;17067241;20576153
1521389601170;4496;3672;123;350461952;17067457;20576672
1521389601271;4506;3680;123;350461952;17067781;20577444
1521389601371;4516;3687;124;350461952;17067997;20577960
1521389601471;4526;3695;124;350461952;17068213;20578427
1521389601571;4536;3702;124;350461952;17068537;20579044
1521389601671;4546;3711;124;350461952;17068753;20579456
1521389601771;4556;3718;124;350461952;17069077;20580076
1521389601871;4566;3726;124;350461952;17069293;20580489
1521389601971;4576;3734;124;350461952;17069617;20581102
1521389602071;4586;3743;124;350461952;17069833;20581515
1521389602171;4596;3750;124;350461952;17070157;20582131
1521389602271;4606;3758;125;350461952;17070373;20582540
1521389602371;4616;3765;126;350461952;17070589;20582949
1521389602471;4626;3771;127;350461952;17070963;20583568
1521389602571;4636;3780;127;350461952;17071179;20584133
1521389602671;4646;3786;128;350461952;17071503;20584902
1521389602771;4656;3794;128;350461952;17071765;20585412
1521389602871;4666;3802;128;350461952;17072135;20586184
1521389602972;4676;3810;128;350461952;17072351;20586700
1521389603073;4687;3818;128;350461952;17072675;20587472
1521389603173;4697;3827;128;350461952;17072997;20587987
1521389603273;4707;3835;128;350461952;17075057;20588761
1521389603373;4717;3843;128;350461952;17075273;20589275
1521389603473;4727;3851;128;350461952;17075489;20589998
1521389603573;4737;3858;129;350461952;17076302;20590564
1521389603673;4747;3866;129;350461952;17076518;20591079
1521389603773;4757;3873;130;350461952;17076842;20591847
1521389603873;4767;3880;132;350461952;17077058;20592309
1521389603973;4777;3886;133;350461952;17077382;20592926
1521389604073;4787;3895;133;350461952;17077598;20593337
1521389604173;4797;3902;133;350461952;17077922;20593956
1521389604273;4807;3909;134;350461952;17078138;20594426
1521389604373;4817;3915;136;350461952;17078462;20595042
1521389604473;4827;3922;137;350461952;17078678;20595556
1521389604573;4837;3930;137;350461952;17078894;20596071
1521389604673;4847;3937;138;350461952;17079218;20596843
1521389604773;4857;3945;138;350461952;17079434;20597361
1521389604873;4867;3953;138;350461952;17079758;20598135
1521389604973;4877;3961;138;350461952;17079974;20598652
1521389605074;4887;3969;138;350461952;17080298;20599430
1521389605174;4897;3976;139;350461952;17080514;20599948
1521389605274;4907;3982;141;350461952;17081226;20600565
1521389605374;4917;3990;141;350461952;17081442;20600976
1521389605474;4927;3997;141;350461952;17081766;20601593
1521389605574;4937;4004;142;350461952;17081982;20602005
1521389605674;4947;4011;143;350461952;17082306;20602623
1521389605774;4957;4020;143;350461952;17082522;20603138
1521389605874;4967;4029;143;350461952;17082790;20603859
1521389605974;4977;4037;143;350461952;17083062;20604426
1521389606074;4987;4045;143;350461952;17083278;20604943
1521389606174;4997;4051;143;350461952;17083602;20605717
1521389606274;5007;4060;143;350461952;17083818;20606231
1521389606374;5017;4067;143;350461952;17084142;20607008
1521389606474;5027;4075;143;350461952;17084358;20607525
1521389606574;5037;4083;143;350461952;17084574;20608042
1521389606675;5047;4089;145;350461952;17084898;20608766
1521389606776;5057;4097;145;350461952;17085114;20609182
1521389606876;5067;4105;145;350461952;17085438;20609900
1521389606976;5077;4113;145;350461952;17085654;20610313
1521389607076;5087;4120;146;350461952;17085978;20611034
1521389607176;5097;4128;146;350461952;17086194;20611550
1521389607276;5107;4134;147;350461952;17086518;20612326
1521389607376;5117;4142;148;350461952;17086734;20612840
1521389607476;5127;4149;148;350461952;17087058;20613614
1521389607576;5137;4157;148;350461952;17087274;20614131
1521389607676;5147;4165;148;350461952;17087490;20614648
1521389607776;5157;4172;149;350461952;17087814;20615370
1521389607876;5167;4180;149;350461952;17088030;20615783
1521389607976;5177;4187;149;350461952;17088354;20616554
1521389608076;5187;4197;149;350461952;17088570;20617069
1521389608177;5197;4203;149;350461952;17088786;20617583
1521389608277;5207;4210;150;350461952;17089110;20618252
1521389608378;5217;4218;150;350461952;17089326;20618663
1521389608478;5227;4225;150;350461952;17089650;20619487
1521389608578;5237;4234;150;350461952;17090416;20620001
1521389608678;5247;4241;150;350461952;17090740;20620774
1521389608778;5257;4250;150;350461952;17090956;20621290
1521389608878;5267;4257;150;350461952;17091280;20622015
1521389608978;5277;4263;152;350461952;17091496;20622427
1521389609078;5287;4271;152;350461952;17091820;20623201
1521389609178;5297;4279;152;350461952;17092036;20623718
1521389609278;5307;4287;152;350461952;17092252;20624247
1521389609378;5317;4295;152;350461952;17092576;20625046
1521389609478;5327;4303;152;350461952;17092792;20625577
1521389609578;5337;4310;152;350461952;17093116;20626376
1521389609678;5347;4319;152;350461952;17093332;20626852
1521389609778;5357;4326;152;350461952;17093656;20627487
1521389609878;5367;4335;152;350461952;17093872;20627907
1521389609978;5377;4342;152;350461952;17094196;20628539
1521389610078;5387;4350;152;350461952;17094412;20628967
1521389610178;5397;4358;152;350461952;17094680;20629601
1521389610278;5407;4365;152;350461952;17094952;20630026
1521389610378;5417;4374;152;350461952;17095168;20630449
1521389610479;5427;4380;153;350461952;17095492;20631082
1521389610579;5437;4389;153;350461952;17095708;20631610
1521389610679;5447;4396;153;350461952;17096032;20632400
1521389610779;5457;4405;153;350461952;17096248;20632928
1521389610879;5467;4411;154;350461952;17096572;20633720
1521389610979;5477;4419;154;350461952;17096788;20634248
1521389611079;5487;4427;154;350461952;17097112;20635041
1521389611179;5497;4433;155;350461952;17097328;20635513
1521389611279;5507;4442;155;350461952;17097544;20635937
1521389611379;5517;4449;155;350461952;17097868;20636572
1521389611479;5527;4457;155;350461952;17098084;20636985
1521389611579;5537;4464;155;350461952;17098408;20637606
1521389611679;5547;4473;155;350461952;17098624;20638121
1521389611779;5557;4479;156;350461952;17098948;20638790
1521389611879;5567;4486;157;350461952;17099164;20639202
1521389611979;5577;4494;157;350461952;17099488;20640033
1521389612079;5587;4501;158;350461952;17099704;20640548
1521389612179;5597;4509;158;350461952;17100028;20641324
1521389612280;5607;4517;158;350461952;17100244;20641843
1521389612381;5617;4524;159;350461952;17100460;20642568
1521389612481;5627;4530;160;350461952;17100784;20643139
1521389612581;5637;4539;160;350461952;17101000;20643659
1521389612681;5647;4544;162;350461952;17101324;20644331
1521389612781;5657;4553;162;350461952;17101540;20644745
1521389612881;5667;4558;163;350461952;17101864;20645366
1521389612981;5677;4567;163;350461952;17102080;20645782
1521389613081;5687;4574;163;350461952;17102404;20646404
1521389613181;5697;4582;163;350461952;17102620;20646819
1521389613281;5707;4591;163;350461952;17102944;20647443
1521389613381;5717;4599;163;350461952;17103160;20647859
1521389613481;5727;4606;163;350461952;17103376;20648377
1521389613581;5737;4612;165;350461952;17103700;20649002
1521389613681;5747;4620;165;350461952;17103916;20649572
1521389613781;5757;4627;165;350461952;17104240;20650350
1521389613882;5767;4636;165;350461952;17104456;20650871
1521389613982;5778;4643;165;350461952;17104780;20651649
1521389614082;5788;4651;165;350461952;17104996;20652168
1521389614182;5798;4659;165;350461952;17105320;20652947
1521389614282;5808;4666;165;350461952;17105536;20653464
1521389614382;5818;4675;165;350461952;17105752;20654191
1521389614482;5828;4681;166;350461952;17106076;20654606
1521389614582;5838;4690;166;350461952;17106292;20655021
1521389614682;5848;4697;166;350461952;17106616;20655642
1521389614782;5858;4706;166;350461952;17106832;20656058
1521389614882;5868;4712;166;350461952;17107156;20656679
1521389614982;5878;4720;167;350461952;17107372;20657251
1521389615082;5888;4726;168;350461952;17107696;20657876
1521389615182;5898;4734;168;350461952;17107912;20658395
1521389615282;5908;4742;168;350461952;17108236;20659174
1521389615382;5918;4750;168;350461952;17108452;20659694
1521389615482;5928;4758;168;350461952;17108776;20660468
1521389615582;5938;4766;168;350461952;17109140;20660987
1521389615682;5947;4774;168;350461952;17109356;20661506
1521389615783;5958;4782;168;350461952;17109680;20662283
1521389615884;5968;4790;168;350461952;17109896;20662804
1521389615984;5978;4798;168;350461952;17110220;20663581
1521389616084;5988;4804;170;350461952;17110436;20664047
1521389616184;5998;4811;170;350461952;17110760;20664670
1521389616284;6008;4818;171;350461952;17110976;20665087
1521389616384;6018;4826;171;350461952;17111300;20665709
1521389616484;6028;4834;171;350461952;17111516;20666125
1521389616584;6038;4840;172;350461952;17111975;20666747
1521389616684;6048;4848;172;350461952;17112191;20667162
1521389616784;6058;4855;173;350461952;17112407;20667576
1521389616884;6068;4861;175;350461952;17112731;20668304
1521389616984;6078;4870;175;350461952;17112947;20668823
1521389617084;6088;4878;175;350461952;17113271;20669600
1521389617184;6098;4886;175;350461952;17113487;20670117
1521389617284;6108;4894;175;350461952;17113811;20670896
1521389617384;6118;4901;176;350461952;17114027;20671364
1521389617484;6128;4907;177;350461952;17114401;20671985
1521389617585;6138;4916;177;350461952;17114667;20672557
1521389617686;6148;4923;177;350461952;17114883;20673076
1521389617786;6158;4929;178;350461952;17115207;20673854
1521389617886;6168;4938;178;350461952;17115423;20674373
1521389617986;6178;4944;179;350461952;17115747;20675152
1521389618086;6188;4952;179;350461952;17115963;20675670
1521389618186;6198;4959;180;350461952;17116225;20676187
1521389618286;6208;4964;182;350461952;17116771;20676861
1521389618386;6218;4971;183;350461952;17116987;20677273
1521389618486;6228;4978;184;350461952;17117311;20677892
1521389618586;6238;4986;184;350461952;17117527;20678308
1521389618686;6248;4993;185;350461952;17117851;20679034
1521389618786;6258;5000;186;350461952;17118067;20679448
1521389618886;6268;5008;186;350461952;17118391;20680224
1521389618986;6278;5017;186;350461952;17118607;20680741
1521389619086;6288;5024;186;350461952;17118931;20681415
1521389619187;6298;5032;186;350461952;17119147;20681829
1521389619287;6308;5040;186;350461952;17119471;20682451
1521389619387;6318;5048;186;350461952;17119687;20682867
1521389619487;6328;5056;186;350461952;17120011;20683488
1521389619587;6338;5064;186;350461952;17120227;20683902
1521389619687;6348;5072;186;350461952;17120551;20684523
1521389619787;6358;5080;186;350461952;17120767;20684938
1521389619887;6368;5087;186;350461952;17121091;20685562
1521389619987;6378;5094;188;350461952;17121307;20685974
1521389620087;6388;5101;188;350461952;17121631;20686596
1521389620187;6398;5109;188;350461952;17121847;20687012
1521389620287;6408;5116;189;350461952;17122171;20687633
1521389620387;6418;5124;189;350461952;17122485;20688152
1521389620487;6428;5130;191;350461952;17122859;20688774
1521389620587;6438;5138;191;350461952;17123075;20689292
1521389620687;6448;5146;191;350461952;17123399;20690069
1521389620787;6458;5154;191;350461952;17123615;20690586
1521389620888;6468;5162;191;350461952;17123883;20691310
1521389620989;6478;5169;191;350461952;17124155;20691879
1521389621089;6488;5177;191;350461952;17124479;20692655
1521389621189;6498;5185;191;350461952;17124695;20693173
1521389621289;6508;5194;191;350461952;17124911;20693692
1521389621389;6518;5201;191;350461952;17125370;20694470
1521389621489;6528;5210;191;350461952;17125586;20694989
1521389621589;6538;5217;191;350461952;17125910;20695767
1521389621689;6548;5224;192;350461952;17126126;20696287
1521389621789;6558;5231;192;350461952;17126556;20697065
1521389621889;6568;5239;192;350461952;17126772;20697585
1521389621989;6578;5247;192;350461952;17126988;20698311
1521389622089;6588;5255;192;350461952;17127312;20698879
1521389622189;6598;5263;192;350461952;17127528;20699398
1521389622289;6608;5271;192;350461952;17127852;20700177
1521389622389;6618;5277;194;350461952;17128068;20700645
1521389622489;6628;5281;196;350461952;17128336;20701267
1521389622589;6638;5290;196;350461952;17128608;20701836
1521389622689;6648;5298;196;350461952;17128824;20702302
1521389622789;6658;5303;198;350461952;17129148;20703027
1521389622889;6668;5309;199;350461952;17129364;20703545
1521389622989;6678;5316;200;350461952;17129580;20704063
1521389623089;6688;5322;202;350461952;17129904;20704737
1521389623189;6698;5330;202;350461952;17130120;20705153
1521389623289;6708;5337;202;350461952;17130444;20705982
1521389623390;6718;5345;203;350461952;17130797;20706495
1521389623490;6728;5352;203;350461952;17131121;20707275
1521389623590;6738;5361;203;350461952;17131337;20707794
1521389623690;6748;5368;203;350461952;17131661;20708571
1521389623790;6758;5377;203;350461952;17131877;20709091
1521389623890;6768;5382;205;350461952;17132201;20709818
1521389623990;6778;5391;205;350461952;17132417;20710233
1521389624090;6788;5398;205;350461952;17132741;20710854
1521389624190;6798;5406;205;350461952;17132957;20711272
1521389624290;6808;5414;205;350461952;17133281;20712000
1521389624390;6818;5420;207;350461952;17133595;20712414
1521389624490;6828;5428;207;350461952;17133919;20713141
1521389624590;6838;5435;208;350461952;17134135;20713661
1521389624690;6848;5441;210;350461952;17134459;20714281
1521389624790;6858;5449;210;350461952;17134725;20714849
1521389624890;6868;5456;210;350461952;17135049;20715520
1521389624990;6878;5465;210;350461952;17135265;20716092
1521389625090;6888;5472;210;350461952;17135589;20716871
1521389625190;6898;5480;211;350461952;17135805;20717340
1521389625290;6908;5487;212;350461952;17136208;20717960
1521389625390;6918;5495;212;350461952;17136480;20718478
1521389625490;6928;5503;212;350461952;17136748;20719100
1521389625590;6938;5510;212;350461952;17137020;20719618
1521389625690;6948;5519;212;350461952;17137236;20720137
1521389625791;6958;5526;212;350461952;17137560;20720913
1521389625892;6968;5535;212;350461952;17137776;20721428
1521389625992;6979;5542;212;350461952;17138100;20722203
1521389626092;6989;5550;212;350461952;17138316;20722720
1521389626193;6999;5558;212;350461952;17138640;20723496
1521389626293;7009;5566;212;350461952;17138856;20724013
1521389626393;7019;5572;213;350461952;17139180;20724792
1521389626494;7029;5580;213;350461952;17139396;20725312
1521389626595;7039;5588;213;350461952;17139720;20725933
1521389626695;7049;5596;213;350461952;17139936;20726348
1521389626795;7059;5604;213;350461952;17140152;20726972
1521389626895;7069;5611;213;350461952;17140476;20727387
1521389626995;7079;5618;215;350461952;17140692;20727802
1521389627095;7089;5625;215;350461952;17141016;20728424
1521389627195;7099;5633;215;350461952;17141454;20728997
1521389627295;7109;5640;215;350461952;17141778;20729721
1521389627395;7119;5648;215;350461952;17141994;20730136
1521389627495;7129;5656;215;350461952;17142318;20730759
1521389627595;7139;5664;215;350461952;17142534;20731173
1521389627695;7149;5672;215;350461952;17142750;20731796
1521389627795;7159;5680;215;350461952;17143074;20732210
1521389627895;7169;5688;215;350461952;17143290;20732624
1521389627995;7179;5696;215;350461952;17143614;20733246
1521389628095;7189;5704;215;350461952;17143830;20733659
1521389628195;7199;5711;215;350461952;17144154;20734281
1521389628295;7209;5719;215;350461952;17144370;20734696
1521389628395;7219;5726;215;350461952;17144586;20735161
1521389628495;7229;5726;215;350461952;17144586;20735161
1521389628595;7239;5730;215;350461952;17144694;20735420
1521389628695;7249;5733;216;350461952;17144910;20735936
1521389628795;7259;5738;216;350461952;17145126;20736455
1521389628895;7269;5745;216;350461952;17145234;20736714
1521389628995;7279;5751;216;350461952;17145450;20737232
1521389629095;7289;5757;216;350461952;17145666;20737752
1521389629195;7299;5763;216;350461952;17145882;20738269
1521389629295;7309;5769;216;350461952;17146098;20738788
1521389629395;7319;5774;216;350461952;17146314;20739306
1521389629495;7329;5782;217;350461952;17146530;20739721
1521389629595;7339;5789;217;350461952;17146854;20740344
1521389629695;7349;5798;217;350461952;17147070;20740760
1521389629795;7359;5805;217;350461952;17147394;20741382
1521389629896;7369;5813;217;350461952;17147610;20741792
1521389629997;7379;5821;217;350461952;17147934;20742410
1521389630097;7389;5829;217;350461952;17148150;20742823
1521389630197;7399;5832;221;350461952;17148474;20743447
1521389630297;7409;5840;222;350461952;17148690;20743861
1521389630397;7419;5847;222;350461952;17149014;20744693
1521389630497;7429;5855;222;350461952;17149230;20745210
1521389630597;7439;5861;224;350461952;17149446;20745729
1521389630697;7449;5866;226;350461952;17149770;20746506
1521389630797;7459;5874;227;350461952;17149986;20747022
1521389630897;7469;5881;227;350461952;17150310;20747800
1521389630997;7479;5889;227;350461952;17150526;20748317
1521389631097;7489;5897;227;350461952;17150850;20748941
1521389631197;7499;5905;227;350461952;17151066;20749459
1521389631297;7509;5912;228;350461952;17151390;20750185
1521389631397;7519;5919;229;350461952;17151606;20750602
1521389631497;7529;5927;229;350461952;17151930;20751453
1521389631597;7539;5935;229;350461952;17152146;20751986
1521389631697;7549;5943;229;350461952;17152362;20752520
1521389631797;7559;5950;229;350461952;17152686;20753317
1521389631898;7569;5957;231;350461952;17152902;20753795
1521389631998;7579;5964;231;350461952;17153226;20754435
1521389632098;7589;5972;232;350461952;17153442;20754967
1521389632198;7599;5979;232;350461952;17153766;20755656
1521389632298;7609;5987;233;350461952;17153982;20756183
1521389632398;7619;5993;234;350461952;17154306;20756977
1521389632498;7629;6001;234;350461952;17154572;20757504
1521389632598;7639;6008;234;350461952;17154988;20758298
1521389632698;7649;6017;234;350461952;17155204;20758828
1521389632798;7659;6024;234;350461952;17155528;20759521
1521389632898;7669;6032;235;350461952;17155744;20759945
1521389632998;7679;6039;235;350461952;17156068;20760790
1521389633098;7689;6046;236;350461952;17156284;20761322
1521389633198;7699;6054;236;350461952;17156500;20762062
1521389633298;7709;6062;236;350461952;17156824;20762642
1521389633398;7719;6070;236;350461952;17157040;20763172
1521389633498;7729;6077;237;350461952;17157364;20763965
1521389633599;7739;6086;237;350461952;17157580;20764489
1521389633699;7749;6092;237;350461952;17157904;20765279
1521389633799;7759;6101;237;350461952;17158120;20765805
1521389633899;7769;6107;238;350461952;17158444;20766600
1521389633999;7779;6115;238;350461952;17158660;20767131
1521389634099;7789;6123;238;350461952;17158984;20767923
1521389634199;7799;6131;238;350461952;17159200;20768455
1521389634299;7809;6139;238;350461952;17159416;20768930
1521389634399;7819;6146;238;350461952;17159740;20769571
1521389634499;7829;6154;239;350461952;17159956;20769997
1521389634599;7839;6161;239;350461952;17160280;20770634
1521389634699;7849;6170;239;350461952;17160496;20771163
1521389634799;7859;6177;239;350461952;17160820;20771953
1521389634899;7869;6185;239;350461952;17161036;20772480
1521389634999;7879;6193;239;350461952;17161360;20773270
1521389635099;7889;6201;239;350461952;17161576;20773800
1521389635199;7899;6209;239;350461952;17161900;20774597
1521389635299;7909;6217;239;350461952;17162504;20775129
1521389635400;7919;6225;239;350461952;17162720;20775876
1521389635501;7929;6232;239;350461952;17163044;20776457
1521389635601;7939;6241;239;350461952;17163260;20776987
1521389635701;7949;6248;239;350461952;17163584;20777782
1521389635801;7959;6256;240;350461952;17163800;20778207
1521389635901;7969;6263;240;350461952;17164124;20778841
1521389636001;7979;6271;241;350461952;17164340;20779252
1521389636101;7989;6277;241;350461952;17164664;20779866
1521389636201;7999;6285;241;350461952;17164880;20780379
1521389636301;8009;6293;241;350461952;17165204;20781151
1521389636401;8019;6301;241;350461952;17165420;20781668
1521389636501;8029;6309;241;350461952;17165744;20782444
1521389636601;8039;6316;242;350461952;17165960;20782962
1521389636701;8049;6323;243;350461952;17166228;20783631
1521389636801;8059;6330;243;350461952;17166500;20784044
1521389636901;8069;6339;243;350461952;17166716;20784612
1521389637002;8079;6346;243;350461952;17167040;20785232
1521389637102;8090;6355;243;350461952;17167256;20785644
1521389637202;8100;6362;243;350461952;17167580;20786260
1521389637302;8110;6371;243;350461952;17167796;20786672
1521389637402;8120;6378;243;350461952;17168120;20787292
1521389637502;8130;6387;243;350461952;17168336;20787707
1521389637602;8140;6392;245;350461952;17168660;20788328
1521389637702;8150;6399;247;350461952;17168876;20788742
1521389637803;8160;6406;247;350461952;17169200;20789570
1521389637904;8170;6415;247;350461952;17169416;20790085
1521389638004;8180;6422;247;350461952;17169740;20790863
1521389638104;8190;6430;247;350461952;17169956;20791381
1521389638204;8200;6438;247;350461952;17170280;20792157
1521389638304;8210;6445;248;350461952;17170496;20792568
1521389638404;8220;6454;248;350461952;17170712;20793291
1521389638504;8230;6462;248;350461952;17171036;20793861
1521389638604;8240;6469;249;350461952;17171252;20794379
1521389638704;8250;6476;249;350461952;17171576;20795158
1521389638804;8260;6485;249;350461952;17171792;20795676
1521389638904;8270;6491;250;350461952;17172116;20796293
1521389639004;8280;6500;250;350461952;17172332;20796706
1521389639104;8290;6506;251;350461952;17172656;20797324
1521389639204;8300;6514;251;350461952;17172872;20797739
1521389639304;8310;6521;251;350461952;17173196;20798356
1521389639404;8320;6530;251;350461952;17173412;20798768
1521389639505;8330;6536;252;350461952;17173736;20799390
1521389639605;8340;6544;252;350461952;17173952;20799804
1521389639705;8350;6552;252;350461952;17174276;20800425
1521389639805;8360;6560;252;350461952;17174492;20800836
1521389639905;8370;6567;253;350461952;17174816;20801453
1521389640005;8380;6575;253;350461952;17175032;20801866
1521389640105;8390;6583;253;350461952;17175356;20802639
1521389640205;8400;6591;253;350461952;17175572;20803101
1521389640305;8410;6598;254;350461952;17175788;20803776
1521389640405;8420;6606;254;350461952;17176112;20804346
1521389640505;8430;6613;255;350461952;17176328;20804761
1521389640605;8440;6621;255;350461952;17176652;20805384
1521389640705;8450;6628;256;350461952;17176868;20805797
1521389640805;8460;6635;256;350461952;17177192;20806416
1521389640905;8470;6643;256;350461952;17177408;20806830
1521389641005;8480;6650;256;350461952;17177732;20807451
1521389641106;8490;6659;256;350461952;17177948;20807866
1521389641206;8500;6666;256;350461952;17178272;20808481
1521389641306;8510;6672;258;350461952;17178488;20808896
1521389641406;8520;6678;260;350461952;17178704;20809415
1521389641507;8530;6686;260;350461952;17179028;20810194
1521389641607;8540;6693;261;350461952;17179244;20810712
1521389641707;8550;6701;261;350461952;17179568;20811488
1521389641807;8560;6709;261;350461952;17179784;20812005
1521389641907;8570;6716;261;350461952;17180108;20812680
1521389642007;8580;6724;261;350461952;17180324;20813094
1521389642107;8590;6732;261;350461952;17180648;20813815
1521389642207;8600;6740;261;350461952;17180864;20814228
1521389642307;8610;6747;262;350461952;17181188;20815005
1521389642407;8620;6755;262;350461952;17181404;20815422
1521389642507;8630;6763;262;350461952;17181728;20816039
1521389642607;8640;6771;262;350461952;17181944;20816454
1521389642707;8650;6779;262;350461952;17182268;20817074
1521389642808;8660;6787;262;350461952;17182484;20817485
1521389642908;8670;6794;262;350461952;17182808;20818107
1521389643008;8680;6803;262;350461952;17183024;20818520
1521389643108;8690;6809;263;350461952;17183348;20819140
1521389643208;8700;6817;263;350461952;17183564;20819553
1521389643308;8710;6825;263;350461952;17183888;20820173
1521389643408;8720;6833;263;350461952;17184104;20820585
1521389643508;8730;6841;263;350461952;17184428;20821209
1521389643608;8740;6849;263;350461952;17184644;20821625
1521389643708;8750;6857;263;350461952;17184968;20822246
1521389643808;8760;6865;263;350461952;17185184;20822762
1521389643908;8770;6871;264;350461952;17185508;20823381
1521389644008;8780;6880;264;350461952;17185724;20823796
1521389644108;8790;6886;265;350461952;17186048;20824419
1521389644208;8800;6895;265;350461952;17186264;20824831
1521389644308;8810;6901;266;350461952;17186588;20825451
1521389644408;8820;6909;266;350461952;17186804;20826022
1521389644508;8830;6917;266;350461952;17187128;20826801
1521389644608;8840;6925;266;350461952;17187412;20827319
1521389644708;8850;6933;266;350461952;17187827;20828041
1521389644809;8860;6941;266;350461952;17188099;20828611
1521389644910;8870;6949;266;350461952;17188423;20829385
1521389645011;8880;6957;266;350461952;17188639;20829902
1521389645112;8890;6963;268;350461952;17188907;20830577
1521389645212;8901;6969;269;350461952;17189179;20830993
1521389645312;8911;6978;269;350461952;17189395;20831408
1521389645412;8921;6985;269;350461952;17189719;20832030
1521389645512;8931;6992;271;350461952;17189935;20832443
1521389645612;8941;6999;271;350461952;17190259;20833064
1521389645712;8951;7008;271;350461952;17190475;20833476
1521389645812;8961;7014;271;350461952;17190799;20834095
1521389645912;8971;7022;271;350461952;17191015;20834510
1521389646012;8981;7030;271;350461952;17191339;20835341
1521389646112;8991;7038;271;350461952;17191555;20835858
1521389646212;9001;7045;272;350461952;17191879;20836636
1521389646312;9011;7053;272;350461952;17192095;20837155
1521389646412;9021;7061;272;350461952;17192419;20837830
1521389646513;9031;7069;272;350461952;17192635;20838245
1521389646614;9041;7077;272;350461952;17192851;20838762
1521389646714;9051;7085;272;350461952;17193175;20839542
1521389646814;9061;7092;273;350461952;17193391;20840060
1521389646914;9071;7100;273;350461952;17193715;20840683
1521389647014;9081;7108;273;350461952;17193931;20841201
1521389647114;9091;7115;273;350461952;17194255;20841979
1521389647214;9101;7123;273;350461952;17194471;20842495
1521389647314;9111;7130;274;350461952;17194795;20843269
1521389647414;9121;7138;274;350461952;17195061;20843786
1521389647514;9131;7146;274;350461952;17195277;20844303
1521389647614;9141;7153;275;350461952;17195647;20845081
1521389647714;9151;7161;275;350461952;17195863;20845600
1521389647814;9161;7168;275;350461952;17196187;20846379
1521389647914;9171;7176;275;350461952;17196403;20846899
1521389648014;9181;7183;276;350461952;17196727;20847519
1521389648114;9191;7191;276;350461952;17196943;20848038
1521389648214;9201;7199;276;350461952;17197313;20848816
1521389648314;9211;7207;276;350461952;17197529;20849280
1521389648414;9221;7214;276;350461952;17197853;20849900
1521389648514;9231;7223;276;350461952;17198069;20850314
1521389648614;9241;7230;276;350461952;17198393;20850937
1521389648715;9251;7238;276;350461952;17198609;20851349
1521389648816;9261;7245;277;350461952;17198933;20851970
1521389648916;9271;7253;277;350461952;17199149;20852383
1521389649016;9281;7259;278;350461952;17199473;20853001
1521389649116;9291;7268;278;350461952;17199689;20853412
1521389649216;9301;7275;278;350461952;17200013;20854189
1521389649316;9311;7283;278;350461952;17200229;20854708
1521389649416;9321;7291;278;350461952;17200445;20855124
1521389649516;9331;7299;278;350461952;17200769;20855747
1521389649616;9341;7306;278;350461952;17200985;20856317
1521389649716;9351;7314;278;350461952;17201309;20857090
1521389649816;9361;7322;278;350461952;17201525;20857608
1521389649916;9371;7329;278;350461952;17201849;20858386
1521389650016;9381;7337;278;350461952;17202065;20858853
1521389650116;9391;7345;278;350461952;17202333;20859476
1521389650216;9401;7354;278;350461952;17202605;20859892
1521389650316;9411;7361;278;350461952;17202821;20860513
1521389650416;9421;7369;278;350461952;17203145;20860925
1521389650516;9431;7377;278;350461952;17203361;20861340
1521389650617;9441;7385;278;350461952;17203685;20861962
1521389650717;9451;7393;278;350461952;17203901;20862481
1521389650817;9461;7400;279;350461952;17204225;20863150
1521389650917;9471;7406;281;350461952;17204441;20863564
1521389651017;9481;7413;281;350461952;17204765;20864388
1521389651117;9491;7421;282;350461952;17204981;20864908
1521389651217;9501;7428;282;350461952;17205305;20865685
1521389651317;9511;7436;282;350461952;17205521;20866203
1521389651417;9521;7442;284;350461952;17205845;20866875
1521389651517;9531;7450;284;350461952;17206061;20867289
1521389651617;9541;7456;285;350461952;17206329;20867909
1521389651717;9551;7464;285;350461952;17206601;20868324
1521389651817;9561;7472;285;350461952;17206817;20868739
1521389651917;9571;7480;285;350461952;17207141;20869361
1521389652017;9581;7488;285;350461952;17207357;20869879
1521389652117;9591;7495;285;350461952;17207681;20870654
1521389652217;9601;7503;285;350461952;17207897;20871171
1521389652317;9611;7509;287;350461952;17208221;20871846
1521389652417;9621;7517;287;350461952;17208437;20872260
1521389652517;9631;7524;288;350461952;17208761;20872882
1521389652618;9641;7532;288;350461952;17208977;20873295
1521389652718;9651;7539;289;350461952;17209301;20874018
1521389652818;9661;7547;289;350461952;17209517;20874427
1521389652918;9671;7554;289;350461952;17209841;20875050
1521389653018;9681;7563;289;350461952;17210057;20875460
1521389653118;9691;7569;290;350461952;17210381;20876080
1521389653218;9701;7578;290;350461952;17210597;20876496
1521389653318;9711;7585;290;350461952;17210921;20877274
1521389653418;9721;7593;290;350461952;17211137;20877792
1521389653518;9731;7601;290;350461952;17211405;20878517
1521389653618;9741;7609;290;350461952;17211677;20879082
1521389653718;9751;7618;290;350461952;17211893;20879597
1521389653818;9761;7624;291;350461952;17212217;20880318
1521389653918;9771;7631;292;350461952;17212433;20880730
1521389654018;9781;7639;292;350461952;17212757;20881349
1521389654118;9791;7647;292;350461952;17212973;20881760
1521389654218;9801;7655;292;350461952;17213297;20882376
1521389654318;9811;7663;292;350461952;17213513;20882789
1521389654418;9821;7671;292;350461952;17213837;20883409
1521389654518;9831;7679;292;350461952;17214053;20883824
1521389654618;9841;7686;292;350461952;17214377;20884442
1521389654718;9851;7694;292;350461952;17214593;20884855
1521389654818;9861;7701;293;350461952;17214917;20885583
1521389654918;9871;7709;293;350461952;17215133;20886102
1521389655018;9881;7716;294;350461952;17215457;20886723
1521389655118;9891;7724;294;350461952;17215673;20887139
1521389655218;9901;7732;294;350461952;17215997;20887757
1521389655318;9911;7740;294;350461952;17216213;20888171
1521389655418;9921;7748;295;350461952;17216429;20888583
1521389655518;9931;7755;295;350461952;17216753;20889205
1521389655618;9941;7763;295;350461952;17216969;20889618
1521389655718;9951;7771;295;350461952;17217293;20890237
1521389655819;9961;7780;295;350461952;17217509;20890648
1521389655919;9971;7788;295;350461952;17217833;20891270
1521389656019;9981;7796;295;350461952;17218049;20891686
1521389656119;9991;7804;295;350461952;17218373;20892309
1521389656219;10001;7812;295;350461952;17218589;20892723
1521389656319;10011;7819;296;350461952;17218913;20893448
1521389656419;10021;7828;296;350461952;17219129;20893970
1521389656519;10031;7836;296;350461952;17219453;20894745
1521389656619;10041;7844;296;350461952;17219669;20895262
1521389656719;10051;7852;296;350461952;17219993;20896040
1521389656819;10061;7859;296;350461952;17220209;20896561
1521389656919;10071;7867;297;350461952;17220425;20897026
1521389657019;10081;7873;298;350461952;17220749;20897648
1521389657119;10091;7882;298;350461952;17220965;20898064
1521389657219;10101;7888;299;350461952;17221289;20898685
1521389657320;10111;7897;299;350461952;17221505;20899100
1521389657420;10121;7904;299;350461952;17221829;20899719
1521389657520;10131;7911;300;350461952;17222045;20900133
1521389657620;10141;7919;300;350461952;17222369;20900853
1521389657720;10151;7927;300;350461952;17222585;20901374
1521389657820;10161;7934;302;350461952;17222909;20902100
1521389657920;10171;7942;302;350461952;17223125;20902517
1521389658020;10181;7949;302;350461952;17223449;20903138
1521389658120;10191;7957;302;350461952;17223665;20903552
1521389658220;10201;7966;302;350461952;17223989;20904176
1521389658320;10211;7976;302;350461952;17224205;20904589
1521389658420;10221;7983;302;350461952;17224529;20905214
1521389658520;10231;7991;302;350461952;17224745;20905629
1521389658620;10241;7998;303;350461952;17224961;20906046
1521389658720;10251;8005;304;350461952;17225285;20906666
1521389658820;10261;8013;304;350461952;17225501;20907079
1521389658920;10271;8020;304;350461952;17225825;20907704
1521389659020;10281;8029;304;350461952;17226041;20908120
1521389659120;10291;8037;304;350461952;17226365;20908741
1521389659220;10301;8043;305;350461952;17226581;20909309
1521389659320;10311;8052;305;350461952;17226797;20909824
1521389659420;10321;8057;307;350461952;17227121;20910600
1521389659520;10331;8065;307;350461952;17227337;20911012
1521389659620;10341;8073;307;350461952;17227661;20911635
1521389659720;10351;8081;307;350461952;17227877;20912050
1521389659820;10361;8090;307;350461952;17228093;20912462
1521389659920;10371;8097;307;350461952;17228417;20913183
1521389660020;10381;8105;307;350461952;17228633;20913597
1521389660120;10391;8113;307;350461952;17228957;20914218
1521389660220;10401;8120;308;350461952;17229173;20914632
1521389660320;10411;8129;308;350461952;17229497;20915253
1521389660420;10421;8137;308;350461952;17229713;20915667
1521389660520;10431;8144;308;350461952;17229929;20916187
1521389660621;10441;8151;310;350461952;17230253;20916805
1521389660722;10451;8158;311;350461952;17230469;20917219
1521389660822;10462;8164;311;350461952;17230793;20917839
1521389660922;10472;8172;312;350461952;17231009;20918256
1521389661023;10482;8180;312;350461952;17231333;20918875
1521389661124;10492;8188;312;350461952;17231549;20919290
1521389661224;10502;8196;312;350461952;17231873;20919912
1521389661324;10512;8204;312;350461952;17232089;20920325
1521389661424;10522;8211;313;350461952;17232413;20920946
1521389661524;10532;8219;313;350461952;17232629;20921360
1521389661624;10542;8227;314;350461952;17232953;20921980
1521389661724;10552;8235;314;350461952;17233169;20922396
1521389661824;10562;8244;314;350461952;17233493;20923017
1521389661924;10572;8252;315;350461952;17233709;20923434
1521389662024;10582;8259;315;350461952;17234033;20924056
1521389662124;10592;8267;315;350461952;17234249;20924470
1521389662224;10602;8276;315;350461952;17234573;20925092
1521389662324;10612;8289;316;350461952;17234789;20925506
1521389662424;10622;8296;317;350461952;17235163;20926226
1521389662524;10632;8303;318;350461952;17235379;20926640
1521389662624;10642;8314;318;350461952;17235641;20927107
1521389662724;10652;8321;319;350461952;17235965;20927883
1521389662824;10662;8328;320;350461952;17236289;20928607
1521389662924;10672;8336;320;350461952;17236505;20929021
1521389663024;10682;8343;320;350461952;17236829;20929641
1521389663124;10692;8352;320;350461952;17237045;20930054
1521389663224;10702;8360;320;350461952;17237313;20930679
1521389663324;10712;8368;320;350461952;17237631;20931094
1521389663424;10722;8376;320;350461952;17237847;20931509
1521389663525;10732;8385;320;350461952;17238171;20932129
1521389663626;10742;8392;320;350461952;17238387;20932750
1521389663727;10752;8400;320;350461952;17238711;20933165
1521389663827;10762;8408;320;350461952;17239035;20933789
1521389663927;10772;8416;321;350461952;17239251;20934206
1521389664027;10782;8424;321;350461952;17239467;20934827
1521389664127;10792;8433;321;350461952;17239791;20935240
1521389664227;10802;8440;321;350461952;17240007;20935808
1521389664327;10812;8446;323;350461952;17240331;20936482
1521389664427;10822;8454;323;350461952;17240547;20937052
1521389664527;10832;8461;323;350461952;17240871;20937827
1521389664627;10842;8470;323;350461952;17241087;20938296
1521389664727;10852;8476;324;350461952;17241411;20938915
1521389664827;10862;8484;324;350461952;17241627;20939330
1521389664927;10872;8492;325;350461952;17241843;20939794
1521389665027;10882;8499;326;350461952;17242167;20940419
1521389665127;10892;8506;326;350461952;17242383;20940836
