1527007529346,4.317293,4.300032,0.017262,1
1527007529357,4.308376,4.292183,0.016193,1
1527007529367,4.312744,4.295378,0.017366,1
1527007529377,4.309492,4.293461,0.016031,1
1527007529387,4.314165,4.298487,0.015678,1
1527007529397,4.307652,4.291897,0.015755,1
1527007529407,4.313211,4.296474,0.016737,1
1527007529417,4.309902,4.293499,0.016403,1
1527007529427,4.315290,4.299259,0.016031,1
1527007529437,4.307384,4.291716,0.015669,1
1527007529447,4.312782,4.297647,0.015135,1
1527007529457,4.309883,4.293909,0.015974,1
1527007529468,4.314671,4.299364,0.015306,1
1527007529478,4.310913,4.293804,0.017109,1
1527007529488,4.314890,4.299383,0.015507,1
1527007529498,4.309425,4.292688,0.016737,1
1527007529508,4.314442,4.299126,0.015316,1
1527007529518,4.310493,4.293528,0.016966,1
1527007529528,4.315586,4.299994,0.015593,1
1527007529538,4.309664,4.293623,0.016041,1
1527007529548,4.315157,4.299269,0.015888,1
1527007529558,4.308825,4.291763,0.017061,1
1527007529568,4.315672,4.299793,0.015879,1
1527007529579,4.315605,4.300451,0.015154,1
1527007529589,4.322081,4.306240,0.015841,1
1527007529599,4.312286,4.296970,0.015316,1
1527007529609,4.321556,4.305716,0.015841,1
1527007529619,4.316044,4.300337,0.015707,1
1527007529629,4.322615,4.306126,0.016489,1
1527007529639,4.313231,4.298334,0.014896,1
1527007529649,4.322119,4.305487,0.016632,1
1527007529659,4.308462,4.292021,0.016441,1
1527007529669,4.316483,4.299755,0.016727,1
1527007529679,4.307947,4.291372,0.016575,1
1527007529690,4.316549,4.300547,0.016003,1
1527007529700,4.309015,4.292688,0.016327,1
1527007529710,4.312811,4.295940,0.016870,1
1527007529720,4.308825,4.293518,0.015306,1
1527007529730,4.315147,4.299498,0.015650,1
1527007529740,4.309282,4.293222,0.016060,1
1527007529750,4.312353,4.295826,0.016527,1
1527007529760,4.309425,4.293852,0.015574,1
1527007529770,4.315634,4.299469,0.016165,1
1527007529780,4.308920,4.293098,0.015821,1
1527007529790,4.312906,4.296045,0.016861,1
1527007529801,4.310007,4.293699,0.016308,1
1527007529811,4.314051,4.298458,0.015593,1
1527007529821,4.310627,4.294176,0.016451,1
1527007529831,4.312267,4.296541,0.015726,1
1527007529841,4.309969,4.294434,0.015535,1
1527007529851,4.313602,4.298630,0.014973,1
1527007529861,4.311190,4.295349,0.015841,1
1527007529871,4.319353,4.302969,0.016384,1
1527007529881,4.316826,4.301100,0.015726,1
1527007529891,4.320240,4.304276,0.015965,1
1527007529901,4.317770,4.301796,0.015974,1
1527007529912,4.319859,4.303589,0.016270,1
1527007529922,4.317722,4.301653,0.016069,1
1527007529932,4.320154,4.303703,0.016451,1
1527007529942,4.312344,4.295645,0.016699,1
1527007529952,4.312420,4.296551,0.015869,1
1527007529962,4.310951,4.294710,0.016241,1
1527007529972,4.312906,4.296885,0.016022,1
1527007529982,4.308720,4.292316,0.016403,1
1527007529992,4.312696,4.295750,0.016947,1
1527007530002,4.305992,4.288778,0.017214,1
1527007530012,4.306707,4.290371,0.016336,1
1527007530023,4.302559,4.286070,0.016489,1
1527007530033,4.305935,4.289703,0.016232,1
1527007530043,4.306240,4.289923,0.016317,1
1527007530053,4.305277,4.289293,0.015984,1
1527007530063,4.302034,4.285564,0.016470,1
1527007530073,4.306545,4.289780,0.016766,1
1527007530083,4.306269,4.289904,0.016365,1
1527007530093,4.305248,4.288692,0.016556,1
1527007530103,4.307632,4.290991,0.016642,1
1527007530113,4.311008,4.294977,0.016031,1
1527007530123,4.312534,4.296741,0.015793,1
1527007530134,4.310589,4.295053,0.015535,1
1527007530144,4.312344,4.296722,0.015621,1
1527007530154,4.308615,4.292126,0.016489,1
1527007530164,4.313231,4.298096,0.015135,1
1527007530174,4.311295,4.295206,0.016088,1
1527007530184,4.313269,4.296665,0.016603,1
1527007530194,4.309864,4.294138,0.015726,1
1527007530204,4.313316,4.296799,0.016518,1
1527007530214,4.310608,4.294453,0.016155,1
1527007530224,4.313068,4.296436,0.016632,1
1527007530234,4.310055,4.294224,0.015831,1
1527007530245,4.313335,4.298229,0.015106,1
1527007530255,4.305468,4.289999,0.015469,1
1527007530265,4.314871,4.298687,0.016184,1
1527007530275,4.307756,4.292116,0.015640,1
1527007530285,4.314327,4.298239,0.016088,1
1527007530295,4.306650,4.290590,0.016060,1
1527007530305,4.313717,4.298038,0.015678,1
1527007530315,4.308920,4.292984,0.015936,1
1527007530325,4.314098,4.298782,0.015316,1
1527007530335,4.306326,4.291210,0.015116,1
1527007530345,4.314499,4.299231,0.015268,1
1527007530356,4.308167,4.292660,0.015507,1
1527007530366,4.314690,4.299221,0.015469,1
1527007530376,4.306736,4.291735,0.015001,1
1527007530386,4.315519,4.300127,0.015392,1
1527007530396,4.308186,4.292927,0.015259,1
1527007530406,4.315395,4.298906,0.016489,1
1527007530416,4.307499,4.292068,0.015430,1
1527007530426,4.314880,4.299545,0.015335,1
1527007530436,4.308395,4.292974,0.015421,1
1527007530446,4.314661,4.298687,0.015974,1
1527007530456,4.308167,4.293346,0.014820,1
1527007530466,4.317045,4.300442,0.016603,1
1527007530476,4.306383,4.290667,0.015717,1
1527007530486,4.314852,4.297256,0.017595,1
1527007530496,4.307690,4.292536,0.015154,1
1527007530507,4.316187,4.300604,0.015583,1
1527007530517,4.307194,4.292345,0.014849,1
1527007530527,4.314871,4.298811,0.016060,1
1527007530537,4.307909,4.292860,0.015049,1
1527007530547,4.316664,4.300375,0.016289,1
1527007530557,4.306755,4.292612,0.014143,1
1527007530567,4.314919,4.298239,0.016680,1
1527007530577,4.308195,4.292336,0.015860,1
1527007530587,4.316931,4.300194,0.016737,1
1527007530597,4.307566,4.292269,0.015297,1
1527007530607,4.316578,4.299755,0.016823,1
1527007530618,4.307823,4.292765,0.015059,1
1527007530628,4.315796,4.300251,0.015545,1
1527007530638,4.308310,4.292145,0.016165,1
1527007530648,4.315233,4.299545,0.015688,1
1527007530658,4.308491,4.292927,0.015564,1
1527007530668,4.316072,4.299393,0.016680,1
1527007530678,4.307756,4.290781,0.016975,1
1527007530688,4.314556,4.298944,0.015612,1
1527007530698,4.308805,4.292765,0.016041,1
1527007530708,4.316120,4.299393,0.016727,1
1527007530718,4.307432,4.290724,0.016708,1
1527007530729,4.314766,4.298897,0.015869,1
1527007530739,4.310493,4.293470,0.017023,1
1527007530749,4.315596,4.299803,0.015793,1
1527007530759,4.307899,4.291754,0.016146,1
1527007530769,4.315567,4.299622,0.015945,1
1527007530779,4.310398,4.293509,0.016890,1
1527007530789,4.315977,4.299631,0.016346,1
1527007530799,4.308577,4.292307,0.016270,1
1527007530809,4.313660,4.298487,0.015173,1
1527007530819,4.309721,4.293270,0.016451,1
1527007530829,4.316816,4.300261,0.016556,1
1527007530840,4.308748,4.292688,0.016060,1
1527007530850,4.316111,4.300556,0.015554,1
1527007530860,4.308004,4.291983,0.016022,1
1527007530870,4.312668,4.296169,0.016499,1
1527007530880,4.309320,4.293108,0.016212,1
1527007530890,4.316874,4.300604,0.016270,1
1527007530900,4.308777,4.293337,0.015440,1
1527007530910,4.311581,4.295502,0.016079,1
1527007530920,4.308472,4.292994,0.015478,1
1527007530930,4.316101,4.300184,0.015917,1
1527007530940,4.309206,4.293404,0.015802,1
1527007530951,4.312973,4.295082,0.017891,1
1527007530961,4.308863,4.293013,0.015850,1
1527007530971,4.314775,4.299068,0.015707,1
1527007530981,4.309607,4.294147,0.015459,1
1527007530991,4.312305,4.295483,0.016823,1
1527007531001,4.309025,4.293137,0.015888,1
1527007531011,4.314852,4.299278,0.015574,1
1527007531021,4.310141,4.294338,0.015802,1
1527007531031,4.311590,4.295197,0.016394,1
1527007531041,4.309502,4.293633,0.015869,1
1527007531051,4.314156,4.299145,0.015011,1
1527007531061,4.309940,4.294281,0.015659,1
1527007531071,4.311361,4.295111,0.016251,1
1527007531081,4.309292,4.292831,0.016460,1
1527007531091,4.315643,4.299250,0.016394,1
1527007531101,4.309206,4.292784,0.016422,1
1527007531111,4.305725,4.288588,0.017138,1
1527007531121,4.303970,4.287252,0.016718,1
1527007531131,4.309263,4.291925,0.017338,1
1527007531141,4.303904,4.287224,0.016680,1
1527007531151,4.306803,4.289570,0.017233,1
1527007531161,4.304609,4.288073,0.016537,1
1527007531171,4.308367,4.291420,0.016947,1
1527007531181,4.303761,4.287243,0.016518,1
1527007531191,4.308052,4.291000,0.017052,1
1527007531201,4.302988,4.287748,0.015240,1
1527007531211,4.315205,4.299326,0.015879,1
1527007531221,4.309158,4.292450,0.016708,1
1527007531231,4.313478,4.297018,0.016460,1
1527007531241,4.310150,4.293709,0.016441,1
1527007531251,4.316082,4.299536,0.016546,1
1527007531261,4.308996,4.292831,0.016165,1
1527007531271,4.313316,4.297485,0.015831,1
1527007531281,4.308891,4.292698,0.016193,1
1527007531291,4.314699,4.300051,0.014648,1
1527007531301,4.309111,4.292974,0.016136,1
1527007531312,4.312344,4.297028,0.015316,1
1527007531322,4.309139,4.294024,0.015116,1
1527007531332,4.078350,4.057312,0.021038,1
1527007531342,4.139109,4.114065,0.025043,1
1527007531352,4.134169,4.110231,0.023937,1
1527007531362,4.174404,4.151840,0.022564,1
1527007531372,4.166298,4.143829,0.022469,1
1527007531382,4.163561,4.140434,0.023127,1
1527007531392,4.317636,4.302902,0.014734,1
1527007531402,4.321394,4.305620,0.015774,1
1527007531412,4.318171,4.301825,0.016346,1
1527007531423,4.184828,4.163122,0.021706,1
1527007531433,4.189625,4.167757,0.021868,1
1527007531443,4.182844,4.160900,0.021944,1
1527007531453,4.188356,4.166603,0.021753,1
1527007531464,4.186687,4.165106,0.021582,1
1527007531474,4.180298,4.157906,0.022392,1
1527007531484,4.241858,4.229259,0.012598,1
1527007531495,4.312029,4.296217,0.015812,1
1527007531505,4.318409,4.302263,0.016146,1
1527007531515,4.314604,4.299927,0.014677,1
1527007531525,4.325409,4.308395,0.017014,1
1527007531535,4.077988,4.053822,0.024166,1
1527007531545,4.294815,4.278679,0.016136,1
1527007531555,4.298105,4.283028,0.015078,1
1527007531565,4.323006,4.306793,0.016212,1
1527007531575,4.306202,4.289360,0.016842,1
1527007531585,4.318056,4.301624,0.016432,1
1527007531595,4.315605,4.300756,0.014849,1
1527007531606,4.134779,4.111195,0.023584,1
1527007531616,4.148569,4.125643,0.022926,1
1527007531626,4.167500,4.142351,0.025148,1
1527007531636,4.186687,4.164448,0.022240,1
1527007531646,4.199514,4.175472,0.024042,1
1527007531656,4.197474,4.174070,0.023403,1
1527007531666,4.202671,4.178810,0.023861,1
1527007531676,4.196386,4.173031,0.023355,1
1527007531686,4.201803,4.177675,0.024128,1
1527007531696,4.196892,4.173183,0.023708,1
1527007531706,4.203568,4.180298,0.023270,1
1527007531717,4.196739,4.173727,0.023012,1
1527007531727,4.201574,4.179983,0.021591,1
1527007531737,4.170637,4.147215,0.023422,0
1527007531747,4.193497,4.170008,0.023489,0
1527007531757,4.135075,4.109917,0.025158,0
1527007531767,4.351816,4.336405,0.015411,0
1527007531777,4.354763,4.340277,0.014486,0
1527007531787,4.364071,4.348764,0.015306,0
1527007531797,4.356289,4.341688,0.014601,0
1527007531807,4.167194,4.142799,0.024395,0
1527007531817,4.182634,4.160824,0.021811,0
1527007531828,4.206915,4.183741,0.023174,0
1527007531838,3.980751,3.948927,0.031824,1
1527007531848,4.000988,3.966427,0.034561,1
1527007531858,3.879766,3.842087,0.037680,1
1527007531868,3.920746,3.889532,0.031214,1
1527007531878,3.963051,3.931036,0.032015,1
1527007531888,3.990936,3.959007,0.031929,1
1527007531898,3.953285,3.918715,0.034571,1
1527007531908,4.204111,4.179697,0.024414,1
1527007531918,4.347534,4.331446,0.016088,1
1527007531928,4.358864,4.342499,0.016365,1
1527007531939,4.351940,4.336519,0.015421,0
1527007531949,4.359150,4.342737,0.016413,0
1527007531959,4.353027,4.336748,0.016279,0
1527007531969,4.359274,4.342995,0.016279,0
1527007531979,4.352617,4.336987,0.015631,0
1527007531989,4.359255,4.342804,0.016451,0
1527007531999,4.352198,4.336004,0.016193,0
1527007532009,4.359694,4.343719,0.015974,0
1527007532019,4.357929,4.342165,0.015764,0
1527007532029,4.364939,4.349546,0.015392,0
1527007532039,4.357700,4.342880,0.014820,1
1527007532050,4.364910,4.349766,0.015144,1
1527007532060,4.360332,4.344168,0.016165,1
1527007532070,4.312506,4.291525,0.020981,1
1527007532080,4.224710,4.201336,0.023375,1
1527007532090,4.215231,4.190331,0.024900,1
1527007532100,4.198313,4.173727,0.024586,1
1527007532110,4.173775,4.147816,0.025959,1
1527007532120,4.171133,4.145784,0.025349,1
1527007532130,4.182196,4.157276,0.024920,1
1527007532140,4.211378,4.188700,0.022678,0
1527007532150,4.219122,4.195900,0.023222,0
1527007532161,4.214916,4.192171,0.022745,0
1527007532171,4.222412,4.200668,0.021744,0
1527007532181,4.220467,4.199200,0.021267,0
1527007532191,4.227705,4.205542,0.022163,0
1527007532201,4.221296,4.200354,0.020943,0
1527007532211,4.228296,4.205246,0.023050,0
1527007532221,4.221344,4.200001,0.021343,0
1527007532231,4.228096,4.205446,0.022650,0
1527007532241,4.221449,4.199734,0.021715,1
1527007532251,4.231024,4.207945,0.023079,1
1527007532261,4.198265,4.172449,0.025816,1
1527007532272,4.178047,4.152222,0.025826,1
1527007532282,4.191494,4.171238,0.020256,1
1527007532292,4.218578,4.195518,0.023060,1
1527007532302,4.213085,4.190054,0.023031,1
1527007532312,4.219322,4.196835,0.022488,1
1527007532322,4.215326,4.192686,0.022640,1
1527007532332,4.220228,4.197235,0.022993,1
1527007532342,4.219179,4.196815,0.022364,0
1527007532352,4.227734,4.204140,0.023594,0
1527007532362,4.221020,4.199371,0.021648,0
1527007532372,4.227448,4.203873,0.023575,0
1527007532383,4.219656,4.197426,0.022230,0
1527007532393,4.226971,4.203367,0.023603,0
1527007532403,4.224148,4.202566,0.021582,0
1527007532413,4.223270,4.200106,0.023165,0
1527007532423,4.212341,4.188910,0.023432,0
1527007532433,4.206476,4.182358,0.024118,0
1527007532443,4.198771,4.172497,0.026274,1
1527007532453,4.217644,4.195356,0.022287,1
1527007532463,4.348068,4.332685,0.015383,1
1527007532473,4.355478,4.339685,0.015793,1
1527007532483,4.353390,4.337606,0.015783,1
1527007532494,4.356203,4.339981,0.016222,1
1527007532504,4.353552,4.338036,0.015516,1
1527007532514,4.355135,4.338856,0.016279,1
1527007532524,4.358845,4.343071,0.015774,1
1527007532534,4.361048,4.344749,0.016298,1
1527007532544,4.358778,4.342690,0.016088,0
1527007532554,4.360561,4.344101,0.016460,0
1527007532564,4.220638,4.198799,0.021839,0
1527007532574,4.195566,4.175615,0.019951,0
1527007532584,4.222641,4.200544,0.022097,0
1527007532594,4.222069,4.197941,0.024128,0
1527007532605,4.213095,4.189711,0.023384,0
1527007532615,4.203243,4.180107,0.023136,0
1527007532625,4.217176,4.193697,0.023479,0
1527007532635,4.135847,4.115114,0.020733,1
1527007532645,4.216166,4.192629,0.023537,1
1527007532655,4.212704,4.190416,0.022287,1
1527007532665,4.217224,4.194946,0.022278,1
1527007532675,4.206619,4.183741,0.022879,1
1527007532685,4.221106,4.198561,0.022545,1
1527007532695,4.203653,4.179859,0.023794,1
1527007532705,4.191084,4.165516,0.025568,1
1527007532716,4.174166,4.149828,0.024338,1
1527007532726,4.210892,4.189415,0.021477,1
1527007532736,4.219360,4.198294,0.021067,0
1527007532746,4.225941,4.203100,0.022840,0
1527007532756,4.221697,4.200230,0.021467,0
1527007532766,4.135437,4.101114,0.034323,0
1527007532776,4.214554,4.192352,0.022202,0
1527007532786,4.219532,4.196110,0.023422,0
1527007532796,4.203329,4.182386,0.020943,0
1527007532806,4.215841,4.192505,0.023336,0
1527007532816,4.214802,4.192448,0.022354,0
1527007532827,4.218950,4.196358,0.022593,0
1527007532837,4.213228,4.191141,0.022087,1
1527007532847,4.227867,4.205093,0.022774,1
1527007532857,4.209538,4.186707,0.022831,1
1527007532867,4.117918,4.094868,0.023050,1
1527007532877,4.202175,4.180813,0.021362,1
1527007532887,4.183865,4.159575,0.024290,1
1527007532897,4.193211,4.173937,0.019274,1
1527007532907,4.200840,4.180117,0.020723,1
1527007532917,4.216480,4.195595,0.020885,1
1527007532927,4.216528,4.193535,0.022993,1
1527007532938,4.212160,4.190159,0.022001,0
1527007532948,4.220037,4.197636,0.022402,0
1527007532958,4.209604,4.187708,0.021896,0
1527007532968,4.356785,4.340448,0.016336,0
1527007532978,4.349871,4.335146,0.014725,0
1527007532988,4.357767,4.341011,0.016756,0
1527007532998,4.348660,4.333687,0.014973,0
1527007533008,4.358635,4.342213,0.016422,0
1527007533018,4.356155,4.341402,0.014753,0
1527007533028,4.362478,4.346590,0.015888,0
1527007533038,4.353437,4.338131,0.015306,1
1527007533048,4.363594,4.347811,0.015783,1
1527007533058,4.356050,4.341440,0.014610,1
1527007533068,4.206095,4.185371,0.020723,1
1527007533078,4.215536,4.193945,0.021591,1
1527007533088,4.227962,4.204197,0.023766,1
1527007533098,4.213381,4.191780,0.021601,1
1527007533108,4.220686,4.198112,0.022573,1
1527007533118,4.208851,4.187517,0.021334,1
1527007533128,4.213943,4.190168,0.023775,1
1527007533138,4.209480,4.188509,0.020971,0
1527007533148,4.205189,4.180079,0.025110,0
1527007533158,4.185400,4.160538,0.024862,0
1527007533168,4.067640,4.032574,0.035067,0
1527007533178,4.164762,4.141483,0.023279,0
1527007533188,4.209747,4.187603,0.022144,0
1527007533198,4.195652,4.175615,0.020037,0
1527007533208,4.214735,4.191990,0.022745,0
1527007533218,4.212341,4.190550,0.021791,0
1527007533228,4.226704,4.203367,0.023336,0
1527007533238,4.219131,4.198608,0.020523,1
1527007533248,4.227467,4.204254,0.023212,1
1527007533258,4.212523,4.191570,0.020952,1
1527007533269,4.172792,4.154482,0.018311,1
1527007533279,4.206371,4.184771,0.021601,1
1527007533289,4.221706,4.199018,0.022688,1
1527007533299,4.212971,4.190645,0.022326,1
1527007533309,4.221678,4.198189,0.023489,1
1527007533319,4.209833,4.189339,0.020494,1
1527007533329,4.218655,4.194479,0.024176,1
1527007533339,4.202805,4.181299,0.021505,0
1527007533349,4.216013,4.190350,0.025663,0
1527007533359,4.178877,4.155426,0.023451,0
1527007533369,4.193859,4.173365,0.020494,0
1527007533380,4.212198,4.191151,0.021048,0
1527007533390,4.227266,4.203138,0.024128,0
1527007533400,4.221277,4.199409,0.021868,0
1527007533410,4.228258,4.204741,0.023518,0
1527007533420,4.216003,4.193316,0.022688,0
1527007533430,4.220028,4.196463,0.023565,0
1527007533440,4.216547,4.193048,0.023499,1
1527007533450,4.220610,4.198084,0.022526,1
1527007533460,4.215260,4.192295,0.022964,1
1527007533470,4.217949,4.195309,0.022640,1
1527007533480,4.215221,4.192791,0.022430,1
1527007533491,4.221373,4.199524,0.021849,1
1527007533501,4.214478,4.191751,0.022726,1
1527007533511,4.205885,4.181957,0.023928,1
1527007533521,4.178543,4.153957,0.024586,1
1527007533531,4.187403,4.162865,0.024538,1
1527007533541,4.189615,4.169579,0.020037,0
1527007533551,4.219780,4.198294,0.021486,0
1527007533561,4.218693,4.197626,0.021067,0
1527007533571,4.225550,4.203072,0.022478,0
1527007533581,4.219303,4.196234,0.023069,0
1527007533591,4.218378,4.196224,0.022154,0
1527007533602,4.214296,4.190693,0.023603,0
1527007533612,4.220285,4.198074,0.022211,0
1527007533622,4.212551,4.190025,0.022526,0
1527007533632,4.219904,4.197817,0.022087,0
1527007533642,4.213171,4.190111,0.023060,1
1527007533652,4.220381,4.197569,0.022812,1
1527007533662,4.211855,4.188719,0.023136,1
1527007533672,4.219303,4.195194,0.024109,1
1527007533682,4.221992,4.199467,0.022526,1
1527007533692,4.214754,4.190521,0.024233,1
1527007533702,4.188356,4.162092,0.026264,1
1527007533712,4.186230,4.161663,0.024567,1
1527007533722,4.177675,4.152994,0.024681,1
1527007533732,4.215527,4.193869,0.021658,1
1527007533742,4.215088,4.192066,0.023022,0
1527007533752,4.216433,4.194250,0.022182,0
1527007533762,4.211884,4.188528,0.023355,0
1527007533772,4.220228,4.197016,0.023212,0
1527007533782,4.209976,4.186869,0.023108,0
1527007533792,4.220181,4.197340,0.022840,0
1527007533802,4.214125,4.191084,0.023041,0
1527007533812,4.219990,4.196720,0.023270,0
1527007533822,4.209824,4.186945,0.022879,0
1527007533832,4.217625,4.195127,0.022497,0
1527007533842,4.219856,4.197960,0.021896,1
1527007533852,4.227772,4.204597,0.023174,1
1527007533863,4.216061,4.193239,0.022821,1
1527007533873,4.220896,4.196472,0.024424,1
1527007533883,4.203949,4.180107,0.023842,1
1527007533893,4.184647,4.159613,0.025034,1
1527007533903,4.186239,4.159498,0.026741,1
1527007533913,4.174805,4.149313,0.025492,1
1527007533923,4.206505,4.184666,0.021839,1
1527007533933,4.215994,4.192066,0.023928,1
1527007533943,4.207067,4.184351,0.022717,0
1527007533953,4.219475,4.195776,0.023699,0
1527007533963,4.215221,4.191837,0.023384,0
1527007533974,4.356003,4.339447,0.016556,0
1527007533984,4.352856,4.336834,0.016022,0
1527007533994,4.353762,4.337111,0.016651,0
1527007534004,4.350672,4.334269,0.016403,0
1527007534014,4.355345,4.340477,0.014868,0
1527007534024,4.353247,4.337168,0.016079,0
1527007534034,4.360256,4.344807,0.015450,0
1527007534044,4.358912,4.343576,0.015335,1
1527007534054,4.361715,4.345865,0.015850,1
1527007534064,4.358940,4.343424,0.015516,1
1527007534074,4.221878,4.197626,0.024252,1
1527007534085,4.218178,4.195442,0.022736,1
1527007534095,4.213963,4.190884,0.023079,1
1527007534105,4.212160,4.188280,0.023880,1
1527007534115,4.216518,4.193544,0.022974,1
1527007534125,4.215813,4.192743,0.023069,1
1527007534135,4.207067,4.183207,0.023861,1
1527007534145,4.203348,4.179630,0.023718,0
1527007534155,4.153891,4.130774,0.023117,0
1527007534165,4.184160,4.157248,0.026913,0
1527007534175,4.146357,4.120674,0.025682,0
1527007534185,4.196596,4.175959,0.020638,0
1527007534196,4.218159,4.196033,0.022125,0
1527007534206,4.221315,4.198160,0.023155,0
1527007534216,4.221659,4.200077,0.021582,0
1527007534226,4.223566,4.201384,0.022182,0
1527007534236,4.208727,4.186106,0.022621,0
1527007534246,4.215813,4.191656,0.024157,1
1527007534256,4.216595,4.193211,0.023384,1
1527007534266,4.218359,4.194326,0.024033,1
1527007534276,4.206371,4.182882,0.023489,1
1527007534286,4.204626,4.181452,0.023174,1
1527007534296,4.207220,4.184618,0.022602,1
1527007534307,4.214792,4.191446,0.023346,1
1527007534317,4.199085,4.175072,0.024014,1
1527007534327,4.168892,4.142056,0.026836,1
1527007534337,4.168816,4.147120,0.021696,0
1527007534347,4.175014,4.150314,0.024700,0
1527007534357,4.202585,4.181995,0.020590,0
1527007534367,4.197512,4.173946,0.023565,0
1527007534377,4.220686,4.198132,0.022554,0
1527007534387,4.213428,4.191256,0.022173,0
1527007534397,4.219818,4.198532,0.021286,0
1527007534407,4.223471,4.200888,0.022583,0
1527007534418,4.219952,4.198704,0.021248,0
1527007534428,4.226780,4.203873,0.022907,0
1527007534438,4.207163,4.185238,0.021925,1
1527007534448,4.219627,4.196177,0.023451,1
1527007534458,4.214430,4.191942,0.022488,1
1527007534468,4.135609,4.100533,0.035076,1
1527007534478,4.347019,4.332561,0.014458,1
1527007534488,4.356470,4.339991,0.016479,1
1527007534498,4.351683,4.336214,0.015469,1
1527007534508,4.357119,4.340687,0.016432,1
1527007534518,4.348383,4.332867,0.015516,1
1527007534529,4.362774,4.346914,0.015860,1
1527007534539,4.352388,4.337511,0.014877,0
1527007534549,4.363642,4.346695,0.016947,0
1527007534559,4.354944,4.339962,0.014982,0
1527007534569,4.305353,4.288836,0.016518,0
1527007534579,4.207592,4.183998,0.023594,0
1527007534589,4.190245,4.162521,0.027723,0
1527007534599,4.174862,4.151096,0.023766,0
1527007534609,4.183826,4.157648,0.026178,0
1527007534619,4.179821,4.161310,0.018511,0
1527007534629,4.218206,4.194527,0.023680,0
1527007534639,4.181681,4.159136,0.022545,1
1527007534649,4.219933,4.197149,0.022783,1
1527007534659,4.212036,4.189920,0.022116,1
1527007534669,4.122210,4.101086,0.021124,1
1527007534679,4.208803,4.186916,0.021887,1
1527007534689,4.206896,4.183331,0.023565,1
1527007534699,4.218349,4.197550,0.020800,1
1527007534710,4.228411,4.204216,0.024195,1
1527007534720,4.218912,4.197779,0.021133,1
1527007534730,4.228458,4.204044,0.024414,1
1527007534740,4.217796,4.195766,0.022030,0
1527007534750,4.230909,4.207563,0.023346,0
1527007534760,4.214277,4.191504,0.022774,0
1527007534770,4.072485,4.044733,0.027752,0
1527007534780,4.171600,4.146471,0.025129,0
1527007534790,4.169807,4.143677,0.026131,0
1527007534800,4.187899,4.168806,0.019093,0
1527007534810,4.216766,4.193993,0.022774,0
1527007534821,4.213820,4.191351,0.022469,0
1527007534831,4.217157,4.193439,0.023718,0
1527007534841,4.209309,4.186373,0.022936,1
1527007534851,4.221697,4.199438,0.022259,1
1527007534861,4.222326,4.200630,0.021696,1
1527007534871,4.201889,4.181232,0.020657,1
1527007534881,4.222193,4.199638,0.022554,1
1527007534891,4.224873,4.202604,0.022268,1
1527007534901,4.220638,4.198980,0.021658,1
1527007534911,4.223928,4.201260,0.022669,1
1527007534921,4.224539,4.202976,0.021563,1
1527007534932,4.220819,4.197044,0.023775,1
1527007534942,4.170837,4.144964,0.025873,0
1527007534952,4.177446,4.153252,0.024195,0
1527007534962,4.204540,4.183235,0.021305,0
1527007534972,4.216328,4.194374,0.021954,0
1527007534982,4.211740,4.188929,0.022812,0
1527007534992,4.216528,4.193602,0.022926,0
1527007535002,4.214630,4.191694,0.022936,0
1527007535012,4.221144,4.199076,0.022068,0
1527007535022,4.219961,4.198332,0.021629,0
1527007535032,4.228258,4.205036,0.023222,0
1527007535043,4.207544,4.185925,0.021620,1
1527007535053,4.227457,4.204006,0.023451,1
1527007535063,4.217434,4.195852,0.021582,1
1527007535073,4.225712,4.202414,0.023298,1
1527007535083,4.219961,4.198017,0.021944,1
1527007535093,4.225044,4.203033,0.022011,1
1527007535103,4.202032,4.178753,0.023279,1
1527007535113,4.184904,4.157152,0.027752,1
1527007535123,4.194489,4.168873,0.025616,1
1527007535133,4.177589,4.153519,0.024071,1
1527007535143,4.179401,4.158850,0.020552,0
1527007535154,4.218121,4.194460,0.023661,0
1527007535164,4.212208,4.189157,0.023050,0
1527007535174,4.216976,4.193478,0.023499,0
1527007535184,4.217396,4.194298,0.023098,0
1527007535194,4.221144,4.198008,0.023136,0
1527007535204,4.221134,4.198637,0.022497,0
1527007535214,4.222593,4.197769,0.024824,0
1527007535224,4.213648,4.190588,0.023060,0
1527007535234,4.227400,4.203730,0.023670,0
1527007535244,4.190578,4.168425,0.022154,1
1527007535254,4.211264,4.186096,0.025167,1
1527007535265,4.205284,4.182034,0.023251,1
1527007535275,4.181623,4.154577,0.027046,1
1527007535285,4.167681,4.139929,0.027752,1
1527007535295,4.161034,4.138403,0.022631,1
1527007535305,4.193611,4.170389,0.023222,1
1527007535315,4.181194,4.159698,0.021496,1
1527007535325,4.195738,4.172583,0.023155,1
1527007535335,4.209137,4.185734,0.023403,1
1527007535345,4.196005,4.172163,0.023842,0
1527007535355,4.223347,4.200754,0.022593,0
1527007535365,4.220715,4.198837,0.021877,0
1527007535376,4.215069,4.193010,0.022058,0
1527007535386,4.220419,4.198637,0.021782,0
1527007535396,4.213724,4.191856,0.021868,0
1527007535406,4.219131,4.196634,0.022497,0
1527007535416,4.219456,4.197407,0.022049,0
1527007535426,4.215822,4.192581,0.023241,0
1527007535436,4.218893,4.195986,0.022907,0
1527007535446,4.184275,4.159794,0.024481,1
1527007535456,4.213047,4.189148,0.023899,1
1527007535466,4.202843,4.181080,0.021763,1
1527007535476,4.350185,4.334745,0.015440,1
1527007535487,4.350414,4.334316,0.016098,1
1527007535497,4.342813,4.328518,0.014296,1
1527007535507,4.354811,4.338455,0.016356,1
1527007535517,4.353247,4.337521,0.015726,1
1527007535527,4.356136,4.340124,0.016012,1
1527007535537,4.358511,4.343071,0.015440,1
1527007535547,4.341726,4.325743,0.015984,0
1527007535557,4.357510,4.342375,0.015135,0
1527007535567,4.356852,4.340630,0.016222,0
1527007535577,4.165564,4.142981,0.022583,0
1527007535587,4.221725,4.199677,0.022049,0
1527007535598,4.209013,4.187069,0.021944,0
1527007535608,4.217958,4.195375,0.022583,0
1527007535618,4.214392,4.192114,0.022278,0
1527007535628,4.218388,4.195356,0.023031,0
1527007535638,4.214859,4.192953,0.021906,0
1527007535648,4.195004,4.172087,0.022917,1
1527007535658,4.214382,4.191723,0.022659,1
1527007535668,4.218388,4.195871,0.022516,1
1527007535678,4.213991,4.191513,0.022478,1
1527007535688,4.218111,4.195776,0.022335,1
1527007535698,4.207954,4.185362,0.022593,1
1527007535708,4.211426,4.187279,0.024147,1
1527007535718,4.213400,4.189873,0.023527,1
1527007535728,4.185028,4.158001,0.027027,1
1527007535738,4.178324,4.154902,0.023422,0
1527007535748,4.181995,4.154959,0.027037,0
1527007535758,4.209175,4.187517,0.021658,0
1527007535768,4.222307,4.199800,0.022507,0
1527007535778,4.213991,4.191494,0.022497,0
1527007535788,4.216700,4.193678,0.023022,0
1527007535798,4.211617,4.187126,0.024490,0
1527007535808,4.218702,4.195452,0.023251,0
1527007535818,4.214230,4.191265,0.022964,0
1527007535828,4.218254,4.195328,0.022926,0
1527007535838,4.212694,4.189739,0.022955,1
1527007535848,4.209728,4.185667,0.024061,1
1527007535858,4.220762,4.199743,0.021019,1
1527007535868,4.224615,4.201536,0.023079,1
1527007535878,4.218111,4.195976,0.022135,1
1527007535888,4.227486,4.204769,0.022717,1
1527007535898,4.221439,4.199686,0.021753,1
1527007535908,4.223022,4.199820,0.023203,1
1527007535918,4.203196,4.180565,0.022631,1
1527007535928,4.191036,4.166241,0.024796,1
1527007535938,4.185171,4.160080,0.025091,1
1527007535948,4.181643,4.161205,0.020437,0
1527007535958,4.206591,4.185476,0.021114,0
1527007535969,4.215174,4.192705,0.022469,0
1527007535979,4.213991,4.191694,0.022297,0
1527007535989,4.219875,4.197206,0.022669,0
1527007535999,4.211979,4.189386,0.022593,0
1527007536009,4.219217,4.196444,0.022774,0
1527007536019,4.220037,4.198809,0.021229,0
1527007536029,4.228363,4.204607,0.023756,0
1527007536039,4.218702,4.197569,0.021133,1
1527007536049,4.225721,4.202290,0.023432,1
1527007536059,4.219837,4.198570,0.021267,1
1527007536069,4.225931,4.199743,0.026188,1
1527007536079,4.216690,4.193592,0.023098,1
1527007536089,4.226007,4.202175,0.023832,1
1527007536099,4.197865,4.174881,0.022984,1
1527007536109,4.193497,4.166746,0.026751,1
1527007536119,4.197941,4.174528,0.023413,1
1527007536129,4.180183,4.158716,0.021467,1
1527007536139,4.203243,4.182701,0.020542,0
1527007536150,4.219055,4.196148,0.022907,0
1527007536160,4.212399,4.190483,0.021915,0
1527007536170,4.107943,4.073553,0.034389,0
1527007536180,4.218597,4.198036,0.020561,0
1527007536190,4.228001,4.204941,0.023060,0
1527007536200,4.218550,4.198189,0.020361,0
1527007536210,4.228716,4.205227,0.023489,0
1527007536220,4.219074,4.198475,0.020599,0
1527007536230,4.228268,4.204626,0.023642,0
1527007536240,4.218845,4.197769,0.021076,1
1527007536250,4.229803,4.206896,0.022907,1
1527007536261,4.204779,4.182377,0.022402,1
1527007536271,4.110985,4.090919,0.020065,1
1527007536281,4.164886,4.141426,0.023460,1
1527007536291,4.193182,4.172058,0.021124,1
1527007536301,4.174538,4.155769,0.018768,1
1527007536311,4.207401,4.184227,0.023174,1
1527007536321,4.205475,4.183979,0.021496,1
1527007536331,4.213581,4.190035,0.023546,1
1527007536341,4.211645,4.189196,0.022449,0
1527007536351,4.218397,4.195662,0.022736,0
1527007536361,4.218512,4.197750,0.020761,0
1527007536372,4.217281,4.195719,0.021563,0
1527007536382,4.220285,4.198284,0.022001,0
1527007536392,4.227676,4.204807,0.022869,0
1527007536402,4.223108,4.201145,0.021963,0
1527007536412,4.227972,4.204807,0.023165,0
1527007536422,4.214840,4.191446,0.023394,0
1527007536432,4.222021,4.198999,0.023022,0
1527007536442,4.203415,4.178352,0.025063,1
1527007536452,4.215488,4.190731,0.024757,1
1527007536462,4.194288,4.167423,0.026865,1
1527007536472,4.154549,4.131145,0.023403,1
1527007536483,4.204254,4.182301,0.021954,1
1527007536493,4.219694,4.196920,0.022774,1
1527007536503,4.218340,4.196215,0.022125,1
1527007536513,4.228287,4.204702,0.023584,1
1527007536523,4.222059,4.199648,0.022411,1
1527007536533,4.228935,4.204903,0.024033,1
1527007536543,4.218664,4.196405,0.022259,0
1527007536553,4.227695,4.204702,0.022993,0
1527007536563,4.221869,4.199562,0.022306,0
1527007536573,4.203634,4.182711,0.020924,0
1527007536583,4.212303,4.189739,0.022564,0
1527007536594,4.220667,4.198170,0.022497,0
1527007536604,4.215994,4.194355,0.021639,0
1527007536614,4.216328,4.191504,0.024824,0
1527007536624,4.174452,4.148674,0.025778,0
1527007536634,4.202681,4.175463,0.027218,0
1527007536644,4.170332,4.146795,0.023537,1
1527007536654,4.203463,4.181538,0.021925,1
1527007536664,4.218130,4.196529,0.021601,1
1527007536674,4.212198,4.191360,0.020838,1
1527007536684,4.219122,4.198008,0.021114,1
1527007536694,4.222822,4.198294,0.024529,1
1527007536705,4.214382,4.192476,0.021906,1
1527007536715,4.216404,4.192429,0.023975,1
1527007536725,4.211407,4.189196,0.022211,1
1527007536735,4.223089,4.201670,0.021420,1
1527007536745,4.213648,4.191494,0.022154,0
1527007536755,4.218512,4.195843,0.022669,0
1527007536765,4.213409,4.190836,0.022573,0
1527007536775,4.206429,4.185305,0.021124,0
1527007536785,4.207821,4.186153,0.021667,0
1527007536795,4.161711,4.134035,0.027676,0
1527007536805,4.193468,4.172573,0.020895,0
1527007536815,4.168844,4.145432,0.023413,0
1527007536825,4.180975,4.155617,0.025358,0
1527007536835,4.170885,4.146557,0.024328,0
1527007536845,4.216175,4.194679,0.021496,1
1527007536855,4.210281,4.188309,0.021973,1
1527007536865,4.219379,4.197559,0.021820,1
1527007536875,4.208641,4.184532,0.024109,1
1527007536885,4.217329,4.195442,0.021887,1
1527007536895,4.201136,4.178391,0.022745,1
1527007536905,4.207945,4.184828,0.023117,1
1527007536915,4.208117,4.185038,0.023079,1
1527007536925,4.215364,4.192009,0.023355,1
1527007536935,4.215593,4.191618,0.023975,1
1527007536945,4.213419,4.190130,0.023289,0
1527007536955,4.218082,4.195414,0.022669,0
1527007536965,4.213495,4.190722,0.022774,0
1527007536975,4.199228,4.175053,0.024176,0
1527007536985,4.206429,4.183149,0.023279,0
1527007536995,4.217052,4.194384,0.022669,0
1527007537005,4.216833,4.194155,0.022678,0
1527007537015,4.202051,4.176893,0.025158,0
1527007537025,4.186182,4.160194,0.025988,0
1527007537036,4.185047,4.165554,0.019493,0
1527007537046,4.217701,4.195261,0.022440,1
1527007537056,4.222946,4.201488,0.021458,1
1527007537066,4.215956,4.193039,0.022917,1
1527007537076,4.211988,4.189358,0.022631,1
1527007537086,4.213314,4.190130,0.023184,1
1527007537096,4.217081,4.193869,0.023212,1
1527007537106,4.215946,4.193363,0.022583,1
1527007537116,4.081583,4.052820,0.028763,1
1527007537126,4.188948,4.165363,0.023584,1
1527007537136,4.217663,4.195127,0.022535,1
1527007537147,4.216537,4.193602,0.022936,0
1527007537157,4.224577,4.202137,0.022440,0
1527007537167,4.217606,4.194546,0.023060,0
1527007537177,4.199572,4.174814,0.024757,0
1527007537187,4.211502,4.187326,0.024176,0
1527007537197,4.204721,4.181738,0.022984,0
1527007537207,4.166546,4.141273,0.025272,0
1527007537217,4.203625,4.181862,0.021763,0
1527007537227,4.190845,4.170151,0.020695,0
1527007537237,4.209013,4.186468,0.022545,0
1527007537247,4.208946,4.186096,0.022850,1
1527007537258,4.209681,4.186916,0.022764,1
1527007537268,4.218121,4.196062,0.022058,1
1527007537278,4.213295,4.190617,0.022678,1
1527007537288,4.218206,4.195023,0.023184,1
1527007537298,4.217224,4.194279,0.022945,1
1527007537308,4.217663,4.194965,0.022697,1
1527007537318,4.220228,4.197407,0.022821,1
1527007537328,4.225140,4.201345,0.023794,1
1527007537338,4.224548,4.200993,0.023556,1
1527007537348,4.227333,4.203949,0.023384,0
1527007537358,4.220819,4.196625,0.024195,0
1527007537368,4.193296,4.165134,0.028162,0
1527007537378,4.198351,4.173145,0.025206,0
1527007537388,4.180784,4.153404,0.027380,0
1527007537398,4.177198,4.156532,0.020666,0
1527007537408,4.169188,4.143858,0.025330,0
1527007537418,4.193830,4.172945,0.020885,0
1527007537428,4.209118,4.185686,0.023432,0
1527007537438,4.204731,4.181499,0.023232,0
1527007537448,4.210091,4.186850,0.023241,1
1527007537458,4.209442,4.186249,0.023193,1
1527007537468,4.217043,4.193487,0.023556,1
1527007537478,4.217358,4.194908,0.022449,1
1527007537488,4.223051,4.200478,0.022573,1
1527007537498,4.222965,4.200392,0.022573,1
1527007537508,4.223976,4.201174,0.022802,1
1527007537519,4.217596,4.195595,0.022001,1
1527007537529,4.224157,4.201345,0.022812,1
1527007537539,4.224463,4.202776,0.021687,1
1527007537549,4.216375,4.192038,0.024338,0
1527007537559,4.210215,4.186544,0.023670,0
1527007537569,4.179802,4.152622,0.027180,0
1527007537579,4.161167,4.137039,0.024128,0
1527007537590,4.181805,4.160709,0.021095,0
1527007537600,4.211578,4.189587,0.021992,0
1527007537610,4.219894,4.197445,0.022449,0
1527007537620,4.212084,4.190168,0.021915,0
1527007537630,4.219322,4.196167,0.023155,0
1527007537640,4.218683,4.197607,0.021076,0
1527007537650,4.226923,4.203653,0.023270,1
1527007537660,4.218521,4.197989,0.020533,1
1527007537670,4.225998,4.203129,0.022869,1
1527007537680,4.218807,4.197426,0.021381,1
1527007537690,4.226694,4.203339,0.023355,1
1527007537701,4.218931,4.196739,0.022192,1
1527007537711,4.226170,4.201221,0.024948,1
1527007537721,4.201174,4.177723,0.023451,1
1527007537731,4.182119,4.154987,0.027132,1
1527007537741,4.192419,4.166803,0.025616,0
1527007537751,4.173536,4.150190,0.023346,0
1527007537761,4.199429,4.179077,0.020351,0
1527007537771,4.219780,4.194984,0.024796,0
1527007537781,4.207525,4.185963,0.021563,0
1527007537791,4.216690,4.193478,0.023212,0
1527007537801,4.218798,4.197407,0.021391,0
1527007537812,4.228687,4.204550,0.024137,0
1527007537822,4.218473,4.197311,0.021162,0
1527007537832,4.228468,4.204636,0.023832,0
1527007537842,4.220171,4.197721,0.022449,1
1527007537852,4.229031,4.204845,0.024185,1
1527007537862,4.218445,4.197588,0.020857,1
1527007537872,4.133883,4.098177,0.035706,1
1527007537882,4.216347,4.193640,0.022707,1
1527007537892,4.222708,4.199257,0.023451,1
1527007537902,4.211788,4.188604,0.023184,1
1527007537912,4.205732,4.179916,0.025816,1
1527007537923,4.172888,4.148140,0.024748,1
1527007537933,4.199085,4.178085,0.021000,1
1527007537943,4.209795,4.187164,0.022631,0
1527007537953,4.219255,4.196863,0.022392,0
1527007537963,4.219131,4.197512,0.021620,0
1527007537973,4.134216,4.114828,0.019388,0
1527007537983,4.218969,4.196978,0.021992,0
1527007537993,4.228420,4.205360,0.023060,0
1527007538003,4.221125,4.199247,0.021877,0
1527007538013,4.227419,4.204502,0.022917,0
1527007538023,4.220133,4.198475,0.021658,0
1527007538034,4.227076,4.204035,0.023041,0
1527007538044,4.215336,4.192171,0.023165,1
1527007538054,4.223146,4.200020,0.023127,1
1527007538064,4.206896,4.183235,0.023661,1
1527007538074,4.202671,4.179573,0.023098,1
1527007538084,4.198990,4.176216,0.022774,1
1527007538094,4.178362,4.152565,0.025797,1
1527007538104,4.191732,4.170637,0.021095,1
1527007538114,4.180059,4.158525,0.021534,1
1527007538124,4.217491,4.195490,0.022001,1
1527007538134,4.223537,4.200239,0.023298,1
1527007538145,4.219046,4.196568,0.022478,0
1527007538155,4.226599,4.202919,0.023680,0
1527007538165,4.218779,4.197245,0.021534,0
1527007538175,4.211979,4.190302,0.021677,0
1527007538185,4.213581,4.190960,0.022621,0
1527007538195,4.215946,4.192352,0.023594,0
1527007538205,4.204969,4.182568,0.022402,0
1527007538215,4.213114,4.191008,0.022106,0
1527007538225,4.206715,4.183617,0.023098,0
1527007538235,4.219179,4.196367,0.022812,0
1527007538245,4.214001,4.190912,0.023088,1
1527007538256,4.205036,4.181108,0.023928,1
1527007538266,4.179707,4.154987,0.024719,1
1527007538276,4.173670,4.153452,0.020218,1
1527007538286,4.215612,4.192905,0.022707,1
1527007538296,4.201508,4.180946,0.020561,1
1527007538306,4.218216,4.196434,0.021782,1
1527007538316,4.220753,4.198618,0.022135,1
1527007538326,4.219007,4.196243,0.022764,1
1527007538336,4.221601,4.199152,0.022449,1
1527007538346,4.219751,4.197750,0.022001,0
1527007538356,4.224472,4.202280,0.022192,0
1527007538367,4.211588,4.188576,0.023012,0
1527007538377,4.210329,4.187107,0.023222,0
1527007538387,4.208784,4.186382,0.022402,0
1527007538397,4.214172,4.191837,0.022335,0
1527007538407,4.203558,4.181232,0.022326,0
1527007538417,4.209690,4.186611,0.023079,0
1527007538427,4.192791,4.169397,0.023394,0
1527007538437,4.168196,4.143066,0.025129,0
1527007538447,4.171371,4.145241,0.026131,1
1527007538457,4.173393,4.148169,0.025225,1
1527007538467,4.208784,4.185762,0.023022,1
1527007538478,4.222555,4.200058,0.022497,1
1527007538488,4.221706,4.199362,0.022345,1
1527007538498,4.222383,4.200745,0.021639,1
1527007538508,4.223576,4.201031,0.022545,1
1527007538518,4.222994,4.200678,0.022316,1
1527007538528,4.215460,4.192057,0.023403,1
1527007538538,4.217024,4.193544,0.023479,1
1527007538548,4.217949,4.194393,0.023556,0
1527007538558,4.217854,4.194756,0.023098,0
1527007538568,4.215708,4.192781,0.022926,0
1527007538578,4.215307,4.191933,0.023375,0
1527007538589,4.217482,4.193068,0.024414,0
1527007538599,4.197922,4.174032,0.023890,0
1527007538609,4.187002,4.162264,0.024738,0
1527007538619,4.166737,4.142447,0.024290,0
1527007538629,4.181128,4.156561,0.024567,0
1527007538639,4.200392,4.179716,0.020676,0
1527007538649,4.223137,4.201021,0.022116,1
1527007538659,4.220018,4.199457,0.020561,1
1527007538669,4.222794,4.200726,0.022068,1
1527007538679,4.216661,4.195642,0.021019,1
1527007538689,4.218283,4.195900,0.022383,1
1527007538700,4.214706,4.192305,0.022402,1
1527007538710,4.218569,4.195423,0.023146,1
1527007538720,4.214039,4.192019,0.022020,1
1527007538730,4.219084,4.196787,0.022297,1
1527007538740,4.214716,4.192677,0.022039,1
1527007538750,4.218445,4.195337,0.023108,0
1527007538760,4.214182,4.191875,0.022306,0
1527007538770,4.223413,4.200611,0.022802,0
1527007538780,4.219475,4.198627,0.020847,0
1527007538790,4.223566,4.199476,0.024090,0
1527007538800,4.206715,4.183292,0.023422,0
1527007538811,4.199238,4.171667,0.027571,0
1527007538821,4.180441,4.156599,0.023842,0
1527007538831,4.211349,4.189253,0.022097,0
1527007538841,4.213123,4.191904,0.021219,1
1527007538851,4.213219,4.191484,0.021734,1
1527007538861,4.211626,4.189272,0.022354,1
1527007538871,4.217653,4.194670,0.022984,1
1527007538881,4.212599,4.190264,0.022335,1
1527007538891,4.219809,4.196386,0.023422,1
1527007538901,4.212360,4.190016,0.022345,1
1527007538911,4.219074,4.195852,0.023222,1
1527007538922,4.212914,4.189939,0.022974,1
1527007538932,4.222040,4.198256,0.023785,1
1527007538942,4.216537,4.193935,0.022602,0
1527007538952,4.229107,4.204636,0.024471,0
1527007538962,4.218826,4.196978,0.021849,0
1527007538972,4.228430,4.204378,0.024052,0
1527007538982,4.216566,4.194126,0.022440,0
1527007538992,4.229717,4.205837,0.023880,0
1527007539002,4.217968,4.197292,0.020676,0
1527007539012,4.230251,4.206934,0.023317,0
1527007539022,4.208021,4.185581,0.022440,0
1527007539033,4.206200,4.181414,0.024786,0
1527007539043,4.182158,4.156895,0.025263,1
1527007539053,4.184713,4.164600,0.020113,1
1527007539063,4.207172,4.184942,0.022230,1
1527007539073,4.181910,4.160137,0.021772,1
1527007539083,4.205256,4.183407,0.021849,1
1527007539093,4.218721,4.195852,0.022869,1
1527007539103,4.220209,4.197130,0.023079,1
1527007539113,4.227133,4.203148,0.023985,1
1527007539123,4.218740,4.197187,0.021553,1
1527007539133,4.227610,4.204178,0.023432,1
1527007539144,4.220762,4.198799,0.021963,0
1527007539154,4.227638,4.203939,0.023699,0
1527007539164,4.220810,4.198895,0.021915,0
1527007539174,4.165773,4.132967,0.032806,0
1527007539184,4.215546,4.192495,0.023050,0
1527007539194,4.220676,4.198151,0.022526,0
1527007539204,4.215317,4.191189,0.024128,0
1527007539214,4.212713,4.189167,0.023546,0
1527007539224,4.215546,4.192209,0.023336,0
1527007539234,4.220190,4.198303,0.021887,0
1527007539244,4.212761,4.188356,0.024405,1
1527007539255,4.219332,4.196405,0.022926,1
1527007539265,4.212275,4.187651,0.024624,1
1527007539275,4.067993,4.038563,0.029430,1
1527007539285,4.168787,4.145222,0.023565,1
1527007539295,4.196568,4.169207,0.027361,1
1527007539305,4.170132,4.144754,0.025377,1
1527007539315,4.196348,4.175243,0.021105,1
1527007539325,4.200726,4.180183,0.020542,1
1527007539335,4.201288,4.178925,0.022364,1
1527007539345,4.207392,4.184284,0.023108,0
1527007539355,4.189968,4.167871,0.022097,0
1527007539366,4.213066,4.190321,0.022745,0
1527007539376,4.177847,4.158621,0.019226,0
1527007539386,4.206171,4.183893,0.022278,0
1527007539396,4.212313,4.188585,0.023727,0
1527007539406,4.201403,4.179564,0.021839,0
1527007539416,4.211798,4.188223,0.023575,0
1527007539426,4.205589,4.184303,0.021286,0
1527007539436,4.218378,4.196243,0.022135,0
1527007539446,4.210691,4.188709,0.021982,1
1527007539456,4.219780,4.197302,0.022478,1
1527007539466,4.214535,4.192238,0.022297,1
1527007539477,4.211922,4.189463,0.022459,1
1527007539487,4.218588,4.195871,0.022717,1
1527007539497,4.218664,4.194632,0.024033,1
1527007539507,4.205761,4.181423,0.024338,1
1527007539517,4.204540,4.180536,0.024004,1
1527007539527,4.178782,4.152632,0.026150,1
1527007539537,4.176674,4.151831,0.024843,1
1527007539547,4.197989,4.177561,0.020428,0
1527007539557,4.190025,4.170084,0.019941,0
1527007539567,4.207010,4.186001,0.021009,0
1527007539577,4.214449,4.191246,0.023203,0
1527007539588,4.214640,4.192076,0.022564,0
1527007539598,4.223480,4.201021,0.022459,0
1527007539608,4.221315,4.199944,0.021372,0
1527007539618,4.221554,4.199915,0.021639,0
1527007539628,4.220829,4.199314,0.021515,0
1527007539638,4.224033,4.200382,0.023651,0
1527007539648,4.221230,4.199400,0.021830,1
1527007539658,4.223909,4.201088,0.022821,1
1527007539668,4.222136,4.199677,0.022459,1
1527007539678,4.215765,4.191456,0.024309,1
1527007539688,4.215794,4.192448,0.023346,1
1527007539699,4.216375,4.193830,0.022545,1
1527007539709,4.215841,4.193144,0.022697,1
1527007539719,4.215946,4.192533,0.023413,1
1527007539729,4.210014,4.184284,0.025730,1
1527007539739,4.216681,4.192657,0.024023,1
1527007539749,4.203634,4.179440,0.024195,0
1527007539759,4.189920,4.163570,0.026350,0
1527007539769,4.181786,4.158344,0.023441,0
1527007539779,4.173708,4.149418,0.024290,0
1527007539789,4.181385,4.156828,0.024557,0
1527007539799,4.198103,4.178619,0.019484,0
1527007539810,4.218903,4.197474,0.021429,0
1527007539820,4.220495,4.198885,0.021610,0
1527007539830,4.221897,4.198904,0.022993,0
1527007539840,4.214296,4.191351,0.022945,0
1527007539850,4.218378,4.195538,0.022840,1
1527007539860,4.215174,4.192266,0.022907,1
1527007539870,4.215889,4.193172,0.022717,1
1527007539880,4.214048,4.191360,0.022688,1
1527007539890,4.217787,4.194918,0.022869,1
1527007539900,4.215355,4.192734,0.022621,1
1527007539910,4.215002,4.192038,0.022964,1
1527007539921,4.214249,4.192142,0.022106,1
1527007539931,4.226980,4.203243,0.023737,1
1527007539941,4.219551,4.198771,0.020781,1
1527007539951,4.227285,4.204464,0.022821,0
1527007539961,4.221144,4.199667,0.021477,0
1527007539971,4.226828,4.202805,0.024023,0
1527007539981,4.200840,4.176769,0.024071,0
1527007539991,4.193716,4.166393,0.027323,0
1527007540001,4.201727,4.175930,0.025797,0
1527007540011,4.188156,4.161530,0.026627,0
1527007540021,4.173346,4.152594,0.020752,0
1527007540032,4.206409,4.184284,0.022125,0
1527007540042,4.210167,4.188461,0.021706,0
1527007540052,4.219408,4.195623,0.023785,1
1527007540062,4.208164,4.186125,0.022039,1
1527007540072,4.219027,4.195595,0.023432,1
1527007540082,4.212017,4.190130,0.021887,1
1527007540092,4.227276,4.203911,0.023365,1
1527007540102,4.213295,4.192486,0.020809,1
1527007540112,4.226408,4.203129,0.023279,1
1527007540122,4.218321,4.197102,0.021219,1
1527007540132,4.227266,4.203835,0.023432,1
1527007540143,4.215651,4.193707,0.021944,0
1527007540153,4.227962,4.204140,0.023823,0
1527007540163,4.218979,4.197903,0.021076,0
1527007540173,4.221077,4.198389,0.022688,0
1527007540183,4.207487,4.185915,0.021572,0
1527007540193,4.220819,4.197903,0.022917,0
1527007540203,4.214506,4.191570,0.022936,0
1527007540213,4.211264,4.185781,0.025482,0
1527007540223,4.207468,4.184456,0.023012,0
1527007540233,4.209375,4.183817,0.025558,0
1527007540243,4.178009,4.151783,0.026226,1
1527007540254,4.185104,4.159346,0.025759,1
1527007540264,4.201317,4.180031,0.021286,1
1527007540274,4.136724,4.101906,0.034819,1
1527007540284,4.217482,4.193850,0.023632,1
1527007540294,4.224863,4.201431,0.023432,1
1527007540304,4.220095,4.197950,0.022144,1
1527007540314,4.226418,4.201727,0.024691,1
1527007540324,4.219255,4.195929,0.023327,1
1527007540334,4.220953,4.198093,0.022860,1
1527007540344,4.214964,4.191570,0.023394,0
1527007540354,4.219341,4.196806,0.022535,0
1527007540365,4.214602,4.190426,0.024176,0
1527007540375,4.097357,4.074688,0.022669,0
1527007540385,4.207649,4.183960,0.023689,0
1527007540395,4.188099,4.167042,0.021057,0
1527007540405,4.211540,4.187689,0.023851,0
1527007540415,4.208126,4.184895,0.023232,0
1527007540425,4.213772,4.191084,0.022688,0
1527007540435,4.222860,4.200716,0.022144,0
1527007540445,4.216461,4.192972,0.023489,1
1527007540455,4.224882,4.202938,0.021944,1
1527007540465,4.215384,4.190598,0.024786,1
1527007540476,4.178391,4.156647,0.021744,1
1527007540486,4.185219,4.159098,0.026121,1
1527007540496,4.176884,4.153662,0.023222,1
1527007540506,4.192629,4.171066,0.021563,1
1527007540516,4.186678,4.165621,0.021057,1
1527007540526,4.201212,4.178286,0.022926,1
1527007540536,4.210930,4.187040,0.023890,1
1527007540546,4.205542,4.183283,0.022259,0
1527007540556,4.212694,4.188538,0.024157,0
1527007540566,4.204531,4.181814,0.022717,0
1527007540576,4.209986,4.186363,0.023623,0
1527007540587,4.212523,4.189939,0.022583,0
1527007540597,4.225721,4.202805,0.022917,0
1527007540607,4.218607,4.196711,0.021896,0
1527007540617,4.225931,4.202518,0.023413,0
1527007540627,4.219532,4.197426,0.022106,0
1527007540637,4.226027,4.202337,0.023689,0
1527007540647,4.218397,4.196463,0.021935,1
1527007540657,4.224815,4.201870,0.022945,1
1527007540667,4.213877,4.191227,0.022650,1
1527007540677,4.215250,4.191885,0.023365,1
1527007540687,4.215240,4.192896,0.022345,1
1527007540698,4.212751,4.189768,0.022984,1
1527007540708,4.196959,4.173527,0.023432,1
1527007540718,4.174128,4.149914,0.024214,1
1527007540728,4.171486,4.148922,0.022564,1
1527007540738,4.164457,4.139729,0.024729,1
1527007540748,4.180803,4.160948,0.019855,0
1527007540758,4.213657,4.191303,0.022354,0
1527007540768,4.219875,4.198389,0.021486,0
1527007540778,4.214382,4.193287,0.021095,0
1527007540788,4.218779,4.197645,0.021133,0
1527007540798,4.218988,4.196529,0.022459,0
1527007540809,4.221325,4.200125,0.021200,0
1527007540819,4.221897,4.200544,0.021353,0
1527007540829,4.215307,4.192629,0.022678,0
1527007540839,4.214458,4.191952,0.022507,0
1527007540849,4.215355,4.192066,0.023289,1
1527007540859,4.216461,4.193687,0.022774,1
1527007540869,4.214716,4.191504,0.023212,1
1527007540879,4.214134,4.191093,0.023041,1
1527007540889,4.215775,4.192753,0.023022,1
1527007540899,4.216280,4.193802,0.022478,1
1527007540909,4.216146,4.193745,0.022402,1
1527007540920,4.221506,4.200211,0.021296,1
1527007540930,4.222097,4.199114,0.022984,1
1527007540940,4.205599,4.182949,0.022650,1
1527007540950,4.199839,4.172678,0.027161,0
1527007540960,4.201880,4.176941,0.024939,0
1527007540970,4.184122,4.159670,0.024452,0
1527007540980,4.182816,4.164381,0.018435,0
1527007540990,4.209929,4.187727,0.022202,0
1527007541000,4.202204,4.181042,0.021162,0
1527007541010,4.215059,4.191914,0.023146,0
1527007541020,4.213991,4.191122,0.022869,0
1527007541031,4.213676,4.189539,0.024137,0
1527007541041,4.214373,4.191189,0.023184,0
1527007541051,4.218845,4.196100,0.022745,1
1527007541061,4.213943,4.190531,0.023413,1
1527007541071,4.214125,4.190388,0.023737,1
1527007541081,4.219999,4.198236,0.021763,1
1527007541091,4.225903,4.202595,0.023308,1
1527007541101,4.219790,4.198246,0.021544,1
1527007541111,4.219208,4.196062,0.023146,1
1527007541121,4.219313,4.197474,0.021839,1
1527007541131,4.225073,4.201231,0.023842,1
1527007541142,4.218740,4.197578,0.021162,1
1527007541152,4.228096,4.204979,0.023117,0
1527007541162,4.207439,4.184885,0.022554,0
1527007541172,4.199495,4.171953,0.027542,0
1527007541182,4.199085,4.174480,0.024605,0
1527007541192,4.201956,4.178572,0.023384,0
1527007541202,4.168549,4.145164,0.023384,0
1527007541212,4.204311,4.182644,0.021667,0
1527007541222,4.166918,4.144096,0.022821,0
1527007541232,4.210262,4.187670,0.022593,0
1527007541242,4.214668,4.193840,0.020828,0
1527007541253,4.225521,4.202671,0.022850,1
1527007541263,4.213896,4.192848,0.021048,1
1527007541273,4.228125,4.204350,0.023775,1
1527007541283,4.217606,4.196825,0.020781,1
1527007541293,4.227057,4.203205,0.023851,1
1527007541303,4.212894,4.191608,0.021286,1
1527007541313,4.227667,4.203606,0.024061,1
1527007541323,4.211445,4.189529,0.021915,1
1527007541333,4.218903,4.195976,0.022926,1
1527007541343,4.208412,4.186659,0.021753,0
1527007541353,4.219532,4.196148,0.023384,0
1527007541364,4.211531,4.189510,0.022020,0
1527007541374,4.220152,4.196873,0.023279,0
1527007541384,4.213886,4.191265,0.022621,0
1527007541394,4.209604,4.183846,0.025759,0
1527007541404,4.211273,4.188452,0.022821,0
1527007541414,4.214821,4.189367,0.025454,0
1527007541424,4.190388,4.163313,0.027075,0
1527007541434,4.168816,4.140263,0.028553,0
1527007541444,4.168882,4.143295,0.025587,1
1527007541454,4.181252,4.155846,0.025406,1
1527007541464,4.210978,4.189110,0.021868,1
1527007541475,4.166508,4.134254,0.032253,1
1527007541485,4.203787,4.179688,0.024099,1
1527007541495,4.210777,4.187536,0.023241,1
1527007541505,4.204178,4.181442,0.022736,1
1527007541515,4.204817,4.180965,0.023851,1
1527007541525,4.200964,4.177675,0.023289,1
1527007541535,4.202576,4.179230,0.023346,1
1527007541545,4.206772,4.184380,0.022392,0
1527007541555,4.211588,4.187794,0.023794,0
1527007541565,4.206791,4.184151,0.022640,0
1527007541575,4.187222,4.156446,0.030775,0
1527007541586,4.205780,4.184065,0.021715,0
1527007541596,4.218559,4.195614,0.022945,0
1527007541606,4.216108,4.194021,0.022087,0
1527007541616,4.227657,4.203968,0.023689,0
1527007541626,4.219437,4.197893,0.021544,0
1527007541636,4.223394,4.200029,0.023365,0
1527007541646,4.202127,4.178553,0.023575,1
1527007541656,4.188690,4.162788,0.025902,1
1527007541666,4.197693,4.174957,0.022736,1
1527007541676,4.161367,4.130478,0.030890,1
1527007541686,4.175615,4.155788,0.019827,1
1527007541697,4.214411,4.191628,0.022783,1
1527007541707,4.211073,4.188852,0.022221,1
1527007541717,4.217844,4.195147,0.022697,1
1527007541727,4.211235,4.188442,0.022793,1
1527007541737,4.224453,4.201736,0.022717,1
1527007541747,4.218521,4.197216,0.021305,0
1527007541757,4.224977,4.201689,0.023289,0
1527007541767,4.218607,4.196672,0.021935,0
1527007541777,4.101334,4.071512,0.029821,0
1527007541787,4.217415,4.195833,0.021582,0
1527007541797,4.225454,4.201965,0.023489,0
1527007541808,4.218321,4.196301,0.022020,0
1527007541818,4.218130,4.194775,0.023355,0
1527007541828,4.214716,4.191246,0.023470,0
1527007541838,4.213057,4.190130,0.022926,0
1527007541848,4.212627,4.190617,0.022011,1
1527007541858,4.217443,4.194508,0.022936,1
1527007541868,4.215555,4.191809,0.023746,1
1527007541878,4.193621,4.168720,0.024900,1
1527007541888,4.210653,4.187202,0.023451,1
1527007541898,4.206963,4.182377,0.024586,1
1527007541908,4.199133,4.173021,0.026112,1
1527007541919,4.187164,4.161339,0.025826,1
1527007541929,4.193783,4.174242,0.019541,1
1527007541939,4.217291,4.195433,0.021858,1
1527007541949,4.217787,4.196205,0.021582,0
1527007541959,4.211578,4.189806,0.021772,0
1527007541969,4.219761,4.198227,0.021534,0
1527007541979,4.215164,4.192362,0.022802,0
1527007541989,4.214296,4.191713,0.022583,0
1527007541999,4.212694,4.189692,0.023003,0
1527007542009,4.214869,4.191399,0.023470,0
1527007542019,4.216900,4.194517,0.022383,0
1527007542030,4.215279,4.191971,0.023308,0
1527007542040,4.214630,4.191961,0.022669,0
1527007542050,4.216270,4.192705,0.023565,1
1527007542060,4.214382,4.191971,0.022411,1
1527007542070,4.221897,4.200363,0.021534,1
1527007542080,4.221678,4.199867,0.021811,1
1527007542090,4.221735,4.200382,0.021353,1
1527007542100,4.223919,4.201555,0.022364,1
1527007542110,4.221106,4.199572,0.021534,1
1527007542120,4.222965,4.200001,0.022964,1
1527007542130,4.214926,4.190559,0.024366,1
1527007542141,4.206228,4.184380,0.021849,1
1527007542151,4.174356,4.147396,0.026960,0
1527007542161,4.140844,4.115162,0.025682,0
1527007542171,4.200382,4.178667,0.021715,0
1527007542181,4.183455,4.164295,0.019159,0
1527007542191,4.203968,4.181700,0.022268,0
1527007542201,4.211292,4.188509,0.022783,0
1527007542211,4.209890,4.186172,0.023718,0
1527007542221,4.204941,4.182529,0.022411,0
1527007542231,4.214363,4.190817,0.023546,0
1527007542241,4.214182,4.190750,0.023432,0
1527007542252,4.218130,4.194279,0.023851,1
1527007542262,4.213057,4.189053,0.024004,1
1527007542272,4.218769,4.194336,0.024433,1
1527007542282,4.212265,4.189301,0.022964,1
1527007542292,4.217682,4.193964,0.023718,1
1527007542302,4.212494,4.188566,0.023928,1
1527007542312,4.217701,4.194536,0.023165,1
1527007542322,4.212170,4.189358,0.022812,1
1527007542332,4.217920,4.193983,0.023937,1
1527007542342,4.211111,4.187889,0.023222,1
1527007542352,4.221935,4.197960,0.023975,0
1527007542363,4.206553,4.181795,0.024757,0
1527007542373,4.192953,4.164419,0.028534,0
1527007542383,4.156628,4.132557,0.024071,0
1527007542393,4.203176,4.181776,0.021400,0
1527007542403,4.174185,4.152002,0.022182,0
1527007542413,4.212360,4.190197,0.022163,0
1527007542423,4.214029,4.192085,0.021944,0
1527007542433,4.226160,4.201746,0.024414,0
1527007542443,4.212923,4.190369,0.022554,0
1527007542453,4.225702,4.201679,0.024023,1
1527007542463,4.216070,4.194555,0.021515,1
1527007542474,4.219265,4.195347,0.023918,1
1527007542484,4.209433,4.187756,0.021677,1
1527007542494,4.218092,4.193153,0.024939,1
1527007542504,4.207478,4.183140,0.024338,1
1527007542514,4.212084,4.187737,0.024347,1
1527007542524,4.203310,4.181471,0.021839,1
1527007542534,4.210587,4.185438,0.025148,1
1527007542544,4.203892,4.182138,0.021753,0
1527007542554,4.212933,4.188547,0.024385,0
1527007542564,4.210758,4.188604,0.022154,0
1527007542574,4.216843,4.192505,0.024338,0
1527007542585,4.201012,4.177952,0.023060,0
1527007542595,4.211826,4.186993,0.024834,0
1527007542605,4.189939,4.165001,0.024939,0
1527007542615,4.196262,4.168787,0.027475,0
1527007542625,4.197321,4.174538,0.022783,0
1527007542635,4.191895,4.164085,0.027809,0
1527007542645,4.157419,4.135828,0.021591,1
1527007542655,4.204512,4.182520,0.021992,1
1527007542665,4.194174,4.172821,0.021353,1
1527007542675,4.210272,4.187374,0.022898,1
1527007542685,4.198942,4.177179,0.021763,1
1527007542696,4.215651,4.192820,0.022831,1
1527007542706,4.213409,4.189758,0.023651,1
1527007542716,4.218721,4.195032,0.023689,1
1527007542726,4.215822,4.192820,0.023003,1
1527007542736,4.221210,4.199057,0.022154,1
1527007542746,4.218903,4.196215,0.022688,0
1527007542756,4.226408,4.202738,0.023670,0
1527007542766,4.216099,4.192505,0.023594,0
1527007542776,4.191933,4.160805,0.031128,0
1527007542786,4.218769,4.195843,0.022926,0
1527007542796,4.227076,4.203634,0.023441,0
1527007542807,4.209356,4.185228,0.024128,0
1527007542817,4.221096,4.198017,0.023079,0
1527007542827,4.208879,4.184313,0.024567,0
1527007542837,4.203053,4.178829,0.024223,0
1527007542847,4.195690,4.171104,0.024586,1
1527007542857,4.202709,4.175510,0.027199,1
1527007542867,4.170189,4.145136,0.025053,1
1527007542877,4.183836,4.163332,0.020504,1
1527007542887,4.170752,4.149055,0.021696,1
1527007542897,4.218855,4.196558,0.022297,1
1527007542907,4.217939,4.195776,0.022163,1
1527007542918,4.225559,4.201956,0.023603,1
1527007542928,4.218731,4.196520,0.022211,1
1527007542938,4.222565,4.199953,0.022612,1
1527007542948,4.220152,4.197979,0.022173,0
1527007542958,4.226131,4.202681,0.023451,0
1527007542968,4.213257,4.189873,0.023384,0
1527007542978,4.216499,4.192543,0.023956,0
1527007542988,4.213219,4.189959,0.023260,0
1527007542998,4.218493,4.194450,0.024042,0
1527007543008,4.213247,4.189968,0.023279,0
1527007543018,4.216967,4.194155,0.022812,0
1527007543029,4.214716,4.191980,0.022736,0
1527007543039,4.212408,4.188862,0.023546,0
1527007543049,4.217720,4.194250,0.023470,1
1527007543059,4.220114,4.194841,0.025272,1
1527007543069,4.222698,4.198437,0.024261,1
1527007543079,4.203272,4.178276,0.024996,1
1527007543089,4.197769,4.170895,0.026875,1
1527007543099,4.188175,4.161987,0.026188,1
1527007543109,4.193830,4.166069,0.027761,1
1527007543119,4.180355,4.155626,0.024729,1
1527007543129,4.196777,4.176636,0.020142,1
1527007543140,4.212685,4.189129,0.023556,1
1527007543150,4.213352,4.189386,0.023966,0
1527007543160,4.216223,4.192524,0.023699,0
1527007543170,4.216919,4.192924,0.023994,0
1527007543180,4.212532,4.188967,0.023565,0
1527007543190,4.213877,4.189596,0.024281,0
1527007543200,4.216213,4.192209,0.024004,0
1527007543210,4.211998,4.187498,0.024500,0
1527007543220,4.222307,4.199657,0.022650,0
1527007543230,4.219484,4.196262,0.023222,0
1527007543240,4.222584,4.200115,0.022469,0
1527007543251,4.222193,4.199429,0.022764,1
1527007543261,4.221973,4.199028,0.022945,1
1527007543271,4.220428,4.198074,0.022354,1
1527007543281,4.220438,4.198151,0.022287,1
1527007543291,4.222412,4.199257,0.023155,1
1527007543301,4.214678,4.191017,0.023661,1
1527007543311,4.217501,4.194164,0.023336,1
1527007543321,4.209757,4.185781,0.023975,1
1527007543331,4.219332,4.195309,0.024023,1
1527007543341,4.206638,4.181528,0.025110,1
1527007543351,4.184999,4.157019,0.027981,0
1527007543362,4.173269,4.148750,0.024519,0
1527007543372,4.194660,4.173079,0.021582,0
1527007543382,4.207716,4.185324,0.022392,0
1527007543392,4.222527,4.199133,0.023394,0
1527007543402,4.213104,4.190569,0.022535,0
1527007543412,4.224052,4.200287,0.023766,0
1527007543422,4.215012,4.192114,0.022898,0
1527007543432,4.225378,4.201298,0.024080,0
1527007543442,4.219961,4.197712,0.022249,0
1527007543452,4.224701,4.201298,0.023403,1
1527007543462,4.210310,4.186974,0.023336,1
1527007543473,4.217644,4.194336,0.023308,1
1527007543483,4.212475,4.189243,0.023232,1
1527007543493,4.219513,4.195833,0.023680,1
1527007543503,4.211636,4.189415,0.022221,1
1527007543513,4.218273,4.194908,0.023365,1
1527007543523,4.204311,4.181862,0.022449,1
1527007543533,4.212923,4.188309,0.024614,1
1527007543543,4.204073,4.182158,0.021915,1
1527007543553,4.218407,4.194613,0.023794,0
1527007543563,4.212866,4.189768,0.023098,0
1527007543573,4.221315,4.196854,0.024462,0
1527007543584,4.201832,4.178076,0.023756,0
1527007543594,4.202280,4.177694,0.024586,0
1527007543604,4.177103,4.151306,0.025797,0
1527007543614,4.172153,4.144907,0.027246,0
1527007543624,4.173183,4.149361,0.023823,0
1527007543634,4.181662,4.159498,0.022163,0
1527007543644,4.207888,4.185886,0.022001,0
1527007543654,4.216385,4.191198,0.025187,1
1527007543664,4.208536,4.186811,0.021725,1
1527007543674,4.217710,4.194489,0.023222,1
1527007543684,4.207964,4.182167,0.025797,1
1527007543695,4.211731,4.186192,0.025539,1
1527007543705,4.206448,4.182911,0.023537,1
1527007543715,4.216585,4.191952,0.024633,1
1527007543725,4.214878,4.192142,0.022736,1
1527007543735,4.216595,4.191151,0.025444,1
1527007543745,4.217644,4.194841,0.022802,1
1527007543755,4.225101,4.201317,0.023785,0
1527007543765,4.220057,4.197493,0.022564,0
1527007543775,4.221535,4.197502,0.024033,0
1527007543785,4.202681,4.179754,0.022926,0
1527007543795,4.215002,4.191856,0.023146,0
1527007543806,4.212055,4.189215,0.022840,0
1527007543816,4.216681,4.192209,0.024471,0
1527007543826,4.199800,4.174500,0.025301,0
1527007543836,4.203157,4.177561,0.025597,0
1527007543846,4.200859,4.175377,0.025482,1
1527007543856,4.204969,4.180470,0.024500,1
1527007543866,4.180431,4.154005,0.026426,1
1527007543876,4.195337,4.174709,0.020628,1
1527007543886,4.165258,4.140959,0.024300,1
1527007543896,4.215069,4.193563,0.021505,1
1527007543906,4.216070,4.192562,0.023508,1
1527007543917,4.226665,4.203205,0.023460,1
1527007543927,4.214945,4.191999,0.022945,1
1527007543937,4.227896,4.203815,0.024080,1
1527007543947,4.218702,4.196997,0.021706,0
1527007543957,4.218931,4.196100,0.022831,0
1527007543967,4.209251,4.186544,0.022707,0
1527007543977,4.176311,4.143963,0.032349,0
1527007543987,4.213209,4.189854,0.023355,0
1527007543997,4.220772,4.197807,0.022964,0
1527007544007,4.210110,4.187479,0.022631,0
1527007544017,4.220066,4.196949,0.023117,0
1527007544028,4.212856,4.190302,0.022554,0
1527007544038,4.220343,4.196568,0.023775,0
1527007544048,4.222116,4.200096,0.022020,1
1527007544058,4.218407,4.193745,0.024662,1
1527007544068,4.220514,4.197102,0.023413,1
1527007544078,4.091015,4.063711,0.027304,1
1527007544088,4.181957,4.155359,0.026598,1
1527007544098,4.186821,4.160852,0.025969,1
1527007544108,4.200487,4.173918,0.026569,1
1527007544118,4.184628,4.158621,0.026007,1
1527007544128,4.176903,4.156523,0.020380,1
1527007544139,4.214745,4.191036,0.023708,1
1527007544149,4.212513,4.189825,0.022688,0
1527007544159,4.214773,4.191151,0.023623,0
1527007544169,4.214811,4.191790,0.023022,0
1527007544179,4.194241,4.173307,0.020933,0
1527007544189,4.213972,4.190493,0.023479,0
1527007544199,4.216099,4.192400,0.023699,0
1527007544209,4.221144,4.198818,0.022326,0
1527007544219,4.224377,4.200840,0.023537,0
1527007544229,4.220104,4.197512,0.022593,0
1527007544239,4.222088,4.199696,0.022392,0
1527007544250,4.221277,4.198904,0.022373,1
1527007544260,4.224167,4.201365,0.022802,1
1527007544270,4.219751,4.197664,0.022087,1
1527007544280,4.222612,4.198008,0.024605,1
1527007544290,4.214201,4.191370,0.022831,1
1527007544300,4.215803,4.191904,0.023899,1
1527007544310,4.197178,4.172649,0.024529,1
1527007544320,4.180269,4.153786,0.026484,1
1527007544330,4.198265,4.175577,0.022688,1
1527007544340,4.174623,4.149342,0.025282,1
1527007544350,4.190578,4.169579,0.021000,0
1527007544361,4.211998,4.188871,0.023127,0
1527007544371,4.221668,4.198809,0.022860,0
1527007544381,4.221163,4.198389,0.022774,0
1527007544391,4.221077,4.198408,0.022669,0
1527007544401,4.222441,4.199476,0.022964,0
1527007544411,4.222393,4.199877,0.022516,0
1527007544421,4.222641,4.200449,0.022192,0
1527007544431,4.221878,4.199562,0.022316,0
1527007544441,4.222260,4.199743,0.022516,0
1527007544451,4.215651,4.192677,0.022974,1
1527007544461,4.215002,4.191809,0.023193,1
1527007544472,4.216242,4.193592,0.022650,1
1527007544482,4.213352,4.190006,0.023346,1
1527007544492,4.216461,4.193048,0.023413,1
1527007544502,4.209118,4.186182,0.022936,1
1527007544512,4.215479,4.192801,0.022678,1
1527007544522,4.213257,4.190493,0.022764,1
1527007544532,4.219227,4.196253,0.022974,1
1527007544542,4.214277,4.191217,0.023060,1
1527007544552,4.224606,4.201956,0.022650,0
1527007544562,4.214249,4.190111,0.024137,0
1527007544572,4.203796,4.178057,0.025740,0
1527007544583,4.176416,4.150915,0.025501,0
1527007544593,4.182262,4.159698,0.022564,0
1527007544603,4.201241,4.180489,0.020752,0
1527007544613,4.220219,4.196005,0.024214,0
1527007544623,4.203119,4.180336,0.022783,0
1527007544633,4.209194,4.185743,0.023451,0
1527007544643,4.205360,4.182243,0.023117,0
1527007544653,4.212866,4.188204,0.024662,1
1527007544663,4.201517,4.178867,0.022650,1
1527007544673,4.209967,4.186411,0.023556,1
1527007544683,4.203749,4.182167,0.021582,1
1527007544694,4.211197,4.187937,0.023260,1
1527007544704,4.210634,4.188728,0.021906,1
1527007544714,4.218187,4.195223,0.022964,1
1527007544724,4.206820,4.184055,0.022764,1
1527007544734,4.222307,4.199896,0.022411,1
1527007544744,4.217358,4.195824,0.021534,1
1527007544754,4.225883,4.202042,0.023842,0
1527007544764,4.218063,4.196844,0.021219,0
1527007544774,4.223413,4.200678,0.022736,0
1527007544784,4.211626,4.189558,0.022068,0
1527007544794,4.212399,4.187565,0.024834,0
1527007544805,4.186602,4.160271,0.026331,0
1527007544815,4.157114,4.130783,0.026331,0
1527007544825,4.155188,4.133472,0.021715,0
1527007544835,4.208059,4.185629,0.022430,0
1527007544845,4.179945,4.159851,0.020094,0
1527007544855,4.203653,4.179449,0.024204,1
1527007544865,4.214716,4.192524,0.022192,1
1527007544875,4.226007,4.201822,0.024185,1
1527007544885,4.202576,4.179764,0.022812,1
1527007544895,4.216995,4.193707,0.023289,1
1527007544905,4.209728,4.188738,0.020990,1
1527007544916,4.221830,4.199142,0.022688,1
1527007544926,4.217577,4.194698,0.022879,1
1527007544936,4.223204,4.200535,0.022669,1
1527007544946,4.214649,4.190311,0.024338,0
1527007544956,4.218836,4.195585,0.023251,0
1527007544966,4.212503,4.188824,0.023680,0
1527007544976,4.217758,4.195099,0.022659,0
1527007544986,4.214258,4.190521,0.023737,0
1527007544996,4.218798,4.195166,0.023632,0
1527007545006,4.210949,4.187813,0.023136,0
1527007545016,4.222345,4.199495,0.022850,0
1527007545027,4.212856,4.188976,0.023880,0
1527007545037,4.210291,4.186201,0.024090,0
1527007545047,4.185390,4.159822,0.025568,1
1527007545057,4.184294,4.161587,0.022707,1
1527007545067,4.177256,4.152670,0.024586,1
1527007545077,4.199305,4.178162,0.021143,1
1527007545087,4.207525,4.185514,0.022011,1
1527007545097,4.224558,4.201488,0.023069,1
1527007545107,4.214907,4.191027,0.023880,1
1527007545117,4.217939,4.194775,0.023165,1
1527007545127,4.211073,4.187727,0.023346,1
1527007545138,4.219561,4.196386,0.023174,1
1527007545148,4.213285,4.190035,0.023251,0
1527007545158,4.217329,4.193048,0.024281,0
1527007545168,4.212847,4.189548,0.023298,0
1527007545178,4.176636,4.144249,0.032387,0
1527007545188,4.213638,4.190235,0.023403,0
1527007545198,4.224052,4.199886,0.024166,0
1527007545208,4.219627,4.197206,0.022421,0
1527007545218,4.228096,4.204292,0.023804,0
1527007545228,4.219389,4.197397,0.021992,0
1527007545238,4.222841,4.199343,0.023499,0
1527007545249,4.219818,4.197607,0.022211,1
1527007545259,4.225397,4.202499,0.022898,1
1527007545269,4.217815,4.193964,0.023851,1
1527007545279,4.175673,4.149094,0.026579,1
1527007545289,4.200163,4.175253,0.024910,1
1527007545299,4.203587,4.179659,0.023928,1
1527007545309,4.171047,4.146376,0.024672,1
1527007545319,4.199162,4.177790,0.021372,1
1527007545329,4.168520,4.144564,0.023956,1
1527007545339,4.191380,4.170027,0.021353,1
1527007545349,4.208784,4.186401,0.022383,0
1527007545360,4.222460,4.200172,0.022287,0
1527007545370,4.221363,4.199085,0.022278,0
1527007545380,4.202957,4.182262,0.020695,0
1527007545390,4.216499,4.193668,0.022831,0
1527007545400,4.223576,4.201040,0.022535,0
1527007545410,4.221487,4.199448,0.022039,0
1527007545420,4.224024,4.200687,0.023336,0
1527007545430,4.218607,4.194965,0.023642,0
1527007545440,4.216318,4.192781,0.023537,0
1527007545450,4.215269,4.191999,0.023270,1
1527007545460,4.217434,4.193602,0.023832,1
1527007545471,4.211111,4.188061,0.023050,1
1527007545481,4.186296,4.165859,0.020437,1
1527007545491,4.213905,4.190865,0.023041,1
1527007545501,4.215517,4.191027,0.024490,1
1527007545511,4.213419,4.190159,0.023260,1
1527007545521,4.216814,4.192066,0.024748,1
1527007545531,4.211359,4.186239,0.025120,1
1527007545541,4.202785,4.174738,0.028048,1
1527007545551,4.204044,4.179678,0.024366,0
1527007545561,4.185743,4.160137,0.025606,0
1527007545571,4.180050,4.155540,0.024509,0
1527007545582,4.205523,4.183588,0.021935,0
1527007545592,4.218740,4.195757,0.022984,0
1527007545602,4.215279,4.192352,0.022926,0
1527007545612,4.216881,4.193039,0.023842,0
1527007545622,4.216118,4.192486,0.023632,0
1527007545632,4.216576,4.192934,0.023642,0
1527007545642,4.206800,4.183884,0.022917,0
1527007545652,4.210539,4.186506,0.024033,1
1527007545662,4.208698,4.184628,0.024071,1
1527007545672,4.211187,4.186821,0.024366,1
1527007545682,4.207315,4.184294,0.023022,1
1527007545693,4.214487,4.190969,0.023518,1
1527007545703,4.209394,4.186506,0.022888,1
1527007545713,4.217587,4.193735,0.023851,1
1527007545723,4.212608,4.189844,0.022764,1
1527007545733,4.216928,4.193335,0.023594,1
1527007545743,4.215755,4.194040,0.021715,1
1527007545753,4.224863,4.200363,0.024500,0
1527007545763,4.206333,4.182444,0.023890,0
1527007545773,4.214153,4.189177,0.024977,0
1527007545783,4.184742,4.159174,0.025568,0
1527007545793,4.170418,4.146242,0.024176,0
1527007545804,4.184580,4.165459,0.019121,0
1527007545814,4.205914,4.182978,0.022936,0
1527007545824,4.209137,4.186745,0.022392,0
1527007545834,4.213781,4.189386,0.024395,0
1527007545844,4.208174,4.186563,0.021610,0
1527007545854,4.222994,4.199276,0.023718,1
1527007545864,4.217882,4.195681,0.022202,1
1527007545874,4.223738,4.200382,0.023355,1
1527007545884,4.218178,4.196348,0.021830,1
1527007545894,4.221983,4.198475,0.023508,1
1527007545904,4.215736,4.193516,0.022221,1
1527007545915,4.219255,4.194899,0.024357,1
1527007545925,4.209728,4.187593,0.022135,1
1527007545935,4.207973,4.183779,0.024195,1
1527007545945,4.209604,4.187365,0.022240,1
1527007545955,4.217997,4.193964,0.024033,0
1527007545965,4.210167,4.187326,0.022840,0
1527007545975,4.209805,4.186945,0.022860,0
1527007545985,4.198284,4.175110,0.023174,0
1527007545995,4.214277,4.190254,0.024023,0
1527007546005,4.203272,4.179831,0.023441,0
1527007546015,4.197044,4.172068,0.024977,0
1527007546026,4.181614,4.156647,0.024967,0
1527007546036,4.183331,4.157515,0.025816,0
1527007546046,4.204168,4.182730,0.021439,0
1527007546056,4.221630,4.199247,0.022383,1
1527007546066,4.208469,4.187288,0.021181,1
1527007546076,4.094782,4.064922,0.029860,1
1527007546086,4.212618,4.190292,0.022326,1
1527007546096,4.220133,4.197922,0.022211,1
1527007546106,4.210796,4.189205,0.021591,1
1527007546116,4.219151,4.196529,0.022621,1
1527007546126,4.209518,4.186802,0.022717,1
1527007546137,4.218578,4.195471,0.023108,1
1527007546147,4.207497,4.184227,0.023270,0
1527007546157,4.214249,4.189968,0.024281,0
1527007546167,4.206686,4.183474,0.023212,0
1527007546177,4.214907,4.190722,0.024185,0
1527007546187,4.215918,4.192162,0.023756,0
1527007546197,4.220142,4.197359,0.022783,0
1527007546207,4.214621,4.191017,0.023603,0
1527007546217,4.219341,4.196930,0.022411,0
1527007546227,4.215651,4.191761,0.023890,0
1527007546237,4.223871,4.200687,0.023184,0
1527007546248,4.209032,4.184790,0.024242,1
1527007546258,4.193821,4.166508,0.027313,1
1527007546268,4.172993,4.148474,0.024519,1
1527007546278,4.140215,4.108953,0.031261,1
1527007546288,4.166098,4.144249,0.021849,1
1527007546298,4.209414,4.186859,0.022554,1
1527007546308,4.209385,4.186516,0.022869,1
1527007546318,4.215841,4.192286,0.023556,1
1527007546328,4.213066,4.189653,0.023413,1
1527007546338,4.219999,4.197884,0.022116,1
1527007546348,4.212322,4.190826,0.021496,0
1527007546359,4.221153,4.198503,0.022650,0
1527007546369,4.218845,4.197893,0.020952,0
1527007546379,4.205856,4.172850,0.033007,0
1527007546389,4.221115,4.199762,0.021353,0
1527007546399,4.220066,4.197578,0.022488,0
1527007546409,4.218712,4.198189,0.020523,0
1527007546419,4.226961,4.204283,0.022678,0
1527007546429,4.214611,4.191675,0.022936,0
1527007546439,4.216213,4.193363,0.022850,0
1527007546449,4.205065,4.184275,0.020790,1
1527007546459,4.218874,4.196997,0.021877,1
1527007546469,4.212780,4.190474,0.022306,1
1527007546479,4.203386,4.175959,0.027428,1
1527007546489,4.144764,4.120579,0.024185,1
1527007546499,4.209146,4.184532,0.024614,1
1527007546509,4.211807,4.189034,0.022774,1
1527007546519,4.212608,4.189215,0.023394,1
1527007546529,4.190140,4.163961,0.026178,1
1527007546540,4.181166,4.156933,0.024233,1
1527007546550,4.171515,4.151411,0.020103,0
1527007546560,4.220963,4.199085,0.021877,0
1527007546570,4.219007,4.197607,0.021400,0
1527007546580,4.097385,4.067936,0.029449,0
1527007546590,4.194012,4.173193,0.020819,0
1527007546600,4.215069,4.192286,0.022783,0
1527007546610,4.215174,4.192657,0.022516,0
1527007546620,4.218483,4.196520,0.021963,0
1527007546630,4.213552,4.190788,0.022764,0
1527007546640,4.218540,4.195328,0.023212,0
1527007546651,4.187460,4.165583,0.021877,1
1527007546661,4.211378,4.187937,0.023441,1
1527007546671,4.207458,4.184914,0.022545,1
1527007546681,4.211378,4.189129,0.022249,1
1527007546691,4.213629,4.190865,0.022764,1
1527007546701,4.204903,4.183044,0.021858,1
1527007546711,4.213982,4.191332,0.022650,1
1527007546721,4.215641,4.192209,0.023432,1
1527007546731,4.213419,4.190807,0.022612,1
1527007546741,4.216194,4.193344,0.022850,1
1527007546751,4.195299,4.171467,0.023832,0
1527007546762,4.215736,4.193153,0.022583,0
1527007546772,4.214659,4.191895,0.022764,0
1527007546782,4.212799,4.189663,0.023136,0
1527007546792,4.214344,4.191933,0.022411,0
1527007546802,4.202280,4.178791,0.023489,0
1527007546812,4.215059,4.192791,0.022268,0
1527007546822,4.216061,4.193621,0.022440,0
1527007546832,4.214201,4.191561,0.022640,0
1527007546842,4.217405,4.195232,0.022173,0
1527007546852,4.199181,4.175920,0.023260,1
1527007546862,4.216394,4.194574,0.021820,1
1527007546873,4.204340,4.179049,0.025291,1
1527007546883,4.180927,4.157219,0.023708,1
1527007546893,4.207048,4.186039,0.021009,1
1527007546903,4.209013,4.188023,0.020990,1
1527007546913,4.191437,4.167166,0.024271,1
1527007546923,4.209166,4.187717,0.021448,1
1527007546933,4.214830,4.191961,0.022869,1
1527007546943,4.212027,4.189281,0.022745,1
1527007546953,4.191551,4.167938,0.023613,0
1527007546963,4.211807,4.189320,0.022488,0
1527007546973,4.216156,4.192467,0.023689,0
1527007546984,4.211550,4.188967,0.022583,0
1527007546994,4.216318,4.193335,0.022984,0
1527007547004,4.203138,4.182415,0.020723,0
1527007547014,4.220066,4.196463,0.023603,0
1527007547024,4.218225,4.196606,0.021620,0
1527007547034,4.222727,4.200783,0.021944,0
1527007547044,4.217176,4.195766,0.021410,0
1527007547054,4.203949,4.181013,0.022936,1
1527007547064,4.217730,4.195576,0.022154,1
1527007547074,4.224005,4.201231,0.022774,1
1527007547084,4.215689,4.191914,0.023775,1
1527007547095,4.213057,4.188080,0.024977,1
1527007547105,4.181795,4.159250,0.022545,1
1527007547115,4.209766,4.185801,0.023966,1
1527007547125,4.200878,4.180260,0.020618,1
1527007547135,4.216642,4.193144,0.023499,1
1527007547145,4.208412,4.186993,0.021420,1
1527007547155,4.198980,4.176846,0.022135,0
1527007547165,4.210911,4.189186,0.021725,0
1527007547175,4.219341,4.196606,0.022736,0
1527007547185,4.199438,4.176216,0.023222,0
1527007547195,4.179363,4.155912,0.023451,0
1527007547206,4.195890,4.174881,0.021009,0
1527007547216,4.209452,4.183168,0.026283,0
1527007547226,4.184628,4.160728,0.023899,0
1527007547236,4.193258,4.170303,0.022955,0
1527007547246,4.186230,4.162312,0.023918,0
1527007547256,4.176216,4.154902,0.021315,1
1527007547266,4.194250,4.173937,0.020313,1
1527007547276,4.212608,4.189348,0.023260,1
1527007547286,4.173346,4.155273,0.018072,1
1527007547296,4.212627,4.188843,0.023785,1
1527007547306,4.196224,4.174776,0.021448,1
1527007547317,4.218140,4.194784,0.023355,1
1527007547327,4.211254,4.188375,0.022879,1
1527007547337,4.217567,4.194918,0.022650,1
1527007547347,4.219036,4.196978,0.022058,1
1527007547357,4.202585,4.179258,0.023327,0
1527007547367,4.218264,4.195833,0.022430,0
1527007547377,4.223623,4.201107,0.022516,0
1527007547387,4.219427,4.197140,0.022287,0
1527007547397,4.225063,4.201670,0.023394,0
1527007547407,4.206152,4.183969,0.022182,0
1527007547417,4.224825,4.201880,0.022945,0
1527007547428,4.213629,4.189987,0.023642,0
1527007547438,4.218178,4.195156,0.023022,0
1527007547448,4.212055,4.188509,0.023546,0
1527007547458,4.212637,4.189310,0.023327,1
1527007547468,4.213362,4.188967,0.024395,1
1527007547478,4.218483,4.195089,0.023394,1
1527007547488,4.210787,4.187651,0.023136,1
1527007547498,4.217930,4.194746,0.023184,1
1527007547508,4.199333,4.176178,0.023155,1
1527007547518,4.225197,4.201832,0.023365,1
1527007547528,4.221020,4.198961,0.022058,1
1527007547539,4.224873,4.202089,0.022783,1
1527007547549,4.212132,4.189348,0.022783,0
1527007547559,4.194498,4.169950,0.024548,0
1527007547569,4.189091,4.165230,0.023861,0
1527007547579,4.221048,4.197540,0.023508,0
1527007547589,4.185839,4.160881,0.024958,0
1527007547599,4.185066,4.164219,0.020847,0
1527007547609,4.196529,4.176006,0.020523,0
1527007547619,4.189310,4.164057,0.025253,0
1527007547629,4.195251,4.174309,0.020943,0
1527007547639,4.208107,4.185944,0.022163,0
1527007547650,4.209442,4.187565,0.021877,1
1527007547660,4.206610,4.184275,0.022335,1
1527007547670,4.212303,4.189730,0.022573,1
1527007547680,4.109898,4.075975,0.033922,1
1527007547690,4.217367,4.195728,0.021639,1
1527007547700,4.223261,4.200726,0.022535,1
1527007547710,4.214983,4.193478,0.021505,1
1527007547720,4.221992,4.199848,0.022144,1
1527007547730,4.217176,4.195690,0.021486,1
1527007547740,4.222393,4.200888,0.021505,1
1527007547750,4.219418,4.198084,0.021334,0
1527007547761,4.187555,4.165249,0.022306,0
1527007547771,4.205780,4.184160,0.021620,0
1527007547781,4.126024,4.107571,0.018454,0
1527007547791,4.207106,4.184723,0.022383,0
1527007547801,4.209280,4.186344,0.022936,0
1527007547811,4.194517,4.172249,0.022268,0
1527007547821,4.207458,4.185429,0.022030,0
1527007547831,4.206276,4.184189,0.022087,0
1527007547841,4.209585,4.186430,0.023155,0
1527007547851,4.213390,4.190540,0.022850,1
1527007547861,4.196529,4.172897,0.023632,1
1527007547872,4.222965,4.201717,0.021248,1
1527007547882,4.209270,4.187450,0.021820,1
1527007547892,4.216671,4.193497,0.023174,1
1527007547902,4.209309,4.183111,0.026197,1
1527007547912,4.205723,4.182167,0.023556,1
1527007547922,4.210587,4.184055,0.026531,1
1527007547932,4.186964,4.161844,0.025120,1
1527007547942,4.180489,4.158077,0.022411,1
1527007547952,4.186697,4.161730,0.024967,0
1527007547962,4.160252,4.134159,0.026093,0
1527007547972,4.204292,4.181948,0.022345,0
1527007547983,4.206190,4.184141,0.022049,0
1527007547993,4.214020,4.191198,0.022821,0
1527007548003,4.212637,4.189758,0.022879,0
1527007548013,4.215021,4.192915,0.022106,0
1527007548023,4.220133,4.198580,0.021553,0
1527007548033,4.221220,4.199448,0.021772,0
1527007548043,4.217997,4.195862,0.022135,0
1527007548053,4.221334,4.199772,0.021563,1
1527007548063,4.200935,4.177046,0.023890,1
1527007548073,4.221983,4.200068,0.021915,1
1527007548083,4.218588,4.196339,0.022249,1
1527007548094,4.215412,4.191713,0.023699,1
1527007548104,4.211493,4.189444,0.022049,1
1527007548114,4.209566,4.186554,0.023012,1
1527007548124,4.206829,4.183311,0.023518,1
1527007548134,4.215717,4.192877,0.022840,1
1527007548144,4.210911,4.188976,0.021935,1
1527007548154,4.216690,4.193659,0.023031,0
1527007548164,4.191895,4.170036,0.021858,0
1527007548174,4.215870,4.192657,0.023212,0
1527007548184,4.217720,4.195156,0.022564,0
1527007548194,4.220810,4.196653,0.024157,0
1527007548205,4.208145,4.186134,0.022011,0
1527007548215,4.207029,4.183607,0.023422,0
1527007548225,4.207153,4.185209,0.021944,0
1527007548235,4.224148,4.201012,0.023136,0
1527007548245,4.219446,4.198942,0.020504,0
1527007548255,4.225311,4.201736,0.023575,1
1527007548265,4.185877,4.164734,0.021143,1
1527007548275,4.207163,4.179735,0.027428,1
1527007548285,4.185677,4.162149,0.023527,1
1527007548295,4.198942,4.172592,0.026350,1
1527007548305,4.171820,4.149065,0.022755,1
1527007548316,4.172373,4.152050,0.020323,1
1527007548326,4.195957,4.176283,0.019674,1
1527007548336,4.213686,4.190798,0.022888,1
1527007548346,4.215374,4.193439,0.021935,1
1527007548356,4.219799,4.198122,0.021677,0
1527007548366,4.192247,4.171305,0.020943,0
1527007548376,4.224930,4.201841,0.023088,0
1527007548386,4.214706,4.193773,0.020933,0
1527007548396,4.221745,4.199486,0.022259,0
1527007548406,4.214354,4.192772,0.021582,0
1527007548416,4.212379,4.189987,0.022392,0
1527007548427,4.208422,4.187431,0.020990,0
1527007548437,4.218597,4.195347,0.023251,0
1527007548447,4.211283,4.189062,0.022221,0
1527007548457,4.217491,4.194927,0.022564,1
1527007548467,4.186497,4.165134,0.021362,1
1527007548477,4.217472,4.193583,0.023890,1
1527007548487,4.210272,4.187746,0.022526,1
1527007548497,4.217005,4.194956,0.022049,1
1527007548507,4.208279,4.187202,0.021076,1
1527007548517,4.210806,4.188633,0.022173,1
1527007548527,4.217024,4.195223,0.021801,1
1527007548538,4.222288,4.201021,0.021267,1
1527007548548,4.218655,4.196625,0.022030,1
1527007548558,4.224243,4.202776,0.021467,0
1527007548568,4.216003,4.193497,0.022507,0
1527007548578,4.222574,4.201727,0.020847,0
1527007548588,4.218960,4.196415,0.022545,0
1527007548598,4.215975,4.193697,0.022278,0
1527007548608,4.207830,4.185190,0.022640,0
1527007548618,4.205341,4.182673,0.022669,0
1527007548628,4.209871,4.186382,0.023489,0
1527007548638,4.211750,4.186621,0.025129,0
1527007548649,4.184904,4.159718,0.025187,0
1527007548659,4.186163,4.161978,0.024185,1
1527007548669,4.188385,4.168987,0.019398,1
1527007548679,4.219084,4.197340,0.021744,1
1527007548689,4.189663,4.170303,0.019360,1
1527007548699,4.222221,4.200821,0.021400,1
1527007548709,4.216843,4.195328,0.021515,1
1527007548719,4.215832,4.193964,0.021868,1
1527007548729,4.209948,4.187870,0.022078,1
1527007548739,4.220667,4.198427,0.022240,1
1527007548749,4.214554,4.191771,0.022783,0
1527007548760,4.214802,4.191570,0.023232,0
1527007548770,4.182529,4.160118,0.022411,0
1527007548780,4.207792,4.185152,0.022640,0
1527007548790,4.198008,4.175987,0.022020,0
1527007548800,4.207535,4.185095,0.022440,0
1527007548810,4.201908,4.179688,0.022221,0
1527007548820,4.198008,4.176226,0.021782,0
1527007548830,4.199133,4.176445,0.022688,0
1527007548840,4.207363,4.185286,0.022078,0
1527007548850,4.209032,4.187498,0.021534,1
1527007548860,4.216728,4.193687,0.023041,1
1527007548871,4.180470,4.155645,0.024824,1
1527007548881,4.153271,4.121714,0.031557,1
1527007548891,4.178677,4.154148,0.024529,1
1527007548901,4.194994,4.175100,0.019894,1
1527007548911,4.171572,4.146891,0.024681,1
1527007548921,4.199457,4.176331,0.023127,1
1527007548931,4.208679,4.186354,0.022326,1
1527007548941,4.213333,4.189491,0.023842,1
1527007548951,4.204597,4.182243,0.022354,0
1527007548961,4.212513,4.188595,0.023918,0
1527007548971,4.186716,4.163303,0.023413,0
1527007548982,4.097300,4.074001,0.023298,0
1527007548992,4.211245,4.188137,0.023108,0
1527007549002,4.212141,4.188805,0.023336,0
1527007549012,4.217615,4.195089,0.022526,0
1527007549022,4.206810,4.183416,0.023394,0
1527007549032,4.217596,4.195356,0.022240,0
1527007549042,4.219065,4.197245,0.021820,0
1527007549052,4.222412,4.200249,0.022163,1
1527007549062,4.221058,4.199543,0.021515,1
1527007549072,4.195051,4.171104,0.023947,1
1527007549082,4.171028,4.147387,0.023642,1
1527007549093,4.166641,4.142742,0.023899,1
1527007549103,4.186583,4.166317,0.020266,1
1527007549113,4.207993,4.185801,0.022192,1
1527007549123,4.204197,4.182968,0.021229,1
1527007549133,4.210091,4.187269,0.022821,1
1527007549143,4.207525,4.185991,0.021534,1
1527007549153,4.213018,4.189939,0.023079,0
1527007549163,4.210033,4.187870,0.022163,0
1527007549173,4.197998,4.174623,0.023375,0
1527007549183,4.180880,4.162073,0.018806,0
1527007549193,4.219666,4.196978,0.022688,0
1527007549204,4.216728,4.193897,0.022831,0
1527007549214,4.218893,4.196348,0.022545,0
1527007549224,4.208517,4.186897,0.021620,0
1527007549234,4.217243,4.194698,0.022545,0
1527007549244,4.217138,4.194813,0.022326,0
1527007549254,4.214363,4.190912,0.023451,1
1527007549264,4.196014,4.172363,0.023651,1
1527007549274,4.151039,4.119558,0.031481,1
1527007549284,4.135571,4.114733,0.020838,1
1527007549294,4.168844,4.142828,0.026016,1
1527007549304,4.174376,4.154730,0.019646,1
1527007549315,4.191570,4.170313,0.021257,1
1527007549325,4.188471,4.167681,0.020790,1
1527007549335,4.217443,4.195061,0.022383,1
1527007549345,4.212742,4.190865,0.021877,1
1527007549355,4.214973,4.191189,0.023785,0
1527007549365,4.212561,4.190531,0.022030,0
1527007549375,4.198151,4.175949,0.022202,0
1527007549385,4.204588,4.184227,0.020361,0
1527007549395,4.213543,4.190521,0.023022,0
1527007549405,4.209757,4.188843,0.020914,0
1527007549415,4.204311,4.182644,0.021667,0
1527007549426,4.192600,4.172697,0.019903,0
1527007549436,4.214268,4.190893,0.023375,0
1527007549446,4.206009,4.183769,0.022240,0
1527007549456,4.202099,4.177370,0.024729,1
1527007549466,4.201899,4.178610,0.023289,1
1527007549476,4.173784,4.148951,0.024834,1
1527007549486,4.153814,4.130039,0.023775,1
1527007549496,4.189310,4.169416,0.019894,1
1527007549506,4.164639,4.142284,0.022354,1
1527007549516,4.191875,4.171934,0.019941,1
1527007551196,4.216290,4.192781,0.023508,0
1527007551206,4.189415,4.164238,0.025177,0
1527007551216,4.196959,4.172239,0.024719,0
1527007551226,4.189472,4.164858,0.024614,0
1527007551236,4.173460,4.149122,0.024338,0
1527007551246,4.188833,4.168749,0.020084,0
1527007551256,4.176178,4.155741,0.020437,1
1527007551266,4.197168,4.177198,0.019970,1
1527007551276,4.213572,4.190273,0.023298,1
1527007551287,4.195967,4.174681,0.021286,1
1527007551297,4.221010,4.198208,0.022802,1
1527007551307,4.213018,4.191294,0.021725,1
1527007551317,4.221992,4.199581,0.022411,1
1527007551327,4.208555,4.187279,0.021276,1
1527007551337,4.222202,4.199648,0.022554,1
1527007551347,4.212370,4.191179,0.021191,1
1527007551357,4.221363,4.199533,0.021830,0
1527007551367,4.208450,4.187775,0.020676,0
1527007551377,4.216871,4.194088,0.022783,0
1527007551387,4.205523,4.185123,0.020399,0
1527007551398,4.218054,4.194851,0.023203,0
1527007551408,4.202213,4.178190,0.024023,0
1527007551418,4.191351,4.163961,0.027390,0
1527007551428,4.170418,4.145117,0.025301,0
1527007551438,4.180031,4.154005,0.026026,0
1527007551448,4.176159,4.157019,0.019140,0
1527007551458,4.217453,4.195633,0.021820,1
1527007551468,4.216537,4.194069,0.022469,1
1527007551478,4.213610,4.191914,0.021696,1
1527007551488,4.215040,4.192886,0.022154,1
1527007551498,4.220781,4.199209,0.021572,1
1527007551509,4.216118,4.193363,0.022755,1
1527007551519,4.216814,4.195099,0.021715,1
1527007551529,4.216032,4.193287,0.022745,1
1527007551539,4.216099,4.192963,0.023136,1
1527007551549,4.209337,4.186888,0.022449,1
1527007551559,4.210186,4.188156,0.022030,0
1527007551569,4.208221,4.186516,0.021706,0
1527007551579,4.219093,4.196377,0.022717,0
1527007551589,4.208651,4.186182,0.022469,0
1527007551599,4.211893,4.188805,0.023088,0
1527007551609,4.196320,4.171810,0.024509,0
1527007551620,4.177198,4.151878,0.025320,0
1527007551630,4.174910,4.150934,0.023975,0
1527007551640,4.207621,4.186144,0.021477,0
1527007551650,4.212055,4.190865,0.021191,0
1527007551660,4.216290,4.194584,0.021706,1
1527007551670,4.212217,4.189787,0.022430,1
1527007551680,4.219837,4.198275,0.021563,1
1527007551690,4.214449,4.192162,0.022287,1
1527007551700,4.215794,4.192581,0.023212,1
1527007551710,4.205246,4.183226,0.022020,1
1527007551720,4.215250,4.191914,0.023336,1
1527007551731,4.207153,4.185743,0.021410,1
1527007551741,4.214630,4.191942,0.022688,1
1527007551751,4.207525,4.185934,0.021591,1
1527007551761,4.214077,4.191103,0.022974,0
1527007551771,4.208345,4.187288,0.021057,0
1527007551781,4.213295,4.190369,0.022926,0
1527007551791,4.213467,4.189682,0.023785,0
1527007551801,4.206676,4.182653,0.024023,0
1527007551811,4.212294,4.190569,0.021725,0
1527007551821,4.192114,4.165087,0.027027,0
1527007551831,4.172916,4.150019,0.022898,0
1527007551842,4.174910,4.154549,0.020361,0
1527007551852,4.212265,4.191084,0.021181,0
1527007551862,4.213753,4.191284,0.022469,1
1527007551872,4.210272,4.188166,0.022106,1
1527007551882,4.212704,4.189548,0.023155,1
1527007551892,4.210291,4.188070,0.022221,1
1527007551902,4.209604,4.186087,0.023518,1
1527007551912,4.210873,4.187975,0.022898,1
1527007551922,4.212770,4.189749,0.023022,1
1527007551932,4.210596,4.187841,0.022755,1
1527007551942,4.207869,4.185200,0.022669,1
1527007551953,4.216642,4.194202,0.022440,1
1527007551963,4.218073,4.196177,0.021896,0
1527007551973,4.219828,4.198179,0.021648,0
1527007551983,4.215002,4.192019,0.022984,0
1527007551993,4.216614,4.192924,0.023689,0
1527007552003,4.204340,4.180393,0.023947,0
1527007552013,4.175282,4.150372,0.024910,0
1527007552023,4.177485,4.153147,0.024338,0
1527007552033,4.168243,4.144611,0.023632,0
1527007552043,4.190578,4.170589,0.019989,0
1527007552053,4.208069,4.186430,0.021639,1
1527007552064,4.206762,4.185619,0.021143,1
1527007552074,4.211636,4.189062,0.022573,1
1527007552084,4.210730,4.187870,0.022860,1
1527007552094,4.201956,4.177198,0.024757,1
1527007552104,4.209156,4.186687,0.022469,1
1527007552114,4.216022,4.194593,0.021429,1
1527007552124,4.215364,4.193125,0.022240,1
1527007552134,4.211187,4.188499,0.022688,1
1527007552144,4.215717,4.19