currentTs;total_time;user_time;sys_time;virtual_size;in_octets;out_octets
1527770845146;0;0;0;1409024;54872;375948
1527770845247;10;4;2;25116672;54872;375948
1527770845347;20;4;2;25239552;55040;376134
1527770845447;31;4;2;25239552;55040;376134
1527770845547;41;13;3;26288128;56284;378053
1527770845648;51;22;4;26288128;57580;380083
1527770845748;61;31;4;26288128;58984;382284
1527770845848;71;36;4;26288128;59632;383300
1527770845949;81;39;6;26288128;60280;384419
1527770846049;91;46;9;26288128;61576;386450
1527770846149;101;55;9;26288128;62980;388653
1527770846250;111;65;9;26288128;64276;390687
1527770846350;121;75;10;26288128;65680;392888
1527770846450;131;76;10;26288128;65896;393278
1527770846550;141;82;12;26288128;66976;395025
1527770846650;151;91;12;26288128;68272;397058
1527770846750;161;100;13;26288128;69676;399258
1527770846851;171;110;13;26288128;70972;401293
1527770846951;181;118;15;26288128;72376;403497
1527770847051;191;126;17;26288128;73672;405526
1527770847151;201;136;17;26288128;75076;407731
1527770847251;211;145;17;26288128;76372;409764
1527770847352;221;152;20;26288128;77668;411796
1527770847452;231;160;22;26288128;79072;413998
1527770847552;241;169;22;26288128;80368;416028
1527770847652;251;179;23;26288128;81772;418227
1527770847752;261;187;24;26288128;83456;420258
1527770847852;271;196;25;26288128;84802;422292
1527770847953;281;205;26;26288128;86206;424492
1527770848053;291;214;27;26288128;87502;426527
1527770848154;301;221;29;26288128;88906;428736
1527770848254;311;231;29;26288128;90248;430774
1527770848354;321;241;29;26288128;91544;432806
1527770848454;331;249;31;26288128;92948;435010
1527770848554;341;256;34;26288128;94244;437045
1527770848654;351;266;34;26288128;95540;439078
1527770848755;361;273;36;26288128;96944;441278
1527770848855;371;280;38;26288128;98240;443311
1527770848955;381;290;39;26288128;99644;445515
1527770849055;391;300;39;26288128;100940;447547
1527770849155;401;308;40;26288128;102236;449583
1527770849256;411;318;40;26288128;103640;451788
1527770849356;421;327;40;26288128;104936;453822
1527770849456;431;336;42;26288128;106232;455855
1527770849556;441;346;42;26288128;107636;458059
1527770849656;451;355;42;26288128;108932;460093
1527770849756;461;364;43;26288128;110228;462124
1527770849856;471;373;43;26288128;111632;464328
1527770849957;481;382;44;26288128;112928;466363
1527770850057;492;391;45;26288128;114332;468568
1527770850158;502;397;49;26288128;115628;470599
1527770850258;512;406;49;26288128;116924;472631
1527770850358;522;416;49;26288128;118328;474838
1527770850458;532;424;51;26288128;119624;476872
1527770850558;542;434;51;26288128;120920;478905
1527770850658;552;442;53;26288128;122324;481105
1527770850758;562;450;54;26288128;123620;483138
1527770850858;572;458;56;26288128;124916;485172
1527770850958;582;468;56;26288128;126212;487203
1527770851058;592;476;58;26288128;127616;489405
1527770851158;602;485;58;26288128;128912;491438
1527770851258;612;494;59;26288128;130208;493473
1527770851358;622;503;60;26288128;131504;495505
1527770851459;632;512;61;26288128;132800;497537
1527770851559;642;520;63;26288128;134204;499737
1527770851659;652;528;64;26288128;135500;501768
1527770851759;662;537;65;26288128;136796;503802
1527770851860;672;545;67;26288128;138092;505838
1527770851960;682;554;67;26288128;139388;507868
1527770852060;692;564;68;26288128;140792;510068
1527770852160;702;572;69;26288128;142088;512097
1527770852260;712;582;69;26288128;143384;514126
1527770852360;722;590;70;26288128;144680;516154
1527770852461;732;600;71;26288128;146084;518351
1527770852561;742;610;71;26288128;147380;520379
1527770852661;752;619;71;26288128;148676;522407
1527770852761;762;626;74;26288128;149972;524435
1527770852861;772;635;74;26288128;151268;526463
1527770852962;782;641;78;26288128;152564;528491
1527770853062;792;651;78;26288128;153968;530688
1527770853162;802;660;78;26288128;155264;532716
1527770853262;812;669;80;26288128;156560;534744
1527770853362;822;679;80;26288128;157856;536772
1527770853463;832;686;83;26288128;159260;538969
1527770853563;842;695;83;26288128;160556;540998
1527770853663;852;705;83;26288128;161852;543026
1527770853763;862;712;86;26288128;163148;545054
1527770853864;872;721;87;26288128;164444;547082
1527770853964;882;730;88;26288128;165848;549279
1527770854064;892;738;89;26288128;167144;551316
1527770854164;902;748;89;26288128;168440;553354
1527770854264;912;756;91;26288128;169736;555394
1527770854364;922;765;92;26288128;171140;557599
1527770854465;932;772;94;26288128;172436;559632
1527770854565;942;780;96;26288128;173732;561676
1527770854665;952;789;96;26288128;175028;563720
1527770854766;962;798;97;26288128;176324;565766
1527770854866;972;805;100;26288128;177728;567981
1527770854966;982;815;100;26288128;179024;570023
1527770855066;992;824;101;26288128;180320;572070
1527770855166;1002;831;103;26288128;181616;574131
1527770855267;1012;841;103;26288128;182912;576181
1527770855367;1022;849;105;26288128;184316;578403
1527770855467;1032;858;106;26288128;185612;580452
1527770855567;1042;867;106;26288128;186908;582492
1527770855667;1053;874;110;26288128;188204;584544
1527770855767;1063;883;110;26288128;189500;586596
1527770855868;1073;893;110;26288128;190904;588819
1527770855968;1083;902;110;26288128;192200;590871
1527770856068;1093;912;110;26288128;193496;592923
1527770856168;1103;919;114;26288128;194792;594975
1527770856269;1113;928;114;26288128;196196;597198
1527770856370;1123;938;114;26288128;197492;599248
1527770856470;1133;947;115;26288128;198788;601300
1527770856570;1143;956;115;26288128;200084;603352
1527770856670;1153;965;116;26288128;201380;605404
1527770856770;1163;973;118;26288128;202784;607627
1527770856870;1173;982;118;26288128;204080;609679
1527770856971;1183;991;120;26288128;205376;611731
1527770857071;1193;1001;120;26288128;206672;613783
1527770857171;1203;1011;120;26288128;207968;615835
1527770857271;1213;1018;122;26288128;209372;618058
1527770857371;1223;1027;123;26288128;210668;620110
1527770857471;1233;1034;126;26288128;211964;622162
1527770857571;1243;1043;126;26288128;213260;624214
1527770857672;1253;1052;127;26288128;214664;626437
1527770857772;1263;1059;130;26288128;215960;628489
1527770857872;1273;1069;130;26288128;217256;630541
1527770857972;1283;1077;131;26288128;218552;632593
1527770858072;1293;1087;131;26288128;219848;634645
1527770858172;1303;1097;131;26288128;221252;636868
1527770858273;1313;1106;132;26288128;222548;638920
1527770858373;1323;1115;133;26288128;223844;640972
1527770858473;1333;1122;135;26288128;225140;643022
1527770858574;1343;1132;136;26288128;226544;645241
1527770858674;1353;1141;136;26288128;227840;647293
1527770858774;1363;1150;137;26288128;229136;649345
1527770858874;1373;1157;139;26288128;230432;651397
1527770858975;1383;1167;140;26288128;231728;653449
1527770859075;1393;1173;143;26288128;233132;655672
1527770859175;1403;1182;144;26288128;234428;657724
1527770859275;1413;1192;144;26288128;235724;659776
1527770859375;1423;1200;145;26288128;237020;661828
1527770859475;1433;1209;146;26288128;238316;663885
1527770859576;1443;1218;147;26288128;239720;666120
1527770859676;1453;1225;150;26288128;241016;668173
1527770859776;1463;1234;150;26288128;242312;670227
1527770859876;1473;1242;152;26288128;243608;672280
1527770859976;1483;1252;152;26288128;244904;674332
1527770860077;1493;1258;155;26288128;246200;676386
1527770860177;1504;1268;156;26288128;247604;678610
1527770860277;1513;1278;156;26288128;248900;680670
1527770860377;1524;1286;157;26288128;250196;682718
1527770860477;1534;1294;158;26288128;251492;684752
1527770860577;1543;1304;159;26288128;252788;686787
1527770860677;1553;1312;160;26288128;254084;688821
1527770860778;1564;1320;162;26288128;255488;691027
1527770860878;1574;1330;162;26288128;256784;693064
1527770860978;1584;1340;162;26288128;258080;695099
1527770861078;1594;1348;164;26288128;259376;697133
1527770861178;1604;1358;164;26288128;260672;699169
1527770861279;1614;1367;164;26288128;262076;701384
1527770861379;1624;1376;165;26288128;263372;703434
1527770861479;1634;1385;166;26288128;264668;705484
1527770861579;1644;1393;167;26288128;265964;707536
1527770861679;1654;1402;168;26288128;267260;709586
1527770861780;1664;1412;168;26288128;268664;711807
1527770861880;1674;1422;168;26288128;269960;713859
1527770861980;1684;1431;168;26288128;271256;715911
1527770862080;1694;1439;170;26288128;272552;717963
1527770862181;1704;1448;171;26288128;273956;720186
1527770862281;1714;1457;171;26288128;275144;722067
1527770862381;1724;1467;171;26288128;276548;724290
1527770862481;1734;1474;174;26288128;277844;726342
1527770862581;1744;1484;174;26288128;279140;728394
1527770862681;1754;1494;174;26288128;280436;730446
1527770862781;1764;1502;176;26288128;281782;732498
1527770862882;1774;1508;179;26288128;283128;734550
1527770862982;1784;1518;179;26288128;284532;736763
1527770863082;1794;1527;180;26288128;285828;738815
1527770863182;1804;1537;180;26288128;287124;740867
1527770863282;1814;1546;180;26288128;288420;742919
1527770863382;1824;1555;181;26288128;289824;745134
1527770863482;1834;1564;182;26288128;291120;747182
1527770863582;1844;1573;182;26288128;292416;749234
1527770863682;1854;1581;184;26288128;293712;751278
1527770863782;1864;1590;184;26288128;295008;753321
1527770863882;1874;1597;188;26288128;296412;755536
1527770863982;1884;1605;190;26288128;297708;757564
1527770864082;1894;1614;190;26288128;299004;759592
1527770864183;1904;1622;192;26288128;300300;761620
1527770864283;1914;1632;192;26288128;301596;763648
1527770864384;1924;1640;194;26288128;303000;765845
1527770864484;1934;1648;195;26288128;304296;767873
1527770864584;1944;1657;196;26288128;305592;769901
1527770864684;1954;1664;198;26288128;306888;771929
1527770864784;1964;1674;198;26288128;308292;774126
1527770864884;1974;1684;198;26288128;309588;776154
1527770864984;1984;1691;202;26288128;310884;778182
1527770865084;1994;1700;202;26288128;312180;780210
1527770865184;2004;1706;206;26288128;313476;782238
1527770865285;2014;1716;206;26288128;314880;784435
1527770865385;2024;1726;206;26288128;316176;786463
1527770865485;2034;1733;208;26288128;317472;788491
1527770865585;2044;1742;209;26288128;318768;790519
1527770865685;2054;1751;210;26288128;320064;792547
1527770865786;2064;1760;210;26288128;321468;794744
1527770865886;2074;1770;210;26288128;322764;796772
1527770865986;2084;1779;211;26288128;324060;798800
1527770866086;2094;1787;213;26288128;325356;800828
1527770866186;2104;1796;213;26288128;326652;802856
1527770866286;2114;1803;214;26288128;327892;804827
1527770866386;2124;1803;214;26288128;327892;804879
1527770866487;2134;1803;214;26288128;327892;804879
1527770866587;2144;1803;214;26288128;327892;804879
1527770866687;2155;1803;214;26288128;327892;804879
1527770866788;2165;1803;214;26288128;327892;804879
1527770866888;2175;1803;214;26288128;327892;804879
1527770866989;2185;1803;214;26288128;327892;804879
1527770867089;2195;1803;214;26288128;327892;804879
1527770867190;2205;1803;214;26288128;327892;804879
