currentTs;total_time;user_time;sys_time;virtual_size;in_octets;out_octets
1527786694933;0;0;0;1409024;44424622;65900999
1527786695033;10;4;2;25116672;44424622;65900999
1527786695134;20;5;2;25239552;44424790;65901185
1527786695234;30;5;2;25239552;44424790;65901185
1527786695334;40;10;3;26288128;44425602;65902428
1527786695434;50;19;3;26288128;44426898;65904458
1527786695534;60;29;3;26288128;44428194;65906490
1527786695635;70;38;4;26288128;44429598;65908689
1527786695735;80;47;5;26288128;44430894;65910719
1527786695835;90;56;6;26288128;44432298;65912922
1527786695935;100;63;8;26288128;44433594;65914957
1527786696035;110;73;8;26288128;44434998;65917158
1527786696135;120;82;8;26288128;44436294;65919190
1527786696235;130;92;9;26288128;44437698;65921393
1527786696335;140;101;9;26288128;44438994;65923424
1527786696435;150;110;10;26288128;44440290;65925457
1527786696536;160;118;12;26288128;44441694;65927662
1527786696636;170;125;14;26288128;44442990;65929693
1527786696736;180;134;16;26288128;44444394;65931895
1527786696837;190;143;16;26288128;44445690;65933930
1527786696937;200;152;17;26288128;44447094;65936132
1527786697037;211;160;18;26288128;44448390;65938164
1527786697138;221;169;20;26288128;44449794;65940363
1527786697238;231;177;22;26288128;44451090;65942394
1527786697338;241;185;24;26288128;44452494;65944593
1527786697438;251;193;25;26288128;44453790;65946627
1527786697538;261;202;26;26288128;44455194;65948828
1527786697638;271;212;26;26288128;44456490;65950861
1527786697738;281;222;26;26288128;44457786;65952900
1527786697839;291;230;27;26288128;44459190;65955108
1527786697939;301;236;30;26288128;44460486;65957141
1527786698039;311;246;31;26288128;44461890;65959343
1527786698139;321;256;31;26288128;44463186;65961380
1527786698239;331;266;31;26288128;44464590;65963581
1527786698339;341;275;31;26288128;44465886;65965612
1527786698439;351;282;34;26288128;44467182;65967646
1527786698539;361;290;36;26288128;44468586;65969849
1527786698640;371;300;36;26288128;44469882;65971883
1527786698740;381;309;36;26288128;44471286;65974086
1527786698840;391;318;37;26288128;44472582;65976121
1527786698940;401;327;38;26288128;44473878;65978157
1527786699040;411;337;38;26288128;44475282;65980359
1527786699141;421;339;38;26288128;44475498;65980750
1527786699241;431;347;38;26288128;44476578;65982498
1527786699341;441;356;38;26288128;44477982;65984701
1527786699442;451;364;40;26288128;44479278;65986733
1527786699542;461;372;42;26288128;44480682;65988936
1527786699642;471;378;46;26288128;44481978;65990971
1527786699742;481;387;46;26288128;44483274;65993006
1527786699842;491;397;46;26288128;44484678;65995207
1527786699942;501;406;46;26288128;44485974;65997240
1527786700042;511;415;47;26288128;44487270;65999276
1527786700143;521;424;48;26288128;44488674;66001479
1527786700243;531;432;50;26288128;44489970;66003514
1527786700343;541;441;51;26288128;44491374;66005714
1527786700443;551;450;52;26288128;44492670;66007746
1527786700543;561;460;52;26288128;44494018;66009949
1527786700643;571;467;54;26288128;44495370;66011981
1527786700744;581;476;55;26288128;44496666;66014013
1527786700844;591;486;55;26288128;44497962;66016046
1527786700944;601;494;56;26288128;44499366;66018250
1527786701044;611;502;59;26288128;44500662;66020283
1527786701144;621;511;59;26288128;44501958;66022314
1527786701244;631;520;60;26288128;44503254;66024346
1527786701345;641;530;60;26288128;44504658;66026546
1527786701445;651;535;64;26288128;44505954;66028580
1527786701545;661;545;64;26288128;44507250;66030615
1527786701646;671;551;68;26288128;44508654;66032815
1527786701746;681;560;69;26288128;44509950;66034846
1527786701846;691;568;70;26288128;44511246;66036875
1527786701946;701;577;72;26288128;44512542;66038903
1527786702046;711;585;74;26288128;44513946;66041101
1527786702146;721;594;74;26288128;44515242;66043129
1527786702246;731;601;77;26288128;44516538;66045157
1527786702346;741;611;77;26288128;44517834;66047185
1527786702446;751;620;78;26288128;44519238;66049382
1527786702546;761;629;78;26288128;44520534;66051410
1527786702647;771;638;79;26288128;44521880;66053438
1527786702747;781;647;80;26288128;44523176;66055466
1527786702848;792;656;81;26288128;44524626;66057663
1527786702948;802;666;81;26288128;44525922;66059691
1527786703048;812;673;83;26288128;44527218;66061719
1527786703148;822;683;83;26288128;44528514;66063747
1527786703248;832;692;84;26288128;44529918;66065945
1527786703348;842;702;84;26288128;44531214;66067973
1527786703448;852;710;85;26288128;44532510;66070001
1527786703549;862;719;86;26288128;44533914;66072198
1527786703649;872;728;87;26288128;44535210;66074226
1527786703749;882;738;87;26288128;44536506;66076263
1527786703850;892;746;88;26288128;44537910;66078470
1527786703950;902;756;89;26288128;44539206;66080510
1527786704050;912;762;92;26288128;44540502;66082546
1527786704150;922;772;92;26288128;44541798;66084579
1527786704250;932;782;92;26288128;44543202;66086792
1527786704351;942;791;92;26288128;44544498;66088836
1527786704451;952;800;93;26288128;44545794;66090884
1527786704551;962;810;93;26288128;44547090;66092928
1527786704651;972;817;96;26288128;44548494;66095139
1527786704751;982;827;96;26288128;44549790;66097190
1527786704851;992;833;99;26288128;44551086;66099249
1527786704951;1002;842;100;26288128;44552382;66101299
1527786705051;1012;850;102;26288128;44553678;66103350
1527786705151;1022;857;104;26288128;44555082;66105570
1527786705251;1032;867;104;26288128;44556378;66107610
1527786705351;1042;876;105;26288128;44557674;66109662
1527786705451;1052;886;106;26288128;44559078;66111885
1527786705552;1062;895;106;26288128;44560374;66113937
1527786705652;1072;904;107;26288128;44561670;66115989
1527786705752;1082;913;107;26288128;44563074;66118212
1527786705852;1092;920;110;26288128;44564370;66120264
1527786705952;1102;929;111;26288128;44565666;66122316
1527786706052;1112;938;112;26288128;44566962;66124366
1527786706152;1122;946;113;26288128;44568366;66126589
1527786706252;1132;955;114;26288128;44569662;66128641
1527786706352;1142;965;114;26288128;44570958;66130693
1527786706453;1152;971;118;26288128;44572254;66132745
1527786706553;1162;981;118;26288128;44573658;66134968
1527786706654;1172;989;119;26288128;44574954;66137020
1527786706754;1182;999;119;26288128;44576250;66139072
1527786706854;1192;1004;124;26288128;44577654;66141295
1527786706954;1202;1014;124;26288128;44578950;66143347
1527786707055;1212;1023;124;26288128;44580246;66145399
1527786707155;1222;1032;126;26288128;44581542;66147451
1527786707255;1232;1041;126;26288128;44582946;66149674
1527786707355;1242;1051;126;26288128;44584242;66151726
1527786707455;1252;1058;128;26288128;44585538;66153778
1527786707556;1262;1068;129;26288128;44586942;66156001
1527786707656;1272;1076;130;26288128;44588238;66158053
1527786707756;1282;1086;130;26288128;44589534;66160105
1527786707856;1292;1095;131;26288128;44590830;66162157
1527786707956;1302;1105;131;26288128;44592234;66164380
1527786708057;1312;1114;132;26288128;44593530;66166432
1527786708157;1322;1123;132;26288128;44594826;66168480
1527786708257;1333;1132;133;26288128;44596122;66170530
1527786708357;1343;1142;134;26288128;44597526;66172753
1527786708457;1352;1151;134;26288128;44598822;66174805
1527786708557;1363;1158;136;26288128;44600118;66176857
1527786708657;1373;1168;136;26288128;44601414;66178909
1527786708757;1382;1177;137;26288128;44602710;66180961
1527786708857;1393;1185;138;26288128;44604114;66183184
1527786708957;1402;1193;140;26288128;44605302;66185065
1527786709058;1413;1202;141;26288128;44606706;66187288
1527786709158;1423;1212;141;26288128;44608002;66189351
1527786709258;1433;1220;142;26288128;44609298;66191409
1527786709358;1443;1230;143;26288128;44610594;66193462
1527786709458;1453;1234;148;26288128;44611942;66195687
1527786709558;1463;1244;148;26288128;44613294;66197744
1527786709658;1473;1252;150;26288128;44614590;66199794
1527786709759;1483;1261;151;26288128;44615886;66201844
1527786709859;1493;1270;151;26288128;44617290;66204071
1527786709959;1503;1279;152;26288128;44618586;66206132
1527786710059;1513;1289;152;26288128;44619882;66208173
1527786710159;1523;1295;156;26288128;44621178;66210207
1527786710260;1533;1304;156;26288128;44622474;66212242
1527786710360;1543;1314;156;26288128;44623878;66214448
1527786710460;1553;1324;156;26288128;44625174;66216484
1527786710561;1563;1329;157;26288128;44625930;66217671
1527786710662;1573;1333;157;26288128;44626470;66218624
1527786710762;1583;1340;160;26288128;44627874;66220828
1527786710862;1593;1350;160;26288128;44629170;66222864
1527786710962;1603;1356;163;26288128;44630466;66224897
1527786711062;1613;1366;163;26288128;44631762;66226948
1527786711163;1623;1375;164;26288128;44633166;66229167
1527786711263;1633;1385;164;26288128;44634462;66231219
1527786711363;1643;1392;166;26288128;44635758;66233271
1527786711463;1653;1402;166;26288128;44637054;66235319
1527786711563;1663;1408;170;26288128;44638458;66237542
1527786711664;1673;1418;170;26288128;44639754;66239594
1527786711764;1683;1424;173;26288128;44641050;66241646
1527786711864;1693;1434;174;26288128;44642454;66243869
1527786711964;1703;1441;176;26288128;44643750;66245921
1527786712064;1713;1450;177;26288128;44645046;66247973
1527786712165;1723;1452;178;26288128;44645370;66248538
1527786712265;1733;1458;179;26288128;44646342;66250129
1527786712365;1743;1467;180;26288128;44647638;66252181
1527786712466;1753;1474;182;26288128;44649042;66254404
1527786712566;1763;1484;182;26288128;44650338;66256456
1527786712666;1773;1492;184;26288128;44651634;66258508
1527786712766;1783;1502;184;26288128;44652930;66260560
1527786712866;1793;1510;186;26288128;44654334;66262773
1527786712966;1803;1520;186;26288128;44655630;66264825
1527786713067;1813;1528;186;26288128;44656926;66266877
1527786713167;1823;1538;187;26288128;44658330;66269100
1527786713268;1834;1546;188;26288128;44659626;66271142
1527786713368;1844;1556;188;26288128;44661310;66273192
1527786713468;1854;1566;188;26288128;44662606;66275242
1527786713568;1864;1573;191;26288128;44663902;66277288
1527786713668;1874;1582;191;26288128;44665306;66279498
1527786713768;1884;1591;192;26288128;44666602;66281536
1527786713868;1894;1599;194;26288128;44667898;66283564
1527786713969;1904;1608;196;26288128;44669302;66285761
1527786714069;1914;1616;196;26288128;44670598;66287789
1527786714169;1924;1626;197;26288128;44671894;66289817
1527786714269;1934;1634;198;26288128;44673190;66291845
1527786714369;1944;1644;198;26288128;44674594;66294042
1527786714470;1954;1654;198;26288128;44675890;66296070
1527786714570;1964;1663;198;26288128;44677186;66298098
1527786714670;1974;1669;202;26288128;44678590;66300295
1527786714770;1984;1678;203;26288128;44679886;66302323
1527786714871;1994;1684;207;26288128;44681182;66304351
1527786714971;2004;1694;207;26288128;44682478;66306379
1527786715071;2014;1700;211;26288128;44683882;66308576
1527786715171;2024;1710;211;26288128;44685178;66310604
1527786715271;2034;1718;213;26288128;44686474;66312632
1527786715371;2044;1726;214;26288128;44687770;66314660
1527786715472;2054;1736;214;26288128;44689174;66316857
1527786715572;2064;1744;216;26288128;44690470;66318885
1527786715672;2074;1749;216;26288128;44691118;66319899
1527786715773;2084;1752;216;26288128;44691550;66320679
1527786715873;2094;1754;216;26288128;44691766;66321121
1527786715973;2104;1761;218;26288128;44693062;66323149
1527786716073;2114;1770;220;26288128;44694466;66325346
1527786716173;2124;1779;220;26288128;44695762;66327374
1527786716273;2134;1788;220;26288128;44697058;66329402
1527786716374;2144;1791;220;26288128;44697542;66330242
1527786716474;2154;1791;220;26288128;44697542;66330242
1527786716574;2164;1791;220;26288128;44697542;66330242
1527786716675;2174;1791;220;26288128;44697542;66330242
1527786716775;2184;1791;220;26288128;44697542;66330242
1527786716875;2194;1791;220;26288128;44697542;66330242
1527786716975;2204;1791;220;26288128;44697542;66330242
1527786717076;2214;1791;220;26288128;44697542;66330242
1527786717176;2224;1791;220;26288128;44697542;66330242
1527786717276;2234;1791;220;26288128;44697542;66330242
