currentTs;total_time;user_time;sys_time;virtual_size;in_octets;out_octets
1527463858981;0;0;0;311296;49133977;70872600
1527463859081;10;9;0;300900352;49133977;70872600
1527463859181;20;19;0;306909184;49133977;70872600
1527463859281;30;28;1;306909184;49133977;70872600
1527463859381;40;38;3;311758848;49133977;70872600
1527463859481;50;50;3;313946112;49133977;70872600
1527463859581;60;61;3;313946112;49133977;70872600
1527463859681;70;74;5;313946112;49133977;70872600
1527463859781;80;85;6;313966592;49133977;70872600
1527463859881;90;96;6;314097664;49134027;70872600
1527463859981;100;106;6;314097664;49134073;70872600
1527463860081;110;117;6;314097664;49134073;70872600
1527463860181;120;130;6;314097664;49134073;70872600
1527463860281;130;141;6;314097664;49134073;70872600
1527463860381;140;153;6;314339328;49134123;70872600
1527463860481;150;166;6;314339328;49134123;70872600
1527463860581;160;182;6;314339328;49134123;70872600
1527463860681;170;192;6;314339328;49134334;70872600
1527463860781;180;203;6;314339328;49134380;70872600
1527463860881;190;213;6;314339328;49134380;70872600
1527463860981;200;225;6;314339328;49134380;70872600
1527463861081;210;235;6;314339328;49134380;70872600
1527463861181;220;245;7;315387904;49134380;70872600
1527463861282;230;260;7;315387904;49134380;70872600
1527463861383;240;270;7;315461632;49134432;70873112
1527463861483;250;280;7;315461632;49134432;70873112
1527463861583;260;294;7;316510208;49134432;70873112
1527463861684;270;305;7;317558784;49134432;70873112
1527463861784;280;317;7;317558784;49134432;70873112
1527463861884;290;327;7;317558784;49134432;70873112
1527463861984;300;338;7;317558784;49134432;70873112
1527463862084;310;347;8;318607360;49134432;70873112
1527463862184;320;359;8;318607360;49134432;70873112
1527463862284;330;371;8;318607360;49134432;70873112
1527463862384;340;382;8;318607360;49134432;70873112
1527463862485;350;394;8;318607360;49134432;70873112
1527463862586;360;405;8;318607360;49134432;70873112
1527463862686;370;418;8;318607360;49134432;70873112
1527463862786;380;428;8;319655936;49134432;70873112
1527463862886;391;438;8;319655936;49134432;70873112
1527463862986;401;448;8;319655936;49134432;70873112
1527463863086;411;460;8;319655936;49134432;70873112
1527463863186;421;470;8;320704512;49134432;70873112
1527463863286;431;479;9;320704512;49134432;70873112
1527463863386;441;491;9;321753088;49134432;70873112
1527463863486;451;503;9;321753088;49134432;70873112
1527463863586;461;514;9;351232000;49134777;70873745
1527463863686;471;527;10;351559680;49134777;70873745
1527463863786;481;538;11;351559680;49135006;70874738
1527463863886;491;552;11;351559680;49135464;70875309
1527463863986;501;563;11;351559680;49135693;70875825
1527463864086;511;573;11;351559680;49135922;70876340
1527463864186;521;584;11;351559680;49136380;70877376
1527463864286;531;596;11;351559680;49136609;70877892
1527463864386;541;606;11;351559680;49137067;70878924
1527463864486;551;618;11;351559680;49137296;70879442
1527463864586;561;630;11;351559680;49137754;70880477
1527463864687;571;640;11;351559680;49137983;70880993
1527463864788;581;651;11;351559680;49138441;70882027
1527463864889;591;662;11;351559680;49138670;70882544
1527463864990;601;673;11;351559680;49139128;70883574
1527463865090;611;685;11;351559680;49139586;70884608
1527463865191;621;696;11;351559680;49139815;70885123
1527463865291;631;707;11;351559680;49140273;70886157
1527463865391;641;720;12;351559680;49140606;70887142
1527463865491;651;730;12;351559680;49140960;70887712
1527463865591;661;743;12;351559680;49141418;70888745
1527463865691;671;755;13;351559680;49141876;70889780
1527463865791;681;765;15;351559680;49142105;70890296
1527463865891;691;777;15;351559680;49142563;70891329
1527463865991;701;789;15;351559680;49143021;70892365
1527463866091;711;799;15;351559680;49143479;70893400
1527463866191;721;809;15;351559680;49143937;70894436
1527463866291;731;823;15;352608256;49144395;70895471
1527463866391;741;834;15;352608256;49144624;70895988
1527463866491;751;846;15;352608256;49145082;70897021
1527463866591;761;856;15;352608256;49145540;70898053
1527463866691;771;871;15;352608256;49145998;70899085
1527463866791;781;881;15;352608256;49146456;70900118
1527463866891;791;893;15;352608256;49146914;70901153
1527463866991;801;905;15;352608256;49147372;70902189
1527463867091;811;916;15;352608256;49147830;70903223
1527463867191;821;927;15;352608256;49148288;70904258
1527463867291;831;936;15;352608256;49148517;70904774
1527463867391;841;946;16;352608256;49148975;70905809
1527463867491;851;956;16;352608256;49149433;70906844
1527463867591;861;968;16;352608256;49149891;70907881
1527463867691;871;979;16;352608256;49150349;70908911
1527463867791;881;989;16;352608256;49150807;70909946
1527463867891;891;1000;16;352608256;49151265;70910980
1527463867992;901;1013;16;352608256;49151723;70912014
1527463868093;911;1023;16;352608256;49152181;70913048
1527463868194;921;1033;16;352608256;49152639;70914086
1527463868295;931;1042;17;352608256;49153097;70915122
1527463868396;941;1053;17;352608256;49153555;70916156
1527463868496;951;1064;17;352608256;49154013;70917189
1527463868596;961;1075;17;352608256;49154471;70918221
1527463868696;971;1086;17;352608256;49154929;70919254
1527463868796;982;1096;18;352608256;49155387;70920285
1527463868896;992;1107;18;352608256;49155845;70921321
1527463868996;1002;1121;18;352608256;49156303;70922358
1527463869096;1012;1134;18;352608256;49156761;70923388
1527463869196;1022;1144;18;352608256;49157219;70924422
1527463869296;1032;1155;18;352608256;49157916;70925571
1527463869396;1042;1165;18;352608256;49158374;70926606
1527463869496;1052;1173;20;352608256;49158832;70927642
1527463869596;1062;1183;20;352608256;49159290;70928674
1527463869696;1072;1196;20;352608256;49159748;70929708
1527463869796;1082;1206;20;352608256;49160206;70930742
1527463869896;1092;1217;20;352608256;49160664;70931778
1527463869996;1102;1229;20;352608256;49161122;70932816
1527463870097;1112;1247;20;353656832;49161580;70933852
1527463870198;1122;1258;20;353656832;49162038;70934887
1527463870299;1132;1268;20;353656832;49162496;70935924
1527463870400;1142;1277;21;353656832;49163058;70937423
1527463870501;1152;1290;21;353656832;49163412;70937991
1527463870602;1162;1301;21;353656832;49164099;70939546
1527463870703;1172;1310;21;353656832;49164557;70940578
1527463870804;1182;1321;21;353656832;49165015;70941613
1527463870909;1193;1332;21;353656832;49165473;70942649
1527463871010;1203;1342;21;353656832;49165931;70943682
1527463871110;1213;1354;21;353656832;49166389;70944718
1527463871210;1223;1364;21;353656832;49166847;70945755
1527463871310;1233;1374;21;353656832;49167305;70946789
1527463871410;1243;1383;22;353656832;49167763;70947825
1527463871510;1253;1392;23;353656832;49168450;70949374
1527463871610;1263;1402;23;353656832;49168908;70950406
1527463871710;1273;1419;23;353656832;49169366;70951439
1527463871810;1283;1438;23;353656832;49169824;70952473
1527463871910;1293;1449;23;353656832;49170282;70953506
1527463872010;1303;1459;23;353656832;49170740;70954538
1527463872110;1313;1469;23;353656832;49171198;70955574
1527463872210;1323;1478;23;353656832;49171656;70956609
1527463872310;1333;1488;23;353656832;49172114;70957645
1527463872410;1343;1497;24;353656832;49172801;70959197
1527463872510;1353;1510;24;353656832;49173259;70960231
1527463872610;1363;1520;24;353656832;49173717;70961266
1527463872710;1373;1530;24;353656832;49174175;70962298
1527463872810;1383;1540;24;353656832;49174633;70963333
1527463872910;1393;1550;24;353656832;49175091;70964367
1527463873010;1403;1560;24;353656832;49175549;70965404
1527463873118;1414;1571;24;353656832;49176007;70966908
1527463873218;1424;1581;24;353656832;49176694;70967995
1527463873318;1434;1590;24;353656832;49177152;70969031
1527463873418;1444;1601;25;353656832;49177610;70970067
1527463873518;1454;1617;25;353656832;49178068;70971104
1527463873618;1464;1626;25;353656832;49178526;70972138
1527463873718;1474;1636;25;353656832;49178984;70973172
1527463873818;1484;1646;25;353656832;49179442;70974205
1527463873918;1494;1657;25;353656832;49180517;70975759
1527463874018;1504;1666;25;353656832;49181098;70976797
1527463874118;1514;1676;25;353656832;49181672;70977943
1527463874218;1524;1686;25;353656832;49182130;70978977
1527463874318;1534;1697;25;353656832;49182588;70980009
1527463874418;1544;1706;25;353656832;49183046;70981041
1527463874518;1554;1716;25;353656832;49183608;70982542
1527463874618;1564;1725;25;353656832;49184191;70983631
1527463874718;1574;1735;27;353656832;49184649;70984667
1527463874818;1584;1745;27;353656832;49185107;70985703
1527463874918;1594;1755;27;353656832;49185615;70986738
1527463875018;1604;1764;28;353656832;49186073;70987772
1527463875118;1614;1774;28;353656832;49186531;70988804
1527463875218;1624;1783;28;353656832;49187218;70990353
1527463875318;1634;1795;28;353656832;49187676;70991388
1527463875418;1644;1806;28;353656832;49188184;70992421
1527463875518;1654;1815;29;353656832;49188688;70993455
1527463875618;1664;1826;29;353656832;49189146;70994491
1527463875718;1674;1834;30;353656832;49189604;70995526
1527463875818;1684;1844;30;353656832;49190291;70997077
1527463875918;1694;1854;30;353656832;49190749;70998113
1527463876018;1704;1864;30;353656832;49191207;70999147
1527463876118;1714;1873;31;353656832;49191665;71000183
1527463876218;1724;1883;31;353656832;49192123;71001218
1527463876318;1734;1895;31;353656832;49192581;71002254
1527463876418;1744;1910;31;353656832;49193039;71003291
1527463876518;1754;1919;31;353656832;49193726;71004841
1527463876618;1764;1929;31;353656832;49194184;71005877
1527463876718;1774;1939;31;353656832;49194642;71006910
1527463876818;1784;1951;31;353656832;49195100;71007943
1527463876919;1794;1961;31;353656832;49195558;71008979
1527463877020;1804;1971;31;353656832;49196016;71010479
1527463877121;1814;1981;31;353656832;49196703;71011567
1527463877222;1824;1991;31;353656832;49197161;71012603
1527463877323;1834;2001;31;353656832;49197619;71013637
1527463877424;1844;2011;31;353656832;49198077;71014672
1527463877525;1854;2021;31;353656832;49198764;71016227
1527463877626;1864;2031;31;353656832;49199222;71017262
1527463877726;1874;2040;31;353656832;49199680;71018296
1527463877826;1884;2050;31;353656832;49200138;71019329
1527463877926;1895;2059;32;353656832;49200596;71020361
1527463878026;1905;2069;32;353656832;49201054;71021399
1527463878126;1915;2080;32;353656832;49201512;71022434
1527463878226;1925;2091;32;353656832;49201970;71023470
1527463878326;1935;2101;32;353656832;49202428;71024506
1527463878426;1945;2111;32;353656832;49202886;71025541
1527463878526;1955;2122;32;353656832;49203573;71027094
1527463878626;1965;2132;32;353656832;49204031;71028127
1527463878726;1975;2147;33;353656832;49204728;71029325
1527463878826;1985;2157;33;353656832;49205186;71030361
1527463878926;1995;2166;33;353656832;49205644;71031396
1527463879026;2005;2177;33;353656832;49206102;71032433
1527463879126;2015;2186;34;353656832;49206789;71033985
1527463879226;2025;2196;34;353656832;49207247;71035022
1527463879326;2035;2206;34;353656832;49207705;71036056
1527463879426;2045;2215;34;353656832;49208163;71037091
1527463879526;2055;2225;34;353656832;49208850;71038644
1527463879626;2065;2232;36;353656832;49209308;71039677
1527463879726;2075;2242;36;353656832;49209766;71040713
1527463879826;2085;2252;36;353656832;49210224;71041749
1527463879926;2095;2262;36;353656832;49210682;71042783
1527463880026;2105;2272;36;353656832;49211369;71044329
1527463880126;2115;2282;36;353656832;49211827;71045361
1527463880226;2125;2290;37;353656832;49212285;71046395
1527463880326;2135;2300;37;353656832;49212743;71047431
1527463880433;2145;2309;38;353656832;49213430;71048983
1527463880533;2155;2318;38;353656832;49213888;71050018
1527463880633;2165;2328;38;353656832;49214346;71051053
1527463880733;2175;2338;38;353656832;49214804;71052091
1527463880836;2186;2350;39;353656832;49215491;71053643
1527463880936;2196;2360;39;353656832;49215949;71054677
1527463881042;2206;2371;39;353656832;49216407;71055713
1527463881142;2216;2380;40;353656832;49216865;71056747
1527463881242;2226;2389;41;353656832;49217552;71058299
1527463881342;2236;2398;41;353656832;49218010;71059333
1527463881442;2246;2408;41;353656832;49218468;71060366
1527463881542;2256;2418;41;353656832;49218926;71061402
1527463881642;2266;2429;41;353656832;49219488;71062902
1527463881742;2276;2439;41;353656832;49220071;71063991
1527463881842;2286;2449;41;353656832;49220529;71065026
1527463881943;2296;2459;41;353656832;49220987;71066056
1527463882044;2306;2472;41;353656832;49221445;71067091
1527463882145;2316;2490;42;353656832;49221903;71068123
1527463882246;2326;2503;42;353656832;49222361;71069158
1527463882346;2336;2513;42;353656832;49222923;71070656
1527463882446;2347;2523;42;353656832;49223506;71071742
1527463882546;2357;2532;42;353656832;49223964;71072777
1527463882646;2367;2542;43;353656832;49224422;71073811
1527463882746;2377;2553;43;353656832;49225109;71075309
1527463882846;2387;2562;43;353656832;49225567;71076394
1527463882946;2397;2572;43;353656832;49226025;71077429
1527463883046;2407;2582;43;353656832;49226483;71078463
1527463883146;2417;2592;43;353656832;49227170;71080012
1527463883246;2427;2605;43;353656832;49227867;71081155
1527463883349;2437;2615;43;353656832;49228325;71082192
1527463883449;2447;2624;43;353656832;49228783;71083227
1527463883549;2457;2633;44;353656832;49229470;71084779
1527463883649;2467;2645;44;353656832;49229928;71085810
1527463883749;2477;2655;44;353656832;49230386;71086845
1527463883849;2487;2666;44;353656832;49230844;71087880
1527463883949;2497;2676;44;353656832;49231531;71089432
1527463884049;2507;2686;44;353656832;49231989;71090463
1527463884149;2517;2696;44;353656832;49232447;71091494
1527463884250;2527;2707;44;353656832;49232905;71092525
1527463884351;2537;2716;44;353656832;49233592;71094074
1527463884452;2547;2727;44;353656832;49234050;71095108
1527463884553;2557;2736;44;353656832;49234508;71096144
1527463884654;2567;2746;44;353656832;49234966;71097179
1527463884754;2577;2755;44;353656832;49235653;71098730
1527463884854;2587;2765;44;353656832;49236111;71099763
1527463884954;2597;2775;44;353656832;49236569;71100798
1527463885054;2607;2784;45;353656832;49237027;71101832
1527463885154;2617;2794;45;353656832;49237714;71103382
1527463885254;2627;2804;45;353656832;49238172;71104417
1527463885354;2637;2814;45;353656832;49238630;71105454
1527463885454;2647;2826;45;353656832;49239088;71106488
1527463885554;2657;2835;45;353656832;49239775;71108041
1527463885654;2667;2844;46;353656832;49240233;71109077
1527463885754;2677;2853;46;353656832;49240691;71110112
1527463885854;2687;2864;47;353656832;49241149;71111145
1527463885954;2697;2873;47;353656832;49241836;71112697
1527463886054;2707;2883;47;353656832;49242294;71113732
1527463886154;2717;2892;47;353656832;49242752;71114768
1527463886254;2727;2902;47;353656832;49243439;71116319
1527463886354;2737;2911;47;353656832;49243897;71117355
1527463886454;2747;2921;47;353656832;49244355;71118390
1527463886554;2757;2931;47;353656832;49244813;71119421
1527463886654;2767;2941;47;353656832;49245500;71120975
1527463886754;2777;2950;47;353656832;49245958;71122009
1527463886854;2787;2960;47;353656832;49246416;71123043
1527463886954;2797;2970;47;353656832;49247103;71124596
1527463887054;2807;2979;48;353656832;49247561;71125632
1527463887154;2817;2988;48;353656832;49248019;71126667
1527463887254;2827;2999;48;353656832;49248477;71127700
1527463887354;2837;3009;49;353656832;49249164;71129250
1527463887454;2847;3019;49;353656832;49249622;71130282
1527463887554;2857;3030;49;353656832;49250080;71131316
1527463887654;2867;3044;49;353656832;49250661;71132351
1527463887754;2877;3058;49;353656832;49251464;71134018
1527463887854;2887;3067;49;353656832;49251922;71135052
1527463887954;2897;3079;49;353656832;49252380;71136087
1527463888054;2907;3089;49;353656832;49252838;71137123
1527463888154;2917;3100;49;353656832;49253525;71138678
1527463888254;2927;3109;49;353656832;49253983;71139711
1527463888354;2937;3119;49;353656832;49254441;71140746
1527463888454;2947;3129;49;353656832;49255128;71142298
1527463888554;2957;3139;49;353656832;49255586;71143336
1527463888654;2967;3149;49;353656832;49256044;71144369
1527463888754;2977;3158;49;353656832;49256502;71145404
1527463888854;2987;3170;49;353656832;49257189;71146953
1527463888954;2997;3179;49;353656832;49257647;71147987
1527463889054;3007;3188;49;353656832;49258105;71149020
1527463889154;3017;3199;49;353656832;49258563;71150053
1527463889255;3027;3209;49;353656832;49259250;71151607
1527463889356;3037;3218;49;353656832;49259708;71152641
1527463889456;3047;3228;49;353656832;49260166;71153675
1527463889556;3057;3239;49;353656832;49260853;71155228
1527463889656;3068;3250;49;353656832;49261311;71156263
1527463889756;3078;3260;49;353656832;49261769;71157299
1527463889856;3088;3271;49;353656832;49262277;71158336
1527463889956;3098;3281;49;353656832;49262996;71159922
1527463890056;3108;3291;50;353656832;49263454;71160956
1527463890156;3118;3300;51;353656832;49263912;71161990
1527463890256;3128;3309;51;353656832;49264599;71163540
1527463890356;3138;3319;51;353656832;49265057;71164574
1527463890456;3148;3329;51;353656832;49265515;71165608
1527463890556;3158;3338;51;353656832;49265973;71166644
1527463890656;3168;3348;51;353656832;49266660;71168196
1527463890756;3178;3358;51;353656832;49267118;71169233
1527463890856;3188;3368;51;353656832;49267622;71170268
1527463890956;3198;3378;51;353656832;49268080;71171765
1527463891056;3208;3388;51;353656832;49268767;71172853
1527463891156;3218;3398;51;353656832;49269225;71173889
1527463891256;3228;3407;52;353656832;49269683;71175391
1527463891356;3238;3417;52;353656832;49270370;71176477
1527463891456;3248;3427;52;353656832;49270828;71177511
1527463891557;3258;3436;52;353656832;49271286;71178546
1527463891657;3268;3445;52;353656832;49271973;71180098
1527463891757;3278;3455;52;353656832;49272431;71181135
1527463891857;3288;3468;52;353656832;49272889;71182169
1527463891958;3298;3478;52;353656832;49273347;71183199
1527463892059;3308;3488;52;353656832;49274273;71184866
1527463892159;3318;3499;52;353656832;49274731;71185903
1527463892260;3328;3510;52;353656832;49275189;71186937
1527463892361;3338;3520;52;353656832;49275876;71188487
1527463892462;3348;3530;52;353656832;49276334;71189522
1527463892563;3358;3540;52;353656832;49276792;71190559
1527463892664;3368;3549;52;353656832;49277479;71192112
1527463892764;3378;3559;52;353656832;49277937;71193146
1527463892864;3388;3569;52;353656832;49278395;71194179
1527463892964;3398;3579;52;353656832;49278853;71195210
1527463893064;3408;3591;52;353656832;49279540;71196763
1527463893164;3418;3599;54;353656832;49279998;71197796
1527463893264;3428;3608;54;353656832;49280456;71198831
1527463893371;3439;3620;54;353656832;49281143;71200382
1527463893471;3449;3629;54;353656832;49281601;71201418
1527463893571;3459;3639;54;353656832;49282059;71202451
1527463893671;3469;3649;54;353656832;49282746;71204004
1527463893771;3479;3658;55;353656832;49283204;71205039
1527463893872;3489;3667;55;353656832;49283662;71206072
1527463893972;3499;3677;55;353656832;49284349;71207622
1527463894073;3509;3686;55;353656832;49284807;71208657
1527463894174;3519;3696;55;353656832;49285265;71209692
1527463894275;3529;3706;55;353656832;49285952;71211241
1527463894376;3539;3715;55;353656832;49286410;71212276
1527463894476;3549;3724;55;353656832;49286868;71213309
1527463894576;3559;3736;55;353656832;49287555;71214861
1527463894676;3570;3745;55;353656832;49288013;71215897
1527463894784;3580;3758;55;353656832;49288471;71216931
1527463894884;3590;3768;55;353656832;49289033;71218429
1527463894990;3601;3778;55;353656832;49289616;71219518
1527463895090;3611;3788;55;353656832;49290074;71220552
1527463895190;3621;3797;55;353656832;49290761;71222102
1527463895290;3631;3806;55;353656832;49291219;71223136
1527463895391;3641;3817;55;353656832;49291677;71224173
1527463895492;3651;3825;56;353656832;49292135;71225207
1527463895592;3661;3835;56;353656832;49292822;71226759
1527463895692;3671;3844;56;353656832;49293280;71227794
1527463895792;3681;3854;56;353656832;49293738;71228826
1527463895892;3691;3864;56;353656832;49294425;71230379
1527463895992;3701;3873;56;353656832;49294883;71231413
1527463896092;3711;3883;56;353656832;49295341;71232445
1527463896192;3721;3893;56;353656832;49296028;71233998
1527463896293;3731;3902;56;353656832;49296486;71235034
1527463896393;3741;3912;56;353656832;49297067;71236069
1527463896494;3751;3920;57;353656832;49297641;71237215
1527463896594;3761;3930;57;353656832;49298328;71238768
1527463896694;3771;3939;57;353656832;49298786;71239805
1527463896794;3781;3949;57;353656832;49299244;71240840
1527463896894;3791;3959;57;353656832;49299931;71242395
1527463896994;3801;3970;57;353656832;49300389;71243430
1527463897094;3811;3979;57;353656832;49300847;71244466
1527463897194;3821;3990;57;353656832;49301534;71246017
1527463897294;3831;4000;57;353656832;49301992;71247052
1527463897394;3841;4009;58;353656832;49302450;71248085
1527463897494;3851;4019;58;353656832;49302908;71249122
1527463897594;3861;4030;58;353656832;49303595;71250673
1527463897694;3871;4040;58;353656832;49304053;71251708
1527463897794;3881;4049;58;353656832;49304511;71252743
1527463897894;3891;4061;58;353656832;49304969;71254244
1527463897994;3901;4070;58;353656832;49305656;71255330
1527463898094;3911;4080;58;353656832;49306114;71256364
1527463898194;3921;4091;58;353656832;49306572;71257688
1527463898294;3931;4101;58;353656832;49307259;71258950
1527463898394;3941;4112;58;353656832;49307717;71259985
1527463898494;3951;4121;58;353656832;49308175;71261020
1527463898594;3961;4137;58;353656832;49308633;71262055
1527463898694;3971;4151;58;353656832;49309091;71263085
1527463898794;3981;4160;58;353656832;49309549;71264121
1527463898894;3991;4170;58;353656832;49310007;71265158
1527463898994;4001;4185;59;353656832;49310340;71266141
1527463899094;4011;4194;59;353656832;49310923;71267230
1527463899194;4021;4204;59;353656832;49311381;71268265
1527463899294;4031;4214;59;353656832;49311839;71269300
1527463899394;4041;4225;59;353656832;49312297;71270334
1527463899494;4051;4234;59;353656832;49312984;71271889
1527463899594;4061;4246;59;353656832;49313442;71272921
1527463899694;4071;4256;59;353656832;49313900;71273955
1527463899794;4081;4266;59;353656832;49314358;71274990
1527463899894;4091;4278;60;353656832;49315045;71276546
1527463899994;4101;4289;60;353656832;49315503;71277584
1527463900094;4111;4298;60;353656832;49315961;71278617
1527463900194;4121;4308;60;353656832;49316419;71279648
1527463900294;4131;4319;60;353656832;49316877;71280681
1527463900394;4141;4329;60;353656832;49317564;71282229
1527463900494;4151;4337;61;353656832;49318022;71283264
1527463900594;4161;4347;61;353656832;49318480;71284299
1527463900694;4171;4358;61;353656832;49319167;71285850
1527463900794;4181;4367;62;353656832;49319625;71286886
1527463900894;4191;4376;62;353656832;49320206;71287921
1527463900994;4201;4387;62;353656832;49320780;71289068
1527463901094;4211;4397;62;353656832;49321467;71290621
1527463901194;4221;4406;62;353656832;49321925;71291654
1527463901294;4231;4416;62;353656832;49322383;71292685
1527463901394;4241;4427;62;353656832;49322841;71293720
1527463901494;4251;4436;63;353656832;49323299;71294756
1527463901594;4261;4448;63;353656832;49323757;71295787
1527463901694;4271;4459;63;353656832;49324215;71296823
1527463901794;4281;4468;64;353656832;49324673;71297857
1527463901894;4291;4479;64;353656832;49325131;71298889
1527463901994;4301;4490;65;353656832;49325589;71299873
1527463902094;4311;4499;65;353656832;49326047;71300959
1527463902194;4321;4511;66;353656832;49326505;71301992
1527463902294;4331;4521;66;353656832;49326963;71303028
1527463902394;4341;4531;67;353656832;49327421;71304058
1527463902494;4351;4542;67;353656832;49327879;71305091
1527463902594;4361;4552;67;353656832;49328337;71306126
1527463902694;4371;4563;67;353656832;49328795;71307161
1527463902794;4381;4574;67;353656832;49329482;71308713
1527463902894;4391;4586;67;353656832;49329940;71309747
1527463902994;4401;4596;67;353656832;49330398;71310781
1527463903094;4411;4607;67;353656832;49330856;71311815
1527463903194;4421;4617;67;353656832;49331314;71312850
1527463903294;4431;4627;67;353656832;49331772;71313879
1527463903394;4441;4637;67;353656832;49332230;71314914
1527463903494;4451;4649;67;353656832;49332688;71315947
1527463903594;4461;4661;67;353656832;49333146;71316980
1527463903694;4471;4674;67;353656832;49333604;71318015
1527463903794;4481;4684;67;353656832;49334062;71319050
1527463903894;4491;4695;68;353656832;49334749;71320600
1527463903994;4501;4708;68;353656832;49335595;71321632
1527463904094;4511;4717;68;353656832;49336053;71322664
1527463904194;4521;4728;68;353656832;49336511;71323698
1527463904294;4531;4740;68;353656832;49336969;71324733
1527463904394;4541;4751;68;353656832;49337427;71325767
1527463904494;4551;4761;68;353656832;49337885;71326802
1527463904594;4561;4771;68;353656832;49338343;71327831
1527463904694;4571;4786;68;353656832;49338801;71328867
1527463904794;4581;4796;69;353656832;49339259;71329901
1527463904894;4591;4805;70;353656832;49339917;71331401
1527463904994;4601;4812;71;353656832;49340500;71332485
1527463905094;4611;4823;71;353656832;49340958;71333518
1527463905194;4621;4834;71;353656832;49341448;71334585
1527463905294;4631;4845;71;353656832;49341906;71335620
1527463905394;4641;4855;71;353656832;49342364;71336656
1527463905494;4651;4869;71;353656832;49342822;71337690
1527463905594;4661;4878;72;353656832;49343280;71338726
1527463905694;4671;4888;72;353656832;49343861;71339759
1527463905794;4681;4901;72;353656832;49344435;71340904
1527463905894;4691;4911;72;353656832;49345122;71342452
1527463905994;4701;4921;72;353656832;49345580;71343486
1527463906094;4711;4933;72;353656832;49346038;71344518
1527463906194;4721;4944;72;353656832;49346496;71345553
1527463906294;4731;4955;72;353656832;49346954;71346588
1527463906394;4741;4966;72;353656832;49347412;71347623
1527463906494;4751;4975;72;353656832;49347870;71348656
1527463906594;4761;4985;72;353656832;49348557;71350154
1527463906694;4771;4995;72;353656832;49349015;71351238
1527463906794;4781;5006;72;353656832;49349473;71352272
1527463906894;4791;5016;72;353656832;49349931;71353306
1527463906994;4801;5027;72;353656832;49350389;71354339
1527463907094;4811;5039;72;353656832;49351076;71355890
1527463907195;4821;5048;73;353656832;49351534;71356925
1527463907296;4831;5057;73;353656832;49351992;71357959
1527463907397;4842;5069;73;353656832;49352450;71358996
1527463907497;4852;5079;73;353656832;49352908;71360029
1527463907597;4862;5088;74;353656832;49353595;71361582
1527463907698;4872;5100;74;353656832;49354053;71362614
1527463907799;4882;5110;74;353656832;49354511;71363645
1527463907900;4892;5120;74;353656832;49354969;71364679
1527463908000;4902;5130;74;353656832;49355427;71365709
1527463908100;4912;5139;75;353656832;49355885;71366746
1527463908200;4922;5150;75;353656832;49356572;71368301
1527463908300;4932;5158;76;353656832;49357030;71369336
1527463908400;4942;5169;76;353656832;49357488;71370370
1527463908500;4952;5179;76;353656832;49357946;71371406
1527463908600;4962;5190;76;353656832;49358404;71372442
1527463908700;4972;5200;77;353656832;49359091;71373993
1527463908800;4982;5209;77;353656832;49359549;71375029
1527463908900;4992;5219;77;353656832;49360007;71376061
1527463909000;5002;5230;77;353656832;49360465;71377097
1527463909100;5012;5240;77;353656832;49360923;71378127
1527463909200;5022;5249;78;353656832;49361381;71379159
1527463909300;5032;5260;78;353656832;49362068;71380710
1527463909400;5042;5271;78;353656832;49362526;71381745
1527463909500;5052;5283;78;353656832;49362984;71382779
1527463909600;5062;5294;78;353656832;49363442;71383812
1527463909700;5072;5304;78;353656832;49363900;71384845
1527463909800;5082;5315;78;353656832;49364358;71385875
1527463909900;5092;5326;79;353656832;49365045;71387421
1527463910000;5102;5336;79;353656832;49365503;71388452
1527463910100;5112;5346;79;353656832;49365961;71389486
1527463910200;5122;5357;79;353656832;49366419;71390522
1527463910300;5132;5368;79;353656832;49367000;71391558
1527463910400;5142;5378;79;353656832;49367574;71392707
1527463910500;5152;5391;79;353656832;49368261;71394256
1527463910600;5162;5400;79;353656832;49368719;71395289
1527463910700;5172;5411;79;353656832;49369177;71396321
1527463910800;5182;5420;80;353656832;49369635;71397355
1527463910900;5192;5431;80;353656832;49370093;71398388
1527463911000;5202;5441;80;353656832;49370780;71399938
1527463911100;5212;5452;80;353656832;49371238;71400974
1527463911200;5222;5462;80;353656832;49371696;71402005
1527463911300;5232;5474;80;353656832;49372154;71403039
1527463911400;5242;5485;80;353656832;49372612;71404077
1527463911500;5252;5496;80;353656832;49373070;71405108
1527463911600;5262;5507;80;353656832;49373757;71406665
1527463911700;5272;5520;80;353656832;49374215;71407706
1527463911800;5282;5532;80;353656832;49374673;71408740
1527463911900;5292;5540;81;353656832;49375131;71409773
1527463912000;5302;5552;81;353656832;49375589;71410805
1527463912100;5312;5562;81;353656832;49376047;71411837
1527463912200;5322;5574;81;353656832;49376734;71413393
1527463912300;5332;5584;81;353656832;49377192;71414434
1527463912400;5342;5597;81;353656832;49377650;71415468
1527463912500;5352;5609;82;353656832;49378108;71416501
1527463912600;5362;5619;82;353656832;49378566;71417535
1527463912701;5372;5630;83;353656832;49379253;71419092
1527463912801;5382;5640;83;353656832;49379711;71420126
1527463912901;5392;5651;83;353656832;49380169;71421162
1527463913001;5402;5661;83;353656832;49380627;71422197
1527463913102;5412;5672;83;353656832;49381085;71423231
1527463913203;5422;5683;83;353656832;49381772;71424786
1527463913304;5432;5693;83;353656832;49382230;71425821
1527463913405;5442;5704;83;353656832;49382688;71426858
1527463913506;5452;5714;83;353656832;49383146;71427893
1527463913606;5462;5726;83;353656832;49383708;71429392
1527463913706;5472;5736;83;353656832;49384291;71430479
1527463913806;5483;5748;83;353656832;49384749;71431515
1527463913906;5493;5759;83;353656832;49385207;71432553
1527463914006;5503;5769;83;353656832;49385665;71433587
1527463914106;5513;5779;83;353656832;49386352;71435141
1527463914206;5523;5789;83;353656832;49386810;71436175
1527463914306;5533;5799;83;353656832;49387268;71437210
1527463914406;5543;5810;83;353656832;49387726;71438246
1527463914506;5553;5820;83;353656832;49388413;71439799
1527463914606;5563;5831;83;353656832;49388871;71440832
1527463914706;5573;5844;83;353656832;49389329;71441869
1527463914806;5583;5854;83;353656832;49389787;71442905
1527463914906;5593;5864;83;353656832;49390484;71444053
1527463915006;5603;5874;83;353656832;49391171;71445608
1527463915106;5613;5883;84;353656832;49391629;71446642
1527463915206;5623;5893;84;353656832;49392087;71447675
1527463915306;5633;5903;84;353656832;49392545;71448712
1527463915406;5643;5912;85;353656832;49393003;71449748
1527463915506;5653;5922;85;353656832;49393690;71451299
1527463915606;5663;5932;85;353656832;49394148;71452334
1527463915706;5673;5941;85;353656832;49394606;71453371
1527463915806;5683;5951;86;353656832;49395064;71454406
1527463915906;5693;5961;86;353656832;49395751;71455959
1527463916006;5703;5970;87;353656832;49396209;71456994
1527463916106;5713;5980;87;353656832;49396667;71458030
1527463916206;5723;5991;87;353656832;49397125;71459067
1527463916306;5733;6003;87;353656832;49397583;71460103
1527463916406;5743;6011;88;353656832;49398270;71461655
1527463916506;5753;6021;88;353656832;49398728;71462689
1527463916606;5763;6031;88;353656832;49399186;71463726
1527463916706;5773;6041;88;353656832;49399644;71464761
1527463916806;5783;6050;89;353656832;49400331;71466307
1527463916906;5793;6060;90;353656832;49400789;71467340
1527463917006;5803;6072;90;353656832;49401247;71468374
1527463917106;5813;6082;90;353656832;49401705;71469408
1527463917206;5823;6092;90;353656832;49402163;71470918
1527463917306;5833;6103;90;353656832;49402850;71472024
1527463917406;5843;6113;90;353656832;49403308;71473076
1527463917506;5853;6123;90;353656832;49403766;71474124
1527463917606;5863;6132;90;353656832;49404224;71475175
1527463917706;5873;6142;90;353656832;49404911;71476745
1527463917806;5883;6151;90;353656832;49405369;71477792
1527463917906;5893;6161;90;353656832;49405827;71478835
1527463918006;5903;6170;91;353656832;49406285;71479877
1527463918106;5913;6179;91;353656832;49406972;71481448
1527463918206;5923;6190;91;353656832;49407430;71482492
1527463918306;5933;6201;91;353656832;49407888;71483540
1527463918406;5943;6209;92;353656832;49408346;71484582
1527463918506;5953;6220;92;353656832;49409033;71486152
1527463918606;5963;6230;92;353656832;49409491;71487200
1527463918706;5973;6241;92;353656832;49409949;71488243
1527463918806;5983;6251;92;353656832;49410407;71489289
1527463918906;5993;6261;92;353656832;49411094;71490858
1527463919006;6003;6271;92;353656832;49411552;71491905
1527463919107;6013;6280;92;353656832;49412010;71492953
1527463919208;6023;6293;92;353656832;49412468;71493996
1527463919309;6033;6304;92;353656832;49412926;71495041
1527463919410;6043;6313;93;353656832;49413852;71496720
1527463919511;6053;6323;93;353656832;49414310;71497766
1527463919612;6063;6333;93;353656832;49414768;71498807
1527463919713;6073;6342;93;353656832;49415226;71499845
1527463919813;6083;6352;93;353656832;49415913;71501399
1527463919913;6093;6362;93;353656832;49416467;71502435
1527463920013;6103;6372;93;353656832;49416925;71503471
1527463920113;6113;6382;93;353656832;49417383;71504507
1527463920213;6123;6393;93;353656832;49418070;71506066
1527463920313;6133;6403;93;353656832;49418528;71507104
1527463920413;6143;6415;93;353656832;49418986;71508142
1527463920513;6153;6425;93;353656832;49419490;71509181
1527463920613;6163;6434;93;353656832;49420177;71510734
1527463920713;6173;6443;94;353656832;49420635;71511773
1527463920813;6183;6454;94;353656832;49421093;71512811
1527463920913;6193;6463;94;353656832;49421551;71513849
1527463921013;6203;6473;94;353656832;49422238;71515405
1527463921113;6213;6482;95;353656832;49422696;71516442
1527463921213;6223;6492;95;353656832;49423154;71517482
1527463921313;6233;6503;95;353656832;49423612;71518517
1527463921413;6243;6512;95;353656832;49424299;71520073
1527463921513;6253;6522;95;353656832;49424757;71521110
1527463921613;6263;6532;95;353656832;49425215;71522147
1527463921713;6273;6542;95;353656832;49425673;71523182
1527463921813;6283;6551;96;353656832;49426360;71524738
1527463921913;6293;6561;96;353656832;49426818;71525775
1527463922013;6303;6570;96;353656832;49427276;71526812
1527463922113;6313;6580;96;353656832;49427734;71527852
1527463922213;6323;6590;96;353656832;49428421;71529409
1527463922313;6333;6600;96;353656832;49429011;71530447
1527463922413;6343;6611;96;353656832;49429469;71531484
1527463922513;6353;6620;96;353656832;49429927;71532520
1527463922613;6363;6630;96;353656832;49430614;71534077
1527463922713;6373;6640;96;353656832;49431072;71535117
1527463922813;6383;6649;96;353656832;49431530;71536156
1527463922913;6393;6659;96;353656832;49431988;71537193
1527463923013;6403;6670;96;353656832;49432675;71538749
1527463923113;6413;6679;97;353656832;49433133;71539786
1527463923213;6423;6690;97;353656832;49433591;71540823
1527463923313;6433;6700;97;353656832;49434278;71542381
1527463923413;6443;6710;97;353656832;49434736;71543418
1527463923513;6453;6720;97;353656832;49435194;71544458
1527463923613;6463;6732;97;353656832;49435652;71545498
1527463923713;6473;6745;97;353656832;49436110;71546536
1527463923813;6483;6755;98;353656832;49437036;71548206
1527463923913;6493;6764;98;353656832;49437494;71549242
1527463924013;6503;6773;99;353656832;49437952;71550280
1527463924113;6513;6783;99;353656832;49438410;71551316
1527463924213;6523;6795;99;353656832;49438868;71552351
1527463924313;6533;6807;99;353656832;49439555;71553908
1527463924413;6543;6817;99;353656832;49440013;71554946
1527463924513;6553;6827;99;353656832;49440471;71555984
1527463924613;6563;6836;99;353656832;49440929;71557019
1527463924713;6573;6848;99;353656832;49441616;71558577
1527463924813;6583;6857;100;353656832;49442074;71559612
1527463924913;6593;6866;100;353656832;49442532;71560652
1527463925013;6603;6876;100;353656832;49442990;71561686
1527463925113;6613;6887;100;353656832;49443677;71563242
1527463925213;6623;6896;100;353656832;49444135;71564279
1527463925313;6633;6905;101;353656832;49444593;71565316
1527463925413;6643;6915;101;353656832;49445051;71566351
1527463925513;6653;6926;101;353656832;49445738;71567904
1527463925613;6663;6935;102;353656832;49446196;71568941
1527463925713;6673;6944;102;353656832;49446654;71569978
1527463925813;6683;6954;102;353656832;49447112;71571016
1527463925913;6693;6963;102;353656832;49447799;71572574
1527463926013;6703;6973;102;353656832;49448257;71573610
1527463926113;6713;6983;102;353656832;49448715;71574648
1527463926213;6723;6994;102;353656832;49449173;71575975
1527463926313;6733;7002;103;353656832;49449860;71577244
1527463926413;6743;7011;104;353656832;49450318;71578283
1527463926513;6753;7020;104;353656832;49450776;71579317
1527463926613;6763;7031;104;353656832;49451463;71580873
1527463926713;6773;7041;104;353656832;49451921;71581909
1527463926813;6783;7051;104;353656832;49452379;71582944
1527463926913;6793;7061;104;353656832;49452837;71583979
1527463927013;6803;7072;104;353656832;49453399;71585481
1527463927113;6813;7082;104;353656832;49453982;71586572
1527463927213;6823;7091;104;353656832;49454440;71587610
1527463927313;6833;7103;104;353656832;49454898;71588648
1527463927413;6843;7113;104;353656832;49455585;71590202
1527463927513;6853;7122;104;353656832;49456043;71591237
1527463927613;6863;7131;105;353656832;49456501;71592271
1527463927713;6873;7140;105;353656832;49456959;71593310
1527463927813;6883;7150;105;353656832;49457646;71594864
1527463927913;6893;7160;105;353656832;49458104;71595902
1527463928013;6903;7169;105;353656832;49458562;71596936
1527463928113;6913;7179;105;353656832;49459020;71597974
1527463928213;6923;7189;105;353656832;49459830;71599527
1527463928313;6933;7199;105;353656832;49460404;71600677
1527463928413;6943;7208;106;353656832;49460862;71601714
1527463928513;6953;7219;106;353656832;49461320;71602750
1527463928613;6963;7230;107;353656832;49462007;71604308
1527463928713;6973;7242;107;353656832;49462465;71605347
1527463928813;6983;7252;107;353656832;49462923;71606383
1527463928913;6993;7261;107;353656832;49463381;71607424
1527463929013;7003;7272;107;353656832;49464068;71608980
1527463929113;7013;7281;107;353656832;49464526;71610018
1527463929213;7023;7292;107;353656832;49464984;71611056
1527463929313;7033;7302;107;353656832;49465442;71612093
1527463929413;7043;7311;109;353656832;49466129;71613651
1527463929513;7053;7320;109;353656832;49466587;71614687
1527463929613;7063;7330;109;353656832;49467045;71615720
1527463929713;7073;7340;109;353656832;49467503;71616759
1527463929813;7083;7354;109;353656832;49467961;71617798
1527463929913;7093;7365;109;353656832;49468419;71618836
1527463930013;7103;7375;109;353656832;49469106;71620387
1527463930113;7113;7385;109;353656832;49469564;71621424
1527463930213;7123;7395;109;353656832;49470022;71622459
1527463930313;7133;7406;109;353656832;49470480;71623497
1527463930413;7143;7416;109;353656832;49471167;71625051
1527463930513;7153;7427;109;353656832;49471625;71626090
1527463930613;7163;7440;109;353656832;49471854;71626608
1527463930713;7173;7453;109;353656832;49472312;71627645
1527463930813;7183;7464;109;353656832;49472999;71629200
1527463930913;7193;7473;109;353656832;49473457;71630239
1527463931013;7203;7483;109;353656832;49473915;71631277
1527463931113;7213;7493;109;353656832;49474373;71632314
1527463931213;7223;7503;109;353656832;49475060;71633872
1527463931313;7233;7512;109;353656832;49475518;71634910
1527463931413;7243;7522;109;353656832;49475976;71635947
1527463931513;7253;7531;110;353656832;49476663;71637502
1527463931613;7263;7542;110;353656832;49477121;71638540
1527463931713;7273;7552;110;353656832;49477579;71639579
1527463931813;7283;7561;111;353656832;49478037;71640615
1527463931913;7293;7570;112;353656832;49478724;71642172
1527463932013;7303;7580;112;353656832;49479182;71643209
1527463932113;7313;7589;112;353656832;49479640;71644247
1527463932213;7323;7600;112;353656832;49480098;71645285
1527463932313;7333;7610;112;353656832;49480785;71646841
1527463932413;7343;7620;112;353656832;49481243;71647880
1527463932513;7353;7631;112;353656832;49481701;71648918
1527463932613;7363;7641;112;353656832;49482159;71649955
1527463932713;7373;7654;112;353656832;49482721;71651457
1527463932813;7383;7662;113;353656832;49483543;71652658
1527463932913;7393;7672;113;353656832;49484001;71653695
1527463933013;7403;7683;114;353656832;49484459;71654732
1527463933113;7413;7693;114;353656832;49484917;71655772
1527463933213;7423;7704;115;353656832;49485375;71656812
1527463933313;7433;7715;115;353656832;49485833;71657849
1527463933413;7443;7726;115;353656832;49486291;71658886
1527463933513;7453;7737;115;353656832;49486978;71660441
1527463933613;7463;7749;115;353656832;49487436;71661476
1527463933713;7473;7758;115;353656832;49487894;71662512
1527463933813;7483;7768;115;353656832;49488352;71663551
1527463933913;7493;7779;115;353656832;49488810;71664590
1527463934013;7503;7789;115;353656832;49489656;71665627
1527463934114;7513;7801;115;353656832;49490114;71666662
1527463934215;7523;7811;115;353656832;49490572;71667700
1527463934316;7533;7823;115;353656832;49491259;71669253
1527463934416;7543;7833;115;353656832;49491717;71670292
1527463934516;7553;7844;115;353656832;49492175;71671328
1527463934616;7563;7855;115;353656832;49492633;71672364
1527463934716;7574;7864;115;353656832;49493091;71673400
1527463934816;7584;7875;115;353656832;49493778;71674956
1527463934916;7594;7887;115;353656832;49494286;71675991
1527463935016;7604;7897;115;353656832;49494790;71677026
1527463935116;7614;7907;115;353656832;49495248;71678064
1527463935216;7624;7916;115;353656832;49495935;71679617
1527463935316;7634;7926;115;353656832;49496210;71680135
1527463935416;7644;7935;116;353656832;49496897;71681690
1527463935516;7654;7945;116;353656832;49497355;71682727
1527463935616;7664;7955;116;353656832;49497813;71683762
1527463935716;7674;7966;116;353656832;49498271;71684799
1527463935816;7684;7977;116;353656832;49498729;71685838
1527463935916;7694;7988;116;353656832;49499187;71686876
1527463936016;7704;7998;116;353656832;49499874;71688430
1527463936116;7714;8009;116;353656832;49500332;71689469
1527463936216;7724;8018;116;353656832;49500790;71690508
1527463936316;7734;8030;117;353656832;49501393;71691545
1527463936416;7744;8041;117;353656832;49501851;71692578
1527463936517;7754;8051;117;353656832;49502309;71693614
1527463936617;7764;8061;117;353656832;49502996;71695174
1527463936717;7774;8072;118;353656832;49503454;71696213
1527463936817;7784;8084;118;353656832;49503912;71697248
1527463936917;7794;8094;118;353656832;49504420;71698286
1527463937018;7804;8103;119;353656832;49504878;71699322
1527463937119;7814;8115;119;353656832;49505440;71700826
1527463937220;7824;8125;119;353656832;49506023;71701916
1527463937321;7834;8141;119;353656832;49506463;71702902
1527463937422;7844;8152;119;353656832;49507389;71704106
1527463937523;7854;8161;119;353656832;49507847;71705142
1527463937624;7864;8172;119;353656832;49508305;71706177
1527463937725;7874;8181;119;353656832;49508763;71707213
1527463937825;7884;8191;121;353656832;49509549;71708249
1527463937925;7894;8202;121;353656832;49510236;71709805
1527463938025;7904;8211;121;353656832;49510694;71710844
1527463938125;7914;8223;121;353656832;49511152;71711882
1527463938225;7924;8232;122;353656832;49511610;71712917
1527463938325;7934;8242;122;353656832;49512068;71713953
1527463938425;7944;8252;122;353656832;49512526;71714988
1527463938525;7954;8263;122;353656832;49513213;71716542
1527463938625;7964;8272;123;353656832;49513671;71717578
1527463938725;7974;8282;123;353656832;49514129;71718615
1527463938825;7984;8292;123;353656832;49514587;71719652
1527463938925;7994;8305;124;353656832;49515607;71720689
1527463939025;8004;8319;124;353656832;49516065;71721726
1527463939125;8014;8329;124;353656832;49516752;71723281
1527463939225;8024;8339;124;353656832;49517210;71724319
1527463939325;8034;8347;125;353656832;49517668;71725355
1527463939425;8044;8358;126;353656832;49518126;71726393
1527463939525;8054;8370;126;353656832;49518813;71727951
1527463939625;8064;8380;126;353656832;49519370;71728469
1527463939725;8074;8389;126;353656832;49520057;71730023
1527463939825;8084;8398;126;353656832;49520515;71731060
1527463939925;8094;8409;126;353656832;49520973;71732098
1527463940025;8104;8420;126;353656832;49521905;71733137
1527463940125;8114;8430;126;353656832;49522592;71734693
1527463940225;8124;8442;126;353656832;49523050;71735730
1527463940325;8134;8451;126;353656832;49523508;71736765
1527463940425;8144;8460;127;353656832;49523966;71737805
1527463940525;8154;8470;127;353656832;49524653;71739361
1527463940625;8164;8481;127;353656832;49525111;71740398
1527463940725;8174;8490;127;353656832;49525569;71741435
1527463940825;8184;8504;127;353656832;49526027;71742473
1527463940925;8194;8516;127;353656832;49526714;71744029
1527463941025;8204;8525;127;353656832;49527172;71745069
1527463941125;8214;8536;127;353656832;49527630;71746104
1527463941226;8224;8548;127;353656832;49528088;71747137
1527463941326;8234;8560;127;353656832;49528546;71748173
1527463941426;8245;8569;127;353656832;49529233;71749744
1527463941526;8255;8579;127;353656832;49529691;71750797
1527463941626;8265;8589;127;353656832;49530149;71751848
1527463941726;8275;8606;127;353656832;49530607;71752897
1527463941826;8285;8618;127;353656832;49531294;71754474
1527463941926;8295;8628;127;353656832;49531875;71755523
1527463942026;8305;8638;127;353656832;49532449;71756686
1527463942126;8315;8650;127;353656832;49532907;71757735
1527463942226;8325;8659;128;353656832;49533594;71759307
1527463942326;8335;8669;128;353656832;49534052;71760351
1527463942426;8345;8679;128;353656832;49534510;71761400
1527463942526;8355;8689;128;353656832;49534968;71762446
1527463942626;8365;8699;128;353656832;49535655;71764017
1527463942726;8375;8709;128;353656832;49536113;71765060
1527463942826;8385;8719;128;353656832;49536571;71766110
1527463942926;8395;8729;128;353656832;49537258;71767684
1527463943026;8405;8740;128;353656832;49537716;71768729
1527463943126;8415;8750;129;353656832;49538174;71769772
1527463943226;8425;8760;130;353656832;49538632;71770820
1527463943326;8435;8771;130;353656832;49539090;71771865
1527463943426;8445;8781;130;353656832;49539777;71773432
1527463943526;8455;8791;130;353656832;49540235;71774482
1527463943626;8465;8802;130;353656832;49540693;71775529
1527463943727;8475;8812;130;353656832;49541151;71776575
1527463943828;8485;8823;130;353656832;49541838;71778148
1527463943929;8495;8833;131;353656832;49542296;71779196
1527463944030;8505;8843;131;353656832;49542754;71780242
1527463944131;8515;8854;131;353656832;49543212;71781290
1527463944232;8525;8863;132;353656832;49543899;71782860
1527463944333;8535;8875;132;353656832;49544357;71783907
1527463944434;8545;8883;133;353656832;49544815;71784956
1527463944535;8555;8893;133;353656832;49545273;71786001
1527463944636;8565;8903;134;353656832;49545960;71787573
1527463944736;8575;8912;134;353656832;49546418;71788621
1527463944836;8585;8925;134;353656832;49546876;71789665
1527463944936;8596;8936;134;353656832;49547334;71790713
1527463945036;8606;8946;134;353656832;49547792;71791759
1527463945136;8616;8958;134;353656832;49548479;71793325
1527463945236;8626;8970;134;353656832;49548937;71794371
1527463945336;8636;8982;134;353656832;49549395;71795418
1527463945436;8646;8993;134;353656832;49549853;71796468
1527463945536;8656;9004;134;353656832;49550540;71798041
1527463945636;8666;9015;134;353656832;49550998;71799089
1527463945736;8676;9026;134;353656832;49551456;71800141
1527463945836;8686;9034;136;353656832;49551914;71801187
1527463945936;8696;9044;136;353656832;49552424;71802703
1527463946036;8706;9054;136;353656832;49553059;71803803
1527463946136;8716;9065;136;353656832;49553517;71804848
1527463946236;8726;9075;136;353656832;49553975;71805893
1527463946336;8736;9085;137;353656832;49554433;71806938
1527463946436;8746;9094;137;353656832;49555359;71808603
1527463946536;8756;9103;139;353656832;49555817;71809639
1527463946636;8766;9114;139;353656832;49556275;71810673
1527463946736;8776;9124;139;353656832;49556733;71811708
1527463946836;8786;9136;139;353656832;49557191;71812741
1527463946936;8796;9146;139;353656832;49557878;71814296
1527463947036;8806;9156;139;353656832;49558336;71815332
1527463947136;8816;9167;139;353656832;49558794;71816367
1527463947236;8826;9177;139;353656832;49559481;71817916
1527463947336;8836;9187;139;353656832;49559939;71818950
1527463947436;8846;9197;139;353656832;49560397;71819984
1527463947536;8856;9207;140;353656832;49560855;71821022
1527463947636;8866;9218;140;353656832;49561313;71822059
1527463947736;8876;9229;140;353656832;49562000;71823611
1527463947836;8886;9240;140;353656832;49562458;71824647
1527463947937;8896;9249;141;353656832;49562916;71825680
1527463948038;8906;9258;141;353656832;49563374;71826715
1527463948138;8916;9269;141;353656832;49563832;71828216
1527463948239;8926;9279;141;353656832;49564519;71829301
1527463948340;8936;9289;141;353656832;49564977;71830338
1527463948440;8946;9301;141;353656832;49565435;71831377
1527463948540;8956;9311;141;353656832;49565893;71832414
1527463948640;8966;9321;141;353656832;49566580;71833967
1527463948740;8976;9331;143;353656832;49567038;71834999
1527463948840;8986;9342;143;353656832;49567496;71836036
1527463948940;8996;9352;143;353656832;49567954;71837068
1527463949040;9006;9363;143;353656832;49568641;71838626
1527463949140;9016;9372;143;353656832;49569099;71839662
1527463949240;9026;9381;143;353656832;49569557;71840698
1527463949340;9036;9391;143;353656832;49570015;71841734
1527463949440;9046;9401;143;353656832;49570702;71843291
1527463949540;9056;9411;143;353656832;49571160;71844324
1527463949640;9066;9422;143;353656832;49571618;71845358
1527463949740;9076;9432;143;353656832;49572076;71846393
1527463949840;9086;9444;143;353656832;49572763;71847944
1527463949940;9096;9454;143;353656832;49573271;71848980
1527463950040;9106;9465;143;353656832;49573729;71850016
1527463950140;9116;9476;143;353656832;49574279;71851052
1527463950240;9126;9485;144;353656832;49574966;71852603
1527463950340;9136;9494;144;353656832;49575424;71853640
1527463950440;9146;9505;144;353656832;49575882;71854679
1527463950540;9156;9515;144;353656832;49576340;71855717
1527463950640;9166;9524;144;353656832;49577027;71857265
1527463950740;9176;9535;144;353656832;49577485;71858302
1527463950840;9186;9544;144;353656832;49577943;71859339
1527463950940;9196;9554;144;353656832;49578640;71860485
1527463951040;9206;9563;145;353656832;49579202;71861982
1527463951140;9216;9572;145;353656832;49579785;71863072
1527463951240;9226;9582;145;353656832;49580243;71864103
1527463951340;9236;9593;145;353656832;49580701;71865139
1527463951440;9246;9601;146;353656832;49581388;71866696
1527463951540;9256;9611;146;353656832;49581846;71867731
1527463951640;9266;9620;147;353656832;49582304;71868766
1527463951740;9276;9632;147;353656832;49582762;71869804
1527463951840;9286;9644;147;353656832;49583449;71871361
1527463951940;9296;9654;147;353656832;49583907;71872396
1527463952040;9306;9663;147;353656832;49584365;71873431
1527463952140;9316;9673;147;353656832;49584823;71874468
1527463952240;9326;9684;147;353656832;49585510;71876020
1527463952340;9336;9694;147;353656832;49585968;71877055
1527463952440;9346;9704;147;353656832;49586426;71878092
1527463952540;9356;9714;147;353656832;49586884;71879128
1527463952640;9366;9725;147;353656832;49587571;71880685
1527463952740;9376;9734;147;353656832;49588029;71881721
1527463952840;9386;9744;147;353656832;49588487;71882759
1527463952940;9396;9754;147;353656832;49588945;71883797
1527463953040;9406;9766;147;353656832;49589632;71885352
1527463953140;9416;9777;147;353656832;49590090;71886388
1527463953240;9426;9787;147;353656832;49590548;71887425
1527463953340;9436;9797;147;353656832;49591006;71888461
1527463953440;9446;9806;147;353656832;49591693;71890015
1527463953540;9456;9816;147;353656832;49592151;71891049
1527463953640;9466;9827;147;353656832;49592609;71892086
1527463953740;9476;9838;147;353656832;49593067;71893121
1527463953840;9486;9848;147;353656832;49593754;71894675
1527463953940;9496;9858;147;353656832;49594212;71895714
1527463954040;9506;9867;147;353656832;49594670;71896750
1527463954140;9516;9878;147;353656832;49595357;71898304
1527463954240;9526;9889;147;353656832;49595815;71899342
1527463954340;9536;9899;147;353656832;49596273;71900378
1527463954440;9546;9909;147;353656832;49596731;71901415
1527463954540;9556;9919;147;353656832;49597418;71902968
1527463954640;9566;9928;148;353656832;49597876;71904006
1527463954740;9576;9937;148;353656832;49598334;71905042
1527463954840;9586;9948;148;353656832;49599021;71906594
1527463954940;9596;9959;148;353656832;49599479;71907629
1527463955040;9606;9969;148;353656832;49599937;71908665
1527463955140;9616;9979;148;353656832;49600395;71909699
1527463955240;9626;9992;148;353656832;49601082;71911257
1527463955340;9636;10002;148;353656832;49601779;71912407
1527463955440;9646;10012;148;353656832;49602237;71913440
1527463955540;9656;10021;148;353656832;49602695;71914477
1527463955640;9666;10031;148;353656832;49603382;71916031
1527463955740;9676;10040;148;353656832;49603840;71917068
1527463955840;9686;10051;148;353656832;49604298;71918103
1527463955940;9696;10061;148;353656832;49604985;71919657
1527463956040;9706;10070;148;353656832;49605443;71920692
1527463956140;9716;10079;149;353656832;49605901;71921727
1527463956240;9726;10090;149;353656832;49606359;71922764
1527463956340;9736;10100;149;353656832;49607046;71924319
1527463956440;9746;10110;149;353656832;49607504;71925356
1527463956540;9756;10120;149;353656832;49607962;71926395
1527463956640;9766;10130;149;353656832;49608524;71927898
1527463956740;9776;10139;149;353656832;49609107;71928987
1527463956840;9786;10149;149;353656832;49609565;71930026
1527463956940;9796;10160;149;353656832;49610023;71931064
1527463957040;9806;10170;149;353656832;49610710;71932620
1527463957140;9816;10180;149;353656832;49611168;71933656
1527463957240;9826;10188;150;353656832;49611626;71934694
1527463957340;9836;10198;150;353656832;49612084;71935733
1527463957440;9846;10208;150;353656832;49612771;71937286
1527463957540;9856;10218;150;353656832;49613229;71938320
1527463957640;9866;10228;150;353656832;49613687;71939359
1527463957740;9876;10237;150;353656832;49614145;71940394
1527463957840;9886;10248;150;353656832;49614832;71941950
1527463957940;9896;10259;150;353656832;49615290;71942987
1527463958040;9906;10268;150;353656832;49615748;71944022
1527463958140;9916;10279;150;353656832;49616206;71945061
1527463958240;9926;10291;150;353656832;49616893;71946615
1527463958340;9936;10302;150;353656832;49617351;71947651
1527463958440;9946;10313;150;353656832;49617809;71948687
1527463958540;9956;10324;150;353656832;49618267;71949728
1527463958640;9966;10334;150;353656832;49618725;71950765
1527463958740;9976;10343;150;353656832;49619412;71952319
1527463958840;9986;10353;150;353656832;49619870;71953353
1527463958940;9996;10364;150;353656832;49620328;71954388
1527463959040;10006;10373;150;353656832;49621015;71955941
1527463959140;10016;10384;150;353656832;49621473;71956976
1527463959240;10026;10394;150;353656832;49621931;71958013
1527463959340;10036;10404;150;353656832;49622389;71959051
1527463959440;10046;10416;150;353656832;49623076;71960605
1527463959540;10056;10426;150;353656832;49623534;71961642
1527463959641;10066;10434;151;353656832;49623992;71962681
1527463959742;10076;10445;151;353656832;49624689;71964118
1527463959843;10086;10455;151;353656832;49625376;71965382
1527463959944;10096;10465;151;353656832;49625834;71966416
1527463960045;10106;10475;151;353656832;49626292;71967453
1527463960146;10116;10485;151;353656832;49626979;71969011
1527463960246;10126;10495;151;353656832;49627437;71970051
1527463960346;10136;10505;151;353656832;49627895;71971084
1527463960446;10146;10515;151;353656832;49628353;71972121
1527463960546;10157;10527;151;353656832;49629040;71973673
1527463960646;10167;10537;151;353656832;49629498;71974712
1527463960746;10177;10546;151;353656832;49629956;71975751
1527463960846;10187;10556;151;353656832;49630414;71976787
1527463960946;10197;10566;151;353656832;49631101;71978341
1527463961046;10207;10576;151;353656832;49631559;71979376
1527463961146;10217;10586;151;353656832;49632017;71980414
1527463961246;10227;10596;151;353656832;49632475;71981451
1527463961346;10237;10607;151;353656832;49633162;71983003
1527463961446;10247;10617;152;353656832;49633620;71984038
1527463961546;10257;10627;152;353656832;49634078;71985074
1527463961646;10267;10636;152;353656832;49634536;71986108
1527463961746;10277;10645;153;353656832;49635223;71987666
1527463961846;10287;10658;153;353656832;49635452;71988185
1527463961946;10297;10669;153;353656832;49635910;71989222
1527463962046;10307;10680;153;353656832;49636597;71990779
1527463962146;10317;10693;153;353656832;49637055;71991818
1527463962246;10327;10706;153;353656832;49637284;71992335
1527463962346;10337;10716;153;353656832;49637742;71993371
1527463962446;10347;10726;153;353656832;49638429;71994926
1527463962546;10357;10736;153;353656832;49638887;71995965
1527463962646;10367;10748;153;353656832;49639345;71996999
1527463962746;10377;10759;153;353656832;49639803;71998032
1527463962846;10387;10772;153;353656832;49640261;71999355
1527463962946;10397;10784;153;353656832;49640948;72000618
1527463963046;10407;10795;153;353656832;49641406;72001655
1527463963146;10417;10804;153;353656832;49641864;72002696
1527463963246;10427;10814;154;353656832;49642322;72003735
1527463963346;10437;10824;154;353656832;49643009;72005287
1527463963446;10447;10835;154;353656832;49643467;72006320
1527463963546;10457;10844;154;353656832;49643925;72007358
1527463963646;10467;10855;154;353656832;49644383;72008399
1527463963746;10477;10865;154;353656832;49645070;72009955
1527463963846;10487;10874;154;353656832;49645528;72010995
1527463963946;10497;10885;154;353656832;49645986;72012032
1527463964046;10507;10895;154;353656832;49646832;72013070
1527463964146;10517;10903;155;353656832;49647519;72014618
1527463964246;10527;10913;155;353656832;49648100;72015656
1527463964346;10537;10924;155;353656832;49648674;72016804
1527463964446;10547;10935;155;353656832;49649132;72017838
1527463964546;10557;10946;155;353656832;49649590;72018876
1527463964646;10567;10957;155;353656832;49650048;72019913
1527463964746;10577;10968;156;353656832;49650506;72020949
1527463964846;10587;10978;157;353656832;49651118;72022452
1527463964946;10597;10988;157;353656832;49651701;72023536
1527463965046;10607;10998;157;353656832;49652251;72024572
1527463965146;10617;11008;158;353656832;49652709;72025611
1527463965246;10627;11018;158;353656832;49653167;72026644
1527463965346;10637;11028;159;353656832;49653625;72027680
1527463965446;10647;11038;159;353656832;49654312;72029239
1527463965546;10657;11048;159;353656832;49654770;72030275
1527463965646;10667;11059;159;353656832;49655228;72031312
1527463965746;10677;11070;159;353656832;49655686;72032350
1527463965846;10687;11081;159;353656832;49656144;72033384
1527463965947;10697;11091;159;353656832;49656602;72034420
1527463966048;10707;11102;159;353656832;49657289;72035972
1527463966149;10717;11112;159;353656832;49657747;72037007
1527463966250;10727;11124;159;353656832;49658205;72038040
1527463966351;10737;11134;159;353656832;49658663;72039072
1527463966452;10747;11145;159;353656832;49659121;72040107
1527463966552;10757;11156;159;353656832;49659808;72041659
1527463966653;10767;11165;160;353656832;49660266;72042694
1527463966754;10777;11177;160;353656832;49660724;72043730
1527463966854;10787;11187;161;353656832;49661182;72044767
1527463966954;10797;11197;161;353656832;49661640;72045803
1527463967054;10807;11208;162;353656832;49662327;72047356
1527463967154;10817;11217;162;353656832;49662785;72048392
1527463967254;10827;11229;162;353656832;49663243;72049428
1527463967354;10837;11238;162;353656832;49663701;72050464
1527463967454;10847;11248;162;353656832;49664159;72051500
1527463967554;10857;11258;162;353656832;49664846;72053055
1527463967654;10867;11268;162;353656832;49665304;72054090
1527463967754;10877;11279;162;353656832;49665762;72055126
1527463967854;10887;11289;162;353656832;49666220;72056160
1527463967954;10897;11301;162;353656832;49666907;72057711
1527463968054;10907;11312;162;353656832;49667365;72058744
1527463968154;10917;11322;162;353656832;49667823;72059773
1527463968254;10927;11332;162;353656832;49668281;72060808
1527463968354;10937;11342;162;353656832;49668739;72061845
1527463968454;10947;11353;162;353656832;49669197;72063344
1527463968554;10957;11363;162;353656832;49669884;72064433
1527463968654;10967;11373;162;353656832;49670342;72065470
1527463968754;10977;11383;162;353656832;49670800;72066506
1527463968854;10987;11393;162;353656832;49671381;72067543
1527463968954;10997;11405;163;353656832;49671955;72068691
1527463969054;11007;11415;163;353656832;49672413;72069730
1527463969154;11017;11424;164;353656832;49672871;72070767
1527463969254;11027;11435;164;353656832;49673558;72072319
1527463969354;11037;11445;164;353656832;49674016;72073350
1527463969454;11047;11456;164;353656832;49674474;72074386
1527463969554;11057;11469;164;353656832;49674932;72075424
1527463969654;11067;11478;164;353656832;49675390;72076460
1527463969754;11077;11491;164;353656832;49676077;72078016
1527463969854;11087;11502;164;353656832;49676535;72079055
1527463969954;11097;11515;165;353656832;49676993;72080091
1527463970054;11107;11524;166;353656832;49677451;72081128
1527463970154;11117;11535;166;353656832;49677909;72082451
1527463970254;11127;11545;166;353656832;49678596;72083719
1527463970354;11137;11555;166;353656832;49679054;72084754
1527463970454;11147;11565;166;353656832;49679512;72085789
1527463970554;11157;11574;166;353656832;49679970;72086825
1527463970654;11167;11586;166;353656832;49680532;72088333
1527463970754;11177;11595;166;353656832;49681115;72089423
1527463970854;11187;11605;166;353656832;49681573;72090461
1527463970954;11197;11615;166;353656832;49682031;72091498
1527463971054;11207;11625;166;353656832;49682718;72093052
1527463971154;11217;11634;166;353656832;49683176;72094087
1527463971254;11227;11645;166;353656832;49683634;72095126
1527463971354;11237;11656;166;353656832;49684092;72096162
1527463971455;11247;11666;167;353656832;49684550;72097199
1527463971555;11257;11676;168;353656832;49685237;72098752
1527463971655;11267;11686;168;353656832;49685695;72099791
1527463971756;11277;11697;168;353656832;49686153;72100831
1527463971856;11287;11707;168;353656832;49686611;72101869
1527463971956;11298;11717;168;353656832;49687298;72103428
1527463972056;11308;11729;168;353656832;49687756;72104460
1527463972156;11318;11737;168;353656832;49688214;72105496
1527463972256;11328;11748;169;353656832;49688672;72106534
1527463972356;11338;11757;170;353656832;49689234;72108038
1527463972456;11348;11767;170;353656832;49689817;72109127
1527463972556;11358;11777;170;353656832;49690275;72110166
1527463972656;11368;11788;170;353656832;49690733;72111203
1527463972756;11378;11798;170;353656832;49691191;72112238
1527463972856;11388;11810;170;353656832;49691878;72113792
1527463972956;11398;11820;171;353656832;49692336;72114829
1527463973056;11408;11831;171;353656832;49692794;72115862
1527463973156;11418;11842;171;353656832;49693252;72116897
1527463973256;11428;11852;171;353656832;49693710;72117932
1527463973356;11438;11863;171;353656832;49694168;72118968
1527463973456;11448;11873;172;353656832;49695094;72120635
1527463973556;11458;11883;172;353656832;49695552;72121672
1527463973656;11468;11895;172;353656832;49696010;72122708
1527463973756;11478;11906;172;353656832;49696468;72123746
1527463973856;11488;11917;172;353656832;49696926;72124784
1527463973956;11498;11927;172;353656832;49697613;72126338
1527463974056;11508;11939;172;353656832;49698071;72127373
1527463974156;11518;11949;172;353656832;49698529;72128408
1527463974256;11528;11960;172;353656832;49698987;72129446
1527463974356;11538;11970;172;353656832;49699674;72131001
1527463974456;11548;11980;172;353656832;49700132;72132037
1527463974556;11558;11990;172;353656832;49700590;72133073
1527463974656;11568;12002;172;353656832;49701048;72134111
1527463974756;11578;12012;172;353656832;49701506;72135150
1527463974856;11588;12022;172;353656832;49702193;72136705
1527463974956;11598;12032;172;353656832;49702651;72137742
1527463975056;11608;12043;172;353656832;49703109;72138775
1527463975156;11618;12053;172;353656832;49703567;72139813
1527463975256;11628;12063;172;353656832;49704025;72140847
1527463975356;11638;12078;172;353656832;49704712;72142400
1527463975456;11648;12088;172;353656832;49705170;72143437
1527463975556;11658;12098;172;353656832;49705628;72144475
1527463975656;11668;12108;172;353656832;49706086;72145511
1527463975757;11678;12118;172;353656832;49706544;72146546
1527463975858;11688;12128;172;353656832;49707002;72147585
1527463975959;11698;12140;172;353656832;49707689;72149139
1527463976060;11708;12150;172;353656832;49708147;72150175
1527463976161;11718;12160;172;353656832;49708605;72151212
1527463976261;11728;12170;172;353656832;49709063;72152246
1527463976361;11738;12181;172;353656832;49709750;72153799
1527463976461;11748;12191;173;353656832;49710208;72154834
1527463976561;11758;12202;173;353656832;49710666;72155870
1527463976661;11768;12212;173;353656832;49711124;72156905
1527463976761;11778;12222;173;353656832;49711582;72157943
1527463976861;11788;12233;173;353656832;49712269;72159496
1527463976961;11798;12242;173;353656832;49712727;72160533
1527463977061;11808;12252;173;353656832;49713185;72161568
1527463977161;11818;12271;173;353656832;49713643;72162608
1527463977261;11828;12282;173;353656832;49714330;72164167
1527463977361;11838;12292;173;353656832;49714788;72165202
1527463977461;11848;12303;173;353656832;49715246;72166240
1527463977561;11858;12314;173;353656832;49715704;72167279
1527463977661;11868;12325;173;353656832;49716162;72168317
1527463977761;11878;12334;173;353656832;49716849;72169871
1527463977861;11888;12346;173;353656832;49717307;72170909
1527463977961;11898;12356;173;353656832;49718004;72172059
1527463978061;11908;12367;173;353656832;49718462;72173096
1527463978161;11918;12378;173;353656832;49719149;72174657
1527463978261;11928;12388;173;353656832;49719607;72175690
1527463978361;11938;12399;173;353656832;49720065;72176727
1527463978461;11948;12410;173;353656832;49720523;72177763
1527463978561;11958;12419;173;353656832;49721210;72179317
1527463978661;11968;12429;173;353656832;49721668;72180357
1527463978761;11978;12439;173;353656832;49722126;72181390
