currentTs;total_time;user_time;sys_time;virtual_size;in_octets;out_octets
1527464590013;1;0;0;1875968;52645525;76457309
1527464590113;10;7;1;300900352;52645525;76457309
1527464590213;20;15;4;306909184;52645525;76457309
1527464590313;30;25;4;306909184;52645525;76457309
1527464590413;40;35;5;311758848;52645525;76457309
1527464590513;50;46;6;313946112;52645525;76457309
1527464590613;60;58;6;313946112;52645525;76457309
1527464590713;70;71;7;313946112;52645525;76457309
1527464590813;80;83;8;313966592;52645525;76457309
1527464590913;90;92;9;314097664;52645525;76457309
1527464591013;100;101;10;314097664;52645525;76457309
1527464591113;110;113;10;314097664;52645525;76457309
1527464591213;120;124;11;314097664;52645525;76457309
1527464591313;130;134;12;314097664;52645525;76457309
1527464591413;140;146;12;314335232;52645525;76457309
1527464591513;150;157;13;314339328;52645525;76457309
1527464591613;160;174;13;314339328;52645525;76457309
1527464591713;170;184;13;314339328;52645525;76457309
1527464591813;180;194;14;314339328;52645525;76457309
1527464591913;190;204;14;314339328;52645525;76457309
1527464592013;200;215;15;314339328;52645525;76457309
1527464592113;210;224;16;314339328;52645525;76457309
1527464592213;220;235;16;315387904;52645525;76457309
1527464592313;230;249;16;315387904;52645525;76457309
1527464592413;240;260;16;315461632;52645577;76457821
1527464592513;250;270;16;315461632;52645577;76457821
1527464592613;260;282;16;316510208;52645577;76457821
1527464592713;270;294;16;316510208;52645577;76457821
1527464592813;280;306;16;316510208;52645577;76457821
1527464592913;290;316;16;316510208;52645577;76457821
1527464593013;300;326;16;317558784;52645577;76457821
1527464593113;310;337;16;318607360;52645577;76457821
1527464593213;320;348;16;318607360;52645577;76457821
1527464593313;330;360;17;318607360;52645577;76457821
1527464593413;340;371;17;318607360;52645577;76457821
1527464593513;350;383;17;318607360;52645577;76457821
1527464593613;360;394;17;318607360;52645577;76457821
1527464593713;370;405;17;318607360;52645577;76457821
1527464593813;380;418;17;319655936;52645577;76457821
1527464593913;390;428;17;319655936;52645577;76457821
1527464594013;400;438;17;319655936;52645577;76457821
1527464594113;410;448;17;319655936;52645577;76457821
1527464594213;420;458;17;319655936;52645577;76457821
1527464594313;430;469;17;319655936;52645577;76457821
1527464594413;440;480;17;319655936;52645577;76457821
1527464594513;450;490;18;320704512;52645577;76457821
1527464594613;460;501;19;350183424;52645577;76457821
1527464594713;470;514;19;350511104;52645922;76458454
1527464594813;480;527;19;350511104;52646151;76458976
1527464594913;490;541;19;350511104;52646430;76459499
1527464595013;500;552;19;350511104;52646888;76460534
1527464595113;510;562;19;350511104;52647551;76461049
1527464595213;520;572;20;350511104;52647780;76461566
1527464595313;530;582;20;350511104;52648238;76462601
1527464595413;540;594;20;350511104;52648467;76463119
1527464595513;550;604;21;350511104;52648925;76464151
1527464595613;560;617;21;350511104;52649200;76464668
1527464595713;570;627;21;350511104;52649658;76465702
1527464595813;580;638;21;350511104;52649887;76466219
1527464595913;590;648;22;350511104;52650345;76467253
1527464596013;600;658;23;350511104;52650574;76467768
1527464596113;610;669;23;350511104;52651032;76468799
1527464596213;620;681;23;350511104;52651490;76469832
1527464596313;630;692;23;350511104;52651719;76470348
1527464596413;640;703;23;350511104;52652177;76471385
1527464596513;650;716;23;350511104;52652406;76471903
1527464596613;660;727;23;350511104;52652864;76472938
1527464596713;670;741;23;351559680;52653322;76473971
1527464596813;680;752;24;351559680;52653780;76475005
1527464596913;690;763;25;351559680;52654009;76475522
1527464597013;700;775;25;351559680;52654467;76476556
1527464597113;710;784;26;351559680;52654925;76477592
1527464597213;720;794;26;351559680;52655383;76478627
1527464597313;730;806;26;351559680;52655841;76479663
1527464597413;740;819;26;351559680;52656299;76480697
1527464597513;750;830;26;351559680;52656528;76481214
1527464597613;760;841;26;351559680;52656986;76482247
1527464597714;770;854;26;351559680;52657444;76483277
1527464597814;780;866;26;351559680;52657902;76484311
1527464597914;790;877;26;351559680;52658360;76485345
1527464598014;800;888;26;351559680;52658818;76486380
1527464598114;810;900;26;351559680;52659276;76487416
1527464598215;820;911;26;351559680;52659734;76488451
1527464598316;830;921;26;351559680;52659963;76488967
1527464598416;840;931;26;351559680;52660421;76490000
1527464598516;850;941;26;351559680;52660879;76491036
1527464598616;861;954;26;351559680;52661337;76492072
1527464598716;871;965;26;351559680;52661795;76493105
1527464598816;881;975;26;351559680;52662253;76494138
1527464598916;891;986;26;351559680;52662711;76495172
1527464599016;901;997;26;351559680;52663169;76496205
1527464599116;911;1010;26;351559680;52663627;76497239
1527464599216;921;1018;27;351559680;52664085;76498274
1527464599316;931;1028;27;351559680;52664543;76499314
1527464599416;941;1039;27;351559680;52665001;76500348
1527464599516;951;1051;27;351559680;52665459;76501382
1527464599616;961;1060;27;351559680;52665917;76502415
1527464599716;971;1071;28;351559680;52666375;76503448
1527464599816;981;1082;28;351559680;52666833;76504478
1527464599916;991;1092;28;351559680;52667291;76505511
1527464600016;1001;1104;28;351559680;52667749;76506548
1527464600116;1011;1114;28;351559680;52668207;76507582
1527464600216;1021;1124;28;351559680;52668665;76508615
1527464600316;1031;1136;28;351559680;52669246;76509649
1527464600416;1041;1149;29;351559680;52669820;76510798
1527464600516;1051;1159;29;351559680;52670278;76511831
1527464600616;1061;1168;30;351559680;52670736;76512868
1527464600716;1071;1181;30;351559680;52671194;76513899
1527464600816;1081;1192;30;351559680;52671652;76514935
1527464600916;1091;1201;30;351559680;52672110;76515969
1527464601016;1101;1213;30;351559680;52672568;76517005
1527464601116;1111;1227;30;351559680;52673026;76518043
1527464601216;1121;1242;31;352608256;52673484;76519079
1527464601316;1131;1252;31;352608256;52673942;76520115
1527464601416;1141;1263;31;352608256;52674400;76521148
1527464601516;1151;1272;31;352608256;52674858;76522184
1527464601616;1161;1286;31;352608256;52675316;76523218
1527464601716;1171;1296;31;352608256;52675774;76524255
1527464601816;1181;1306;31;352608256;52676232;76525287
1527464601916;1191;1316;31;352608256;52676690;76526322
1527464602016;1201;1326;31;352608256;52677148;76527358
1527464602116;1211;1336;32;352608256;52677835;76528910
1527464602221;1221;1348;32;352608256;52678293;76529946
1527464602321;1231;1357;32;352608256;52678751;76530981
1527464602421;1241;1367;32;352608256;52679209;76532016
1527464602521;1251;1377;32;352608256;52679667;76533052
1527464602621;1261;1388;32;352608256;52680125;76534083
1527464602721;1271;1398;32;352608256;52680583;76535115
1527464602821;1281;1417;32;352608256;52681041;76536148
1527464602921;1291;1433;32;352608256;52681499;76537182
1527464603021;1301;1444;32;352608256;52681957;76538215
1527464603121;1311;1454;32;352608256;52682415;76539247
1527464603221;1321;1463;32;352608256;52683102;76540800
1527464603321;1331;1473;32;352608256;52683560;76541837
1527464603421;1341;1482;32;352608256;52684018;76542872
1527464603521;1351;1492;33;352608256;52684476;76543906
1527464603621;1361;1504;34;352608256;52684934;76544940
1527464603721;1371;1514;34;352608256;52685392;76545975
1527464603821;1381;1524;34;352608256;52685850;76547007
1527464603921;1391;1534;34;352608256;52686537;76548559
1527464604021;1401;1543;34;352608256;52686995;76549595
1527464604121;1411;1554;34;352608256;52687453;76550631
1527464604221;1421;1565;34;352608256;52687911;76551669
1527464604321;1431;1574;34;352608256;52688369;76552704
1527464604421;1441;1584;34;352608256;52688827;76553740
1527464604521;1451;1596;34;352608256;52689285;76554776
1527464604621;1461;1610;35;352608256;52689743;76555813
1527464604721;1471;1620;35;352608256;52690201;76557310
1527464604821;1481;1630;35;352608256;52690888;76558397
1527464604921;1491;1639;35;352608256;52691346;76559433
1527464605021;1501;1650;35;352608256;52691804;76560468
1527464605121;1511;1660;35;352608256;52692385;76561558
1527464605221;1521;1669;35;352608256;52692959;76562704
1527464605321;1531;1680;35;352608256;52693417;76563738
1527464605421;1541;1689;36;352608256;52694104;76565286
1527464605521;1551;1698;36;352608256;52694562;76566319
1527464605621;1561;1707;37;352608256;52695020;76567355
1527464605721;1571;1717;37;352608256;52695478;76568392
1527464605821;1581;1729;37;352608256;52695936;76569428
1527464605921;1591;1739;37;352608256;52696394;76570464
1527464606021;1601;1749;37;352608256;52697081;76572015
1527464606121;1611;1758;37;352608256;52697539;76573049
1527464606221;1621;1768;37;352608256;52697997;76574079
1527464606321;1631;1777;37;352608256;52698455;76575114
1527464606421;1641;1790;38;352608256;52698913;76576149
1527464606521;1651;1799;38;352608256;52699371;76577182
1527464606621;1661;1810;38;352608256;52699829;76578216
1527464606721;1671;1820;38;352608256;52700516;76579769
1527464606821;1681;1829;38;352608256;52700974;76580804
1527464606921;1691;1839;38;352608256;52701432;76581838
1527464607021;1701;1849;38;352608256;52701890;76582874
1527464607121;1711;1859;38;352608256;52702348;76583908
1527464607221;1721;1869;39;352608256;52702806;76584944
1527464607321;1731;1878;39;352608256;52703493;76586498
1527464607421;1741;1891;39;352608256;52703951;76587533
1527464607521;1751;1905;39;352608256;52704409;76588570
1527464607621;1761;1914;39;352608256;52704867;76589602
1527464607721;1771;1924;39;352608256;52705325;76590638
1527464607821;1781;1934;39;352608256;52706012;76592188
1527464607921;1791;1947;39;352608256;52706470;76593222
1527464608021;1801;1956;39;352608256;52706928;76594258
1527464608121;1811;1966;39;352608256;52707386;76595292
1527464608221;1821;1976;39;352608256;52707844;76596328
1527464608321;1831;1986;39;352608256;52708302;76597364
1527464608421;1841;1996;39;352608256;52708989;76598916
1527464608521;1851;2006;39;352608256;52709447;76599951
1527464608621;1861;2016;39;352608256;52709905;76600988
1527464608721;1871;2025;39;352608256;52710363;76602023
1527464608821;1881;2035;39;352608256;52710821;76603057
1527464608921;1891;2046;39;352608256;52711279;76604090
1527464609021;1901;2055;40;352608256;52711737;76605122
1527464609121;1911;2065;40;352608256;52712424;76606678
1527464609221;1921;2075;40;352608256;52712653;76607484
1527464609321;1931;2086;40;352608256;52713340;76608748
1527464609421;1941;2095;41;352608256;52713798;76609784
1527464609521;1951;2104;41;352608256;52714256;76610820
1527464609621;1961;2115;41;352608256;52714714;76611855
1527464609721;1971;2125;41;352608256;52715172;76612888
1527464609821;1981;2141;41;352608256;52715869;76614034
1527464609921;1991;2151;41;352608256;52716377;76615070
1527464610021;2001;2160;41;352608256;52716835;76616105
1527464610121;2011;2170;41;352608256;52717568;76617608
1527464610221;2021;2180;41;352608256;52718026;76618694
1527464610321;2031;2190;41;352608256;52718530;76619731
1527464610421;2041;2200;41;352608256;52718988;76620765
1527464610521;2051;2209;41;352608256;52719446;76621800
1527464610621;2061;2218;41;352608256;52720133;76623353
1527464610721;2071;2227;42;352608256;52720591;76624386
1527464610821;2081;2236;42;352608256;52721049;76625422
1527464610921;2091;2246;42;352608256;52721507;76626458
1527464611021;2101;2256;42;352608256;52721965;76627492
1527464611121;2111;2265;42;352608256;52722423;76628522
1527464611221;2121;2275;42;352608256;52722881;76629845
1527464611321;2131;2284;42;352608256;52723568;76631104
1527464611421;2141;2293;42;352608256;52724026;76632140
1527464611521;2151;2303;42;352608256;52724484;76633174
1527464611621;2161;2313;42;352608256;52724942;76634210
1527464611721;2171;2323;42;352608256;52725400;76635244
1527464611821;2181;2332;42;352608256;52726087;76636800
1527464611921;2191;2344;42;352608256;52726545;76637834
1527464612021;2201;2354;42;352608256;52727003;76638870
1527464612121;2211;2364;42;352608256;52727461;76639904
1527464612221;2221;2373;43;352608256;52727919;76640940
1527464612321;2231;2383;43;352608256;52728606;76642492
1527464612421;2241;2392;43;352608256;52729064;76643525
1527464612521;2251;2402;43;352608256;52729522;76644557
1527464612622;2261;2411;43;352608256;52729980;76645593
1527464612722;2271;2422;43;352608256;52730438;76646629
1527464612822;2281;2431;43;352608256;52730896;76647663
1527464612922;2291;2442;43;352608256;52731583;76649218
1527464613022;2301;2452;43;352608256;52732041;76650251
1527464613122;2311;2463;43;352608256;52732499;76651282
1527464613222;2321;2480;43;352608256;52732957;76652316
1527464613322;2331;2497;44;352608256;52733415;76653348
1527464613422;2341;2506;44;352608256;52733873;76654383
1527464613522;2351;2515;44;352608256;52734331;76655417
1527464613622;2361;2528;44;352608256;52735018;76656969
1527464613722;2371;2537;44;352608256;52735476;76658003
1527464613822;2381;2548;44;352608256;52735934;76659036
1527464613922;2391;2558;44;352608256;52736392;76660070
1527464614022;2401;2566;45;352608256;52737079;76661620
1527464614122;2411;2576;45;352608256;52737537;76662655
1527464614222;2421;2586;45;352608256;52737995;76663689
1527464614322;2431;2595;46;352608256;52738453;76664721
1527464614422;2441;2605;46;352608256;52739379;76666383
1527464614522;2451;2615;46;352608256;52739837;76667418
1527464614622;2461;2625;46;352608256;52740295;76668454
1527464614722;2471;2635;46;352608256;52740753;76669488
1527464614822;2481;2646;47;352608256;52741440;76671038
1527464614922;2491;2656;47;352608256;52741898;76672072
1527464615022;2501;2667;47;352608256;52742356;76673106
1527464615122;2511;2677;47;352608256;52742814;76674141
1527464615222;2521;2687;47;352608256;52743501;76675687
1527464615322;2531;2698;47;352608256;52743959;76676719
1527464615422;2541;2707;48;352608256;52744417;76677750
1527464615522;2551;2717;48;352608256;52744875;76678783
1527464615622;2561;2727;48;352608256;52745562;76680336
1527464615723;2571;2737;48;352608256;52746020;76681368
1527464615824;2581;2746;48;352608256;52746478;76682406
1527464615925;2591;2757;48;352608256;52746936;76683439
1527464616026;2601;2765;48;352608256;52747623;76684987
1527464616127;2612;2776;48;352608256;52748081;76686024
1527464616228;2622;2786;48;352608256;52748539;76687056
1527464616328;2632;2797;48;352608256;52749226;76688608
1527464616429;2642;2806;48;352608256;52749684;76689644
1527464616530;2652;2818;48;352608256;52750142;76690681
1527464616631;2662;2828;48;352608256;52750600;76691713
1527464616732;2672;2837;48;352608256;52751287;76693267
1527464616833;2682;2846;49;352608256;52751745;76694305
1527464616934;2692;2857;49;352608256;52752203;76695338
1527464617035;2702;2868;49;352608256;52752661;76696371
1527464617136;2712;2876;49;352608256;52753348;76697923
1527464617237;2723;2887;49;352608256;52753806;76698958
1527464617338;2733;2897;49;352608256;52754264;76699994
1527464617439;2743;2906;49;352608256;52754951;76701547
1527464617540;2753;2915;50;352608256;52755409;76702581
1527464617641;2763;2924;50;352608256;52755867;76703614
1527464617742;2773;2934;50;352608256;52756554;76705166
1527464617842;2783;2943;50;352608256;52756887;76706150
1527464617942;2793;2951;50;352608256;52757470;76707236
1527464618043;2803;2960;50;352608256;52758060;76708269
1527464618143;2813;2970;50;352608256;52758518;76709305
1527464618244;2823;2980;50;352608256;52758976;76710341
1527464618345;2833;2990;50;352608256;52759663;76711894
1527464618446;2843;3001;50;352608256;52760121;76712926
1527464618546;2853;3010;51;352608256;52760579;76713959
1527464618646;2863;3020;51;352608256;52761037;76714991
1527464618746;2873;3031;51;352608256;52761724;76716543
1527464618846;2884;3045;51;352608256;52762421;76717691
1527464618946;2894;3058;51;352608256;52762879;76718727
1527464619046;2904;3068;51;352608256;52763337;76719761
1527464619146;2914;3081;51;352608256;52764024;76721314
1527464619246;2924;3091;51;352608256;52764482;76722349
1527464619346;2934;3100;51;352608256;52764940;76723387
1527464619446;2944;3110;51;352608256;52765627;76724936
1527464619546;2954;3120;51;352608256;52766085;76725972
1527464619646;2964;3130;51;352608256;52766543;76727007
1527464619746;2974;3141;51;352608256;52767001;76728045
1527464619846;2984;3149;52;352608256;52767688;76729593
1527464619946;2994;3161;52;352608256;52768146;76730627
1527464620046;3004;3169;53;352608256;52768604;76731662
1527464620146;3014;3179;53;352608256;52769062;76732696
1527464620246;3024;3187;55;352608256;52769749;76734247
1527464620346;3034;3197;55;352608256;52770207;76735278
1527464620446;3044;3207;55;352608256;52770665;76736316
1527464620546;3054;3217;55;352608256;52771227;76737816
1527464620646;3064;3226;56;352608256;52771810;76738902
1527464620746;3074;3235;56;352608256;52772268;76739937
1527464620846;3084;3247;57;352608256;52772726;76740972
1527464620946;3094;3257;57;352608256;52773413;76742526
1527464621046;3104;3267;57;352608256;52773871;76743562
1527464621146;3114;3277;58;352608256;52774329;76744599
1527464621246;3124;3287;58;352608256;52775016;76746148
1527464621346;3134;3296;58;352608256;52775474;76747182
1527464621446;3144;3306;58;352608256;52775932;76748217
1527464621546;3154;3315;58;352608256;52776390;76749251
1527464621646;3164;3325;58;352608256;52777077;76750802
1527464621746;3174;3335;58;352608256;52777535;76751839
1527464621846;3184;3344;59;352608256;52777993;76752873
1527464621946;3194;3354;59;352608256;52778451;76753910
1527464622046;3204;3364;59;352608256;52779138;76755461
1527464622146;3214;3374;59;352608256;52779596;76756494
1527464622246;3224;3384;59;352608256;52780054;76757530
1527464622346;3234;3394;59;352608256;52780741;76759085
1527464622446;3244;3403;60;352608256;52781199;76760120
1527464622546;3254;3412;60;352608256;52781657;76761154
1527464622646;3264;3422;60;352608256;52782344;76762706
1527464622746;3274;3431;60;352608256;52782802;76763739
1527464622846;3284;3441;60;352608256;52783260;76764775
1527464622946;3294;3450;60;352608256;52783718;76765812
1527464623046;3304;3463;60;352608256;52784405;76767362
1527464623146;3314;3473;60;352608256;52784863;76768396
1527464623246;3324;3483;60;352608256;52785560;76769543
1527464623346;3334;3494;60;352608256;52786247;76771098
1527464623446;3344;3505;60;352608256;52786705;76772130
1527464623546;3354;3514;60;352608256;52787163;76773164
1527464623646;3364;3526;60;352608256;52787621;76774199
1527464623746;3374;3534;61;352608256;52788308;76775754
1527464623846;3384;3544;61;352608256;52788766;76776789
1527464623946;3394;3554;61;352608256;52789224;76777823
1527464624046;3404;3564;61;352608256;52789911;76779370
1527464624146;3414;3575;61;352608256;52790369;76780406
1527464624246;3424;3585;61;352608256;52790827;76781440
1527464624346;3434;3595;61;352608256;52791285;76782473
1527464624446;3444;3605;61;352608256;52791972;76784024
1527464624546;3454;3615;61;352608256;52792430;76785059
1527464624646;3464;3625;61;352608256;52792888;76786095
1527464624746;3474;3635;61;352608256;52793575;76787647
1527464624846;3484;3645;61;352608256;52794083;76788681
1527464624946;3494;3654;61;352608256;52794587;76789716
1527464625046;3504;3664;61;352608256;52795274;76791266
1527464625146;3514;3673;61;352608256;52796166;76792299
1527464625246;3524;3683;61;352608256;52796624;76793334
1527464625346;3534;3693;61;352608256;52797082;76794369
1527464625446;3544;3702;61;352608256;52797769;76795918
1527464625546;3554;3712;61;352608256;52798227;76796953
1527464625646;3564;3721;61;352608256;52798685;76797986
1527464625746;3574;3733;61;352608256;52799372;76799538
1527464625846;3584;3742;61;352608256;52799830;76800574
1527464625946;3594;3753;61;352608256;52800288;76801608
1527464626046;3604;3763;61;352608256;52800746;76803106
1527464626146;3614;3772;61;352608256;52801433;76804195
1527464626246;3624;3782;61;352608256;52801891;76805229
1527464626346;3634;3792;61;352608256;52802349;76806263
1527464626446;3644;3801;61;352608256;52803036;76807813
1527464626546;3654;3811;61;352608256;52803494;76808850
1527464626646;3664;3820;61;352608256;52803952;76809884
1527464626746;3674;3831;61;352608256;52804639;76811436
1527464626846;3684;3840;61;352608256;52805097;76812471
1527464626946;3694;3850;61;352608256;52805555;76813503
1527464627046;3704;3859;61;352608256;52806013;76814538
1527464627146;3714;3869;61;352608256;52806700;76816090
1527464627246;3724;3878;61;352608256;52807158;76817122
1527464627346;3734;3888;61;352608256;52807616;76818157
1527464627446;3744;3897;62;352608256;52808303;76819711
1527464627546;3754;3907;62;352608256;52808884;76820798
1527464627646;3764;3916;62;352608256;52809458;76821944
1527464627746;3774;3926;62;352608256;52810145;76823497
1527464627846;3784;3934;63;352608256;52810603;76824534
1527464627946;3794;3944;63;352608256;52811061;76825569
1527464628046;3804;3954;63;352608256;52811519;76826605
1527464628146;3814;3963;64;352608256;52812206;76828159
1527464628246;3824;3974;64;352608256;52812664;76829195
1527464628346;3834;3984;64;352608256;52813122;76830230
1527464628446;3844;3994;64;352608256;52813580;76831263
1527464628546;3854;4005;64;352608256;52814267;76832814
1527464628646;3864;4014;64;352608256;52814725;76833851
1527464628746;3874;4026;64;352608256;52815183;76834884
1527464628846;3884;4035;64;352608256;52815870;76836437
1527464628946;3894;4045;64;352608256;52816328;76837472
1527464629046;3904;4055;65;352608256;52816786;76838507
1527464629146;3914;4065;65;352608256;52817473;76840059
1527464629246;3924;4074;65;352608256;52817931;76841093
1527464629346;3934;4085;65;352608256;52818389;76842128
1527464629446;3944;4095;65;352608256;52818847;76843162
1527464629546;3954;4105;65;352608256;52819534;76844714
1527464629646;3964;4115;65;352608256;52819992;76845749
1527464629746;3974;4130;65;352608256;52820450;76846784
1527464629846;3984;4143;65;352608256;52820908;76847814
1527464629946;3994;4153;65;352608256;52821366;76848850
1527464630046;4004;4162;66;352608256;52821824;76849887
1527464630146;4014;4178;66;352608256;52822053;76850403
1527464630246;4024;4189;66;352608256;52822511;76851440
1527464630346;4034;4198;67;352608256;52822969;76852476
1527464630446;4044;4207;68;352608256;52823656;76854029
1527464630546;4054;4218;68;352608256;52824114;76855063
1527464630646;4064;4226;69;352608256;52824572;76856100
1527464630746;4074;4236;69;352608256;52825030;76857132
1527464630846;4084;4247;70;352608256;52825717;76858684
1527464630946;4094;4257;71;352608256;52826175;76859719
1527464631046;4104;4268;71;352608256;52826633;76860756
1527464631146;4114;4278;71;352608256;52827091;76861796
1527464631246;4124;4288;72;352608256;52827778;76863346
1527464631346;4134;4297;72;352608256;52828236;76864377
1527464631446;4144;4308;72;352608256;52828694;76865410
1527464631546;4154;4318;72;352608256;52829152;76866442
1527464631646;4164;4329;72;352608256;52829839;76867993
1527464631746;4174;4338;72;352608256;52830297;76869028
1527464631846;4184;4348;72;352608256;52830755;76870061
1527464631946;4194;4359;72;352608256;52831442;76871615
1527464632046;4204;4369;72;352608256;52832023;76872650
1527464632146;4214;4378;72;352608256;52832597;76873797
1527464632246;4224;4389;72;352608256;52833055;76874833
1527464632346;4234;4399;72;352608256;52833742;76876383
1527464632446;4244;4411;73;352608256;52833971;76876897
1527464632546;4254;4421;74;352608256;52834658;76878449
1527464632646;4264;4433;74;352608256;52834991;76879433
1527464632746;4274;4443;74;352608256;52835574;76880516
1527464632846;4284;4454;74;352608256;52835803;76881035
1527464632946;4294;4464;75;352608256;52836490;76882586
1527464633046;4304;4474;75;352608256;52836948;76883618
1527464633146;4314;4486;75;352608256;52837406;76884654
1527464633246;4324;4497;75;352608256;52837864;76885688
1527464633346;4334;4507;75;352608256;52838322;76886721
1527464633446;4344;4519;75;352608256;52838884;76888221
1527464633546;4354;4530;75;352608256;52839467;76889303
1527464633646;4364;4539;75;352608256;52839925;76890335
1527464633746;4374;4549;76;352608256;52840383;76891371
1527464633846;4384;4561;76;352608256;52840841;76892405
1527464633946;4394;4570;77;352608256;52841299;76893442
1527464634046;4404;4580;78;352608256;52841757;76894476
1527464634146;4414;4590;78;352608256;52842215;76895510
1527464634246;4424;4601;78;352608256;52842673;76896544
1527464634346;4434;4612;78;352608256;52843360;76898094
1527464634446;4444;4623;79;352608256;52843818;76899127
1527464634546;4454;4634;79;352608256;52844276;76900159
1527464634646;4464;4645;79;352608256;52844734;76901193
1527464634746;4474;4655;79;352608256;52845192;76902226
1527464634846;4484;4668;79;352608256;52845650;76903261
1527464634946;4494;4680;79;352608256;52846108;76904296
1527464635046;4504;4689;80;352608256;52846566;76905329
1527464635146;4514;4700;80;352608256;52847024;76906361
1527464635246;4524;4712;80;352608256;52847482;76907393
1527464635346;4534;4723;80;352608256;52848169;76908946
1527464635446;4544;4732;80;352608256;52848627;76909980
1527464635546;4554;4743;80;352608256;52849085;76911013
1527464635646;4564;4755;80;352608256;52849543;76912049
1527464635746;4574;4765;80;352608256;52850001;76913079
1527464635846;4584;4777;81;352608256;52850459;76914113
1527464635946;4594;4788;81;352608256;52850917;76915147
1527464636046;4604;4797;81;352608256;52851604;76916698
1527464636146;4614;4809;81;352608256;52852062;76917730
1527464636246;4624;4819;81;352608256;52852520;76918764
1527464636346;4634;4829;81;352608256;52852978;76919798
1527464636446;4644;4841;81;352608256;52853436;76920835
1527464636546;4654;4851;81;352608256;52853894;76921869
1527464636646;4664;4863;81;352608256;52854352;76922904
1527464636746;4674;4874;82;352608256;52855162;76924456
1527464636846;4684;4886;82;352608256;52855736;76925601
1527464636946;4694;4896;82;352608256;52856194;76926633
1527464637046;4704;4906;82;352608256;52856652;76927667
1527464637146;4714;4915;83;352608256;52857110;76928700
1527464637246;4724;4929;83;352608256;52857568;76930198
1527464637346;4734;4940;83;352608256;52858255;76931285
1527464637446;4744;4950;83;352608256;52858713;76932320
1527464637546;4754;4961;83;352608256;52859171;76933353
1527464637646;4764;4970;83;352608256;52859629;76934388
1527464637746;4774;4980;84;352608256;52860316;76935935
1527464637846;4784;4991;84;352608256;52860774;76936969
1527464637946;4794;5001;84;352608256;52861232;76938003
1527464638046;4804;5012;84;352608256;52861690;76939036
1527464638146;4814;5022;84;352608256;52862148;76940070
1527464638246;4824;5032;85;352608256;52862710;76941570
1527464638346;4834;5040;86;352608256;52863293;76942656
1527464638446;4844;5051;86;352608256;52863751;76943693
1527464638546;4854;5060;87;352608256;52864209;76944726
1527464638646;4864;5069;88;352608256;52864771;76946227
1527464638746;4874;5081;89;352608256;52865125;76947259
1527464638846;4884;5091;89;352608256;52865812;76948342
1527464638946;4894;5100;90;352608256;52866270;76949376
1527464639046;4904;5110;90;352608256;52866728;76950406
1527464639146;4914;5120;90;352608256;52867186;76951443
1527464639246;4924;5131;90;352608256;52867873;76952998
1527464639346;4934;5140;90;352608256;52868331;76954033
1527464639446;4944;5152;90;352608256;52868789;76955067
1527464639546;4954;5162;90;352608256;52869247;76956103
1527464639646;4964;5173;90;352608256;52869705;76957139
1527464639746;4974;5183;90;352608256;52870163;76958174
1527464639846;4984;5194;90;352608256;52870900;76959726
1527464639946;4994;5205;90;352608256;52871358;76960758
1527464640046;5004;5215;90;352608256;52871816;76961794
1527464640146;5014;5224;91;352608256;52872320;76962824
1527464640246;5024;5234;91;352608256;52872778;76963856
1527464640346;5034;5245;91;352608256;52873282;76964890
1527464640446;5044;5256;91;352608256;52873740;76965924
1527464640546;5054;5265;91;352608256;52874427;76967476
1527464640646;5064;5280;91;352608256;52874885;76968509
1527464640746;5074;5290;91;352608256;52875343;76969542
1527464640846;5084;5301;91;352608256;52875801;76970572
1527464640946;5094;5312;91;352608256;52876259;76971602
1527464641046;5104;5322;91;352608256;52876946;76973149
1527464641146;5114;5332;92;352608256;52877404;76974183
1527464641246;5124;5342;93;352608256;52877862;76975219
1527464641346;5134;5352;94;352608256;52878443;76976255
1527464641446;5144;5360;95;352608256;52879017;76977404
1527464641546;5154;5372;95;352608256;52879475;76978436
1527464641646;5164;5381;96;352608256;52879933;76979470
1527464641746;5174;5393;96;352608256;52880620;76981018
1527464641846;5184;5403;96;352608256;52881078;76982052
1527464641946;5194;5413;97;352608256;52881536;76983085
1527464642046;5204;5423;97;352608256;52881994;76984119
1527464642146;5214;5433;97;352608256;52882681;76985671
1527464642246;5224;5444;97;352608256;52883139;76986702
1527464642346;5234;5455;98;352608256;52883597;76987736
1527464642446;5244;5466;99;352608256;52884055;76988774
1527464642546;5254;5477;99;352608256;52884513;76989805
1527464642646;5264;5496;99;352608256;52884971;76990842
1527464642747;5274;5507;100;352608256;52885429;76992173
1527464642848;5284;5517;100;352608256;52886116;76993437
1527464642949;5294;5528;100;352608256;52886574;76994470
1527464643050;5304;5537;101;352608256;52887032;76995502
1527464643151;5314;5547;101;352608256;52887490;76996534
1527464643252;5324;5562;101;352608256;52888177;76998090
1527464643353;5334;5573;101;352608256;52888635;76999131
1527464643454;5344;5583;101;352608256;52889093;77000165
1527464643555;5354;5593;101;352608256;52889551;77001198
1527464643656;5364;5602;101;352608256;52890238;77002751
1527464643757;5375;5614;101;352608256;52890696;77003789
1527464643858;5385;5625;101;352608256;52891154;77004823
1527464643959;5395;5633;103;352608256;52891612;77005859
1527464644060;5405;5643;103;352608256;52892299;77007412
1527464644161;5415;5654;103;352608256;52892757;77008447
1527464644262;5425;5666;103;352608256;52893215;77009483
1527464644363;5435;5675;104;352608256;52893673;77010518
1527464644464;5445;5686;104;352608256;52894235;77012020
1527464644565;5455;5695;104;352608256;52894818;77013107
1527464644666;5465;5706;105;352608256;52895276;77014141
1527464644767;5476;5717;105;352608256;52895734;77015176
1527464644868;5486;5727;105;352608256;52896192;77016212
1527464644968;5496;5738;105;352608256;52896879;77017766
1527464645069;5506;5749;105;352608256;52897337;77018801
1527464645170;5516;5761;105;352608256;52897795;77019838
1527464645270;5526;5771;105;352608256;52898253;77020872
1527464645370;5536;5782;105;352608256;52898940;77022424
1527464645470;5546;5792;105;352608256;52899398;77023462
1527464645571;5556;5802;105;352608256;52899856;77024496
1527464645672;5566;5812;105;352608256;52900314;77025529
1527464645772;5576;5823;105;352608256;52901001;77027084
1527464645873;5586;5833;105;352608256;52901582;77028120
1527464645974;5596;5842;106;352608256;52902156;77029266
1527464646075;5606;5852;106;352608256;52902614;77030305
1527464646175;5616;5865;106;352608256;52903301;77031856
1527464646276;5626;5874;106;352608256;52903759;77032890
1527464646376;5636;5884;107;352608256;52904217;77033928
1527464646476;5646;5894;107;352608256;52904675;77034963
1527464646576;5656;5905;107;352608256;52905133;77036285
1527464646676;5667;5914;107;352608256;52905820;77037549
1527464646776;5677;5923;108;352608256;52906278;77038587
1527464646876;5687;5932;108;352608256;52906736;77039620
1527464646976;5697;5944;108;352608256;52907194;77041120
1527464647076;5707;5953;109;352608256;52907881;77042208
1527464647176;5717;5963;109;352608256;52908339;77043246
1527464647276;5727;5973;109;352608256;52908797;77044283
1527464647376;5737;5985;109;352608256;52909255;77045314
1527464647476;5747;5994;109;352608256;52909942;77046868
1527464647576;5757;6005;109;352608256;52910400;77047907
1527464647676;5767;6017;109;352608256;52910858;77048942
1527464647776;5777;6027;109;352608256;52911316;77049973
1527464647876;5787;6036;109;352608256;52912003;77051520
1527464647976;5797;6046;109;352608256;52912461;77052553
1527464648076;5807;6056;109;352608256;52912919;77053588
1527464648176;5817;6064;110;352608256;52913377;77054623
1527464648276;5827;6075;110;352608256;52914064;77056195
1527464648376;5837;6085;110;352608256;52914522;77057247
1527464648476;5847;6095;110;352608256;52914980;77058296
1527464648576;5857;6105;110;352608256;52915438;77059346
1527464648677;5867;6117;111;352608256;52916125;77060919
1527464648778;5877;6126;111;352608256;52916583;77061965
1527464648879;5887;6136;111;352608256;52917041;77063009
1527464648980;5897;6146;111;352608256;52917499;77064054
1527464649081;5907;6155;112;352608256;52918186;77065621
1527464649182;5917;6164;113;352608256;52918644;77066668
1527464649283;5927;6173;113;352608256;52919102;77067713
1527464649384;5937;6183;113;352608256;52919560;77068759
1527464649484;5947;6193;113;352608256;52920247;77070326
1527464649585;5957;6204;113;352608256;52920705;77071373
1527464649686;5967;6213;113;352608256;52921163;77072419
1527464649786;5977;6222;114;352608256;52921850;77073986
1527464649886;5988;6231;114;352608256;52922308;77075032
1527464649986;5998;6242;114;352608256;52922766;77076079
1527464650086;6008;6252;114;352608256;52923224;77077125
1527464650186;6018;6263;114;352608256;52923911;77078693
1527464650286;6028;6273;115;352608256;52924369;77079738
1527464650386;6038;6282;116;352608256;52925066;77080894
1527464650486;6048;6292;116;352608256;52925524;77081940
1527464650586;6058;6304;116;352608256;52926211;77083504
1527464650686;6068;6314;116;352608256;52926669;77084542
1527464650786;6078;6325;116;352608256;52927127;77085579
1527464650886;6088;6335;116;352608256;52927585;77086615
1527464650986;6098;6345;116;352608256;52928043;77087649
1527464651086;6108;6355;116;352608256;52928730;77089204
1527464651186;6118;6365;116;352608256;52929188;77090245
1527464651286;6128;6375;116;352608256;52929646;77091283
1527464651386;6138;6385;116;352608256;52930104;77092321
1527464651486;6148;6395;116;352608256;52930562;77093826
1527464651586;6158;6404;117;352608256;52931249;77094916
1527464651686;6168;6413;117;352608256;52931707;77095949
1527464651786;6178;6423;117;352608256;52932165;77096990
1527464651886;6188;6433;117;352608256;52932623;77098028
1527464651986;6198;6444;117;352608256;52933310;77099584
1527464652086;6208;6454;117;352608256;52933768;77100621
1527464652186;6218;6464;117;352608256;52934226;77101660
1527464652286;6228;6474;117;352608256;52934684;77102697
1527464652386;6238;6485;117;352608256;52935371;77104251
1527464652486;6248;6495;117;352608256;52935829;77105288
1527464652586;6258;6505;117;352608256;52936287;77106326
1527464652686;6268;6516;117;352608256;52936745;77107361
1527464652786;6278;6526;117;352608256;52937432;77108916
1527464652886;6288;6537;117;352608256;52937890;77109952
1527464652986;6298;6547;117;352608256;52938348;77110991
1527464653086;6308;6557;117;352608256;52938806;77112030
1527464653186;6318;6567;117;352608256;52939493;77113586
1527464653286;6328;6577;117;352608256;52939951;77114625
1527464653386;6338;6587;117;352608256;52940409;77115663
1527464653486;6348;6597;117;352608256;52940867;77116699
1527464653586;6358;6607;117;352608256;52941554;77118255
1527464653686;6368;6617;117;352608256;52942012;77119294
1527464653786;6378;6627;117;352608256;52942470;77120332
1527464653886;6388;6637;117;352608256;52943157;77121890
1527464653986;6398;6645;118;352608256;52943615;77122926
1527464654086;6408;6655;118;352608256;52944073;77123965
1527464654186;6418;6664;118;352608256;52944531;77125002
1527464654286;6428;6674;118;352608256;52945218;77126558
1527464654386;6438;6684;118;352608256;52945676;77127595
1527464654486;6448;6694;118;352608256;52946134;77128634
1527464654586;6458;6704;118;352608256;52946592;77129675
1527464654686;6468;6713;119;352608256;52947279;77131233
1527464654786;6478;6724;119;352608256;52947860;77132272
1527464654886;6488;6733;119;352608256;52948484;77133420
1527464654986;6498;6746;119;352608256;52948942;77134459
1527464655086;6508;6756;119;352608256;52949675;77136013
1527464655186;6518;6767;119;352608256;52950521;77137048
1527464655286;6528;6777;119;352608256;52950979;77138086
1527464655386;6538;6791;119;352608256;52951437;77139125
1527464655486;6548;6800;119;352608256;52952170;77140681
1527464655586;6558;6810;119;352608256;52952628;77141716
1527464655686;6568;6820;119;352608256;52953086;77142755
1527464655786;6578;6830;119;352608256;52953544;77143793
1527464655886;6588;6840;119;352608256;52954231;77145349
1527464655986;6598;6850;119;352608256;52954689;77146383
1527464656086;6608;6860;119;352608256;52955147;77147420
1527464656186;6618;6869;119;352608256;52955834;77148976
1527464656286;6628;6878;120;352608256;52956292;77150013
1527464656386;6638;6889;120;352608256;52956750;77151048
1527464656486;6648;6899;120;352608256;52957208;77152083
1527464656586;6658;6910;120;352608256;52957895;77153638
1527464656686;6668;6920;120;352608256;52958353;77154675
1527464656786;6678;6930;120;352608256;52958811;77155713
1527464656886;6688;6940;121;352608256;52959269;77156751
1527464656986;6698;6950;121;352608256;52959956;77158307
1527464657086;6708;6959;121;352608256;52960414;77159345
1527464657186;6718;6969;122;352608256;52960872;77160383
1527464657286;6728;6979;122;352608256;52961559;77161941
1527464657386;6738;6989;122;352608256;52962017;77162980
1527464657486;6748;6998;122;352608256;52962475;77164014
1527464657586;6758;7007;123;352608256;52962933;77165051
1527464657686;6768;7016;123;352608256;52963620;77166606
1527464657786;6778;7026;123;352608256;52964078;77167641
1527464657886;6788;7036;123;352608256;52964536;77168676
1527464657986;6798;7045;123;352608256;52965223;77170230
1527464658086;6808;7055;123;352608256;52965681;77171269
1527464658186;6818;7065;123;352608256;52966139;77172307
1527464658286;6828;7074;124;352608256;52966597;77173345
1527464658386;6838;7083;124;352608256;52967284;77174899
1527464658486;6848;7093;124;352608256;52967742;77175934
1527464658586;6858;7103;124;352608256;52968200;77176968
1527464658686;6868;7113;124;352608256;52968658;77178007
1527464658786;6878;7123;124;352608256;52969345;77179561
1527464658886;6888;7132;125;352608256;52969803;77180599
1527464658986;6898;7141;125;352608256;52970261;77181633
1527464659086;6908;7151;125;352608256;52970719;77182671
1527464659186;6918;7161;125;352608256;52971529;77184224
1527464659286;6928;7170;126;352608256;52972103;77185374
1527464659386;6938;7180;126;352608256;52972561;77186411
1527464659486;6948;7190;126;352608256;52973019;77187447
1527464659586;6958;7198;127;352608256;52973477;77188486
1527464659686;6968;7208;127;352608256;52974164;77190044
1527464659786;6978;7219;127;352608256;52974622;77191080
1527464659886;6988;7228;127;352608256;52975080;77192121
1527464659986;6998;7238;127;352608256;52975538;77193159
1527464660086;7008;7247;127;352608256;52976225;77194715
1527464660186;7018;7257;127;352608256;52976683;77195753
1527464660286;7028;7269;127;352608256;52977141;77196790
1527464660386;7038;7278;127;352608256;52977599;77197828
1527464660486;7048;7288;127;352608256;52978057;77199332
1527464660586;7058;7296;128;352608256;52978744;77200417
1527464660686;7068;7306;129;352608256;52979202;77201456
1527464660786;7078;7319;129;352608256;52979660;77202495
1527464660886;7088;7328;129;352608256;52980118;77203533
1527464660986;7098;7338;129;352608256;52980805;77205084
1527464661086;7108;7350;129;352608256;52981263;77206121
1527464661186;7118;7362;129;352608256;52981721;77207156
1527464661286;7128;7372;129;352608256;52982179;77208660
1527464661386;7138;7381;130;352608256;52982866;77209748
1527464661486;7148;7390;130;352608256;52983324;77210787
1527464661586;7158;7400;131;352608256;52983782;77211825
1527464661686;7168;7411;131;352608256;52984469;77213378
1527464661786;7178;7421;131;352608256;52984927;77214416
1527464661886;7188;7430;131;352608256;52985385;77215456
1527464661986;7198;7440;131;352608256;52985843;77216491
1527464662086;7208;7451;131;352608256;52986530;77218050
1527464662186;7218;7461;131;352608256;52986988;77219088
1527464662286;7228;7471;131;352608256;52987446;77220124
1527464662386;7238;7479;132;352608256;52988008;77221627
1527464662486;7248;7490;132;352608256;52988591;77222719
1527464662586;7258;7499;132;352608256;52989049;77223755
1527464662686;7268;7510;132;352608256;52989507;77224795
1527464662786;7278;7520;132;352608256;52990194;77226351
1527464662886;7288;7529;132;352608256;52990652;77227387
1527464662986;7298;7539;132;352608256;52991110;77228425
1527464663086;7308;7550;132;352608256;52991568;77229463
1527464663186;7318;7560;132;352608256;52992255;77231021
1527464663286;7328;7570;132;352608256;52992713;77232057
1527464663386;7338;7579;132;352608256;52993171;77233098
1527464663486;7348;7588;133;352608256;52993858;77234652
1527464663586;7358;7599;133;352608256;52994316;77235688
1527464663686;7368;7611;133;352608256;52995013;77236837
1527464663786;7378;7620;133;352608256;52995471;77237874
1527464663886;7388;7631;133;352608256;52995929;77238910
1527464663986;7398;7641;133;352608256;52996616;77240469
1527464664086;7408;7650;133;352608256;52997074;77241509
1527464664186;7418;7660;133;352608256;52997532;77242546
1527464664286;7428;7674;133;352608256;52997990;77243583
1527464664386;7438;7687;133;352608256;52998219;77244100
1527464664486;7448;7697;133;352608256;52998677;77245603
1527464664586;7458;7709;133;352608256;52999364;77246692
1527464664686;7468;7718;134;352608256;52999822;77247727
1527464664786;7478;7728;134;352608256;53000280;77248768
1527464664886;7488;7739;134;352608256;53000738;77249805
1527464664986;7498;7750;134;352608256;53001425;77251359
1527464665086;7508;7759;134;352608256;53001883;77252397
1527464665186;7518;7770;134;352608256;53002341;77253431
1527464665286;7528;7780;134;352608256;53003028;77254989
1527464665386;7538;7792;134;352608256;53003486;77256025
1527464665486;7548;7801;135;352608256;53003944;77257061
1527464665586;7558;7811;135;352608256;53004402;77258097
1527464665686;7568;7821;135;352608256;53004860;77259135
1527464665786;7578;7832;135;352608256;53005547;77260688
1527464665886;7588;7842;135;352608256;53006005;77261723
1527464665986;7598;7853;135;352608256;53006463;77262761
1527464666086;7608;7863;135;352608256;53006921;77264084
1527464666186;7618;7874;135;352608256;53007379;77264832
1527464666286;7628;7886;135;352608256;53007837;77265867
1527464666386;7638;7897;135;352608256;53008524;77267424
1527464666486;7648;7908;135;352608256;53008982;77268459
1527464666586;7658;7918;136;352608256;53009440;77269496
1527464666686;7668;7928;136;352608256;53009898;77270535
1527464666786;7678;7936;137;352608256;53010356;77271573
1527464666886;7688;7948;137;352608256;53010814;77272611
1527464666986;7698;7958;137;352608256;53011501;77274166
1527464667086;7708;7969;137;352608256;53011959;77275205
1527464667186;7718;7979;137;352608256;53012417;77276242
1527464667286;7728;7988;138;352608256;53012875;77277275
1527464667386;7738;7999;138;352608256;53013333;77278311
1527464667486;7748;8010;138;352608256;53013791;77279352
1527464667586;7758;8020;138;352608256;53014478;77280910
1527464667686;7768;8030;139;352608256;53014936;77281945
1527464667786;7778;8040;139;352608256;53015394;77282983
1527464667886;7788;8051;140;352608256;53015852;77284019
1527464667986;7798;8061;140;352608256;53016310;77285057
1527464668086;7808;8071;141;352608256;53016768;77286093
1527464668186;7818;8082;141;352608256;53017455;77287651
1527464668286;7828;8092;141;352608256;53018152;77288803
1527464668386;7838;8103;141;352608256;53018610;77289839
1527464668486;7848;8113;141;352608256;53019068;77290874
1527464668586;7858;8123;142;352608256;53019526;77291910
1527464668686;7868;8134;142;352608256;53020213;77293463
1527464668786;7878;8147;142;352608256;53020671;77294502
1527464668886;7888;8157;142;352608256;53021129;77295541
1527464668986;7898;8169;142;352608256;53021587;77296579
1527464669086;7908;8179;142;352608256;53022045;77297614
1527464669186;7918;8188;142;352608256;53022503;77298650
1527464669286;7928;8200;142;352608256;53023190;77300204
1527464669386;7938;8211;142;352608256;53023648;77301239
1527464669486;7948;8221;142;352608256;53024106;77302275
1527464669586;7958;8230;143;352608256;53024564;77303312
1527464669686;7968;8240;143;352608256;53025022;77304349
1527464669786;7978;8249;144;352608256;53025480;77305386
1527464669886;7988;8262;144;352608256;53025988;77306423
1527464669986;7998;8272;144;352608256;53026721;77307978
1527464670086;8008;8284;144;352608256;53027179;77309016
1527464670186;8018;8293;144;352608256;53027637;77310052
1527464670286;8028;8302;145;352608256;53028095;77311090
1527464670386;8038;8315;145;352608256;53028782;77312648
1527464670486;8048;8326;145;352608256;53029286;77313683
1527464670586;8058;8335;145;352608256;53029744;77314720
1527464670686;8068;8347;146;352608256;53030202;77315757
1527464670786;8078;8357;146;352608256;53030660;77316795
1527464670886;8088;8366;146;352608256;53031347;77318353
1527464670986;8098;8376;146;352608256;53031805;77319390
1527464671086;8108;8386;146;352608256;53032263;77320427
1527464671186;8118;8396;146;352608256;53032721;77321462
1527464671286;8128;8406;146;352608256;53033179;77322502
1527464671386;8138;8416;146;352608256;53033866;77324058
1527464671486;8148;8428;146;352608256;53034324;77325095
1527464671586;8158;8438;146;352608256;53034782;77326132
1527464671686;8168;8448;146;352608256;53035240;77327170
1527464671786;8178;8458;146;352608256;53035698;77328207
1527464671886;8188;8468;146;352608256;53036385;77329766
1527464671986;8198;8479;146;352608256;53036843;77330801
1527464672086;8208;8488;147;352608256;53037301;77331834
1527464672186;8218;8500;147;352608256;53037759;77332870
1527464672286;8228;8510;147;352608256;53038217;77333914
1527464672386;8238;8522;147;352608256;53038675;77334968
1527464672486;8248;8532;147;352608256;53039362;77336545
1527464672586;8258;8543;147;352608256;53039820;77337594
1527464672686;8268;8553;147;352608256;53040278;77338646
1527464672786;8278;8563;147;352608256;53040736;77339696
1527464672886;8288;8574;147;352608256;53041433;77340856
1527464672986;8298;8585;147;352608256;53042120;77342432
1527464673086;8308;8594;147;352608256;53042578;77343479
1527464673186;8318;8604;147;352608256;53043036;77344525
1527464673286;8328;8616;147;352608256;53043494;77345572
1527464673386;8338;8627;147;352608256;53043952;77346621
1527464673486;8348;8637;147;352608256;53044639;77348189
1527464673586;8358;8649;147;352608256;53045097;77349235
1527464673686;8368;8659;147;352608256;53045555;77350283
1527464673786;8378;8669;147;352608256;53046013;77351333
1527464673886;8388;8680;147;352608256;53046471;77352381
1527464673986;8398;8690;147;352608256;53047158;77353947
1527464674086;8408;8703;147;352608256;53047616;77354994
1527464674186;8418;8714;148;352608256;53048074;77356040
1527464674286;8428;8723;148;352608256;53048532;77357085
1527464674386;8438;8733;148;352608256;53049219;77358655
1527464674486;8448;8743;148;352608256;53049677;77359704
1527464674586;8458;8753;148;352608256;53050135;77360748
1527464674686;8468;8763;148;352608256;53050593;77361798
1527464674786;8478;8772;149;352608256;53051051;77362845
1527464674886;8488;8782;149;352608256;53051738;77364414
1527464674986;8498;8794;149;352608256;53052196;77365463
1527464675086;8508;8804;149;352608256;53052654;77366512
1527464675186;8518;8816;149;352608256;53053112;77367557
1527464675286;8528;8826;149;352608256;53053570;77368604
1527464675386;8538;8835;150;352608256;53054257;77370174
1527464675486;8548;8845;150;352608256;53054715;77371224
1527464675586;8558;8854;150;352608256;53055173;77372270
1527464675686;8568;8863;151;352608256;53055631;77373788
1527464675786;8578;8873;151;352608256;53056318;77374886
1527464675886;8588;8883;151;352608256;53056776;77375931
1527464675986;8598;8893;151;352608256;53057234;77376977
1527464676086;8608;8904;151;352608256;53057921;77378544
1527464676186;8618;8914;151;352608256;53058379;77379593
1527464676286;8628;8924;151;352608256;53058837;77380639
1527464676386;8638;8936;151;352608256;53059295;77381687
1527464676486;8648;8946;151;352608256;53059982;77383261
1527464676586;8658;8955;151;352608256;53060440;77384313
1527464676686;8668;8966;151;352608256;53060898;77385362
1527464676786;8678;8979;151;352608256;53061356;77386406
1527464676886;8688;8987;152;352608256;53062043;77387976
1527464676986;8698;8998;152;352608256;53062501;77389022
1527464677086;8708;9008;152;352608256;53062959;77390069
1527464677186;8718;9018;152;352608256;53063417;77391111
1527464677286;8728;9029;152;352608256;53064227;77392669
1527464677386;8738;9039;152;352608256;53064801;77393817
1527464677486;8748;9049;152;352608256;53065259;77394853
1527464677586;8758;9059;152;352608256;53065717;77395888
1527464677686;8768;9070;152;352608256;53066404;77397438
1527464677786;8778;9080;152;352608256;53066862;77398474
1527464677886;8788;9091;152;352608256;53067320;77399511
1527464677986;8798;9102;152;352608256;53067778;77400545
1527464678086;8808;9114;152;352608256;53068465;77402097
1527464678186;8818;9130;152;352608256;53068923;77403131
1527464678286;8828;9149;152;352608256;53069381;77404166
1527464678386;8838;9163;152;353656832;53069839;77405199
1527464678486;8848;9173;152;353656832;53070297;77406239
1527464678586;8858;9184;152;353656832;53070984;77407791
1527464678686;8868;9196;152;353656832;53071442;77408826
1527464678786;8878;9206;152;353656832;53071900;77409862
1527464678886;8888;9216;152;353656832;53072358;77410895
1527464678986;8898;9227;152;353656832;53073045;77412445
1527464679086;8908;9236;153;353656832;53073503;77413483
1527464679186;8918;9246;153;353656832;53073961;77414515
1527464679286;8928;9257;153;353656832;53074419;77415553
1527464679386;8938;9266;153;353656832;53075106;77417111
1527464679486;8948;9277;153;353656832;53075564;77418146
1527464679586;8958;9287;153;353656832;53076022;77419182
1527464679686;8968;9299;153;353656832;53076480;77420213
1527464679786;8978;9309;153;353656832;53076938;77421250
1527464679886;8988;9319;153;353656832;53077625;77422803
1527464679986;8998;9329;155;353656832;53078083;77423839
1527464680086;9008;9339;155;353656832;53078541;77424877
1527464680186;9018;9349;155;353656832;53078999;77425914
1527464680286;9028;9360;155;353656832;53079457;77426949
1527464680386;9038;9370;156;353656832;53080144;77428505
1527464680486;9048;9379;157;353656832;53080602;77429540
1527464680586;9058;9389;157;353656832;53081060;77430573
1527464680686;9068;9399;157;353656832;53081518;77431607
1527464680786;9078;9409;157;353656832;53082205;77433158
1527464680886;9088;9419;157;353656832;53082663;77434194
1527464680986;9098;9429;157;353656832;53083121;77435232
1527464681086;9108;9438;158;353656832;53083579;77436267
1527464681186;9118;9448;158;353656832;53084266;77437819
1527464681286;9128;9459;158;353656832;53084724;77438857
1527464681386;9138;9469;158;353656832;53085182;77439894
1527464681486;9148;9484;158;353656832;53085640;77440930
1527464681586;9158;9499;158;353656832;53086098;77441962
1527464681686;9168;9509;158;353656832;53086785;77443517
1527464681786;9178;9518;158;353656832;53087366;77444605
1527464681886;9188;9529;158;353656832;53087940;77445752
1527464681986;9198;9538;158;353656832;53088398;77446783
1527464682086;9208;9546;160;353656832;53089085;77448339
1527464682186;9218;9557;160;353656832;53089543;77449371
1527464682286;9228;9569;160;353656832;53090001;77450407
1527464682386;9238;9580;160;353656832;53090459;77451445
1527464682486;9248;9590;160;353656832;53091146;77452998
1527464682586;9258;9600;160;353656832;53091604;77454034
1527464682686;9268;9610;160;353656832;53092062;77455071
1527464682786;9278;9621;160;353656832;53092520;77456110
1527464682886;9288;9630;160;353656832;53093207;77457662
1527464682986;9298;9640;160;353656832;53093665;77458697
1527464683086;9308;9650;160;353656832;53094123;77459734
1527464683186;9318;9659;160;353656832;53094581;77460769
1527464683286;9328;9670;160;353656832;53095268;77462325
1527464683386;9338;9681;160;353656832;53095726;77463361
1527464683486;9348;9690;161;353656832;53096184;77464396
1527464683586;9358;9700;161;353656832;53096642;77465434
1527464683686;9368;9711;161;353656832;53097329;77466989
1527464683786;9378;9721;161;353656832;53097787;77468027
1527464683886;9388;9730;162;353656832;53098245;77469065
1527464683986;9398;9740;162;353656832;53098703;77470567
1527464684086;9408;9750;162;353656832;53099390;77471654
1527464684186;9418;9760;162;353656832;53099848;77472692
1527464684286;9428;9771;162;353656832;53100306;77473727
1527464684386;9438;9781;162;353656832;53100993;77475281
1527464684486;9448;9791;162;353656832;53101451;77476316
1527464684586;9458;9801;162;353656832;53101909;77477351
1527464684686;9468;9810;162;353656832;53102596;77478904
1527464684786;9478;9820;162;353656832;53103054;77479942
1527464684886;9488;9829;162;353656832;53103562;77480979
1527464684986;9498;9842;162;353656832;53104066;77482017
1527464685086;9508;9852;162;353656832;53104753;77483571
1527464685186;9518;9861;162;353656832;53105645;77484607
1527464685286;9528;9870;164;353656832;53106103;77485646
1527464685386;9538;9879;165;353656832;53106561;77486681
1527464685486;9548;9887;166;353656832;53107248;77488238
1527464685586;9558;9898;166;353656832;53107706;77489273
1527464685686;9568;9909;166;353656832;53108164;77490311
1527464685786;9578;9919;166;353656832;53108622;77491343
1527464685886;9588;9928;166;353656832;53109309;77492895
1527464685986;9598;9940;166;353656832;53109767;77493932
1527464686086;9608;9950;166;353656832;53110225;77494968
1527464686186;9618;9960;166;353656832;53111035;77496524
1527464686286;9628;9970;166;353656832;53111609;77497672
1527464686386;9638;9980;166;353656832;53112067;77498706
1527464686486;9648;9990;166;353656832;53112525;77499744
1527464686586;9658;9999;166;353656832;53113212;77501299
1527464686686;9668;10009;166;353656832;53113670;77502335
1527464686786;9678;10019;166;353656832;53114128;77503371
1527464686886;9688;10028;166;353656832;53114690;77504871
1527464686986;9698;10038;166;353656832;53115273;77505959
1527464687086;9708;10049;166;353656832;53115731;77506996
1527464687186;9718;10059;166;353656832;53116189;77508034
1527464687286;9728;10070;166;353656832;53116876;77509587
1527464687386;9738;10080;167;353656832;53117334;77510625
1527464687486;9748;10090;167;353656832;53117792;77511662
1527464687586;9758;10102;167;353656832;53118250;77512699
1527464687686;9768;10112;167;353656832;53118937;77514255
1527464687786;9778;10122;167;353656832;53119395;77515295
1527464687886;9788;10132;167;353656832;53119853;77516330
1527464687986;9798;10142;167;353656832;53120311;77517369
1527464688086;9808;10152;167;353656832;53120998;77518923
1527464688186;9818;10162;167;353656832;53121456;77519962
1527464688286;9828;10174;167;353656832;53121914;77520999
1527464688386;9838;10184;167;353656832;53122372;77522035
1527464688486;9848;10194;167;353656832;53123059;77523589
1527464688586;9858;10204;168;353656832;53123517;77524625
1527464688686;9868;10214;168;353656832;53123975;77525661
1527464688786;9878;10225;168;353656832;53124433;77526699
1527464688886;9888;10235;168;353656832;53125120;77528254
1527464688986;9898;10245;168;353656832;53125578;77529290
1527464689086;9908;10255;168;353656832;53126036;77530329
1527464689186;9918;10265;168;353656832;53126723;77531882
1527464689286;9928;10275;168;353656832;53127181;77532918
1527464689386;9938;10285;168;353656832;53127639;77533956
1527464689486;9948;10297;168;353656832;53128097;77534995
1527464689586;9958;10307;168;353656832;53128784;77536549
1527464689686;9968;10317;168;353656832;53129242;77537585
1527464689786;9978;10327;168;353656832;53129700;77538619
1527464689886;9988;10338;168;353656832;53130158;77539654
1527464689986;9998;10348;168;353656832;53130845;77541208
1527464690086;10008;10358;168;353656832;53131303;77542243
1527464690186;10018;10367;168;353656832;53131761;77543282
1527464690286;10028;10377;168;353656832;53132219;77544319
1527464690386;10038;10388;168;353656832;53132906;77545873
1527464690486;10048;10399;168;353656832;53133364;77546909
1527464690586;10058;10408;168;353656832;53133822;77547948
1527464690686;10068;10418;168;353656832;53134519;77549094
1527464690786;10078;10429;168;353656832;53135206;77550649
1527464690886;10088;10436;170;353656832;53135664;77551684
1527464690986;10098;10446;170;353656832;53136122;77552722
1527464691086;10108;10457;170;353656832;53136580;77553760
1527464691186;10118;10467;170;353656832;53137267;77555317
1527464691286;10128;10478;170;353656832;53137725;77556352
1527464691386;10138;10487;170;353656832;53138183;77557388
1527464691486;10148;10497;170;353656832;53138641;77558422
1527464691586;10158;10507;170;353656832;53139203;77559929
1527464691686;10168;10517;170;353656832;53139786;77561018
1527464691786;10178;10527;170;353656832;53140244;77562054
1527464691886;10188;10537;170;353656832;53140702;77563090
1527464691986;10198;10549;170;353656832;53141160;77564125
1527464692086;10208;10559;170;353656832;53141847;77565681
1527464692186;10218;10568;170;353656832;53142305;77566717
1527464692286;10228;10579;170;353656832;53142763;77567752
1527464692386;10238;10588;170;353656832;53143221;77568787
1527464692486;10248;10597;171;353656832;53143908;77570341
1527464692586;10258;10607;171;353656832;53144366;77571378
1527464692686;10268;10618;171;353656832;53144824;77572415
1527464692786;10278;10628;171;353656832;53145282;77573453
1527464692886;10288;10637;171;353656832;53145969;77574956
1527464692986;10298;10647;171;353656832;53146427;77576047
1527464693086;10308;10658;171;353656832;53146885;77577084
1527464693186;10318;10669;171;353656832;53147343;77578120
1527464693286;10328;10679;171;353656832;53147905;77579623
1527464693386;10338;10689;171;353656832;53148488;77580714
1527464693486;10348;10699;171;353656832;53148946;77581748
1527464693586;10358;10707;172;353656832;53149404;77582781
1527464693686;10368;10718;172;353656832;53150091;77584332
1527464693786;10378;10728;172;353656832;53150549;77585367
1527464693886;10388;10738;172;353656832;53151007;77586404
1527464693986;10398;10748;172;353656832;53151465;77587445
1527464694086;10408;10758;172;353656832;53152152;77589002
1527464694186;10418;10768;172;353656832;53152610;77590036
1527464694286;10428;10781;172;353656832;53153068;77591069
1527464694386;10438;10793;172;353656832;53153526;77592107
1527464694486;10448;10803;172;353656832;53153984;77593148
1527464694586;10458;10814;172;353656832;53154442;77594185
1527464694686;10468;10825;172;353656832;53155129;77595744
1527464694786;10478;10840;172;353656832;53155358;77596261
1527464694886;10488;10850;172;353656832;53155816;77597301
1527464694986;10498;10863;172;353656832;53156274;77598338
1527464695086;10508;10874;172;353656832;53156732;77599367
1527464695186;10518;10883;173;353656832;53157313;77600465
1527464695286;10528;10894;173;353656832;53158116;77602070
1527464695386;10538;10906;173;353656832;53158574;77603107
1527464695486;10548;10916;173;353656832;53159032;77604143
1527464695586;10558;10926;173;353656832;53159490;77605181
1527464695686;10568;10935;174;353656832;53160052;77606684
1527464695786;10578;10945;174;353656832;53160635;77607768
1527464695886;10588;10955;174;353656832;53161093;77608803
1527464695986;10598;10965;174;353656832;53161551;77609840
1527464696086;10608;10976;174;353656832;53162009;77610875
1527464696186;10618;10986;174;353656832;53162696;77612429
1527464696286;10628;10996;174;353656832;53163154;77613469
1527464696386;10638;11006;174;353656832;53163612;77614506
1527464696486;10648;11017;174;353656832;53164070;77615543
1527464696586;10658;11027;174;353656832;53164757;77617099
1527464696686;10668;11038;174;353656832;53165215;77618133
1527464696786;10678;11047;175;353656832;53165673;77619169
1527464696886;10688;11058;175;353656832;53166131;77620204
1527464696986;10698;11070;175;353656832;53166589;77621239
1527464697086;10708;11082;175;353656832;53167047;77622273
1527464697186;10718;11093;175;353656832;53167505;77623306
1527464697286;10728;11104;175;353656832;53167963;77624340
1527464697386;10738;11116;175;353656832;53168421;77625372
1527464697486;10748;11126;175;353656832;53168879;77626408
1527464697586;10758;11137;175;353656832;53169337;77627443
1527464697686;10768;11146;175;353656832;53170024;77628995
1527464697786;10778;11157;175;353656832;53170482;77630034
1527464697886;10788;11168;175;353656832;53170940;77631070
1527464697986;10798;11177;176;353656832;53171398;77632105
1527464698086;10808;11188;176;353656832;53171856;77633141
1527464698186;10818;11198;176;353656832;53172314;77634177
1527464698286;10828;11209;176;353656832;53173001;77635730
1527464698386;10838;11220;176;353656832;53173459;77636767
1527464698486;10848;11232;176;353656832;53173917;77637804
1527464698586;10858;11241;176;353656832;53174375;77638839
1527464698686;10868;11252;176;353656832;53174833;77639875
1527464698786;10878;11263;176;353656832;53175291;77640909
1527464698886;10888;11273;177;353656832;53175749;77641944
1527464698986;10898;11283;177;353656832;53176436;77643493
1527464699086;10908;11295;177;353656832;53176894;77644522
1527464699186;10918;11305;177;353656832;53177352;77645557
1527464699286;10928;11317;177;353656832;53177810;77646594
1527464699386;10938;11327;177;353656832;53178268;77647629
1527464699486;10948;11338;177;353656832;53178726;77648664
1527464699586;10958;11348;177;353656832;53179413;77650219
1527464699686;10968;11361;177;353656832;53179871;77651255
1527464699786;10978;11371;177;353656832;53180452;77652292
1527464699886;10988;11380;178;353656832;53181076;77653440
1527464699986;10998;11391;178;353656832;53181580;77654479
1527464700086;11008;11401;178;353656832;53182188;77655980
1527464700187;11018;11412;178;353656832;53182771;77657068
1527464700287;11028;11425;178;353656832;53183229;77658099
1527464700387;11038;11436;178;353656832;53183687;77659135
1527464700487;11048;11446;178;353656832;53184145;77660173
1527464700588;11058;11457;178;353656832;53184603;77661209
1527464700689;11068;11466;179;353656832;53185061;77662246
1527464700790;11078;11478;179;353656832;53185519;77663284
1527464700891;11088;11488;179;353656832;53186206;77664840
1527464700992;11098;11499;179;353656832;53186664;77665877
1527464701093;11108;11509;179;353656832;53187122;77666911
1527464701194;11118;11521;179;353656832;53187580;77667948
1527464701295;11128;11533;179;353656832;53188038;77668985
1527464701396;11138;11542;180;353656832;53188725;77670538
1527464701496;11148;11554;181;353656832;53189183;77671574
1527464701596;11158;11565;181;353656832;53189641;77672614
1527464701696;11168;11574;181;353656832;53190099;77673653
1527464701796;11179;11588;181;353656832;53190557;77674691
1527464701896;11189;11598;181;353656832;53191244;77676247
1527464701996;11199;11609;181;353656832;53191702;77677283
1527464702096;11209;11620;182;353656832;53192160;77678319
1527464702196;11219;11629;182;353656832;53192618;77679356
1527464702296;11229;11640;182;353656832;53193305;77680911
1527464702399;11239;11650;182;353656832;53193763;77681948
1527464702499;11249;11660;183;353656832;53194221;77682984
1527464702600;11259;11671;183;353656832;53194679;77684021
1527464702701;11269;11681;183;353656832;53195137;77685060
1527464702802;11279;11691;183;353656832;53195824;77686618
1527464702902;11289;11702;183;353656832;53196282;77687656
1527464703002;11299;11712;183;353656832;53196740;77688694
1527464703102;11309;11723;183;353656832;53197198;77689726
1527464703202;11319;11733;183;353656832;53197656;77691231
1527464703302;11329;11741;184;353656832;53198343;77692318
1527464703402;11339;11753;184;353656832;53198801;77693357
1527464703502;11349;11762;184;353656832;53199259;77694396
1527464703602;11359;11773;184;353656832;53199717;77695433
1527464703702;11369;11782;185;353656832;53200175;77696469
1527464703802;11379;11793;185;353656832;53200862;77698022
1527464703902;11389;11803;186;353656832;53201320;77699059
1527464704002;11399;11812;186;353656832;53201778;77700094
1527464704102;11409;11821;187;353656832;53202236;77701127
1527464704202;11419;11832;188;353656832;53202694;77702163
1527464704302;11429;11842;188;353656832;53203381;77703717
1527464704402;11439;11852;188;353656832;53204078;77704866
1527464704502;11449;11862;188;353656832;53204536;77705901
1527464704602;11459;11874;188;353656832;53204994;77706939
1527464704702;11469;11884;188;353656832;53205452;77707975
1527464704802;11479;11896;188;353656832;53205910;77709013
1527464704902;11489;11907;188;353656832;53206597;77710568
1527464705002;11499;11920;188;353656832;53207055;77711605
1527464705102;11509;11930;188;353656832;53207513;77712638
1527464705202;11519;11940;188;353656832;53207971;77713676
1527464705302;11529;11950;188;353656832;53208429;77714713
1527464705402;11539;11961;188;353656832;53209116;77716268
1527464705502;11549;11971;188;353656832;53209574;77717305
1527464705602;11559;11982;188;353656832;53210032;77718342
1527464705702;11569;11992;188;353656832;53210490;77719380
1527464705802;11579;12003;188;353656832;53210948;77720419
1527464705902;11589;12014;188;353656832;53211406;77721921
1527464706006;11600;12025;188;353656832;53212093;77723008
1527464706106;11610;12035;188;353656832;53212551;77724043
1527464706206;11620;12044;188;353656832;53213009;77725079
1527464706306;11630;12055;188;353656832;53213467;77726114
1527464706406;11640;12065;188;353656832;53213925;77727149
1527464706506;11650;12076;188;353656832;53214612;77728704
1527464706606;11660;12086;188;353656832;53215070;77729741
1527464706706;11670;12097;188;353656832;53215528;77730779
1527464706806;11680;12108;188;353656832;53215986;77731813
1527464706906;11690;12119;188;353656832;53216444;77732852
1527464707006;11700;12129;188;353656832;53216902;77733888
1527464707106;11710;12139;188;353656832;53217589;77735441
1527464707206;11720;12150;188;353656832;53218047;77736478
1527464707306;11730;12160;188;353656832;53218505;77737512
1527464707406;11740;12171;188;353656832;53218963;77738548
1527464707506;11750;12182;189;353656832;53219421;77739583
1527464707606;11760;12193;189;353656832;53220108;77741137
1527464707706;11770;12203;189;353656832;53220566;77742174
1527464707806;11780;12213;189;353656832;53221024;77743212
1527464707906;11790;12224;189;353656832;53221482;77744245
1527464708006;11800;12233;189;353656832;53221940;77745282
1527464708106;11810;12244;189;353656832;53222627;77746838
1527464708206;11820;12254;189;353656832;53223085;77747876
1527464708306;11830;12265;189;353656832;53223543;77748916
1527464708406;11840;12275;189;353656832;53224001;77749951
1527464708506;11850;12286;189;353656832;53224688;77751507
1527464708606;11860;12298;189;353656832;53225146;77752547
1527464708706;11870;12309;189;353656832;53225604;77753584
1527464708806;11880;12321;189;353656832;53226062;77754620
1527464708906;11890;12331;189;353656832;53226520;77755658
1527464709006;11900;12341;189;353656832;53227217;77756808
1527464709106;11910;12351;189;353656832;53227904;77758366
1527464709206;11920;12362;189;353656832;53228362;77759406
1527464709306;11930;12372;189;353656832;53228820;77760439
1527464709406;11940;12383;189;353656832;53229278;77761476
1527464709506;11950;12393;189;353656832;53229840;77762978
1527464709606;11960;12403;189;353656832;53230423;77764066
1527464709706;11970;12413;189;353656832;53230881;77765106
1527464709806;11980;12424;189;353656832;53231339;77766139
