currentTs;total_time;user_time;sys_time;virtual_size;in_octets;out_octets
1527346776671;1;0;0;13340672;9039249;15736078
1527346776772;11;6;4;302473216;9039249;15736078
1527346776873;21;16;4;306909184;9039249;15736078
1527346776973;31;25;5;306909184;9039249;15736078
1527346777073;41;37;5;312897536;9039249;15736078
1527346777173;51;49;5;312897536;9039249;15736078
1527346777273;61;58;6;313946112;9039249;15736078
1527346777373;71;71;6;313946112;9039249;15736078
1527346777473;81;85;6;313966592;9039249;15736078
1527346777573;91;95;6;314097664;9039249;15736078
1527346777673;101;105;6;314097664;9039249;15736078
1527346777773;111;117;6;314097664;9039249;15736078
1527346777873;121;129;6;314097664;9039249;15736078
1527346777973;131;140;6;314097664;9039249;15736078
1527346778073;141;150;8;314335232;9039249;15736078
1527346778173;151;162;8;314339328;9039249;15736078
1527346778273;161;179;8;314339328;9039249;15736078
1527346778373;171;188;9;314339328;9039249;15736078
1527346778473;181;198;9;314339328;9039249;15736078
1527346778573;191;207;10;314339328;9039249;15736078
1527346778673;201;218;10;314339328;9039249;15736078
1527346778773;211;229;10;314339328;9039249;15736078
1527346778873;221;240;10;315387904;9039249;15736078
1527346778973;231;250;11;315387904;9039249;15736078
1527346779073;241;263;11;315461632;9039301;15736590
1527346779173;251;273;12;315461632;9039301;15736590
1527346779273;261;284;12;316510208;9039301;15736590
1527346779373;271;295;13;316510208;9039301;15736590
1527346779474;281;305;14;316510208;9039301;15736590
1527346779575;291;314;14;316510208;9039301;15736590
1527346779676;301;324;14;316510208;9039301;15736590
1527346779777;311;335;14;317558784;9039301;15736590
1527346779878;321;346;14;318607360;9039301;15736590
1527346779979;331;357;15;318607360;9039301;15736590
1527346780080;341;368;15;318607360;9039301;15736590
1527346780180;351;381;15;318607360;9039301;15736590
1527346780280;361;391;15;318607360;9039301;15736590
1527346780380;371;401;16;318607360;9039301;15736590
1527346780480;381;412;17;318607360;9039301;15736590
1527346780580;391;423;17;319655936;9039301;15736590
1527346780680;401;433;17;319655936;9039301;15736590
1527346780780;411;440;18;319655936;9039301;15736590
1527346780880;421;448;20;319655936;9039301;15736590
1527346780980;431;455;22;319655936;9039301;15736590
1527346781080;441;466;22;319655936;9039301;15736590
1527346781180;451;477;22;320704512;9039301;15736590
1527346781280;462;489;22;320704512;9039301;15736590
1527346781381;472;500;23;350183424;9039417;15736702
1527346781481;482;514;23;350511104;9039646;15737223
1527346781581;492;526;23;350511104;9039875;15737745
1527346781681;502;540;23;350511104;9040333;15738787
1527346781781;512;550;23;350511104;9040562;15739303
1527346781881;522;560;24;350511104;9040791;15739818
1527346781981;532;571;24;350511104;9041249;15740854
1527346782081;542;581;24;350511104;9041478;15741370
1527346782181;552;592;25;350511104;9041811;15742350
1527346782281;562;603;25;350511104;9042165;15742920
1527346782381;572;615;25;350511104;9042394;15743437
1527346782481;582;625;25;350511104;9042852;15744471
1527346782581;592;636;25;350511104;9043081;15744988
1527346782681;602;647;25;350511104;9043539;15746022
1527346782781;612;658;25;350511104;9043768;15746537
1527346782881;622;669;25;350511104;9044226;15747568
1527346782981;632;680;25;350511104;9044684;15748601
1527346783081;642;690;25;350511104;9044913;15749117
1527346783181;652;701;25;350511104;9045371;15750154
1527346783281;662;712;26;350511104;9045600;15750672
1527346783381;672;723;26;350511104;9046190;15751707
1527346783481;682;735;27;351559680;9046648;15752740
1527346783581;692;746;27;351559680;9046877;15753258
1527346783681;702;760;27;351559680;9047335;15754291
1527346783781;712;772;27;351559680;9047793;15755325
1527346783881;722;782;27;351559680;9048251;15756361
1527346783981;732;792;27;351559680;9048709;15757396
1527346784081;742;803;27;351559680;9048938;15757914
1527346784181;752;816;27;351559680;9049396;15758949
1527346784281;762;825;28;351559680;9049854;15759983
1527346784381;772;837;28;351559680;9050312;15761016
1527346784481;782;848;28;351559680;9050770;15762046
1527346784581;792;862;28;351559680;9050999;15762563
1527346784681;802;872;28;351559680;9051457;15763596
1527346784781;812;883;28;351559680;9051915;15764631
1527346784881;822;894;28;351559680;9052373;15765667
1527346784981;832;905;28;351559680;9052831;15766701
1527346785081;842;916;28;351559680;9053289;15767736
1527346785181;852;926;28;351559680;9053747;15768769
1527346785281;862;937;28;351559680;9053976;15769287
1527346785381;872;947;28;351559680;9054434;15770322
1527346785481;882;958;28;351559680;9055053;15771359
1527346785581;892;969;28;351559680;9055511;15772389
1527346785681;902;979;28;351559680;9056019;15773424
1527346785781;912;991;28;351559680;9056477;15774458
1527346785881;922;1003;28;351559680;9056981;15775492
1527346785981;932;1012;29;351559680;9057439;15776526
1527346786081;942;1021;29;351559680;9057897;15777564
1527346786181;952;1031;29;351559680;9058355;15778600
1527346786281;962;1042;29;351559680;9058813;15779634
1527346786381;972;1056;30;351559680;9059138;15780151
1527346786481;982;1068;31;351559680;9060151;15781184
1527346786581;992;1078;31;351559680;9060609;15782217
1527346786681;1002;1089;31;351559680;9061067;15783247
1527346786781;1012;1098;31;351559680;9061525;15784280
1527346786881;1022;1111;31;351559680;9061983;15785317
1527346786981;1032;1121;31;351559680;9062441;15786351
1527346787081;1042;1130;31;351559680;9062899;15787384
1527346787181;1052;1140;31;351559680;9063480;15788418
1527346787281;1062;1150;31;351559680;9064054;15789567
1527346787381;1072;1161;31;351559680;9064512;15790600
1527346787481;1082;1170;31;351559680;9064970;15791637
1527346787581;1092;1184;31;351559680;9065428;15792668
1527346787681;1102;1194;31;351559680;9065886;15793704
1527346787781;1112;1203;32;351559680;9066344;15794738
1527346787881;1122;1214;32;351559680;9066802;15795774
1527346787981;1132;1227;33;351559680;9067260;15796812
1527346788081;1142;1243;33;352608256;9067718;15797848
1527346788181;1152;1253;33;352608256;9068176;15798884
1527346788281;1162;1263;33;352608256;9068634;15799917
1527346788381;1172;1273;33;352608256;9069092;15800953
1527346788481;1182;1285;33;352608256;9069550;15801987
1527346788581;1192;1296;33;352608256;9070008;15803024
1527346788681;1202;1306;33;352608256;9070466;15804056
1527346788781;1212;1317;34;352608256;9070924;15805091
1527346788881;1222;1326;34;352608256;9071382;15806127
1527346788981;1232;1336;34;352608256;9071840;15807160
1527346789081;1242;1348;34;352608256;9072298;15808196
1527346789181;1252;1358;34;352608256;9072756;15809233
1527346789281;1262;1368;34;352608256;9073214;15810267
1527346789381;1272;1377;34;352608256;9073672;15811303
1527346789481;1282;1387;34;352608256;9074789;15812800
1527346789581;1292;1398;34;352608256;9075143;15813832
1527346789682;1302;1414;34;352608256;9075830;15814917
1527346789782;1312;1433;34;352608256;9076288;15815951
1527346789882;1322;1444;34;352608256;9076746;15816984
1527346789982;1332;1453;34;352608256;9077204;15818016
1527346790083;1342;1462;34;352608256;9077662;15819052
1527346790184;1352;1472;34;352608256;9078120;15820087
1527346790285;1362;1481;34;352608256;9078578;15821123
1527346790386;1372;1491;34;352608256;9079036;15822158
1527346790487;1382;1504;34;352608256;9079494;15823193
1527346790587;1392;1514;34;352608256;9079952;15824228
1527346790687;1402;1522;35;352608256;9080410;15825260
1527346790787;1412;1533;35;352608256;9080868;15826295
1527346790887;1422;1543;35;352608256;9081555;15827845
1527346790987;1432;1552;35;352608256;9082013;15828882
1527346791087;1442;1562;35;352608256;9082471;15829920
1527346791187;1452;1572;35;352608256;9082929;15830954
1527346791287;1462;1582;35;352608256;9083387;15831989
1527346791387;1472;1591;35;352608256;9083845;15833028
1527346791487;1482;1605;35;352608256;9084303;15834064
1527346791587;1492;1616;35;352608256;9084761;15835098
1527346791688;1502;1625;35;352608256;9085219;15836131
1527346791788;1512;1636;35;352608256;9085677;15837166
1527346791888;1522;1644;36;352608256;9086135;15838202
1527346791988;1532;1654;36;352608256;9086822;15839756
1527346792088;1542;1664;36;352608256;9087394;15840851
1527346792188;1552;1672;36;352608256;9087748;15841421
1527346792288;1562;1682;36;352608256;9088310;15842918
1527346792388;1572;1691;36;352608256;9088893;15844003
1527346792488;1582;1701;36;352608256;9089351;15845036
1527346792588;1592;1710;36;352608256;9089809;15846072
1527346792688;1602;1719;37;352608256;9090267;15847109
1527346792788;1612;1730;37;352608256;9090725;15848145
1527346792888;1622;1743;37;352608256;9091183;15849181
1527346792988;1632;1752;37;352608256;9091641;15850216
1527346793088;1642;1763;37;352608256;9092203;15851714
1527346793188;1652;1773;37;352608256;9092786;15852796
1527346793288;1662;1782;37;352608256;9093244;15853831
1527346793388;1672;1792;37;352608256;9093702;15854866
1527346793488;1682;1801;37;352608256;9094160;15855899
1527346793588;1692;1811;37;352608256;9094618;15856933
1527346793688;1702;1821;37;352608256;9095076;15857969
1527346793788;1712;1830;37;352608256;9095534;15859004
1527346793888;1722;1840;37;352608256;9096096;15860503
1527346793989;1732;1851;37;352608256;9096679;15861591
1527346794090;1742;1861;37;352608256;9097137;15862625
1527346794191;1753;1871;37;352608256;9097595;15863661
1527346794292;1763;1881;37;352608256;9098053;15864696
1527346794393;1773;1891;37;352608256;9098511;15865732
1527346794494;1783;1907;37;352608256;9098969;15866769
1527346794595;1793;1917;37;352608256;9099656;15868319
1527346794696;1803;1929;37;352608256;9100114;15869355
1527346794796;1813;1939;37;352608256;9100572;15870388
1527346794896;1823;1948;37;352608256;9101030;15871421
1527346794996;1833;1958;37;352608256;9101488;15872457
1527346795096;1843;1968;37;352608256;9101946;15873491
1527346795196;1853;1978;38;352608256;9102404;15874526
1527346795296;1863;1987;38;352608256;9103091;15876081
1527346795396;1873;1998;38;352608256;9103549;15877115
1527346795496;1883;2008;38;352608256;9104007;15878150
1527346795596;1893;2017;38;352608256;9104465;15879185
1527346795696;1903;2027;38;352608256;9104923;15880223
1527346795796;1913;2037;38;352608256;9105381;15881257
1527346795896;1923;2046;38;352608256;9105839;15882290
1527346795996;1933;2056;38;352608256;9106297;15883325
1527346796096;1943;2065;38;352608256;9106755;15884358
1527346796196;1953;2075;38;352608256;9107213;15885395
1527346796296;1963;2085;38;352608256;9107671;15886428
1527346796396;1973;2095;38;352608256;9108129;15887465
1527346796496;1983;2105;38;352608256;9108587;15888501
1527346796596;1993;2114;38;352608256;9109274;15890055
1527346796696;2003;2124;38;352608256;9109732;15891089
1527346796796;2013;2137;38;352608256;9110313;15892122
1527346796896;2023;2154;39;352608256;9110887;15893268
1527346796996;2033;2164;39;352608256;9111345;15894304
1527346797096;2043;2173;39;352608256;9111803;15895340
1527346797196;2053;2184;39;352608256;9112261;15896377
1527346797296;2063;2194;39;352608256;9112948;15897929
1527346797396;2073;2204;39;352608256;9113406;15898964
1527346797496;2083;2214;39;352608256;9113864;15899999
1527346797596;2093;2223;39;352608256;9114322;15901036
1527346797696;2103;2233;39;352608256;9114780;15902070
1527346797796;2113;2243;39;352608256;9115467;15903622
1527346797896;2123;2253;39;352608256;9115925;15904656
1527346797996;2133;2262;39;352608256;9116383;15905692
1527346798096;2143;2272;39;352608256;9116841;15906723
1527346798196;2153;2280;40;352608256;9117299;15907755
1527346798296;2163;2290;40;352608256;9117986;15909304
1527346798396;2173;2299;40;352608256;9118444;15910340
1527346798496;2183;2309;40;352608256;9118902;15911374
1527346798596;2193;2319;40;352608256;9119915;15912409
1527346798696;2203;2328;40;352608256;9120373;15913444
1527346798796;2213;2338;40;352608256;9120831;15914479
1527346798896;2223;2347;40;352608256;9121518;15916034
1527346798996;2233;2357;40;352608256;9121976;15917069
1527346799096;2243;2367;40;352608256;9122434;15918103
1527346799196;2253;2376;40;352608256;9122892;15919139
1527346799296;2263;2388;40;352608256;9123579;15920691
1527346799396;2273;2398;40;352608256;9124037;15921725
1527346799496;2283;2406;40;352608256;9124495;15922759
1527346799596;2293;2416;40;352608256;9124953;15923792
1527346799696;2303;2425;40;352608256;9125411;15924828
1527346799796;2313;2435;40;352608256;9126098;15926380
1527346799896;2323;2445;40;352608256;9126556;15927417
1527346799996;2333;2455;40;352608256;9127014;15928452
1527346800096;2343;2465;40;352608256;9127472;15929482
1527346800196;2353;2478;40;352608256;9127930;15930517
1527346800296;2363;2497;40;352608256;9128388;15931549
1527346800396;2373;2508;40;352608256;9128617;15932065
1527346800496;2383;2516;41;352608256;9129304;15933616
1527346800596;2393;2527;41;352608256;9129762;15934651
1527346800696;2403;2538;41;352608256;9130316;15935686
1527346800796;2413;2548;41;352608256;9130774;15936720
1527346800896;2423;2558;41;352608256;9131232;15937753
1527346800996;2433;2565;42;352608256;9131736;15938787
1527346801096;2443;2574;42;352608256;9132423;15940337
1527346801196;2453;2586;42;352608256;9133269;15941372
1527346801296;2463;2596;42;352608256;9133727;15942406
1527346801396;2473;2605;42;352608256;9134185;15943438
1527346801496;2483;2615;42;352608256;9135111;15945100
1527346801596;2493;2624;42;352608256;9135569;15946135
1527346801696;2503;2634;42;352608256;9136027;15947171
1527346801796;2513;2644;42;352608256;9136485;15948205
1527346801896;2523;2654;42;352608256;9136943;15949703
1527346801996;2533;2663;42;352608256;9137630;15950789
1527346802096;2543;2673;43;352608256;9138088;15951823
1527346802196;2553;2683;43;352608256;9138546;15952858
1527346802296;2563;2692;43;352608256;9139004;15953889
1527346802396;2573;2701;43;352608256;9139691;15955436
1527346802496;2583;2712;43;352608256;9140149;15956467
1527346802596;2593;2721;43;352608256;9140607;15957500
1527346802696;2603;2732;43;352608256;9141065;15958534
1527346802796;2613;2741;43;352608256;9141752;15960085
1527346802896;2623;2751;43;352608256;9142210;15961123
1527346802996;2633;2760;43;352608256;9142668;15962156
1527346803096;2643;2770;43;352608256;9143126;15963189
1527346803196;2653;2779;43;352608256;9143584;15964224
1527346803296;2663;2788;44;352608256;9144271;15965773
1527346803396;2673;2797;44;352608256;9144729;15966808
1527346803496;2683;2806;44;352608256;9145187;15967843
1527346803596;2693;2816;44;352608256;9145645;15968880
1527346803696;2703;2826;44;352608256;9146207;15970378
1527346803796;2713;2835;44;352608256;9146790;15971467
1527346803896;2723;2844;44;352608256;9147248;15972503
1527346803996;2733;2854;44;352608256;9147706;15973538
1527346804096;2743;2864;44;352608256;9148164;15974571
1527346804196;2753;2873;44;352608256;9148851;15976123
1527346804296;2763;2882;44;352608256;9149309;15977158
1527346804396;2773;2892;44;352608256;9149767;15978194
1527346804496;2783;2901;44;352608256;9150225;15979229
1527346804596;2793;2911;44;352608256;9150912;15980781
1527346804696;2803;2920;44;352608256;9151370;15981816
1527346804796;2813;2929;44;352608256;9151828;15982847
1527346804896;2823;2939;44;352608256;9152286;15983883
1527346804996;2833;2949;44;352608256;9152744;15984919
1527346805096;2843;2957;45;352608256;9153431;15986469
1527346805196;2853;2966;45;352608256;9153889;15987503
1527346805296;2863;2975;45;352608256;9154347;15988539
1527346805396;2873;2985;45;352608256;9154805;15989576
1527346805496;2883;2994;45;352608256;9155492;15991126
1527346805596;2893;3005;45;352608256;9155950;15992159
1527346805696;2903;3014;45;352608256;9156408;15993192
1527346805796;2913;3023;46;352608256;9156866;15994225
1527346805896;2923;3036;46;352608256;9157624;15995881
1527346805996;2933;3054;46;352608256;9158250;15997031
1527346806097;2943;3065;46;352608256;9158708;15998064
1527346806197;2953;3075;46;352608256;9159166;15999101
1527346806297;2963;3087;46;352608256;9159624;16000135
1527346806397;2973;3098;46;352608256;9160082;16001170
1527346806498;2983;3107;46;352608256;9160769;16002724
1527346806599;2993;3116;46;352608256;9161227;16003757
1527346806700;3003;3126;46;352608256;9161685;16004793
1527346806801;3014;3136;46;352608256;9162372;16006347
1527346806902;3024;3146;48;352608256;9162830;16007382
1527346807003;3034;3156;48;352608256;9163288;16008414
1527346807104;3044;3166;48;352608256;9163746;16009448
1527346807204;3054;3176;48;352608256;9164433;16011001
1527346807304;3064;3185;48;352608256;9164891;16012035
1527346807404;3074;3196;48;352608256;9165349;16013068
1527346807504;3084;3205;48;352608256;9165911;16014565
1527346807604;3094;3215;48;352608256;9166494;16015655
1527346807704;3104;3224;48;352608256;9166952;16016689
1527346807804;3114;3234;48;352608256;9167410;16017723
1527346807904;3124;3243;48;352608256;9167868;16018758
1527346808004;3134;3253;48;352608256;9168555;16020311
1527346808104;3144;3263;48;352608256;9169013;16021347
1527346808204;3154;3272;48;352608256;9169471;16022383
1527346808304;3164;3280;50;352608256;9170033;16023887
1527346808404;3174;3289;50;352608256;9170616;16024969
1527346808504;3184;3298;50;352608256;9171074;16026003
1527346808604;3194;3308;50;352608256;9171532;16027038
1527346808704;3204;3317;51;352608256;9172219;16028588
1527346808804;3214;3327;51;352608256;9172677;16029623
1527346808904;3224;3337;51;352608256;9173135;16030660
1527346809004;3234;3347;51;352608256;9173593;16031694
1527346809104;3244;3356;51;352608256;9174280;16033248
1527346809204;3254;3366;51;352608256;9174738;16034282
1527346809304;3264;3375;51;352608256;9175196;16035315
1527346809404;3274;3384;52;352608256;9175883;16036868
1527346809504;3284;3394;52;352608256;9176341;16037906
1527346809604;3294;3404;52;352608256;9176799;16038941
1527346809704;3304;3414;52;352608256;9177257;16039975
1527346809804;3314;3423;52;352608256;9177944;16041527
1527346809904;3324;3433;52;352608256;9178402;16042560
1527346810004;3334;3443;52;352608256;9178860;16043596
1527346810104;3344;3452;52;352608256;9179318;16044633
1527346810204;3354;3461;52;352608256;9180005;16046183
1527346810304;3364;3471;52;352608256;9180463;16047217
1527346810404;3374;3480;52;352608256;9181160;16048364
1527346810504;3384;3490;52;352608256;9181618;16049401
1527346810604;3394;3501;53;352608256;9182305;16050951
1527346810704;3404;3509;54;352608256;9182763;16051985
1527346810804;3414;3520;54;352608256;9183221;16053020
1527346810904;3424;3530;54;352608256;9183679;16054057
1527346811004;3434;3539;54;352608256;9184366;16055610
1527346811104;3444;3548;54;352608256;9184824;16056644
1527346811204;3454;3557;55;352608256;9185282;16057677
1527346811304;3464;3567;55;352608256;9185740;16058708
1527346811404;3474;3576;55;352608256;9186427;16060261
1527346811504;3484;3586;55;352608256;9186885;16061294
1527346811604;3494;3595;55;352608256;9187343;16062329
1527346811704;3504;3605;55;352608256;9187801;16063362
1527346811804;3514;3614;55;352608256;9188488;16064916
1527346811904;3524;3624;55;352608256;9188946;16065949
1527346812004;3534;3634;55;352608256;9189404;16066986
1527346812104;3544;3643;55;352608256;9189966;16068485
1527346812204;3554;3652;55;352608256;9190549;16069570
1527346812304;3564;3662;55;352608256;9191007;16070603
1527346812404;3574;3672;55;352608256;9191465;16071636
1527346812504;3584;3680;56;352608256;9192152;16073190
1527346812604;3594;3690;56;352608256;9192610;16074223
1527346812704;3604;3700;56;352608256;9193068;16075257
1527346812804;3614;3709;56;352608256;9193526;16076292
1527346812904;3624;3718;56;352608256;9194213;16077842
1527346813004;3634;3728;56;352608256;9194671;16078878
1527346813104;3644;3738;56;352608256;9195129;16079913
1527346813204;3654;3748;56;352608256;9195587;16080946
1527346813304;3664;3757;56;352608256;9196149;16082445
1527346813404;3674;3767;56;352608256;9196732;16083534
1527346813504;3684;3776;56;352608256;9197190;16084566
1527346813604;3694;3786;56;352608256;9197648;16085600
1527346813704;3704;3796;56;352608256;9198335;16087152
1527346813804;3714;3805;56;352608256;9198793;16088188
1527346813904;3724;3814;56;352608256;9199251;16089222
1527346814004;3734;3824;56;352608256;9199709;16090257
1527346814104;3744;3833;56;352608256;9200396;16091806
1527346814204;3754;3842;56;352608256;9200854;16092843
1527346814304;3764;3852;56;352608256;9201312;16093877
1527346814404;3774;3861;56;352608256;9201770;16094911
1527346814504;3784;3872;56;352608256;9202457;16096460
1527346814604;3794;3884;56;352608256;9202915;16097496
1527346814704;3804;3895;56;352608256;9203373;16098532
1527346814804;3814;3903;57;352608256;9203954;16099567
1527346814904;3824;3912;57;352608256;9204757;16101230
1527346815004;3834;3922;57;352608256;9205215;16102266
1527346815104;3844;3931;57;352608256;9205673;16103303
1527346815204;3854;3940;58;352608256;9206131;16104338
1527346815304;3864;3949;58;352608256;9206818;16105893
1527346815404;3874;3959;58;352608256;9207276;16106928
1527346815504;3884;3968;59;352608256;9207734;16107964
1527346815604;3894;3978;59;352608256;9208296;16109463
1527346815704;3904;3988;59;352608256;9208929;16110550
1527346815804;3914;3998;59;352608256;9209387;16111583
1527346815904;3924;4007;59;352608256;9209891;16112620
1527346816004;3934;4016;59;352608256;9210578;16114171
1527346816104;3944;4026;59;352608256;9211082;16115206
1527346816204;3954;4035;59;352608256;9211540;16116241
1527346816304;3964;4044;60;352608256;9211998;16117276
1527346816404;3974;4054;60;352608256;9212685;16118828
1527346816504;3984;4063;60;352608256;9213143;16119862
1527346816604;3994;4074;60;352608256;9213601;16120897
1527346816704;4004;4084;60;352608256;9214059;16121931
1527346816804;4014;4093;60;352608256;9214746;16123483
1527346816904;4024;4103;61;352608256;9215204;16124518
1527346817004;4034;4116;61;352608256;9215662;16125553
1527346817104;4044;4127;61;352608256;9216120;16126583
1527346817204;4054;4137;61;352608256;9216807;16128138
1527346817304;4064;4148;61;352608256;9217265;16129172
1527346817404;4074;4157;61;352608256;9217723;16130209
1527346817504;4084;4167;61;352608256;9218181;16131245
1527346817604;4094;4176;61;352608256;9218868;16132798
1527346817704;4104;4186;61;352608256;9219326;16133832
1527346817804;4114;4196;61;352608256;9219784;16134869
1527346817904;4124;4206;61;352608256;9220242;16135901
1527346818004;4134;4214;62;352608256;9220929;16137453
1527346818104;4144;4224;62;352608256;9221387;16138488
1527346818204;4154;4233;62;352608256;9221845;16139525
1527346818304;4164;4243;62;352608256;9222407;16141030
1527346818404;4174;4252;62;352608256;9222990;16142115
1527346818504;4184;4262;62;352608256;9223448;16143146
1527346818604;4194;4272;62;352608256;9223906;16144179
1527346818704;4204;4281;62;352608256;9224593;16145727
1527346818804;4214;4292;62;352608256;9225051;16146762
1527346818904;4224;4301;62;352608256;9225509;16147797
1527346819004;4234;4310;62;352608256;9226196;16149348
1527346819104;4244;4320;62;352608256;9226654;16150384
1527346819204;4254;4329;62;352608256;9227235;16151419
1527346819304;4264;4339;62;352608256;9227809;16152566
1527346819404;4274;4348;62;352608256;9228371;16154067
1527346819504;4284;4356;63;352608256;9228954;16155152
1527346819604;4294;4365;63;352608256;9229412;16156183
1527346819704;4304;4375;63;352608256;9229870;16157218
1527346819804;4314;4385;63;352608256;9230328;16158254
1527346819904;4324;4394;64;352608256;9231015;16159804
1527346820004;4334;4403;64;352608256;9231473;16160836
1527346820104;4344;4413;64;352608256;9231931;16161871
1527346820204;4354;4422;64;352608256;9232618;16163423
1527346820304;4364;4431;64;352608256;9233076;16164457
1527346820404;4374;4443;64;352608256;9233534;16165490
1527346820504;4384;4453;64;352608256;9233992;16166526
1527346820604;4394;4463;64;352608256;9234450;16167556
1527346820704;4404;4473;64;352608256;9235012;16169052
1527346820804;4414;4482;64;352608256;9235595;16170140
1527346820904;4424;4493;64;352608256;9236053;16171174
1527346821004;4434;4503;64;352608256;9236511;16172211
1527346821104;4444;4512;64;352608256;9237198;16173763
1527346821204;4454;4522;64;352608256;9237656;16174797
1527346821304;4464;4532;64;352608256;9238114;16175831
1527346821404;4474;4541;64;352608256;9238572;16176863
1527346821504;4484;4551;64;352608256;9239030;16177896
1527346821604;4494;4561;64;352608256;9239717;16179445
1527346821704;4504;4570;64;352608256;9240175;16180478
1527346821804;4514;4579;64;352608256;9240633;16181513
1527346821904;4524;4590;64;352608256;9241195;16183013
1527346822004;4534;4599;64;352608256;9241778;16184098
1527346822104;4544;4609;64;352608256;9242236;16185130
1527346822204;4554;4623;64;352608256;9242694;16186162
1527346822304;4564;4632;64;352608256;9243152;16187196
1527346822404;4574;4642;64;352608256;9243610;16188231
1527346822504;4584;4652;64;352608256;9244068;16189730
1527346822604;4594;4662;64;352608256;9244755;16190818
1527346822704;4604;4670;65;352608256;9245213;16191848
1527346822804;4614;4680;65;352608256;9245671;16192882
1527346822904;4624;4689;65;352608256;9246358;16194435
1527346823004;4634;4698;65;352608256;9246816;16195467
1527346823104;4644;4715;65;352608256;9247045;16195983
1527346823204;4654;4725;65;352608256;9247503;16197016
1527346823304;4664;4736;65;352608256;9247961;16198051
1527346823404;4674;4746;65;352608256;9248648;16199604
1527346823504;4684;4757;66;352608256;9249106;16200638
1527346823604;4694;4766;66;352608256;9249564;16201673
1527346823704;4704;4778;66;352608256;9250022;16202709
1527346823804;4714;4789;66;352608256;9250719;16203853
1527346823904;4724;4798;66;352608256;9251406;16205402
1527346824004;4734;4809;66;352608256;9251864;16206436
1527346824104;4744;4818;66;352608256;9252322;16207469
1527346824204;4754;4829;66;352608256;9252780;16208502
1527346824304;4764;4838;66;352608256;9253467;16210054
1527346824404;4774;4847;66;352608256;9253925;16211089
1527346824504;4784;4856;66;352608256;9254383;16212122
1527346824604;4794;4865;67;352608256;9255070;16213672
1527346824704;4804;4874;67;352608256;9255528;16214704
1527346824804;4814;4884;67;352608256;9255986;16215738
1527346824904;4824;4894;67;352608256;9256673;16217289
1527346825004;4834;4905;67;352608256;9257131;16218323
1527346825104;4844;4915;67;352608256;9257589;16219356
1527346825204;4854;4924;68;352608256;9258047;16220287
1527346825304;4864;4935;68;352608256;9258734;16221683
1527346825404;4874;4944;68;352608256;9259192;16222613
1527346825504;4884;4954;68;352608256;9259650;16223543
1527346825604;4894;4965;68;352608256;9260108;16224580
1527346825704;4904;4975;69;352608256;9260566;16225612
1527346825804;4914;4986;69;352608256;9261024;16226643
1527346825904;4924;4997;69;352608256;9261482;16227677
1527346826004;4934;5008;69;352608256;9261940;16228707
1527346826104;4944;5020;69;352608256;9262398;16229744
1527346826204;4954;5029;69;352608256;9262856;16230779
1527346826304;4964;5041;69;352608256;9263314;16231817
1527346826404;4974;5052;69;352608256;9263772;16232852
1527346826504;4984;5062;69;352608256;9264230;16233886
1527346826604;4994;5072;70;352608256;9264917;16235440
1527346826704;5004;5083;70;352608256;9265375;16236475
1527346826804;5014;5093;70;352608256;9265833;16237510
1527346826904;5024;5103;70;352608256;9266291;16238545
1527346827004;5034;5114;71;352608256;9266749;16239579
1527346827104;5044;5124;71;352608256;9267207;16240609
1527346827204;5054;5135;71;352608256;9267665;16241641
1527346827304;5064;5144;71;352608256;9268123;16242674
1527346827404;5074;5156;71;352608256;9268581;16243708
1527346827504;5084;5166;71;352608256;9269039;16244743
1527346827604;5094;5176;72;352608256;9269497;16245777
1527346827704;5104;5189;72;352608256;9269955;16246810
1527346827804;5114;5198;72;352608256;9270642;16248358
1527346827904;5124;5211;72;352608256;9271100;16249390
1527346828004;5134;5223;72;352608256;9271558;16250419
1527346828104;5144;5233;73;352608256;9272016;16251450
1527346828204;5154;5243;73;352608256;9272474;16252484
1527346828304;5164;5255;73;352608256;9272932;16253520
1527346828404;5174;5267;73;352608256;9273513;16254556
1527346828504;5184;5278;73;352608256;9274087;16255705
1527346828604;5194;5290;73;352608256;9274545;16256737
1527346828704;5204;5305;74;352608256;9275003;16257771
1527346828804;5214;5315;74;352608256;9275461;16258802
1527346828904;5224;5327;74;352608256;9275971;16260124
1527346829004;5234;5337;74;352608256;9276606;16261386
1527346829104;5244;5347;74;352608256;9277064;16262420
1527346829204;5254;5358;74;352608256;9277522;16263455
1527346829304;5264;5368;74;352608256;9277980;16264486
1527346829404;5274;5378;74;352608256;9278438;16265519
1527346829504;5284;5389;74;352608256;9278896;16266555
1527346829604;5294;5399;74;352608256;9279354;16267593
1527346829704;5304;5413;74;352608256;9279812;16268624
1527346829804;5314;5422;74;352608256;9280270;16269663
1527346829904;5324;5432;75;352608256;9280957;16271220
1527346830004;5334;5443;75;352608256;9281415;16272254
1527346830104;5344;5454;75;352608256;9281873;16273286
1527346830204;5354;5464;75;352608256;9282331;16274320
1527346830304;5364;5473;76;352608256;9282789;16275356
1527346830404;5374;5486;76;352608256;9283247;16276391
1527346830504;5384;5498;76;352608256;9283705;16277432
1527346830604;5394;5507;76;352608256;9284392;16278984
1527346830704;5404;5518;76;352608256;9284946;16280018
1527346830804;5414;5528;76;352608256;9285404;16281052
1527346830904;5424;5537;76;352608256;9285908;16282090
1527346831004;5434;5549;76;352608256;9286366;16283590
1527346831104;5444;5560;76;352608256;9287053;16284677
1527346831204;5454;5570;76;352608256;9287899;16285713
1527346831304;5464;5579;76;352608256;9288357;16286748
1527346831404;5474;5588;77;352608256;9288815;16287784
1527346831504;5484;5599;77;352608256;9289502;16289337
1527346831604;5494;5610;77;352608256;9289960;16290373
1527346831704;5504;5620;77;352608256;9290418;16291408
1527346831804;5514;5631;77;352608256;9290876;16292442
1527346831904;5524;5641;77;352608256;9291334;16293477
1527346832004;5534;5651;77;352608256;9291792;16294513
1527346832104;5544;5661;78;352608256;9292479;16296067
1527346832204;5554;5671;78;352608256;9292937;16297102
1527346832304;5564;5681;78;352608256;9293395;16298139
1527346832404;5574;5691;78;352608256;9293853;16299173
1527346832504;5584;5702;78;352608256;9294311;16300208
1527346832604;5594;5711;79;352608256;9294769;16301244
1527346832704;5604;5722;79;352608256;9295456;16302797
1527346832804;5614;5732;79;352608256;9295914;16303830
1527346832904;5624;5742;79;352608256;9296372;16304867
1527346833005;5634;5755;80;352608256;9296830;16305903
1527346833105;5644;5767;80;352608256;9297527;16307051
1527346833205;5654;5777;80;352608256;9298214;16308606
1527346833305;5664;5787;80;352608256;9298672;16309640
1527346833405;5674;5796;80;352608256;9299130;16310673
1527346833505;5684;5807;80;352608256;9299588;16311710
1527346833605;5694;5817;80;352608256;9300046;16312746
1527346833705;5704;5826;80;352608256;9300504;16313780
1527346833805;5714;5838;80;352608256;9301191;16315332
1527346833905;5724;5847;80;352608256;9301649;16316369
1527346834005;5734;5858;80;352608256;9302107;16317404
1527346834105;5744;5868;80;352608256;9302565;16318439
1527346834205;5754;5878;80;352608256;9303023;16319473
1527346834305;5764;5890;80;352608256;9303481;16320509
1527346834405;5774;5901;80;352608256;9304168;16322065
1527346834506;5784;5910;80;352608256;9304626;16323101
1527346834606;5794;5923;80;352608256;9305084;16324134
1527346834707;5804;5933;80;352608256;9305542;16325169
1527346834808;5814;5940;82;352608256;9306000;16326208
1527346834909;5824;5950;82;352608256;9306687;16327759
1527346835010;5834;5958;83;352608256;9307145;16328791
1527346835111;5845;5968;83;352608256;9307603;16329821
1527346835212;5855;5980;83;352608256;9308061;16330854
1527346835312;5865;5990;83;352608256;9308519;16331889
1527346835412;5875;6001;83;352608256;9308977;16332924
1527346835512;5885;6012;83;352608256;9309664;16334496
1527346835612;5895;6022;84;352608256;9310122;16335548
1527346835712;5905;6031;84;352608256;9310580;16336597
1527346835812;5915;6040;85;352608256;9311038;16337647
1527346835912;5925;6051;85;352608256;9311600;16339168
1527346836012;5935;6059;86;352608256;9312183;16340266
1527346836112;5945;6070;86;352608256;9312641;16341310
1527346836212;5955;6079;86;352608256;9313099;16342355
1527346836312;5965;6089;86;352608256;9313557;16343398
1527346836412;5975;6100;86;352608256;9314015;16344446
1527346836512;5985;6110;86;352608256;9314702;16346014
1527346836612;5995;6119;86;352608256;9315160;16347060
1527346836712;6005;6128;86;352608256;9315618;16348104
1527346836812;6015;6141;86;352608256;9316076;16349150
1527346836912;6025;6150;86;352608256;9316763;16350720
1527346837012;6035;6160;86;352608256;9317221;16351764
1527346837112;6045;6171;86;352608256;9317679;16352809
1527346837212;6055;6180;86;352608256;9318137;16353856
1527346837312;6065;6189;87;352608256;9318595;16354903
1527346837412;6075;6198;87;352608256;9319053;16355951
1527346837512;6085;6208;87;352608256;9319511;16356994
1527346837612;6095;6219;87;352608256;9320321;16358561
1527346837712;6105;6229;87;352608256;9320895;16359718
1527346837812;6115;6239;87;352608256;9321353;16360764
1527346837912;6125;6249;87;352608256;9321811;16361805
1527346838012;6135;6259;87;352608256;9322498;16363361
1527346838112;6145;6268;88;352608256;9322956;16364397
1527346838212;6155;6278;89;352608256;9323414;16365433
1527346838312;6165;6288;89;352608256;9323872;16366469
1527346838412;6175;6297;89;352608256;9324559;16368025
1527346838512;6185;6308;89;352608256;9325017;16369064
1527346838612;6195;6318;89;352608256;9325475;16370102
1527346838712;6205;6327;89;352608256;9325933;16371140
1527346838812;6215;6336;89;352608256;9326620;16372697
1527346838912;6225;6347;89;352608256;9327078;16373732
1527346839012;6235;6356;90;352608256;9327536;16374771
1527346839112;6245;6365;91;352608256;9327994;16375809
1527346839212;6255;6374;91;352608256;9328681;16377366
1527346839312;6265;6384;91;352608256;9329139;16378403
1527346839412;6275;6393;91;352608256;9329597;16379440
1527346839512;6285;6403;91;352608256;9330055;16380480
1527346839612;6295;6413;91;352608256;9330617;16381982
1527346839712;6305;6423;91;352608256;9331200;16383071
1527346839812;6315;6433;91;352608256;9331658;16384108
1527346839912;6325;6442;91;352608256;9332116;16385145
1527346840012;6335;6452;91;352608256;9332574;16386180
1527346840112;6345;6461;91;352608256;9333261;16387736
1527346840212;6355;6471;91;352608256;9333719;16388773
1527346840312;6365;6481;91;352608256;9334177;16389810
1527346840412;6375;6491;91;352608256;9334635;16390850
1527346840512;6385;6502;91;352608256;9335322;16392407
1527346840612;6395;6513;91;352608256;9335780;16393445
1527346840712;6405;6524;91;352608256;9336238;16394482
1527346840812;6415;6533;91;352608256;9336696;16395518
1527346840912;6425;6544;91;352608256;9337383;16397075
1527346841012;6435;6560;91;352608256;9337841;16398115
1527346841112;6445;6571;91;352608256;9338299;16399154
1527346841212;6455;6581;91;352608256;9338757;16400191
1527346841312;6465;6590;91;352608256;9339215;16401227
1527346841412;6475;6601;91;352608256;9339902;16402784
1527346841512;6485;6613;91;352608256;9340500;16403821
1527346841612;6495;6623;91;352608256;9340958;16404859
1527346841712;6505;6633;91;352608256;9341416;16405896
1527346841812;6515;6643;91;352608256;9342153;16407456
1527346841912;6525;6652;91;352608256;9342611;16408496
1527346842012;6535;6663;91;352608256;9343069;16409534
1527346842112;6545;6675;91;352608256;9343650;16410573
1527346842212;6555;6683;92;352608256;9344453;16412240
1527346842312;6565;6694;92;352608256;9344911;16413278
1527346842412;6575;6704;92;352608256;9345369;16414314
1527346842512;6585;6714;92;352608256;9346154;16415349
1527346842612;6595;6723;92;352608256;9346841;16416906
1527346842712;6605;6733;92;352608256;9347299;16417944
1527346842812;6615;6743;92;352608256;9347757;16418982
1527346842912;6625;6753;92;352608256;9348215;16420017
1527346843012;6635;6763;92;352608256;9348902;16421575
1527346843112;6645;6773;92;352608256;9349360;16422610
1527346843212;6655;6783;92;352608256;9349818;16423650
1527346843312;6665;6794;92;352608256;9350276;16424684
1527346843412;6675;6804;92;352608256;9350734;16425721
1527346843512;6685;6813;92;352608256;9351421;16427277
1527346843612;6695;6823;92;352608256;9351879;16428314
1527346843712;6705;6833;92;352608256;9352337;16429349
1527346843813;6715;6841;93;352608256;9352795;16430850
1527346843914;6725;6851;93;352608256;9353482;16431939
1527346844014;6735;6861;93;352608256;9353940;16432976
1527346844114;6745;6871;93;352608256;9354398;16434014
1527346844214;6755;6881;93;352608256;9354856;16435052
1527346844314;6765;6891;93;352608256;9355314;16436091
1527346844414;6775;6901;93;352608256;9356001;16437646
1527346844514;6785;6911;93;352608256;9356459;16438684
1527346844614;6795;6921;93;352608256;9356917;16439723
1527346844714;6805;6930;93;352608256;9357375;16440761
1527346844814;6815;6942;93;352608256;9357833;16441799
1527346844914;6825;6951;94;352608256;9358395;16443300
1527346845014;6835;6960;94;352608256;9358978;16444388
1527346845114;6845;6970;94;352608256;9359436;16445424
1527346845214;6855;6980;94;352608256;9359894;16446459
1527346845314;6865;6990;94;352608256;9360352;16447494
1527346845414;6875;7001;94;352608256;9360810;16448531
1527346845514;6885;7010;94;352608256;9361497;16450089
1527346845614;6895;7020;94;352608256;9362282;16451127
1527346845714;6905;7031;95;352608256;9362790;16452165
1527346845814;6915;7041;95;352608256;9363294;16453200
1527346845914;6925;7051;95;352608256;9363902;16454700
1527346846014;6935;7061;95;352608256;9364485;16455789
1527346846114;6945;7070;95;352608256;9364943;16456826
1527346846214;6955;7081;95;352608256;9365401;16457862
1527346846314;6965;7090;95;352608256;9365859;16458900
1527346846414;6975;7100;95;352608256;9366546;16460452
1527346846514;6985;7111;95;352608256;9367004;16461488
1527346846614;6995;7120;95;352608256;9367585;16462525
1527346846714;7005;7130;95;352608256;9368159;16463675
1527346846814;7015;7140;95;352608256;9368617;16464712
1527346846914;7025;7148;96;352608256;9369304;16466267
1527346847014;7035;7158;96;352608256;9369762;16467306
1527346847114;7045;7167;96;352608256;9370220;16468345
1527346847214;7055;7177;96;352608256;9370678;16469381
1527346847314;7065;7184;98;352608256;9371136;16470422
1527346847414;7075;7194;99;352608256;9371594;16471460
1527346847514;7085;7204;99;352608256;9372281;16472964
1527346847614;7095;7214;99;352608256;9372739;16474054
1527346847714;7105;7224;99;352608256;9373197;16475091
1527346847814;7115;7235;99;352608256;9373655;16476129
1527346847914;7125;7245;99;352608256;9374113;16477168
1527346848014;7135;7256;100;352608256;9374800;16478718
1527346848114;7145;7266;100;352608256;9375258;16479757
1527346848214;7155;7275;100;352608256;9375716;16480796
1527346848314;7165;7285;100;352608256;9376174;16481834
1527346848414;7175;7295;100;352608256;9376861;16483385
1527346848514;7185;7305;100;352608256;9377319;16484422
1527346848614;7195;7315;100;352608256;9377777;16485457
1527346848714;7205;7324;100;352608256;9378235;16486495
1527346848814;7215;7333;100;352608256;9378693;16487531
1527346848914;7225;7342;100;352608256;9379380;16489088
1527346849014;7235;7353;100;352608256;9379838;16490126
1527346849114;7245;7364;100;352608256;9380296;16491160
1527346849214;7255;7374;101;352608256;9380754;16492198
1527346849314;7265;7383;101;352608256;9381212;16493237
1527346849414;7275;7394;101;352608256;9381774;16494740
1527346849514;7285;7404;101;352608256;9382357;16495832
1527346849614;7295;7415;101;352608256;9382815;16496870
1527346849714;7305;7425;101;352608256;9383273;16497908
1527346849814;7315;7435;101;352608256;9383731;16498945
1527346849914;7325;7445;101;352608256;9384418;16500500
1527346850014;7335;7454;102;352608256;9384876;16501538
1527346850114;7345;7464;102;352608256;9385334;16502577
1527346850214;7355;7474;102;352608256;9385792;16503613
1527346850314;7365;7484;102;352608256;9386479;16505170
1527346850414;7375;7494;102;352608256;9386937;16506207
1527346850514;7385;7503;102;352608256;9387395;16507245
1527346850614;7395;7513;102;352608256;9387853;16508283
1527346850714;7405;7523;102;352608256;9388311;16509322
1527346850814;7415;7534;102;352608256;9388998;16510878
1527346850914;7425;7543;102;352608256;9389456;16511916
1527346851014;7435;7552;102;352608256;9389914;16512953
1527346851114;7445;7561;102;352608256;9390372;16513989
1527346851214;7455;7572;102;352608256;9391069;16515138
1527346851314;7465;7582;102;352608256;9391527;16516175
1527346851414;7475;7590;103;352608256;9392214;16517730
1527346851514;7485;7600;103;352608256;9392672;16518770
1527346851614;7495;7611;103;352608256;9393130;16519810
1527346851714;7505;7620;103;352608256;9393588;16520847
1527346851814;7515;7629;103;352608256;9394275;16522401
1527346851914;7525;7638;103;352608256;9394733;16523439
1527346852014;7535;7648;103;352608256;9395191;16524474
1527346852114;7545;7657;103;352608256;9395649;16525510
1527346852214;7555;7667;103;352608256;9396336;16527069
1527346852314;7565;7677;103;352608256;9396794;16528106
1527346852414;7575;7687;103;352608256;9397252;16529143
1527346852514;7585;7696;103;352608256;9397710;16530178
1527346852614;7595;7706;103;352608256;9398397;16531732
1527346852714;7605;7716;103;352608256;9398855;16532770
1527346852814;7615;7726;103;352608256;9399313;16533809
1527346852914;7625;7735;103;352608256;9399771;16534844
1527346853014;7635;7745;103;352608256;9400458;16536398
1527346853114;7645;7754;103;352608256;9400916;16537436
1527346853214;7655;7763;104;352608256;9401374;16538470
1527346853314;7665;7773;104;352608256;9401832;16539505
1527346853414;7675;7783;104;352608256;9402519;16541062
1527346853514;7685;7793;104;352608256;9402977;16542096
1527346853614;7695;7803;104;352608256;9403435;16543133
1527346853714;7705;7812;104;352608256;9403997;16544636
1527346853814;7715;7821;104;352608256;9404580;16545725
1527346853914;7725;7831;104;352608256;9405038;16546760
1527346854014;7735;7841;104;352608256;9405496;16547797
1527346854114;7745;7851;104;352608256;9406183;16549356
1527346854214;7755;7862;104;352608256;9406641;16550395
1527346854314;7765;7873;104;352608256;9407099;16551428
1527346854414;7775;7886;104;352608256;9407557;16552467
1527346854514;7785;7897;104;352608256;9408015;16553506
1527346854614;7795;7906;104;352608256;9408702;16555060
1527346854714;7805;7916;104;352608256;9409160;16556095
1527346854814;7815;7926;104;352608256;9409618;16557131
1527346854914;7825;7937;104;352608256;9410076;16558172
1527346855014;7835;7945;105;352608256;9410763;16559728
1527346855114;7845;7955;105;352608256;9411221;16560763
1527346855214;7855;7965;105;352608256;9411679;16561800
1527346855314;7865;7974;105;352608256;9412366;16563358
1527346855414;7875;7984;105;352608256;9412824;16564394
1527346855514;7885;7994;105;352608256;9413400;16565434
1527346855614;7895;8004;105;352608256;9413981;16566472
1527346855714;7905;8014;105;352608256;9414784;16568140
1527346855814;7915;8023;105;352608256;9415242;16569175
1527346855914;7925;8033;105;352608256;9415700;16570211
1527346856014;7935;8043;105;352608256;9416158;16571247
1527346856114;7945;8055;105;352608256;9416616;16572283
1527346856214;7955;8065;105;352608256;9417178;16573790
1527346856314;7965;8074;106;352608256;9417811;16574880
1527346856414;7975;8084;106;352608256;9418269;16575915
1527346856514;7985;8094;106;352608256;9418938;16576951
1527346856614;7995;8105;106;352608256;9419396;16577986
1527346856714;8005;8115;106;352608256;9420083;16579540
1527346856814;8015;8125;106;352608256;9420541;16580576
1527346856914;8025;8138;106;352608256;9420999;16581613
1527346857014;8035;8149;106;352608256;9421457;16582650
1527346857114;8045;8161;106;352608256;9421915;16583687
1527346857214;8055;8172;106;352608256;9422373;16584724
1527346857314;8065;8182;106;352608256;9422831;16585762
1527346857414;8075;8192;106;352608256;9423289;16586797
1527346857514;8085;8204;106;352608256;9423747;16587835
1527346857614;8095;8214;106;352608256;9424434;16589391
1527346857714;8105;8224;106;352608256;9424892;16590430
1527346857814;8115;8234;106;352608256;9425350;16591467
1527346857914;8125;8244;106;352608256;9425808;16592503
1527346858014;8135;8253;107;352608256;9426370;16594006
1527346858114;8145;8262;107;352608256;9426953;16595096
1527346858214;8155;8272;107;352608256;9427411;16596135
1527346858314;8165;8282;107;352608256;9427869;16597171
1527346858414;8175;8292;107;352608256;9428327;16598211
1527346858514;8185;8302;107;352608256;9429014;16599763
1527346858614;8195;8313;107;352608256;9429472;16600803
1527346858714;8205;8323;107;352608256;9429930;16601840
1527346858814;8215;8333;107;352608256;9430388;16602878
1527346858914;8225;8345;107;352608256;9430846;16603914
1527346859014;8235;8356;107;352608256;9431304;16604951
1527346859114;8245;8366;107;352608256;9431991;16606508
1527346859214;8255;8376;107;352608256;9432449;16607546
1527346859314;8265;8387;107;352608256;9432907;16608585
1527346859414;8275;8398;107;352608256;9433365;16609617
1527346859514;8285;8408;107;352608256;9433823;16610651
1527346859614;8295;8418;107;352608256;9434281;16611691
1527346859714;8305;8429;107;352608256;9434739;16612742
1527346859814;8315;8438;107;352608256;9435426;16614320
1527346859914;8325;8448;107;352608256;9435884;16615370
1527346860014;8335;8460;107;352608256;9436342;16616422
1527346860114;8345;8471;107;352608256;9436800;16617472
1527346860215;8355;8482;107;352608256;9437381;16618521
1527346860315;8365;8492;107;352608256;9437955;16619684
1527346860415;8375;8503;107;352608256;9438413;16620733
1527346860515;8385;8515;107;352608256;9438871;16621780
1527346860615;8395;8524;107;352608256;9439786;16623521
1527346860715;8405;8534;107;352608256;9440404;16624875
1527346860815;8415;8544;107;352608256;9441312;16626177
1527346860915;8425;8554;108;352608256;9441770;16627223
1527346861015;8435;8561;110;352608256;9442288;16628321
1527346861115;8445;8572;110;352608256;9442746;16629841
1527346861215;8455;8581;111;352608256;9443433;16630942
1527346861315;8465;8592;111;352608256;9444279;16631988
1527346861415;8475;8601;112;352608256;9444737;16633033
1527346861515;8485;8611;112;352608256;9445195;16634080
1527346861615;8495;8621;112;352608256;9445699;16635126
1527346861715;8505;8632;112;352608256;9446157;16636495
1527346861815;8515;8642;112;352608256;9450325;16637925
1527346861915;8525;8653;112;352608256;9450938;16638975
1527346862015;8535;8663;112;352608256;9451625;16640826
1527346862115;8545;8672;112;352608256;9452199;16641876
1527346862215;8555;8684;112;352608256;9452657;16642923
1527346862315;8565;8695;112;352608256;9453115;16643971
1527346862415;8575;8705;112;352608256;9453573;16645017
1527346862515;8585;8716;112;352608256;9454031;16646065
1527346862615;8595;8726;112;352608256;9454489;16647114
1527346862715;8605;8736;112;352608256;9455539;16648682
1527346862815;8615;8746;112;352608256;9455997;16649783
1527346862915;8625;8757;112;352608256;9456455;16650828
1527346863015;8635;8766;112;352608256;9456913;16651876
1527346863115;8645;8778;112;352608256;9457435;16652925
1527346863215;8655;8788;112;352608256;9457893;16653970
1527346863315;8665;8804;112;352608256;9458580;16655540
1527346863415;8675;8813;112;352608256;9459038;16656586
1527346863515;8685;8823;112;352608256;9459496;16657629
1527346863615;8695;8838;112;352608256;9459725;16658152
1527346863715;8705;8848;112;352608256;9460412;16659723
1527346863815;8715;8859;112;352608256;9460870;16660769
1527346863915;8725;8869;112;352608256;9461328;16661817
1527346864015;8735;8878;112;352608256;9461786;16662868
1527346864115;8745;8890;112;352608256;9462308;16663916
1527346864215;8755;8899;113;352608256;9462766;16664968
1527346864315;8765;8910;113;352608256;9463224;16666014
1527346864415;8775;8919;113;352608256;9463911;16667582
1527346864515;8785;8929;114;352608256;9464369;16668630
1527346864615;8795;8938;115;352608256;9464827;16669675
1527346864715;8805;8949;115;352608256;9465285;16670720
1527346864815;8815;8959;115;352608256;9465743;16671765
1527346864915;8825;8970;115;352608256;9466440;16672911
1527346865015;8835;8982;115;352608256;9467127;16674466
1527346865115;8845;8991;115;352608256;9467649;16675500
1527346865215;8855;9004;115;352608256;9468107;16676535
1527346865315;8865;9018;115;352608256;9468565;16677568
1527346865415;8875;9030;115;352608256;9469023;16678604
1527346865515;8885;9041;115;352608256;9469481;16679641
1527346865615;8895;9053;115;352608256;9470043;16681142
1527346865715;8905;9063;115;352608256;9470626;16682227
1527346865815;8915;9072;116;352608256;9471084;16683261
1527346865915;8925;9082;116;352608256;9471542;16684296
1527346866015;8935;9093;116;352608256;9472000;16685329
1527346866115;8945;9104;116;352608256;9472522;16686369
1527346866215;8955;9115;116;352608256;9472980;16687405
1527346866315;8965;9125;116;352608256;9473667;16688956
1527346866415;8975;9136;116;352608256;9474125;16689992
1527346866515;8985;9146;116;352608256;9474583;16691025
1527346866615;8995;9159;116;352608256;9475041;16692059
1527346866716;9005;9171;117;352608256;9475499;16693095
1527346866816;9015;9182;117;352608256;9475957;16694128
1527346866916;9025;9192;117;352608256;9476644;16695683
1527346867016;9035;9203;117;352608256;9477102;16696722
1527346867116;9045;9213;117;352608256;9477624;16697758
1527346867217;9055;9223;117;352608256;9478082;16698794
1527346867318;9065;9235;117;352608256;9478540;16699826
1527346867418;9075;9245;117;352608256;9478998;16700863
1527346867518;9085;9254;118;352608256;9479685;16702413
1527346867618;9095;9264;118;352608256;9480143;16703453
1527346867718;9105;9275;118;352608256;9480601;16704489
1527346867818;9115;9285;118;352608256;9481059;16705525
1527346867918;9125;9295;118;352608256;9481517;16706561
1527346868018;9135;9306;119;352608256;9482204;16708118
1527346868118;9145;9315;119;352608256;9482726;16709151
1527346868218;9155;9327;119;352608256;9483184;16710185
1527346868318;9165;9336;119;352608256;9483642;16711220
1527346868418;9175;9347;120;352608256;9484329;16712771
1527346868518;9185;9356;120;352608256;9484787;16713807
1527346868618;9195;9366;120;352608256;9485245;16714843
1527346868718;9205;9376;120;352608256;9485703;16715879
1527346868818;9215;9386;120;352608256;9486161;16716914
1527346868918;9225;9396;120;352608256;9486848;16718467
1527346869018;9235;9406;120;352608256;9487306;16719506
1527346869118;9245;9416;120;352608256;9487828;16720544
1527346869218;9255;9426;120;352608256;9488286;16721576
1527346869318;9265;9437;120;352608256;9488744;16722609
1527346869418;9275;9447;120;352608256;9489431;16724166
1527346869518;9285;9457;120;352608256;9490128;16725312
1527346869618;9295;9468;120;352608256;9490586;16726403
1527346869718;9305;9478;120;352608256;9491104;16727493
1527346869818;9315;9487;121;352608256;9491562;16728529
1527346869918;9325;9497;121;352608256;9492020;16729561
1527346870018;9335;9511;121;352608256;9492478;16730597
1527346870118;9345;9523;121;352608256;9493104;16732100
1527346870218;9355;9532;122;352608256;9493687;16733188
1527346870318;9365;9543;122;352608256;9494145;16734224
1527346870418;9375;9552;122;352608256;9494603;16735613
1527346870518;9385;9562;123;352608256;9495061;16736652
1527346870618;9395;9574;123;352608256;9495727;16738176
1527346870718;9405;9585;123;352608256;9496185;16739211
1527346870818;9415;9593;123;352608256;9497339;16741098
1527346870918;9425;9603;124;352608256;9498404;16742237
1527346871018;9435;9612;124;352608256;9499120;16744150
1527346871118;9445;9621;125;352608256;9499630;16745187
1527346871218;9455;9630;125;352608256;9500509;16746275
1527346871318;9465;9640;125;352608256;9501644;16747624
1527346871418;9475;9650;125;352608256;9502102;16748661
1527346871518;9485;9660;125;352608256;9502560;16749699
1527346871618;9495;9669;125;352608256;9503018;16750737
1527346871718;9505;9681;125;352608256;9503705;16752291
1527346871818;9515;9692;125;352608256;9504163;16753329
1527346871918;9525;9702;125;352608256;9504621;16754364
1527346872018;9535;9711;125;352608256;9505079;16755402
1527346872118;9545;9721;125;352608256;9505537;16756437
1527346872218;9555;9733;125;352608256;9505995;16757474
1527346872318;9565;9744;125;352608256;9506453;16758508
1527346872418;9575;9753;125;352608256;9507015;16760009
1527346872518;9585;9763;125;352608256;9507598;16761096
1527346872618;9595;9774;125;352608256;9508198;16762186
1527346872718;9605;9783;126;352608256;9508656;16763225
1527346872818;9615;9793;126;352608256;9509114;16764261
1527346872918;9625;9803;126;352608256;9509572;16765297
1527346873018;9635;9811;127;352608256;9510259;16766853
1527346873118;9645;9821;127;352608256;9510717;16767889
1527346873218;9655;9832;128;352608256;9511175;16768926
1527346873318;9665;9842;128;352608256;9511633;16769963
1527346873418;9675;9853;128;352608256;9512281;16771239
1527346873518;9685;9863;128;352608256;9512978;16772489
1527346873618;9695;9874;128;352608256;9513675;16773699
1527346873718;9705;9884;128;352608256;9514185;16774771
1527346873818;9715;9895;128;352608256;9514872;16776323
1527346873918;9725;9905;128;352608256;9515330;16777360
1527346874018;9735;9914;128;352608256;9515788;16778396
1527346874118;9745;9924;128;352608256;9516246;16779434
1527346874218;9755;9935;128;352608256;9516943;16780584
1527346874318;9765;9943;128;352608256;9517630;16782134
1527346874418;9775;9953;128;352608256;9518088;16783172
1527346874518;9785;9961;129;352608256;9518546;16784208
1527346874618;9795;9972;129;352608256;9519004;16785245
1527346874718;9805;9983;130;352608256;9519691;16786799
1527346874818;9815;9992;130;352608256;9520149;16787834
1527346874918;9825;10003;130;352608256;9520607;16788869
1527346875018;9835;10013;130;352608256;9521065;16789904
1527346875118;9845;10024;130;352608256;9521523;16790941
1527346875219;9855;10033;131;352608256;9522085;16792444
1527346875319;9865;10044;131;352608256;9522668;16793533
1527346875419;9875;10052;132;352608256;9523126;16794572
1527346875519;9885;10062;132;352608256;9523584;16795609
1527346875619;9895;10073;132;352608256;9524042;16796646
1527346875719;9905;10082;133;352608256;9524779;16798203
1527346875819;9915;10092;133;352608256;9525237;16799241
1527346875919;9925;10103;133;352608256;9525741;16800278
1527346876019;9935;10113;133;352608256;9526199;16801315
1527346876119;9945;10122;133;352608256;9526886;16802871
1527346876219;9955;10132;133;352608256;9527344;16803910
1527346876319;9965;10142;133;352608256;9527802;16804947
1527346876419;9975;10153;133;352608256;9528260;16805980
1527346876519;9985;10164;133;352608256;9528822;16807484
1527346876619;9995;10174;133;352608256;9529405;16808571
1527346876719;10005;10183;133;352608256;9529909;16809608
1527346876819;10015;10193;133;352608256;9530367;16810646
1527346876919;10025;10203;133;352608256;9530825;16811682
1527346877019;10035;10213;133;352608256;9531512;16813238
1527346877119;10045;10223;134;352608256;9531970;16814276
1527346877219;10055;10232;134;352608256;9532428;16815310
1527346877320;10065;10243;134;352608256;9532886;16816346
1527346877421;10076;10253;134;352608256;9533573;16817905
1527346877522;10086;10263;134;352608256;9534031;16818942
1527346877623;10096;10273;134;352608256;9534489;16819977
1527346877724;10106;10283;134;352608256;9534947;16821013
1527346877825;10116;10292;134;352608256;9535634;16822565
1527346877926;10126;10302;134;352608256;9536092;16823601
1527346878026;10136;10311;135;352608256;9536550;16824636
1527346878126;10146;10321;135;352608256;9537008;16825671
1527346878227;10156;10330;135;352608256;9537466;16826710
1527346878328;10166;10340;135;352608256;9538153;16828265
1527346878429;10176;10349;135;352608256;9538611;16829301
1527346878530;10186;10360;135;352608256;9539069;16830337
1527346878630;10197;10369;136;352608256;9539527;16831376
1527346878730;10206;10380;136;352608256;9540224;16832522
1527346878831;10217;10389;136;352608256;9540911;16834077
1527346878931;10227;10398;137;352608256;9541369;16835112
1527346879031;10237;10407;137;352608256;9541827;16836150
1527346879131;10247;10416;137;352608256;9542285;16837188
1527346879231;10257;10426;137;352608256;9542743;16838228
1527346879331;10267;10435;138;352608256;9543201;16839261
1527346879431;10277;10444;138;352608256;9543888;16840816
1527346879531;10287;10454;138;352608256;9544346;16841850
1527346879631;10297;10462;139;352608256;9544804;16842889
1527346879731;10307;10472;139;352608256;9545262;16843928
1527346879831;10317;10481;139;352608256;9545720;16844964
1527346879931;10327;10492;139;352608256;9546407;16846518
1527346880031;10337;10499;141;352608256;9546865;16847553
1527346880131;10347;10509;141;352608256;9547323;16848591
1527346880231;10357;10519;141;352608256;9547781;16849628
1527346880331;10367;10530;141;352608256;9548239;16850663
1527346880431;10377;10539;141;352608256;9548926;16852215
1527346880531;10387;10549;141;352608256;9549384;16853251
1527346880631;10397;10559;141;352608256;9549842;16854285
1527346880731;10407;10570;141;352608256;9550300;16855325
1527346880831;10417;10579;141;352608256;9550758;16856362
1527346880931;10427;10588;142;352608256;9551216;16857399
1527346881031;10437;10597;142;352608256;9551903;16858956
1527346881131;10447;10607;142;352608256;9552361;16859995
1527346881231;10457;10616;142;352608256;9552819;16861031
1527346881331;10467;10626;142;352608256;9553277;16862067
1527346881431;10477;10635;142;352608256;9553735;16863103
1527346881531;10487;10644;142;352608256;9554422;16864660
1527346881631;10497;10654;142;352608256;9554880;16865693
1527346881731;10507;10663;142;352608256;9555338;16866727
1527346881831;10517;10673;142;352608256;9555796;16867760
1527346881931;10527;10683;142;352608256;9556254;16868795
1527346882031;10537;10692;142;352608256;9556712;16869832
1527346882131;10547;10703;142;352608256;9557399;16871392
1527346882231;10557;10712;142;352608256;9557857;16872430
1527346882331;10567;10722;142;352608256;9558315;16873464
1527346882431;10577;10731;142;352608256;9558773;16874497
1527346882531;10587;10742;142;352608256;9559460;16876056
1527346882631;10597;10751;142;352608256;9559918;16877097
1527346882731;10607;10761;142;352608256;9560376;16878132
1527346882831;10617;10770;142;352608256;9560834;16879172
1527346882931;10627;10780;142;352608256;9561521;16880729
1527346883031;10637;10789;143;352608256;9561979;16881766
1527346883131;10647;10799;143;352608256;9562437;16882795
1527346883231;10657;10809;143;352608256;9563018;16883833
1527346883331;10667;10819;143;352608256;9563592;16884981
1527346883431;10677;10830;143;352608256;9564279;16886535
1527346883531;10687;10839;143;352608256;9564737;16887571
1527346883631;10697;10849;143;352608256;9565327;16888609
1527346883731;10707;10859;143;352608256;9565785;16889646
1527346883831;10717;10870;143;352608256;9566243;16890681
1527346883931;10727;10880;143;352608256;9566930;16892231
1527346884031;10737;10889;143;352608256;9567388;16893268
1527346884131;10747;10900;143;352608256;9567846;16894303
1527346884231;10757;10906;143;352608256;9568075;16894821
1527346884331;10767;10915;143;352608256;9568533;16895857
1527346884431;10777;10924;143;352608256;9568991;16896897
1527346884531;10787;10934;143;352608256;9569449;16897934
1527346884631;10797;10944;143;352608256;9570136;16899489
1527346884731;10807;10954;143;352608256;9570594;16900527
1527346884831;10817;10963;143;352608256;9571052;16901561
1527346884931;10827;10973;143;352608256;9571510;16902597
1527346885031;10837;10983;143;352608256;9572197;16904149
1527346885131;10847;10993;143;352608256;9572655;16905184
1527346885231;10857;11004;143;352608256;9573113;16906217
1527346885331;10867;11013;143;352608256;9573571;16907249
1527346885431;10877;11023;144;352608256;9574029;16908284
1527346885531;10887;11032;144;352608256;9574487;16909317
1527346885631;10897;11043;144;352608256;9575174;16910871
1527346885731;10907;11053;144;352608256;9575632;16911907
1527346885831;10917;11062;144;352608256;9576090;16912944
1527346885931;10927;11071;144;352608256;9576548;16913980
1527346886031;10937;11080;144;352608256;9577006;16915016
1527346886131;10947;11090;144;352608256;9577464;16916051
1527346886231;10957;11099;144;352608256;9577922;16917086
1527346886331;10967;11109;144;352608256;9578380;16918122
1527346886431;10977;11118;144;352608256;9578838;16919158
1527346886531;10987;11128;144;352608256;9579296;16920195
1527346886631;10997;11138;144;352608256;9579858;16921698
1527346886731;11007;11147;144;352608256;9580441;16922786
1527346886831;11017;11158;144;352608256;9580899;16923822
1527346886931;11027;11168;144;352608256;9581357;16924854
1527346887031;11037;11177;144;352608256;9581815;16925888
1527346887131;11047;11187;144;352608256;9582273;16926921
1527346887231;11057;11196;145;352608256;9582731;16927950
1527346887331;11067;11205;145;352608256;9583189;16928985
1527346887431;11077;11216;145;352608256;9583647;16930022
1527346887531;11087;11229;145;352608256;9584105;16931057
1527346887631;11097;11239;145;352608256;9584563;16932092
1527346887731;11107;11252;145;352608256;9585021;16933128
1527346887831;11117;11263;145;352608256;9585479;16934164
1527346887931;11127;11272;146;352608256;9585937;16935201
1527346888031;11137;11281;146;352608256;9586863;16936920
1527346888131;11147;11295;146;352608256;9587092;16937441
1527346888231;11157;11305;146;352608256;9587550;16938479
1527346888331;11167;11315;146;352608256;9588008;16939512
1527346888431;11177;11325;146;352608256;9588466;16940548
1527346888531;11187;11336;147;352608256;9588924;16941579
1527346888631;11197;11345;147;352608256;9589382;16942615
1527346888731;11207;11356;147;352608256;9589840;16943653
1527346888831;11217;11366;147;352608256;9590527;16945208
1527346888935;11227;11375;147;352608256;9590985;16946245
1527346889035;11237;11385;147;352608256;9591443;16947284
1527346889135;11247;11394;147;352608256;9591901;16948320
1527346889235;11257;11403;147;352608256;9592359;16949357
1527346889335;11267;11413;147;352608256;9592817;16950391
1527346889435;11277;11423;147;352608256;9593275;16951428
1527346889535;11287;11432;148;352608256;9593733;16952465
1527346889635;11297;11442;148;352608256;9594191;16953966
1527346889735;11307;11451;148;352608256;9594878;16955054
1527346889835;11317;11462;148;352608256;9595336;16956094
1527346889935;11327;11474;148;352608256;9595794;16957133
1527346890035;11337;11485;148;352608256;9596252;16958171
1527346890135;11347;11495;148;352608256;9596939;16959727
1527346890235;11357;11504;148;352608256;9597397;16960763
1527346890335;11367;11515;148;352608256;9597855;16961799
1527346890435;11377;11525;148;352608256;9598313;16962836
1527346890535;11387;11535;148;352608256;9598771;16963872
1527346890635;11397;11547;148;352608256;9599229;16964912
1527346890735;11407;11558;148;352608256;9599737;16965946
1527346890835;11417;11568;148;352608256;9600195;16966981
1527346890935;11427;11580;149;352608256;9600699;16968020
1527346891035;11437;11590;149;352608256;9601386;16969580
1527346891135;11447;11600;149;352608256;9601844;16970618
1527346891235;11457;11610;149;352608256;9602302;16971657
1527346891335;11467;11621;149;352608256;9603194;16972689
1527346891435;11477;11631;149;352608256;9603652;16974192
1527346891535;11487;11640;149;352608256;9604339;16975281
1527346891635;11497;11651;149;352608256;9604797;16976319
1527346891735;11507;11662;150;352608256;9605255;16977356
1527346891835;11517;11673;150;352608256;9605713;16978395
1527346891935;11527;11682;150;352608256;9606171;16979432
1527346892035;11537;11694;150;352608256;9606629;16980467
1527346892135;11547;11704;150;352608256;9607087;16981502
1527346892235;11557;11716;150;352608256;9607545;16982539
1527346892335;11567;11725;151;352608256;9608232;16984091
1527346892435;11577;11734;152;352608256;9608690;16985126
1527346892535;11587;11745;152;352608256;9609148;16986161
1527346892635;11597;11754;153;352608256;9609606;16987197
1527346892735;11607;11765;153;352608256;9610303;16988346
1527346892835;11617;11778;153;352608256;9610761;16989381
1527346892935;11627;11789;153;352608256;9611219;16990419
1527346893035;11637;11799;153;352608256;9611906;16991975
1527346893135;11647;11808;153;352608256;9612364;16993013
1527346893235;11657;11820;153;352608256;9612822;16994048
1527346893335;11667;11830;153;352608256;9613280;16995085
1527346893435;11677;11840;153;352608256;9613738;16996118
1527346893535;11687;11850;153;352608256;9614196;16997156
1527346893635;11697;11859;153;352608256;9614654;16998193
1527346893735;11707;11869;154;352608256;9615112;16999230
1527346893835;11717;11880;154;352608256;9615799;17000785
1527346893935;11727;11890;154;352608256;9616257;17001822
1527346894035;11737;11901;154;352608256;9616715;17002860
1527346894135;11747;11912;154;352608256;9617173;17003899
1527346894235;11757;11922;154;352608256;9617631;17004934
1527346894335;11767;11931;155;352608256;9618089;17005971
1527346894435;11777;11943;155;352608256;9618547;17007004
1527346894535;11787;11953;155;352608256;9619005;17008042
1527346894635;11797;11962;155;352608256;9619463;17009076
1527346894735;11807;11975;155;352608256;9619921;17010111
1527346894835;11817;11985;155;352608256;9620379;17011147
1527346894935;11827;11996;155;352608256;9621066;17012704
1527346895035;11837;12006;155;352608256;9621524;17013740
1527346895135;11847;12019;155;352608256;9621982;17014775
1527346895235;11857;12029;155;352608256;9622440;17015814
1527346895335;11867;12040;155;352608256;9622898;17016850
1527346895435;11877;12052;155;352608256;9623356;17017886
1527346895535;11887;12061;155;352608256;9624204;17019441
1527346895635;11897;12075;155;352608256;9624712;17020475
1527346895735;11907;12085;155;352608256;9625170;17021510
1527346895835;11917;12096;155;352608256;9625628;17022546
1527346895935;11927;12106;155;352608256;9626086;17023582
1527346896035;11937;12116;155;352608256;9626773;17025134
1527346896135;11947;12125;156;352608256;9627231;17026172
1527346896235;11957;12135;156;352608256;9627689;17027209
1527346896335;11967;12145;156;352608256;9628147;17028243
1527346896435;11977;12154;156;352608256;9628605;17029279
1527346896535;11987;12165;156;352608256;9629722;17030785
1527346896635;11997;12173;156;352608256;9630305;17031876
1527346896735;12007;12185;156;352608256;9630763;17032913
1527346896835;12017;12195;156;352608256;9631221;17033950
1527346896935;12027;12204;156;352608256;9631679;17034987
1527346897035;12037;12214;156;352608256;9632137;17036027
1527346897135;12047;12224;156;352608256;9632824;17037581
1527346897235;12057;12234;156;352608256;9633282;17038620
1527346897335;12067;12243;157;352608256;9633863;17039657
1527346897435;12077;12254;157;352608256;9634437;17040807
1527346897535;12087;12265;157;352608256;9634895;17041846
1527346897635;12097;12275;157;352608256;9635353;17042886
1527346897735;12107;12285;157;352608256;9635811;17043919
1527346897835;12117;12296;157;352608256;9636373;17045422
1527346897935;12127;12306;157;352608256;9636956;17046510
1527346898035;12137;12316;157;352608256;9637414;17047546
1527346898135;12147;12326;157;352608256;9637872;17048586
1527346898235;12157;12337;157;352608256;9638330;17049619
